wave,flux
201.0,6.707534
202.0,2.774086
203.0,10.74915
204.0,9.827297
205.0,4.923932
206.0,1.447217
207.0,1.310366
208.0,4.053558
209.0,32.70948
210.0,25.87638
211.0,28.43823
212.0,6.173019
213.0,4.473784
214.0,19.73447
215.0,16.14078
216.0,24.95166
217.0,48.05508
218.0,36.0051
219.0,24.34582
220.0,26.1112
221.0,32.59129
222.0,36.97049
223.0,38.02912
224.0,33.895
225.0,34.57354
226.0,35.28084
227.0,32.98166
228.0,336.0578
229.0,2095.38
230.0,106.3105
231.0,88.34281
232.0,102.1257
233.0,121.3308
234.0,1134.816
235.0,1216.666
236.0,1270.498
237.0,1527.912
238.0,1558.912
239.0,1723.064
240.0,2763.464
241.0,18323.08
242.0,15250.69
243.0,1335.265
244.0,2948.202
245.0,4245.909
246.0,5699.094
247.0,7597.556
248.0,11245.97
249.0,16575.61
250.0,34541.7
251.0,38897.13
252.0,45711.36
253.0,51825.58
254.0,44452.51
255.0,14750.43
256.0,5751.249
257.0,33132.65
258.0,139937.5
259.0,16077.58
260.0,9927.597
261.0,9100.388
262.0,54933.35
263.0,51064.82
264.0,52185.94
265.0,44382.95
266.0,42537.15
267.0,43742.66
268.0,42999.57
269.0,81707.11
270.0,61072.74
271.0,53165.5
272.0,111299.2
273.0,129622.8
274.0,99643.21
275.0,94045.4
276.0,88756.21
277.0,34223.8
278.0,1839.559
279.0,2647.508
280.0,31234.18
281.0,35068.2
282.0,90855.64
283.0,85057.18
284.0,77313.09
285.0,58112.47
286.0,38152.23
287.0,65150.13
288.0,38456.38
289.0,26225.06
290.0,6621.869
291.0,6430.378
292.0,8048.854
293.0,7111.424
294.0,5855.76
295.0,7582.122
296.0,12857.6
297.0,13747.58
298.0,13665.58
299.0,284026.7
300.0,37050.61
301.0,39905.71
302.0,37104.45
303.0,52312.43
304.0,35174.5
305.0,70119.28
306.0,103283.5
307.0,13290.83
308.0,12464.35
309.0,45924.14
310.0,22708.2
311.0,58366.6
312.0,10057.54
313.0,8777.794
314.0,72131.13
315.0,78703.63
316.0,94308.46
317.0,96603.94
318.0,144842.4
319.0,125602.1
320.0,287964.4
321.0,196250.2
322.0,202527.9
323.0,242712.1
324.0,453945.7
325.0,392921.6
326.0,203330.1
327.0,167179.7
328.0,468591.9
329.0,295919.0
330.0,355471.1
331.0,267331.8
332.0,283834.7
333.0,240810.6
334.0,195974.4
335.0,107383.8
336.0,100179.2
337.0,213933.6
338.0,478396.1
339.0,487072.9
340.0,465489.9
341.0,442963.2
342.0,289003.3
343.0,236899.0
344.0,201675.2
345.0,181574.0
346.0,164879.2
347.0,165261.4
348.0,167560.0
349.0,231372.5
350.0,220871.9
351.0,240670.4
352.0,264403.8
353.0,212780.6
354.0,202201.0
355.0,194317.0
356.0,199560.9
357.0,205153.0
358.0,266936.4
359.0,184573.2
360.0,173523.7
361.0,171690.4
362.0,151547.7
363.0,80770.01
364.0,50140.18
365.0,37750.68
366.0,86961.1
367.0,195612.3
368.0,296756.8
369.0,315172.3
370.0,416789.3
371.0,316165.1
372.0,199802.7
373.0,305791.9
374.0,118616.9
375.0,195826.9
376.0,198225.1
377.0,215114.4
378.0,197845.0
379.0,168989.0
380.0,126230.6
381.0,123015.8
382.0,144164.9
383.0,83025.39
384.0,55822.05
385.0,45308.8
386.0,64138.23
387.0,40823.83
388.0,81149.94
389.0,96642.25
390.0,235894.8
391.0,190341.1
392.0,176696.0
393.0,137658.7
394.0,148381.4
395.0,187820.5
396.0,235802.0
397.0,238317.1
398.0,263557.5
399.0,321510.7
400.0,265263.1
401.0,253592.2
402.0,302743.3
403.0,313134.5
404.0,423954.3
405.0,304603.5
406.0,295157.8
407.0,275265.0
408.0,277090.6
409.0,272607.6
410.0,289957.6
411.0,296943.8
412.0,373988.6
413.0,449721.4
414.0,484008.8
415.0,269369.2
416.0,203840.8
417.0,286626.6
418.0,237036.4
419.0,291246.8
420.0,234801.6
421.0,357470.8
422.0,452968.0
423.0,556154.8
424.0,610890.2
425.0,466670.3
426.0,386915.7
427.0,310734.3
428.0,400451.1
429.0,454829.3
430.0,453113.2
431.0,426292.3
432.0,398899.1
433.0,340275.4
434.0,320066.6
435.0,313763.8
436.0,327715.1
437.0,438578.9
438.0,463780.4
439.0,460532.2
440.0,514842.0
441.0,444926.1
442.0,380578.0
443.0,352405.1
444.0,358387.6
445.0,355085.9
446.0,285676.6
447.0,312694.7
448.0,345324.9
449.0,344668.4
450.0,329463.8
451.0,337715.8
452.0,318146.5
453.0,352427.7
454.0,357525.1
455.0,292074.4
456.0,299492.3
457.0,320064.9
458.0,276424.1
459.0,342003.9
460.0,207825.7
461.0,311987.6
462.0,332076.9
463.0,337982.2
464.0,371563.0
465.0,463918.1
466.0,452072.4
467.0,409243.4
468.0,391705.5
469.0,307839.4
470.0,369663.0
471.0,368784.6
472.0,404240.0
473.0,429022.1
474.0,397787.9
475.0,375909.0
476.0,344073.5
477.0,300054.0
478.0,340481.1
479.0,308713.3
480.0,312497.4
481.0,309933.2
482.0,329750.7
483.0,311830.2
484.0,324983.7
485.0,242770.0
486.0,181980.3
487.0,203898.6
488.0,219072.7
489.0,263825.7
490.0,297574.1
491.0,396809.7
492.0,367641.4
493.0,315982.8
494.0,355433.9
495.0,385845.0
496.0,460294.8
497.0,350125.1
498.0,413262.6
499.0,334907.7
500.0,277808.5
501.0,337358.2
502.0,306598.6
503.0,329729.9
504.0,234885.4
505.0,182531.3
506.0,171626.6
507.0,190001.7
508.0,257135.2
509.0,484894.0
510.0,434931.5
511.0,380460.7
512.0,276612.0
513.0,378293.7
514.0,431898.8
515.0,496301.6
516.0,312970.5
517.0,430845.2
518.0,410207.7
519.0,299288.5
520.0,351581.4
521.0,260346.5
522.0,204478.1
523.0,172602.7
524.0,237668.1
525.0,330088.0
526.0,362244.0
527.0,313240.8
528.0,368646.6
529.0,355067.2
530.0,360402.2
531.0,468531.8
532.0,527227.2
533.0,449872.3
534.0,341290.3
535.0,265897.3
536.0,217967.5
537.0,211807.2
538.0,196021.6
539.0,173237.8
540.0,161361.9
541.0,167759.3
542.0,178724.2
543.0,209099.1
544.0,270943.2
545.0,303488.3
546.0,286325.1
547.0,230265.6
548.0,185595.1
549.0,207784.9
550.0,164020.1
551.0,132605.5
552.0,132697.3
553.0,141577.2
554.0,127052.3
555.0,270579.4
556.0,423270.9
557.0,418096.1
558.0,471420.8
559.0,527785.7
560.0,329354.2
561.0,398467.6
562.0,411566.0
563.0,454759.3
564.0,495928.4
565.0,452401.3
566.0,388512.9
567.0,314312.5
568.0,276148.1
569.0,458726.3
570.0,477247.9
571.0,496564.9
572.0,474724.3
573.0,502607.4
574.0,339751.7
575.0,352367.6
576.0,330373.4
577.0,257105.0
578.0,261709.9
579.0,366388.6
580.0,260702.1
581.0,308333.5
582.0,369975.5
583.0,332720.1
584.0,273586.9
585.0,316708.1
586.0,270860.3
587.0,308358.0
588.0,432240.3
589.0,472311.3
590.0,511627.8
591.0,496385.7
592.0,466451.7
593.0,409422.2
594.0,276988.2
595.0,144688.1
596.0,133784.3
597.0,173651.4
598.0,261327.7
599.0,353000.3
600.0,447907.0
601.0,517760.5
602.0,445383.0
603.0,247986.6
604.0,367046.8
605.0,140228.9
606.0,135821.6
607.0,149909.3
608.0,183866.7
609.0,271404.8
610.0,362845.0
611.0,442846.6
612.0,371403.3
613.0,312627.8
614.0,370418.5
615.0,286036.9
616.0,255397.3
617.0,304969.1
618.0,434648.4
619.0,415897.9
620.0,427189.0
621.0,389247.6
622.0,202459.1
623.0,168692.7
624.0,153442.2
625.0,176649.2
626.0,237237.1
627.0,262843.1
628.0,282071.4
629.0,273331.2
630.0,283276.1
631.0,316446.0
632.0,230967.8
633.0,275052.5
634.0,328998.2
635.0,357048.5
636.0,359746.9
637.0,347748.7
638.0,432462.4
639.0,421164.8
640.0,419607.3
641.0,382914.2
642.0,324003.7
643.0,348266.5
644.0,295583.5
645.0,338726.6
646.0,389302.7
647.0,362792.3
648.0,335828.6
649.0,403616.9
650.0,386383.5
651.0,368389.8
652.0,472722.9
653.0,391788.8
654.0,309273.0
655.0,312787.3
656.0,288522.1
657.0,223754.6
658.0,226848.3
659.0,259499.4
660.0,270780.3
661.0,203252.6
662.0,275963.1
663.0,380751.8
664.0,346425.7
665.0,262274.4
666.0,294197.2
667.0,272263.7
668.0,260609.4
669.0,287492.9
670.0,344890.6
671.0,432264.1
672.0,471065.9
673.0,430744.5
674.0,371746.1
675.0,380633.4
676.0,355905.2
677.0,345028.0
678.0,367033.0
679.0,329500.3
680.0,307245.2
681.0,246022.3
682.0,163243.5
683.0,174034.2
684.0,244405.7
685.0,325789.7
686.0,410952.0
687.0,433245.3
688.0,378502.9
689.0,392740.1
690.0,398148.9
691.0,428726.5
692.0,468679.9
693.0,431121.5
694.0,387252.9
695.0,299929.1
696.0,306061.8
697.0,323784.3
698.0,167912.5
699.0,130004.9
700.0,140899.0
701.0,171408.3
702.0,194023.7
703.0,253374.9
704.0,346834.7
705.0,358880.0
706.0,354985.3
707.0,396827.4
708.0,413013.0
709.0,416110.8
710.0,457510.8
711.0,419003.7
712.0,430790.7
713.0,504974.3
714.0,470993.9
715.0,450819.1
716.0,450505.8
717.0,449030.4
718.0,414036.4
719.0,405746.2
720.0,444689.3
721.0,439886.7
722.0,428610.0
723.0,421554.3
724.0,394479.1
725.0,397963.1
726.0,396988.3
727.0,392132.9
728.0,411249.8
729.0,431443.0
730.0,432821.1
731.0,430800.2
732.0,450485.7
733.0,439419.4
734.0,430821.8
735.0,429327.6
736.0,401587.0
737.0,405459.6
738.0,427727.3
739.0,432741.7
740.0,426132.7
741.0,387554.9
742.0,389521.8
743.0,389637.5
744.0,296754.5
745.0,321365.5
746.0,381456.7
747.0,343750.8
748.0,370193.4
749.0,338004.4
750.0,241149.8
751.0,306909.4
752.0,338920.7
753.0,293732.8
754.0,384877.0
755.0,437092.3
756.0,420227.7
757.0,356192.7
758.0,246554.9
759.0,148614.1
760.0,68859.14
761.0,67504.11
762.0,102617.6
763.0,209325.5
764.0,326945.9
765.0,460254.7
766.0,550563.3
767.0,547130.6
768.0,466510.9
769.0,370256.2
770.0,333503.7
771.0,330801.0
772.0,258831.7
773.0,321007.7
774.0,403264.1
775.0,400110.3
776.0,378860.2
777.0,306050.7
778.0,283794.2
779.0,264054.0
780.0,270539.7
781.0,208047.1
782.0,133920.3
783.0,143296.2
784.0,144741.7
785.0,146184.1
786.0,111723.8
787.0,122884.6
788.0,159947.7
789.0,236794.0
790.0,383933.5
791.0,480467.7
792.0,506028.7
793.0,473088.5
794.0,410212.6
795.0,362253.1
796.0,355093.1
797.0,363498.6
798.0,399892.5
799.0,428511.6
800.0,429993.5
801.0,334206.1
802.0,357250.3
803.0,454857.8
804.0,435640.7
805.0,420512.4
806.0,411451.8
807.0,411515.9
808.0,399376.5
809.0,360624.8
810.0,384236.7
811.0,424458.6
812.0,407359.6
813.0,400227.6
814.0,399019.3
815.0,360427.1
816.0,355789.7
817.0,396798.0
818.0,406476.6
819.0,403304.3
820.0,378911.9
821.0,378160.6
822.0,392319.1
823.0,397925.0
824.0,401027.7
825.0,384641.3
826.0,385775.1
827.0,270509.6
828.0,111636.4
829.0,87124.08
830.0,83154.78
831.0,88820.78
832.0,119865.4
833.0,140023.9
834.0,179579.6
835.0,259218.6
836.0,314400.4
837.0,372073.7
838.0,393312.7
839.0,336251.9
840.0,300457.3
841.0,320289.4
842.0,351545.6
843.0,380101.3
844.0,398480.4
845.0,370438.0
846.0,289023.0
847.0,256265.3
848.0,256951.6
849.0,296407.8
850.0,309322.1
851.0,256603.2
852.0,276306.1
853.0,312363.9
854.0,308671.7
855.0,323550.4
856.0,330564.6
857.0,334146.8
858.0,356509.3
859.0,315870.5
860.0,338458.2
861.0,426524.7
862.0,351068.1
863.0,263829.2
864.0,310903.2
865.0,353868.0
866.0,367825.2
867.0,397035.5
868.0,397999.2
869.0,393651.5
870.0,381111.0
871.0,344673.9
872.0,336950.1
873.0,348237.3
874.0,371465.4
875.0,392818.9
876.0,390735.1
877.0,385403.3
878.0,366695.3
879.0,358237.8
880.0,359193.8
881.0,365351.0
882.0,372537.5
883.0,362132.8
884.0,365869.3
885.0,417512.1
886.0,423127.4
887.0,422511.5
888.0,408269.0
889.0,396804.6
890.0,388688.9
891.0,390406.6
892.0,394653.1
893.0,390776.6
894.0,397001.8
895.0,411385.0
896.0,413232.5
897.0,405637.3
898.0,394544.5
899.0,379349.0
900.0,349520.3
901.0,344148.4
902.0,344552.8
903.0,384542.9
904.0,349572.2
905.0,372804.4
906.0,343054.6
907.0,387265.8
908.0,384518.2
909.0,401527.4
910.0,376078.7
911.0,379859.6
912.0,1165360.0
913.0,1049176.0
914.0,980916.4
915.0,1146925.0
916.0,1059533.0
917.0,942418.9
918.0,659841.8
919.0,351623.8
920.0,435898.8
921.0,233678.1
922.0,407537.3
923.0,598705.0
924.0,999817.0
925.0,1402561.0
926.0,1245807.0
927.0,1102541.0
928.0,932680.8
929.0,572530.2
930.0,456638.3
931.0,640863.1
932.0,906081.1
933.0,1207742.0
934.0,1689629.0
935.0,1494418.0
936.0,1339500.0
937.0,926623.8
938.0,468981.5
939.0,893325.3
940.0,921010.9
941.0,881101.2
942.0,840665.6
943.0,857730.3
944.0,1130381.0
945.0,1412178.0
946.0,1328728.0
947.0,1196200.0
948.0,953703.6
949.0,728466.1
950.0,591576.5
951.0,1163116.0
952.0,1255187.0
953.0,1175441.0
954.0,1013698.0
955.0,895472.2
956.0,1368203.0
957.0,1263216.0
958.0,1236387.0
959.0,855478.8
960.0,1176126.0
961.0,1212330.0
962.0,1166678.0
963.0,1198666.0
964.0,933173.7
965.0,1248166.0
966.0,1213942.0
967.0,1010042.0
968.0,1002868.0
969.0,1148584.0
970.0,708695.3
971.0,506783.7
972.0,207230.9
973.0,251698.3
974.0,348058.6
975.0,525027.7
976.0,775323.5
977.0,1262331.0
978.0,1264174.0
979.0,1094604.0
980.0,1077766.0
981.0,994973.6
982.0,1022895.0
983.0,1030635.0
984.0,671417.4
985.0,466363.0
986.0,261870.8
987.0,325894.6
988.0,510202.9
989.0,545834.9
990.0,534268.9
991.0,746552.9
992.0,1338430.0
993.0,1263271.0
994.0,1149659.0
995.0,794837.8
996.0,997802.5
997.0,806446.0
998.0,1001660.0
999.0,1019177.0
1000.0,1157148.0
1001.0,1000581.0
1002.0,908377.1
1003.0,1027884.0
1004.0,1120765.0
1005.0,1101046.0
1006.0,584416.5
1007.0,939184.7
1008.0,814527.2
1009.0,985868.6
1010.0,728301.9
1011.0,1032477.0
1012.0,1050056.0
1013.0,815679.0
1014.0,1127954.0
1015.0,1001696.0
1016.0,1004375.0
1017.0,1004169.0
1018.0,834348.9
1019.0,1048437.0
1020.0,843603.3
1021.0,977538.0
1022.0,1089215.0
1023.0,985639.4
1024.0,992681.0
1025.0,759207.2
1026.0,498299.3
1027.0,926348.1
1028.0,995163.9
1029.0,1064932.0
1030.0,843428.1
1031.0,743030.2
1032.0,989607.1
1033.0,968685.1
1034.0,828384.4
1035.0,717080.4
1036.0,885997.7
1037.0,609085.0
1038.0,643205.9
1039.0,934743.5
1040.0,951609.8
1041.0,1087262.0
1042.0,1086162.0
1043.0,1136604.0
1044.0,1126954.0
1045.0,1102428.0
1046.0,1084643.0
1047.0,1102549.0
1048.0,1108181.0
1049.0,1117423.0
1050.0,1087703.0
1051.0,1038377.0
1052.0,1092191.0
1053.0,983335.8
1054.0,1092745.0
1055.0,1040325.0
1056.0,970643.2
1057.0,1016854.0
1058.0,990471.1
1059.0,908949.0
1060.0,829446.0
1061.0,807316.5
1062.0,778505.0
1063.0,787104.2
1064.0,1068415.0
1065.0,1052760.0
1066.0,879728.9
1067.0,959460.3
1068.0,808987.6
1069.0,711348.9
1070.0,808249.8
1071.0,844217.9
1072.0,831168.4
1073.0,846857.2
1074.0,953478.1
1075.0,982205.8
1076.0,1028537.0
1077.0,980892.8
1078.0,896526.3
1079.0,994926.4
1080.0,1000158.0
1081.0,956960.4
1082.0,997073.7
1083.0,810032.7
1084.0,844586.5
1085.0,780823.2
1086.0,847626.5
1087.0,946790.1
1088.0,866054.7
1089.0,811970.8
1090.0,833838.8
1091.0,908876.6
1092.0,916868.9
1093.0,909397.6
1094.0,1017242.0
1095.0,1010372.0
1096.0,912430.7
1097.0,916195.4
1098.0,794063.4
1099.0,989394.4
1100.0,964679.0
1101.0,999073.3
1102.0,980482.7
1103.0,878348.5
1104.0,853819.1
1105.0,951604.5
1106.0,967017.7
1107.0,898969.2
1108.0,636948.8
1109.0,857340.3
1110.0,760842.4
1111.0,664283.5
1112.0,583564.3
1113.0,601263.5
1114.0,568411.1
1115.0,590638.5
1116.0,641257.1
1117.0,704150.3
1118.0,937986.7
1119.0,1063358.0
1120.0,928673.9
1121.0,642494.1
1122.0,640058.7
1123.0,704995.2
1124.0,482942.1
1125.0,490314.9
1126.0,594767.7
1127.0,619637.7
1128.0,667273.5
1129.0,772270.2
1130.0,867868.8
1131.0,926229.6
1132.0,950666.0
1133.0,916466.2
1134.0,857227.4
1135.0,845684.6
1136.0,935885.8
1137.0,929411.3
1138.0,900704.2
1139.0,770151.6
1140.0,636550.9
1141.0,893780.2
1142.0,804204.2
1143.0,893768.5
1144.0,778731.5
1145.0,673754.7
1146.0,908117.7
1147.0,898771.7
1148.0,903158.2
1149.0,892310.8
1150.0,856023.8
1151.0,853671.1
1152.0,872811.3
1153.0,850129.4
1154.0,812171.1
1155.0,811067.2
1156.0,756993.1
1157.0,799187.1
1158.0,859983.3
1159.0,705672.3
1160.0,697528.3
1161.0,853880.4
1162.0,643263.4
1163.0,819016.9
1164.0,758579.7
1165.0,835684.4
1166.0,815179.5
1167.0,715042.4
1168.0,777261.8
1169.0,509546.3
1170.0,505247.0
1171.0,396128.1
1172.0,411544.3
1173.0,431741.3
1174.0,471874.0
1175.0,398833.1
1176.0,491123.6
1177.0,841013.8
1178.0,839420.4
1179.0,885032.9
1180.0,849140.9
1181.0,825985.4
1182.0,841151.0
1183.0,507460.4
1184.0,668819.7
1185.0,678492.3
1186.0,821180.0
1187.0,824347.6
1188.0,833656.1
1189.0,831700.1
1190.0,823063.9
1191.0,579861.4
1192.0,782953.1
1193.0,734812.0
1194.0,782833.0
1195.0,814931.3
1196.0,793713.5
1197.0,526555.2
1198.0,731560.7
1199.0,731742.0
1200.0,669449.5
1201.0,597571.2
1202.0,565664.5
1203.0,571526.2
1204.0,703175.1
1205.0,739499.2
1206.0,698621.9
1207.0,730504.9
1208.0,683880.9
1209.0,561216.9
1210.0,565986.2
1211.0,716718.6
1212.0,655694.8
1213.0,577786.5
1214.0,536664.2
1215.0,544788.0
1216.0,631315.7
1217.0,522512.8
1218.0,506088.8
1219.0,777850.2
1220.0,560009.7
1221.0,777392.9
1222.0,779147.7
1223.0,501200.6
1224.0,745667.2
1225.0,666382.7
1226.0,693144.0
1227.0,775107.3
1228.0,578211.5
1229.0,750477.4
1230.0,685553.3
1231.0,702681.6
1232.0,733717.2
1233.0,700749.4
1234.0,693610.9
1235.0,663978.8
1236.0,649865.6
1237.0,656889.0
1238.0,671340.3
1239.0,700338.7
1240.0,722759.5
1241.0,711536.7
1242.0,715131.3
1243.0,785932.4
1244.0,750242.0
1245.0,719527.6
1246.0,624000.7
1247.0,453872.7
1248.0,751767.7
1249.0,759221.0
1250.0,728478.2
1251.0,741744.0
1252.0,665061.6
1253.0,700117.3
1254.0,737118.2
1255.0,723371.6
1256.0,738039.1
1257.0,754265.5
1258.0,752869.8
1259.0,720847.9
1260.0,717498.4
1261.0,737230.2
1262.0,747378.3
1263.0,747806.5
1264.0,646435.9
1265.0,731712.5
1266.0,723051.2
1267.0,698132.2
1268.0,677530.8
1269.0,677623.6
1270.0,705806.3
1271.0,731338.4
1272.0,696056.5
1273.0,656894.2
1274.0,719908.3
1275.0,735739.2
1276.0,731367.2
1277.0,729359.1
1278.0,736513.2
1279.0,726822.4
1280.0,727052.0
1281.0,710519.8
1282.0,703154.8
1283.0,722687.5
1284.0,683519.2
1285.0,720711.4
1286.0,636926.1
1287.0,594441.8
1288.0,708174.2
1289.0,672602.9
1290.0,684732.2
1291.0,646213.3
1292.0,688377.0
1293.0,694865.0
1294.0,651164.7
1295.0,634127.7
1296.0,663829.1
1297.0,635759.3
1298.0,665031.7
1299.0,630369.2
1300.0,659658.5
1301.0,586750.6
1302.0,639716.3
1303.0,534025.8
1304.0,589013.3
1305.0,678388.4
1306.0,681123.6
1307.0,678975.4
1308.0,691541.6
1309.0,659449.8
1310.0,681513.3
1311.0,675579.3
1312.0,647584.0
1313.0,641223.0
1314.0,675538.6
1315.0,641698.6
1316.0,653201.0
1317.0,660449.8
1318.0,645942.5
1319.0,639713.8
1320.0,667929.5
1321.0,627752.2
1322.0,677832.8
1323.0,570010.8
1324.0,627315.6
1325.0,544578.9
1326.0,612916.7
1327.0,659931.0
1328.0,651904.4
1329.0,641468.6
1330.0,539846.8
1331.0,630360.2
1332.0,551554.8
1333.0,607347.2
1334.0,629471.1
1335.0,557320.7
1336.0,405124.1
1337.0,606161.9
1338.0,618306.1
1339.0,561373.3
1340.0,642607.5
1341.0,626620.5
1342.0,589669.6
1343.0,515643.1
1344.0,574157.1
1345.0,644560.8
1346.0,646949.3
1347.0,641061.1
1348.0,640821.3
1349.0,634811.8
1350.0,522100.9
1351.0,634762.8
1352.0,642352.8
1353.0,634944.0
1354.0,626143.8
1355.0,548083.9
1356.0,468462.8
1357.0,500850.7
1358.0,558327.2
1359.0,613615.4
1360.0,620659.1
1361.0,556808.7
1362.0,584887.0
1363.0,546748.5
1364.0,547158.0
1365.0,562406.9
1366.0,552241.5
1367.0,599473.2
1368.0,582205.5
1369.0,545906.6
1370.0,586123.3
1371.0,561892.7
1372.0,523498.4
1373.0,541651.4
1374.0,531601.7
1375.0,532851.1
1376.0,590109.5
1377.0,579429.6
1378.0,498320.1
1379.0,546862.1
1380.0,587008.1
1381.0,593729.0
1382.0,590491.6
1383.0,571570.9
1384.0,463809.5
1385.0,395191.7
1386.0,316777.9
1387.0,298608.6
1388.0,281972.8
1389.0,302717.2
1390.0,355684.2
1391.0,374178.3
1392.0,450335.4
1393.0,467189.5
1394.0,486660.7
1395.0,442857.7
1396.0,298428.8
1397.0,312240.2
1398.0,330558.1
1399.0,379647.9
1400.0,394180.3
1401.0,430890.9
1402.0,514953.9
1403.0,750506.8
1404.0,701596.7
1405.0,614254.5
1406.0,589815.6
1407.0,546092.8
1408.0,552872.2
1409.0,493317.7
1410.0,543821.9
1411.0,555610.7
1412.0,556836.3
1413.0,545268.6
1414.0,507941.5
1415.0,505872.3
1416.0,525695.7
1417.0,402894.7
1418.0,427761.3
1419.0,524036.0
1420.0,508773.6
1421.0,511333.4
1422.0,486093.2
1423.0,454330.2
1424.0,348479.5
1425.0,455784.4
1426.0,487410.2
1427.0,530824.5
1428.0,411475.0
1429.0,427469.8
1430.0,493036.2
1431.0,462369.7
1432.0,439115.1
1433.0,452950.9
1434.0,457340.4
1435.0,489660.5
1436.0,506393.1
1437.0,464986.2
1438.0,456710.6
1439.0,390479.7
1440.0,424378.1
1441.0,469604.0
1442.0,506618.8
1443.0,516129.1
1444.0,506896.2
1445.0,418535.8
1446.0,470849.9
1447.0,517229.4
1448.0,462402.3
1449.0,422913.9
1450.0,489521.1
1451.0,479875.5
1452.0,386535.3
1453.0,438703.2
1454.0,465778.5
1455.0,467145.2
1456.0,441739.5
1457.0,505382.4
1458.0,392537.0
1459.0,434982.1
1460.0,411082.4
1461.0,443397.5
1462.0,472830.8
1463.0,467019.3
1464.0,485647.6
1465.0,467616.6
1466.0,494709.9
1467.0,427565.3
1468.0,397340.0
1469.0,324668.4
1470.0,371189.0
1471.0,474217.0
1472.0,408838.8
1473.0,403817.8
1474.0,440211.1
1475.0,491301.1
1476.0,458251.7
1477.0,487301.3
1478.0,419327.3
1479.0,444684.5
1480.0,474768.3
1481.0,503218.7
1482.0,492852.8
1483.0,488620.2
1484.0,460916.8
1485.0,452413.4
1486.0,496076.8
1487.0,496623.7
1488.0,491723.9
1489.0,464090.1
1490.0,472692.0
1491.0,490407.0
1492.0,488270.3
1493.0,487836.5
1494.0,479610.0
1495.0,468336.2
1496.0,465194.2
1497.0,434531.0
1498.0,329658.9
1499.0,318114.5
1500.0,357994.9
1501.0,389634.7
1502.0,391023.1
1503.0,442450.1
1504.0,378704.0
1505.0,377914.1
1506.0,423304.6
1507.0,472001.4
1508.0,466575.9
1509.0,432612.5
1510.0,458195.3
1511.0,325921.5
1512.0,376727.9
1513.0,420195.6
1514.0,454882.4
1515.0,331803.9
1516.0,417317.5
1517.0,410739.3
1518.0,339421.5
1519.0,404183.5
1520.0,400971.4
1521.0,347875.7
1522.0,394011.1
1523.0,466905.1
1524.0,397569.0
1525.0,381784.9
1526.0,397903.8
1527.0,383307.2
1528.0,388958.3
1529.0,436961.9
1530.0,289408.0
1531.0,286476.0
1532.0,378193.6
1533.0,306576.2
1534.0,342205.1
1535.0,414079.9
1536.0,328623.7
1537.0,243133.4
1538.0,241677.0
1539.0,137822.4
1540.0,198390.5
1541.0,127260.3
1542.0,110322.5
1543.0,108088.5
1544.0,93926.63
1545.0,143236.7
1546.0,152282.4
1547.0,168280.6
1548.0,198599.2
1549.0,249185.1
1550.0,311218.7
1551.0,444424.3
1552.0,565968.1
1553.0,507113.8
1554.0,515282.3
1555.0,498724.5
1556.0,367265.9
1557.0,339441.1
1558.0,412570.9
1559.0,455131.0
1560.0,375305.8
1561.0,344908.1
1562.0,306843.1
1563.0,406562.9
1564.0,395476.0
1565.0,357581.9
1566.0,347713.1
1567.0,380035.3
1568.0,303984.9
1569.0,279587.6
1570.0,349074.4
1571.0,271474.4
1572.0,339386.3
1573.0,416598.9
1574.0,417440.0
1575.0,285762.0
1576.0,365459.7
1577.0,282727.5
1578.0,335365.2
1579.0,373821.6
1580.0,287387.5
1581.0,358610.6
1582.0,390138.0
1583.0,365103.8
1584.0,319449.2
1585.0,283465.8
1586.0,353993.3
1587.0,388995.3
1588.0,389340.9
1589.0,399558.9
1590.0,344208.7
1591.0,349060.7
1592.0,327598.6
1593.0,384597.9
1594.0,373546.1
1595.0,371588.1
1596.0,376108.5
1597.0,378913.6
1598.0,384357.2
1599.0,410696.7
1600.0,393877.4
1601.0,283892.2
1602.0,330556.3
1603.0,262038.6
1604.0,333327.7
1605.0,376557.9
1606.0,323233.1
1607.0,363565.7
1608.0,382258.7
1609.0,335779.3
1610.0,250503.4
1611.0,320613.0
1612.0,347439.2
1613.0,348636.6
1614.0,338422.6
1615.0,373889.3
1616.0,393478.1
1617.0,404661.0
1618.0,378844.5
1619.0,340294.0
1620.0,307642.7
1621.0,280377.8
1622.0,306191.3
1623.0,296071.3
1624.0,291061.1
1625.0,366335.9
1626.0,384209.0
1627.0,367188.3
1628.0,374095.0
1629.0,322824.9
1630.0,328688.1
1631.0,243166.6
1632.0,284589.6
1633.0,371797.3
1634.0,349158.2
1635.0,317269.9
1636.0,326993.8
1637.0,387667.6
1638.0,367198.5
1639.0,376275.5
1640.0,257528.3
1641.0,417923.6
1642.0,412317.3
1643.0,410777.2
1644.0,398636.4
1645.0,330939.6
1646.0,383557.9
1647.0,304164.5
1648.0,379832.0
1649.0,361208.3
1650.0,350563.8
1651.0,382576.1
1652.0,360145.7
1653.0,276598.5
1654.0,306406.7
1655.0,388199.1
1656.0,322039.3
1657.0,273845.6
1658.0,346061.8
1659.0,365511.4
1660.0,366920.4
1661.0,324535.7
1662.0,327791.2
1663.0,366547.9
1664.0,370904.6
1665.0,281843.3
1666.0,339764.9
1667.0,304716.8
1668.0,243180.1
1669.0,341927.0
1670.0,333886.0
1671.0,320082.2
1672.0,271215.4
1673.0,262367.3
1674.0,344537.1
1675.0,344984.5
1676.0,278994.5
1677.0,308048.2
1678.0,373022.3
1679.0,364979.4
1680.0,378700.8
1681.0,351993.4
1682.0,285015.0
1683.0,356559.2
1684.0,363182.5
1685.0,366957.5
1686.0,331995.6
1687.0,342099.7
1688.0,354948.6
1689.0,357522.4
1690.0,267002.7
1691.0,295783.8
1692.0,351323.6
1693.0,352194.1
1694.0,328201.5
1695.0,300722.7
1696.0,313156.0
1697.0,356284.1
1698.0,320683.8
1699.0,255937.6
1700.0,328799.4
1701.0,280080.3
1702.0,337045.6
1703.0,342541.5
1704.0,283557.1
1705.0,313429.3
1706.0,310159.0
1707.0,255036.0
1708.0,288762.9
1709.0,322461.8
1710.0,325251.2
1711.0,310698.1
1712.0,282676.2
1713.0,214780.3
1714.0,276587.7
1715.0,283414.5
1716.0,241155.9
1717.0,227041.8
1718.0,253920.4
1719.0,327004.2
1720.0,345408.3
1721.0,303461.4
1722.0,282840.5
1723.0,273623.6
1724.0,245198.2
1725.0,251476.4
1726.0,275229.4
1727.0,339041.4
1728.0,341990.5
1729.0,321902.0
1730.0,332339.8
1731.0,290447.4
1732.0,329606.4
1733.0,316935.9
1734.0,315601.7
1735.0,328285.8
1736.0,315287.0
1737.0,343967.5
1738.0,313700.4
1739.0,266369.0
1740.0,302850.1
1741.0,270465.1
1742.0,280094.8
1743.0,319694.5
1744.0,306791.8
1745.0,266832.6
1746.0,312054.8
1747.0,294710.1
1748.0,312628.4
1749.0,307781.9
1750.0,318148.3
1751.0,316073.6
1752.0,316593.6
1753.0,199452.8
1754.0,297220.7
1755.0,322795.8
1756.0,326343.5
1757.0,318229.3
1758.0,286945.5
1759.0,254777.1
1760.0,277965.3
1761.0,285856.5
1762.0,321633.5
1763.0,250310.2
1764.0,295577.1
1765.0,312715.1
1766.0,319251.0
1767.0,314171.0
1768.0,291430.9
1769.0,290257.4
1770.0,257333.3
1771.0,300586.9
1772.0,245795.5
1773.0,269599.8
1774.0,306100.2
1775.0,292877.5
1776.0,253177.9
1777.0,300846.4
1778.0,304844.6
1779.0,285411.4
1780.0,297669.4
1781.0,287162.0
1782.0,255861.2
1783.0,217134.1
1784.0,288502.4
1785.0,259529.7
1786.0,286232.2
1787.0,289582.2
1788.0,290481.1
1789.0,256555.3
1790.0,289413.2
1791.0,242966.3
1792.0,204941.8
1793.0,253416.3
1794.0,286715.1
1795.0,298179.1
1796.0,311469.3
1797.0,292048.8
1798.0,274701.1
1799.0,269629.8
1800.0,266397.8
1801.0,301134.2
1802.0,308857.6
1803.0,291484.8
1804.0,288204.1
1805.0,271449.3
1806.0,281044.1
1807.0,282743.2
1808.0,283634.7
1809.0,305581.2
1810.0,298558.9
1811.0,290465.9
1812.0,223474.4
1813.0,215457.5
1814.0,287629.6
1815.0,291262.3
1816.0,225680.2
1817.0,271940.8
1818.0,301565.5
1819.0,282918.1
1820.0,250398.7
1821.0,232231.7
1822.0,213027.7
1823.0,265455.2
1824.0,286283.4
1825.0,259807.9
1826.0,224302.2
1827.0,218094.7
1828.0,238512.6
1829.0,292619.4
1830.0,241946.5
1831.0,270784.6
1832.0,284752.8
1833.0,282097.2
1834.0,273494.9
1835.0,263462.3
1836.0,293370.3
1837.0,283959.0
1838.0,272586.2
1839.0,276486.9
1840.0,210235.8
1841.0,253536.6
1842.0,260774.9
1843.0,248225.8
1844.0,244474.7
1845.0,237770.6
1846.0,259911.8
1847.0,261810.0
1848.0,247821.6
1849.0,229902.3
1850.0,187774.8
1851.0,223581.3
1852.0,257396.6
1853.0,255576.0
1854.0,217744.8
1855.0,226571.6
1856.0,275703.6
1857.0,280097.1
1858.0,248549.7
1859.0,242047.2
1860.0,219811.9
1861.0,274416.0
1862.0,282445.8
1863.0,244592.5
1864.0,252087.4
1865.0,266725.2
1866.0,261673.1
1867.0,254775.6
1868.0,280440.7
1869.0,282854.5
1870.0,256782.1
1871.0,259804.5
1872.0,243851.4
1873.0,219071.1
1874.0,220432.1
1875.0,260893.4
1876.0,256415.5
1877.0,264160.5
1878.0,239541.1
1879.0,269531.7
1880.0,261790.4
1881.0,248651.5
1882.0,223447.6
1883.0,218949.5
1884.0,247157.6
1885.0,211545.2
1886.0,231089.3
1887.0,220229.7
1888.0,247688.6
1889.0,237256.5
1890.0,230226.7
1891.0,210692.6
1892.0,210994.6
1893.0,223180.7
1894.0,209313.7
1895.0,211678.9
1896.0,237812.4
1897.0,248219.7
1898.0,255875.8
1899.0,225351.0
1900.0,249631.6
1901.0,224068.8
1902.0,228163.8
1903.0,232827.8
1904.0,232949.1
1905.0,269913.3
1906.0,255671.8
1907.0,254339.7
1908.0,262808.9
1909.0,250323.0
1910.0,247571.6
1911.0,267398.8
1912.0,265269.4
1913.0,237563.5
1914.0,208671.1
1915.0,219109.8
1916.0,233648.3
1917.0,243970.7
1918.0,217375.2
1919.0,226448.9
1920.0,244879.0
1921.0,240556.1
1922.0,227231.0
1923.0,159144.7
1924.0,211812.3
1925.0,248352.8
1926.0,221893.2
1927.0,242387.3
1928.0,227092.1
1929.0,206972.7
1930.0,210790.7
1931.0,196136.3
1932.0,224900.2
1933.0,253756.5
1934.0,260876.1
1935.0,250191.4
1936.0,208872.4
1937.0,201008.4
1938.0,202818.0
1939.0,179254.4
1940.0,183791.0
1941.0,244075.3
1942.0,252441.5
1943.0,243318.6
1944.0,242593.3
1945.0,252472.4
1946.0,252154.9
1947.0,240531.8
1948.0,228458.7
1949.0,234471.2
1950.0,231175.9
1951.0,163041.2
1952.0,225820.5
1953.0,209960.8
1954.0,175447.8
1955.0,187122.3
1956.0,178888.9
1957.0,194408.0
1958.0,216258.6
1959.0,226371.4
1960.0,230434.6
1961.0,188643.8
1962.0,233742.8
1963.0,221254.0
1964.0,208893.1
1965.0,238427.8
1966.0,230844.0
1967.0,241511.4
1968.0,229540.5
1969.0,239434.0
1970.0,229547.8
1971.0,238245.7
1972.0,207773.0
1973.0,234139.8
1974.0,237664.7
1975.0,234640.2
1976.0,209287.7
1977.0,227214.6
1978.0,240775.5
1979.0,209869.3
1980.0,226411.7
1981.0,235370.9
1982.0,220484.2
1983.0,231046.2
1984.0,209180.5
1985.0,217027.5
1986.0,232679.4
1987.0,200481.5
1988.0,223632.2
1989.0,231861.9
1990.0,205217.8
1991.0,221689.6
1992.0,174003.2
1993.0,191568.0
1994.0,197765.1
1995.0,225063.7
1996.0,229595.9
1997.0,228371.9
1998.0,228789.2
1999.0,201874.9
2000.0,183848.4
2001.0,204259.7
2002.0,173805.9
2003.0,195301.2
2004.0,212814.6
2005.0,215877.7
2006.0,197465.3
2007.0,213569.0
2008.0,229719.1
2009.0,222225.0
2010.0,216664.8
2011.0,190918.0
2012.0,196434.1
2013.0,192957.2
2014.0,207117.5
2015.0,216842.6
2016.0,219521.7
2017.0,221588.8
2018.0,213700.1
2019.0,217623.8
2020.0,227847.4
2021.0,224280.6
2022.0,221955.4
2023.0,221797.6
2024.0,206237.9
2025.0,222929.9
2026.0,197620.5
2027.0,217796.7
2028.0,213649.5
2029.0,214483.9
2030.0,215378.7
2031.0,221396.2
2032.0,219221.0
2033.0,212029.0
2034.0,194045.7
2035.0,180143.0
2036.0,201507.1
2037.0,208440.3
2038.0,190147.0
2039.0,206091.9
2040.0,177346.9
2041.0,172448.4
2042.0,199525.2
2043.0,210267.8
2044.0,203206.2
2045.0,191161.1
2046.0,197136.2
2047.0,198587.2
2048.0,197956.2
2049.0,214491.0
2050.0,200265.1
2051.0,212760.4
2052.0,208301.0
2053.0,205361.8
2054.0,215009.2
2055.0,213611.4
2056.0,206286.3
2057.0,188694.4
2058.0,209162.5
2059.0,209867.9
2060.0,218145.8
2061.0,213323.9
2062.0,184499.7
2063.0,208192.0
2064.0,203268.2
2065.0,207136.8
2066.0,198862.1
2067.0,192111.4
2068.0,181132.4
2069.0,188572.0
2070.0,212323.8
2071.0,178046.9
2072.0,197831.3
2073.0,208917.2
2074.0,205692.5
2075.0,205878.6
2076.0,210291.8
2077.0,188441.1
2078.0,175454.6
2079.0,202301.6
2080.0,192875.3
2081.0,203367.7
2082.0,208740.0
2083.0,196041.5
2084.0,188514.8
2085.0,157242.3
2086.0,192396.3
2087.0,201032.6
2088.0,204527.8
2089.0,210255.5
2090.0,189575.7
2091.0,150493.4
2092.0,166168.1
2093.0,200445.8
2094.0,200342.7
2095.0,195562.2
2096.0,193194.5
2097.0,195963.1
2098.0,185885.3
2099.0,203337.1
2100.0,163354.8
2101.0,198003.3
2102.0,206168.8
2103.0,203316.6
2104.0,182414.1
2105.0,204520.4
2106.0,202099.3
2107.0,184648.9
2108.0,147172.9
2109.0,175675.0
2110.0,192762.1
2111.0,195892.9
2112.0,204186.7
2113.0,194805.6
2114.0,178209.5
2115.0,175102.6
2116.0,202973.9
2117.0,186681.0
2118.0,188492.4
2119.0,187069.7
2120.0,201914.9
2121.0,186497.9
2122.0,195484.3
2123.0,196573.4
2124.0,189391.5
2125.0,190664.2
2126.0,191762.8
2127.0,197413.6
2128.0,195386.3
2129.0,198423.6
2130.0,191706.5
2131.0,196470.2
2132.0,197009.7
2133.0,196991.4
2134.0,195011.7
2135.0,195856.0
2136.0,189567.2
2137.0,184106.6
2138.0,181089.7
2139.0,196227.7
2140.0,191091.4
2141.0,190892.1
2142.0,188378.2
2143.0,191983.6
2144.0,188584.7
2145.0,173541.8
2146.0,193495.2
2147.0,177315.7
2148.0,186008.7
2149.0,187034.3
2150.0,192403.4
2151.0,191962.0
2152.0,192615.7
2153.0,190383.3
2154.0,187601.2
2155.0,189724.0
2156.0,190268.6
2157.0,187317.2
2158.0,182597.9
2159.0,180961.5
2160.0,189117.5
2161.0,189358.5
2162.0,174396.1
2163.0,184358.6
2164.0,188938.1
2165.0,187633.7
2166.0,183608.8
2167.0,180605.9
2168.0,187544.9
2169.0,183927.1
2170.0,187407.3
2171.0,186707.9
2172.0,184902.1
2173.0,187226.2
2174.0,186751.8
2175.0,182667.0
2176.0,181768.4
2177.0,185976.2
2178.0,179413.6
2179.0,185987.6
2180.0,176663.8
2181.0,175910.6
2182.0,178783.9
2183.0,183462.5
2184.0,183960.4
2185.0,183065.1
2186.0,172966.6
2187.0,182023.8
2188.0,182295.6
2189.0,182192.6
2190.0,179078.1
2191.0,181876.2
2192.0,172849.4
2193.0,179280.9
2194.0,176716.7
2195.0,181097.6
2196.0,180469.6
2197.0,180307.6
2198.0,178942.5
2199.0,180518.1
2200.0,179762.5
2201.0,177812.7
2202.0,172191.8
2203.0,175467.0
2204.0,172476.4
2205.0,178536.0
2206.0,179044.7
2207.0,178170.0
2208.0,177223.7
2209.0,176090.7
2210.0,177412.3
2211.0,174311.7
2212.0,172339.5
2213.0,173404.2
2214.0,175829.2
2215.0,175664.2
2216.0,169792.3
2217.0,172439.1
2218.0,174315.7
2219.0,172246.2
2220.0,175400.9
2221.0,170873.8
2222.0,171704.8
2223.0,173395.8
2224.0,174443.6
2225.0,172784.4
2226.0,173816.7
2227.0,170745.9
2228.0,167347.4
2229.0,171320.5
2230.0,167035.3
2231.0,172571.7
2232.0,172287.8
2233.0,167763.7
2234.0,170542.5
2235.0,171367.2
2236.0,171794.3
2237.0,171666.7
2238.0,171192.8
2239.0,162629.7
2240.0,168941.5
2241.0,170417.2
2242.0,168276.0
2243.0,169819.7
2244.0,164397.0
2245.0,158786.9
2246.0,168741.0
2247.0,168619.6
2248.0,168220.4
2249.0,168681.3
2250.0,166812.1
2251.0,166930.9
2252.0,164990.5
2253.0,160474.1
2254.0,166396.2
2255.0,167596.5
2256.0,166201.0
2257.0,165795.6
2258.0,161034.5
2259.0,166361.7
2260.0,164511.3
2261.0,164255.0
2262.0,163823.3
2263.0,165781.8
2264.0,164530.9
2265.0,162393.3
2266.0,164772.1
2267.0,164141.4
2268.0,161779.8
2269.0,160798.1
2270.0,163235.2
2271.0,159524.0
2272.0,163074.2
2273.0,162322.5
2274.0,157009.3
2275.0,163156.5
2276.0,158763.4
2277.0,158159.4
2278.0,157673.8
2279.0,159024.1
2280.0,160880.2
2281.0,160475.4
2282.0,161498.5
2283.0,159433.1
2284.0,160040.8
2285.0,158895.2
2286.0,159958.8
2287.0,158902.0
2288.0,157483.6
2289.0,159963.4
2290.0,154100.5
2291.0,159664.2
2292.0,158963.1
2293.0,158557.8
2294.0,153514.5
2295.0,157296.1
2296.0,155655.0
2297.0,148757.2
2298.0,144002.8
2299.0,151286.0
2300.0,155921.8
2301.0,151347.5
2302.0,156993.5
2303.0,156738.5
2304.0,151522.2
2305.0,156033.2
2306.0,156234.4
2307.0,154812.1
2308.0,154615.0
2309.0,153035.0
2310.0,156038.8
2311.0,155566.2
2312.0,152895.5
2313.0,153166.9
2314.0,153871.1
2315.0,154530.4
2316.0,153091.4
2317.0,153229.0
2318.0,149533.9
2319.0,151844.2
2320.0,142476.7
2321.0,152929.2
2322.0,153052.7
2323.0,142491.9
2324.0,149091.8
2325.0,148150.5
2326.0,149907.5
2327.0,150218.5
2328.0,149484.9
2329.0,150914.7
2330.0,149780.9
2331.0,149753.8
2332.0,139608.4
2333.0,149889.2
2334.0,150502.7
2335.0,144645.6
2336.0,149550.9
2337.0,149650.9
2338.0,148803.6
2339.0,149164.9
2340.0,148559.0
2341.0,144434.1
2342.0,147003.8
2343.0,147865.5
2344.0,145731.8
2345.0,144599.9
2346.0,143427.4
2347.0,146718.2
2348.0,147592.9
2349.0,140220.6
2350.0,147288.3
2351.0,146074.2
2352.0,144258.1
2353.0,145350.0
2354.0,146794.3
2355.0,144959.8
2356.0,140903.0
2357.0,143693.0
2358.0,144130.4
2359.0,146145.9
2360.0,143961.1
2361.0,138242.7
2362.0,145343.9
2363.0,142247.2
2364.0,144025.9
2365.0,143726.5
2366.0,139171.3
2367.0,142450.7
2368.0,143864.5
2369.0,143771.5
2370.0,139776.2
2371.0,142705.0
2372.0,142829.5
2373.0,143055.7
2374.0,142959.2
2375.0,137568.8
2376.0,138534.6
2377.0,140893.8
2378.0,142245.0
2379.0,141724.1
2380.0,138419.8
2381.0,140393.0
2382.0,141673.0
2383.0,138574.2
2384.0,137951.5
2385.0,137470.8
2386.0,140701.6
2387.0,140571.8
2388.0,137983.1
2389.0,138777.2
2390.0,137953.6
2391.0,139450.8
2392.0,138309.3
2393.0,138371.4
2394.0,139802.3
2395.0,138975.6
2396.0,138139.1
2397.0,138528.5
2398.0,138988.1
2399.0,137234.8
2400.0,132372.0
2401.0,135586.2
2402.0,136959.0
2403.0,132523.4
2404.0,137189.3
2405.0,134970.9
2406.0,136186.7
2407.0,134224.3
2408.0,136073.4
2409.0,136141.2
2410.0,132164.9
2411.0,133817.0
2412.0,136065.7
2413.0,136354.3
2414.0,132892.2
2415.0,136021.4
2416.0,133973.8
2417.0,134103.8
2418.0,136239.4
2419.0,132832.4
2420.0,135841.4
2421.0,133733.4
2422.0,133755.6
2423.0,135548.1
2424.0,132907.5
2425.0,130409.5
2426.0,134290.3
2427.0,134374.0
2428.0,130938.2
2429.0,131178.6
2430.0,131885.1
2431.0,131481.3
2432.0,129444.4
2433.0,129779.9
2434.0,130901.8
2435.0,127814.5
2436.0,130523.9
2437.0,129999.3
2438.0,129143.9
2439.0,125014.3
2440.0,128188.1
2441.0,127123.6
2442.0,129675.8
2443.0,130274.4
2444.0,130533.4
2445.0,128153.5
2446.0,128425.7
2447.0,128541.3
2448.0,124569.9
2449.0,126577.5
2450.0,128169.8
2451.0,127109.3
2452.0,127726.8
2453.0,128488.6
2454.0,127936.1
2455.0,128185.2
2456.0,128065.7
2457.0,128348.3
2458.0,127658.2
2459.0,127805.7
2460.0,126782.1
2461.0,126405.9
2462.0,123531.0
2463.0,126332.5
2464.0,124586.3
2465.0,126036.5
2466.0,124752.7
2467.0,123908.1
2468.0,126083.6
2469.0,124392.4
2470.0,123139.1
2471.0,125099.7
2472.0,124667.7
2473.0,124260.1
2474.0,122087.7
2475.0,123508.8
2476.0,123906.2
2477.0,123622.1
2478.0,123664.8
2479.0,122784.2
2480.0,122444.4
2481.0,121922.8
2482.0,123577.6
2483.0,121046.0
2484.0,120929.1
2485.0,120380.8
2486.0,123113.0
2487.0,120776.9
2488.0,121316.5
2489.0,121336.4
2490.0,122266.0
2491.0,121991.0
2492.0,120007.4
2493.0,121594.5
2494.0,114760.3
2495.0,121720.2
2496.0,121674.6
2497.0,116668.4
2498.0,119944.8
2499.0,120648.7
2500.0,120768.3
2501.0,120990.1
2502.0,119212.8
2503.0,119811.1
2504.0,118207.5
2505.0,119682.4
2506.0,119709.8
2507.0,118510.4
2508.0,120293.8
2509.0,119095.8
2510.0,113692.0
2511.0,120024.6
2512.0,115599.5
2513.0,115263.6
2514.0,119260.4
2515.0,118291.7
2516.0,118821.3
2517.0,116661.8
2518.0,116979.5
2519.0,118313.6
2520.0,117800.2
2521.0,115667.2
2522.0,116637.3
2523.0,116755.8
2524.0,117576.9
2525.0,116389.5
2526.0,115044.1
2527.0,113793.6
2528.0,114544.2
2529.0,117244.4
2530.0,115550.4
2531.0,113944.5
2532.0,116363.6
2533.0,117775.2
2534.0,119282.2
2535.0,116931.6
2536.0,118141.7
2537.0,118790.4
2538.0,117070.5
2539.0,115718.6
2540.0,116843.9
2541.0,115573.4
2542.0,115961.9
2543.0,114608.6
2544.0,114634.8
2545.0,115430.5
2546.0,111945.4
2547.0,113334.4
2548.0,114925.0
2549.0,114582.1
2550.0,113102.0
2551.0,113821.7
2552.0,107660.1
2553.0,114969.8
2554.0,114520.6
2555.0,114205.3
2556.0,113630.9
2557.0,111501.7
2558.0,113439.1
2559.0,112694.6
2560.0,107604.0
2561.0,111239.2
2562.0,113183.8
2563.0,111840.8
2564.0,110971.3
2565.0,111731.9
2566.0,110423.3
2567.0,110258.0
2568.0,111678.9
2569.0,110593.3
2570.0,111599.7
2571.0,111504.8
2572.0,110861.6
2573.0,111120.8
2574.0,110071.6
2575.0,109291.9
2576.0,109989.7
2577.0,108540.5
2578.0,109759.8
2579.0,109375.6
2580.0,109119.2
2581.0,109233.1
2582.0,109269.6
2583.0,106681.4
2584.0,108356.7
2585.0,108095.5
2586.0,107186.3
2587.0,108589.2
2588.0,107593.8
2589.0,107136.7
2590.0,108468.1
2591.0,106895.1
2592.0,107126.8
2593.0,107977.3
2594.0,106127.8
2595.0,107507.4
2596.0,106028.4
2597.0,107314.5
2598.0,107167.4
2599.0,104299.1
2600.0,104096.9
2601.0,107234.1
2602.0,106504.8
2603.0,106515.8
2604.0,106649.2
2605.0,106641.0
2606.0,105298.3
2607.0,106025.7
2608.0,104061.3
2609.0,103579.8
2610.0,105174.5
2611.0,105294.8
2612.0,105057.3
2613.0,105440.8
2614.0,105823.6
2615.0,105113.9
2616.0,103954.7
2617.0,105239.6
2618.0,102020.3
2619.0,104674.1
2620.0,103782.8
2621.0,103561.7
2622.0,104805.1
2623.0,104697.0
2624.0,103449.5
2625.0,104415.0
2626.0,100864.6
2627.0,103028.4
2628.0,103751.1
2629.0,101078.0
2630.0,103073.3
2631.0,102506.6
2632.0,98498.94
2633.0,102926.7
2634.0,101775.2
2635.0,102935.6
2636.0,102318.0
2637.0,102676.6
2638.0,102564.0
2639.0,101757.0
2640.0,102348.1
2641.0,102061.4
2642.0,100819.3
2643.0,101721.6
2644.0,101771.0
2645.0,101409.2
2646.0,99200.24
2647.0,101048.9
2648.0,101385.7
2649.0,101280.8
2650.0,100750.3
2651.0,101006.1
2652.0,100224.2
2653.0,100762.1
2654.0,100350.6
2655.0,100573.9
2656.0,98010.63
2657.0,99802.42
2658.0,99452.67
2659.0,98557.33
2660.0,97107.43
2661.0,97330.31
2662.0,98305.24
2663.0,97841.46
2664.0,96255.43
2665.0,98495.03
2666.0,97628.36
2667.0,98740.67
2668.0,97917.69
2669.0,97931.38
2670.0,98299.13
2671.0,97993.69
2672.0,97995.07
2673.0,97565.43
2674.0,98103.43
2675.0,97935.68
2676.0,97200.64
2677.0,98022.89
2678.0,93934.44
2679.0,97345.75
2680.0,95227.51
2681.0,97181.14
2682.0,96267.91
2683.0,95623.33
2684.0,96456.06
2685.0,96788.04
2686.0,96652.58
2687.0,96283.26
2688.0,96105.36
2689.0,95971.04
2690.0,95706.75
2691.0,96073.62
2692.0,95599.09
2693.0,95530.57
2694.0,94695.33
2695.0,94911.78
2696.0,89424.78
2697.0,91123.62
2698.0,92821.12
2699.0,92926.13
2700.0,94266.4
2701.0,93488.45
2702.0,91966.27
2703.0,94916.75
2704.0,94312.39
2705.0,93965.92
2706.0,92496.71
2707.0,93173.85
2708.0,93595.28
2709.0,93967.81
2710.0,91524.12
2711.0,92190.78
2712.0,92120.73
2713.0,91197.14
2714.0,93684.49
2715.0,92734.29
2716.0,93695.06
2717.0,92022.77
2718.0,93493.69
2719.0,92920.62
2720.0,92579.22
2721.0,92360.92
2722.0,93263.74
2723.0,92238.1
2724.0,88563.4
2725.0,92947.07
2726.0,92256.27
2727.0,91355.77
2728.0,92243.82
2729.0,92638.23
2730.0,92524.64
2731.0,92109.28
2732.0,91541.01
2733.0,92450.33
2734.0,90843.77
2735.0,92449.83
2736.0,92417.97
2737.0,92507.29
2738.0,91411.65
2739.0,92110.59
2740.0,91230.43
2741.0,91456.32
2742.0,91172.03
2743.0,90659.93
2744.0,88396.07
2745.0,91071.04
2746.0,90548.25
2747.0,89212.09
2748.0,85010.77
2749.0,90294.35
2750.0,85693.94
2751.0,89932.04
2752.0,88850.26
2753.0,89126.48
2754.0,87822.13
2755.0,89683.28
2756.0,89206.07
2757.0,89217.42
2758.0,89214.27
2759.0,89358.1
2760.0,89042.29
2761.0,88776.63
2762.0,88743.39
2763.0,88392.07
2764.0,88852.72
2765.0,88423.11
2766.0,88504.23
2767.0,88429.14
2768.0,88191.2
2769.0,87886.82
2770.0,86951.3
2771.0,88081.31
2772.0,87696.36
2773.0,87697.9
2774.0,86813.24
2775.0,87704.02
2776.0,87132.39
2777.0,87335.43
2778.0,87370.67
2779.0,87177.22
2780.0,85979.88
2781.0,86866.5
2782.0,86907.71
2783.0,86955.25
2784.0,86739.77
2785.0,86579.02
2786.0,85205.63
2787.0,86205.15
2788.0,85798.08
2789.0,83576.07
2790.0,85857.9
2791.0,85695.7
2792.0,85474.25
2793.0,85029.85
2794.0,85184.26
2795.0,84710.11
2796.0,83992.01
2797.0,84811.07
2798.0,84736.57
2799.0,81185.55
2800.0,84012.6
2801.0,84703.37
2802.0,83718.69
2803.0,84275.09
2804.0,83989.65
2805.0,84238.74
2806.0,83903.18
2807.0,84197.05
2808.0,83703.97
2809.0,83822.06
2810.0,83735.91
2811.0,83674.61
2812.0,83381.76
2813.0,83566.97
2814.0,80835.47
2815.0,83468.55
2816.0,83416.22
2817.0,82807.38
2818.0,82634.34
2819.0,82719.13
2820.0,82744.97
2821.0,83036.99
2822.0,82859.16
2823.0,82137.54
2824.0,82569.44
2825.0,82736.37
2826.0,82576.79
2827.0,81929.9
2828.0,82295.45
2829.0,82164.74
2830.0,77112.76
2831.0,81679.24
2832.0,81976.22
2833.0,81811.51
2834.0,81423.22
2835.0,81593.89
2836.0,81429.19
2837.0,79701.61
2838.0,81055.09
2839.0,80495.42
2840.0,81136.9
2841.0,80622.28
2842.0,80845.53
2843.0,80678.06
2844.0,80129.61
2845.0,79947.55
2846.0,80496.89
2847.0,80528.68
2848.0,80376.45
2849.0,79332.97
2850.0,80127.61
2851.0,79111.77
2852.0,79099.28
2853.0,79758.88
2854.0,79565.47
2855.0,79467.39
2856.0,79574.54
2857.0,77837.0
2858.0,78707.94
2859.0,79192.89
2860.0,79095.81
2861.0,79505.57
2862.0,79083.85
2863.0,79054.47
2864.0,79102.43
2865.0,78910.3
2866.0,78475.56
2867.0,78802.44
2868.0,78732.95
2869.0,77667.31
2870.0,78093.29
2871.0,78387.56
2872.0,78050.15
2873.0,77598.24
2874.0,78136.14
2875.0,78092.68
2876.0,77767.53
2877.0,77511.3
2878.0,77922.56
2879.0,77845.06
2880.0,77578.11
2881.0,77645.71
2882.0,77488.77
2883.0,77420.4
2884.0,77529.06
2885.0,76692.82
2886.0,76442.6
2887.0,77026.92
2888.0,76875.15
2889.0,76406.32
2890.0,76373.8
2891.0,76313.22
2892.0,76070.09
2893.0,76137.84
2894.0,75975.52
2895.0,75991.41
2896.0,73435.23
2897.0,76242.1
2898.0,75891.83
2899.0,76155.18
2900.0,75525.53
2901.0,75682.94
2902.0,75994.35
2903.0,75291.05
2904.0,75790.66
2905.0,74674.52
2906.0,75166.95
2907.0,75256.97
2908.0,75209.4
2909.0,75351.74
2910.0,75209.47
2911.0,74774.33
2912.0,74690.14
2913.0,75043.36
2914.0,74863.68
2915.0,74921.74
2916.0,74734.2
2917.0,74600.51
2918.0,74508.96
2919.0,74539.56
2920.0,74557.84
2921.0,74390.75
2922.0,74221.61
2923.0,74014.1
2924.0,73658.42
2925.0,73275.2
2926.0,73486.28
2927.0,71854.18
2928.0,73683.09
2929.0,73459.7
2930.0,73357.21
2931.0,73427.77
2932.0,73435.6
2933.0,73287.41
2934.0,73035.72
2935.0,72687.25
2936.0,73194.67
2937.0,73044.67
2938.0,73120.88
2939.0,73187.6
2940.0,72240.06
2941.0,72337.21
2942.0,71990.24
2943.0,72649.23
2944.0,71954.61
2945.0,72382.41
2946.0,67378.82
2947.0,72428.17
2948.0,72232.53
2949.0,71464.86
2950.0,70965.42
2951.0,70462.26
2952.0,71723.64
2953.0,71895.92
2954.0,71760.47
2955.0,71622.97
2956.0,71292.76
2957.0,71656.13
2958.0,71538.19
2959.0,70656.31
2960.0,71336.3
2961.0,71118.65
2962.0,71133.03
2963.0,71026.63
2964.0,69592.4
2965.0,70722.44
2966.0,70396.61
2967.0,70707.8
2968.0,70631.76
2969.0,70585.52
2970.0,70570.44
2971.0,70311.08
2972.0,70508.35
2973.0,70414.58
2974.0,70223.95
2975.0,70150.04
2976.0,70316.46
2977.0,70018.11
2978.0,68896.39
2979.0,70075.27
2980.0,69626.79
2981.0,69972.95
2982.0,69794.66
2983.0,69131.83
2984.0,69590.54
2985.0,69438.99
2986.0,69047.6
2987.0,69073.21
2988.0,69268.37
2989.0,69111.91
2990.0,68850.64
2991.0,69006.83
2992.0,68953.71
2993.0,68761.05
2994.0,68655.7
2995.0,68700.43
2996.0,68648.24
2997.0,68388.49
2998.0,68267.64
2999.0,68401.77
