WAVE FLUX
202.0 0.3072862
203.0 1.692874
204.0 1.600804
205.0 0.6861843
206.0 0.1276865
207.0 0.1358631
208.0 0.6936404
209.0 5.308604
210.0 4.025595
211.0 3.650075
212.0 0.8245242
213.0 0.3541776
214.0 3.142361
215.0 2.38182
216.0 3.789258
217.0 7.329032
218.0 5.733295
219.0 4.55697
220.0 4.4402
221.0 4.59277
222.0 5.411437
223.0 6.442392
224.0 5.887091
225.0 7.066307
226.0 6.250857
227.0 5.542526
228.0 24.54344
229.0 91.43696
230.0 5.982318
231.0 16.24549
232.0 21.55479
233.0 15.75993
234.0 597.6564
235.0 618.908
236.0 631.4446
237.0 889.6972
238.0 858.3152
239.0 612.9131
240.0 1446.002
241.0 9133.424
242.0 6870.768
243.0 370.4067
244.0 843.6894
245.0 1206.725
246.0 1784.439
247.0 2766.389
248.0 4455.816
249.0 7251.889
250.0 17544.3
251.0 20774.11
252.0 24636.49
253.0 29307.76
254.0 25539.88
255.0 6847.996
256.0 2323.771
257.0 21432.22
258.0 83209.64
259.0 10971.73
260.0 5567.082
261.0 3584.743
262.0 26203.14
263.0 23629.78
264.0 23773.07
265.0 20889.64
266.0 20001.24
267.0 20449.38
268.0 20961.99
269.0 41883.29
270.0 28142.92
271.0 25256.79
272.0 62920.74
273.0 68343.97
274.0 53457.17
275.0 51683.05
276.0 48724.08
277.0 19029.59
278.0 552.7021
279.0 507.6644
280.0 14454.01
281.0 16136.51
282.0 51467.92
283.0 43409.59
284.0 37650.48
285.0 25803.05
286.0 16452.75
287.0 33105.11
288.0 22586.94
289.0 15965.97
290.0 2204.245
291.0 2118.551
292.0 3094.111
293.0 2645.478
294.0 2020.878
295.0 2719.792
296.0 4714.649
297.0 4534.323
298.0 4073.558
299.0 181976.8
300.0 16820.46
301.0 18460.43
302.0 19223.01
303.0 23339.4
304.0 17661.76
305.0 42601.75
306.0 59625.59
307.0 11622.05
308.0 5428.086
309.0 17408.94
310.0 14272.65
311.0 26916.43
312.0 3224.635
313.0 5032.538
314.0 34479.58
315.0 36199.97
316.0 40494.35
317.0 43982.26
318.0 65135.42
319.0 63479.07
320.0 169260.3
321.0 116241.9
322.0 126850.6
323.0 162214.1
324.0 324992.5
325.0 259131.0
326.0 127961.7
327.0 125495.6
328.0 332681.2
329.0 222515.5
330.0 241954.3
331.0 171528.3
332.0 167797.3
333.0 140994.6
334.0 119963.6
335.0 62801.35
336.0 56867.72
337.0 114454.1
338.0 241819.7
339.0 269374.3
340.0 290505.5
341.0 298850.0
342.0 165537.7
343.0 125113.1
344.0 102831.3
345.0 96706.02
346.0 91972.2
347.0 92819.33
348.0 96849.2
349.0 124999.4
350.0 127322.7
351.0 143331.3
352.0 163959.2
353.0 122203.2
354.0 116462.4
355.0 113169.1
356.0 118643.0
357.0 128561.4
358.0 158890.9
359.0 124684.7
360.0 106205.3
361.0 95682.05
362.0 79529.2
363.0 35096.54
364.0 17238.44
365.0 12806.42
366.0 30576.0
367.0 82951.66
368.0 162862.3
369.0 202840.1
370.0 286693.1
371.0 208014.6
372.0 134477.7
373.0 190614.2
374.0 55121.36
375.0 96232.45
376.0 103934.1
377.0 125524.5
378.0 112312.9
379.0 84702.02
380.0 54720.18
381.0 53069.05
382.0 75113.32
383.0 44600.88
384.0 24145.58
385.0 16785.07
386.0 21332.37
387.0 15949.33
388.0 33578.39
389.0 42379.29
390.0 122755.6
391.0 93078.61
392.0 83300.13
393.0 66217.31
394.0 71519.39
395.0 88189.46
396.0 114853.6
397.0 135142.6
398.0 151886.6
399.0 174776.3
400.0 137607.0
401.0 135950.8
402.0 160767.3
403.0 181225.4
404.0 268209.8
405.0 164444.3
406.0 164208.4
407.0 167454.7
408.0 178465.3
409.0 165095.1
410.0 161562.2
411.0 164117.4
412.0 218716.1
413.0 295805.7
414.0 335368.1
415.0 151838.1
416.0 98517.89
417.0 140476.4
418.0 124796.4
419.0 192276.7
420.0 160008.1
421.0 216807.5
422.0 247944.0
423.0 326920.3
424.0 385240.5
425.0 295430.1
426.0 227955.8
427.0 189866.8
428.0 257259.8
429.0 324111.8
430.0 332331.0
431.0 320119.9
432.0 269479.6
433.0 217652.6
434.0 190507.8
435.0 193497.2
436.0 225686.6
437.0 320020.1
438.0 352675.0
439.0 367612.7
440.0 433731.0
441.0 378040.9
442.0 323543.0
443.0 281588.3
444.0 267769.2
445.0 255253.2
446.0 198896.8
447.0 216883.6
448.0 258266.6
449.0 257101.3
450.0 232015.3
451.0 208641.6
452.0 183788.2
453.0 233394.7
454.0 240562.8
455.0 213980.5
456.0 212650.6
457.0 209772.0
458.0 193612.5
459.0 223218.2
460.0 152665.3
461.0 221598.6
462.0 241781.2
463.0 240994.8
464.0 258790.4
465.0 299811.7
466.0 305758.6
467.0 271357.9
468.0 256722.8
469.0 214461.4
470.0 245057.6
471.0 246943.0
472.0 248921.8
473.0 254194.7
474.0 230441.1
475.0 219661.2
476.0 207059.1
477.0 186365.0
478.0 200965.5
479.0 183299.2
480.0 188465.7
481.0 186926.4
482.0 200116.2
483.0 181207.6
484.0 200070.2
485.0 158568.7
486.0 114044.7
487.0 146230.8
488.0 146946.3
489.0 183887.1
490.0 194654.8
491.0 238703.9
492.0 223321.0
493.0 202095.3
494.0 213659.2
495.0 219385.5
496.0 244373.0
497.0 204203.2
498.0 230156.1
499.0 187311.6
500.0 151076.4
501.0 184984.6
502.0 189325.7
503.0 203533.0
504.0 160937.6
505.0 118094.6
506.0 101693.2
507.0 106461.0
508.0 153450.9
509.0 276712.0
510.0 255552.5
511.0 211045.0
512.0 153366.4
513.0 207927.8
514.0 236519.8
515.0 297279.4
516.0 187567.5
517.0 234806.0
518.0 234007.3
519.0 163764.1
520.0 183955.4
521.0 138070.2
522.0 124514.9
523.0 108822.4
524.0 133016.9
525.0 178664.8
526.0 203784.2
527.0 181867.7
528.0 226520.6
529.0 216703.0
530.0 215222.0
531.0 270093.6
532.0 303888.7
533.0 279422.2
534.0 206641.6
535.0 147788.7
536.0 136734.4
537.0 140301.9
538.0 137731.3
539.0 124409.7
540.0 113484.9
541.0 115661.5
542.0 121411.3
543.0 133760.2
544.0 154652.9
545.0 166741.8
546.0 182086.9
547.0 148205.5
548.0 113861.3
549.0 138918.7
550.0 119660.8
551.0 89167.0
552.0 87461.99
553.0 90988.18
554.0 72110.71
555.0 154305.9
556.0 249947.1
557.0 250746.1
558.0 268649.4
559.0 287967.9
560.0 171070.8
561.0 252933.1
562.0 259213.9
563.0 267224.4
564.0 282202.8
565.0 270015.5
566.0 247461.5
567.0 198071.9
568.0 171687.7
569.0 259148.0
570.0 275703.6
571.0 288521.3
572.0 269148.2
573.0 279908.5
574.0 199249.5
575.0 209753.7
576.0 199987.8
577.0 148523.3
578.0 149196.9
579.0 218715.6
580.0 144784.4
581.0 163441.3
582.0 224765.1
583.0 184224.5
584.0 158714.1
585.0 165265.2
586.0 156186.5
587.0 185125.9
588.0 268122.8
589.0 283938.4
590.0 291161.0
591.0 285246.1
592.0 268180.1
593.0 235315.6
594.0 160807.9
595.0 87195.34
596.0 83099.67
597.0 96947.84
598.0 140228.0
599.0 195441.2
600.0 252914.2
601.0 295177.4
602.0 251968.1
603.0 144915.3
604.0 203542.3
605.0 98485.98
606.0 94828.62
607.0 103107.4
608.0 117473.2
609.0 156042.3
610.0 197284.1
611.0 255064.6
612.0 200164.5
613.0 185795.0
614.0 234507.7
615.0 179233.5
616.0 148405.7
617.0 168676.6
618.0 234796.8
619.0 256688.5
620.0 259541.7
621.0 240389.6
622.0 135408.1
623.0 117947.9
624.0 103612.2
625.0 108674.1
626.0 131321.6
627.0 158379.4
628.0 180842.0
629.0 177993.0
630.0 179211.0
631.0 189204.4
632.0 152545.9
633.0 163855.2
634.0 197626.8
635.0 220807.5
636.0 213626.4
637.0 196584.6
638.0 242319.6
639.0 275776.5
640.0 265900.1
641.0 220031.9
642.0 183389.9
643.0 226586.3
644.0 178436.7
645.0 201356.9
646.0 230068.5
647.0 211098.7
648.0 195927.6
649.0 237281.8
650.0 217363.8
651.0 208836.4
652.0 278529.0
653.0 227972.4
654.0 180996.9
655.0 180565.4
656.0 173075.1
657.0 134246.9
658.0 139329.8
659.0 157445.5
660.0 153901.1
661.0 121155.7
662.0 172925.7
663.0 235490.1
664.0 202407.4
665.0 150400.0
666.0 157376.7
667.0 154644.8
668.0 169590.5
669.0 199109.9
670.0 225019.6
671.0 258957.8
672.0 271150.2
673.0 256934.5
674.0 234259.6
675.0 222688.6
676.0 198276.0
677.0 201957.1
678.0 230651.8
679.0 204136.9
680.0 193528.7
681.0 145943.8
682.0 84510.69
683.0 89099.59
684.0 122948.8
685.0 181500.2
686.0 243748.8
687.0 253694.4
688.0 213284.2
689.0 222383.9
690.0 246467.0
691.0 266705.5
692.0 279533.5
693.0 259094.4
694.0 231579.5
695.0 172967.5
696.0 173726.9
697.0 177274.9
698.0 126319.0
699.0 87246.08
700.0 89794.09
701.0 98245.8
702.0 105562.7
703.0 133044.3
704.0 204222.0
705.0 227945.0
706.0 206417.1
707.0 222608.7
708.0 236693.6
709.0 252104.8
710.0 289087.0
711.0 261221.7
712.0 264494.6
713.0 286654.1
714.0 269908.7
715.0 263822.0
716.0 265403.7
717.0 266573.1
718.0 228626.9
719.0 221188.4
720.0 266654.9
721.0 261242.2
722.0 256674.0
723.0 252170.4
724.0 229933.3
725.0 234025.9
726.0 237352.4
727.0 234135.6
728.0 246466.7
729.0 251607.3
730.0 248768.5
731.0 248447.4
732.0 263019.1
733.0 257422.4
734.0 251303.6
735.0 253854.3
736.0 244099.2
737.0 238575.4
738.0 248018.1
739.0 252237.1
740.0 249900.2
741.0 224388.4
742.0 225252.1
743.0 219435.7
744.0 161958.6
745.0 178194.8
746.0 212447.8
747.0 188906.8
748.0 207452.4
749.0 193847.0
750.0 145495.7
751.0 190557.7
752.0 208029.3
753.0 173162.9
754.0 225587.7
755.0 255847.0
756.0 250966.2
757.0 222339.0
758.0 151250.0
759.0 104198.4
760.0 45203.76
761.0 41982.46
762.0 58140.35
763.0 126187.8
764.0 212154.6
765.0 299376.2
766.0 341890.0
767.0 320750.1
768.0 263103.2
769.0 199686.2
770.0 182653.5
771.0 196316.5
772.0 153884.8
773.0 187545.2
774.0 247830.8
775.0 241909.0
776.0 226067.3
777.0 195343.5
778.0 179854.1
779.0 156585.8
780.0 143746.6
781.0 159169.5
782.0 99557.3
783.0 114261.1
784.0 112117.3
785.0 113704.6
786.0 89738.63
787.0 92710.31
788.0 104258.8
789.0 135558.4
790.0 221598.4
791.0 280092.4
792.0 298973.2
793.0 287834.7
794.0 250494.3
795.0 218329.9
796.0 209369.8
797.0 213347.2
798.0 244910.9
799.0 266674.6
800.0 269194.6
801.0 202937.4
802.0 210910.5
803.0 269336.9
804.0 260847.2
805.0 251704.5
806.0 244551.3
807.0 244244.1
808.0 233825.4
809.0 202604.6
810.0 222643.3
811.0 255910.7
812.0 242475.3
813.0 236803.6
814.0 235542.5
815.0 204690.0
816.0 201016.7
817.0 233649.1
818.0 243276.7
819.0 241147.8
820.0 220639.9
821.0 220715.5
822.0 234228.1
823.0 237104.6
824.0 237420.9
825.0 229182.3
826.0 231134.8
827.0 156119.7
828.0 81528.39
829.0 56002.39
830.0 49764.53
831.0 51733.21
832.0 62713.16
833.0 75021.88
834.0 101857.9
835.0 162255.7
836.0 182605.8
837.0 209610.1
838.0 228092.5
839.0 190769.5
840.0 170370.4
841.0 196710.8
842.0 218358.2
843.0 227785.5
844.0 246695.0
845.0 225549.8
846.0 157945.9
847.0 138746.9
848.0 146441.3
849.0 175620.9
850.0 192306.6
851.0 163664.9
852.0 173791.7
853.0 194935.3
854.0 188010.8
855.0 190906.0
856.0 194590.2
857.0 205777.6
858.0 226925.2
859.0 191876.3
860.0 193218.8
861.0 248261.9
862.0 198337.0
863.0 138370.0
864.0 177653.2
865.0 222162.3
866.0 231005.2
867.0 240325.5
868.0 240446.5
869.0 237516.1
870.0 230006.4
871.0 207597.7
872.0 201729.1
873.0 207551.9
874.0 223739.8
875.0 239996.6
876.0 237872.4
877.0 232139.6
878.0 219930.1
879.0 212266.8
880.0 210633.8
881.0 217304.2
882.0 226547.5
883.0 230003.8
884.0 233416.9
885.0 269000.8
886.0 269430.2
887.0 268183.9
888.0 261524.9
889.0 254621.8
890.0 246966.3
891.0 246023.7
892.0 247812.7
893.0 246480.0
894.0 250385.7
895.0 255458.9
896.0 255239.7
897.0 249814.8
898.0 241949.7
899.0 232839.6
900.0 211020.0
901.0 210539.1
902.0 213631.3
903.0 236282.0
904.0 211285.0
905.0 227140.8
906.0 214195.7
907.0 237054.2
908.0 234877.5
909.0 252435.5
910.0 231497.7
911.0 234329.3
912.0 883394.6
913.0 766903.9
914.0 756275.5
915.0 857720.7
916.0 823296.9
917.0 770279.1
918.0 574423.0
919.0 298556.0
920.0 392655.8
921.0 164329.9
922.0 306097.7
923.0 461819.2
924.0 790050.0
925.0 1029900.0
926.0 921133.4
927.0 892303.7
928.0 803120.3
929.0 462775.5
930.0 341950.0
931.0 513528.9
932.0 690704.8
933.0 850961.2
934.0 1121515.0
935.0 997206.1
936.0 925819.1
937.0 622817.0
938.0 304726.2
939.0 752272.7
940.0 778222.7
941.0 732959.2
942.0 673339.2
943.0 632672.8
944.0 797881.7
945.0 907340.5
946.0 870948.1
947.0 769370.6
948.0 609684.7
949.0 451805.0
950.0 391120.0
951.0 871657.0
952.0 941732.6
953.0 884307.4
954.0 732269.2
955.0 588255.7
956.0 970534.0
957.0 892278.3
958.0 887739.0
959.0 598767.5
960.0 854694.3
961.0 879278.6
962.0 829549.3
963.0 853171.0
964.0 629240.8
965.0 906876.4
966.0 881109.2
967.0 692768.1
968.0 721583.7
969.0 840116.4
970.0 546144.8
971.0 423950.0
972.0 133717.8
973.0 108060.7
974.0 159741.5
975.0 280687.0
976.0 504218.2
977.0 955045.7
978.0 975346.7
979.0 812407.1
980.0 780090.8
981.0 671036.7
982.0 736879.7
983.0 743330.0
984.0 491087.6
985.0 270255.7
986.0 132872.3
987.0 163425.7
988.0 251203.9
989.0 282431.4
990.0 318095.9
991.0 497897.5
992.0 1020455.0
993.0 958607.4
994.0 843531.4
995.0 525265.8
996.0 739073.6
997.0 514810.9
998.0 708378.1
999.0 725805.7
1000.0 841868.3
1001.0 685438.9
1002.0 622758.4
1003.0 729412.9
1004.0 812597.6
1005.0 796388.0
1006.0 387095.9
1007.0 648794.5
1008.0 587897.4
1009.0 685042.2
1010.0 449151.4
1011.0 747716.2
1012.0 740591.9
1013.0 581561.2
1014.0 816796.9
1015.0 733617.5
1016.0 712960.5
1017.0 726264.8
1018.0 579209.9
1019.0 753927.9
1020.0 560751.3
1021.0 696770.9
1022.0 792056.6
1023.0 674491.3
1024.0 721767.2
1025.0 539906.0
1026.0 311101.4
1027.0 652886.1
1028.0 715137.3
1029.0 764529.6
1030.0 562925.3
1031.0 458055.0
1032.0 698774.5
1033.0 687100.7
1034.0 539263.9
1035.0 487344.6
1036.0 621258.4
1037.0 375074.3
1038.0 414890.4
1039.0 641303.6
1040.0 673638.4
1041.0 781969.3
1042.0 779208.0
1043.0 818347.4
1044.0 813822.9
1045.0 791123.5
1046.0 779076.8
1047.0 793181.4
1048.0 794056.4
1049.0 804290.5
1050.0 780985.1
1051.0 737169.6
1052.0 784777.7
1053.0 695042.3
1054.0 788355.2
1055.0 741919.0
1056.0 705027.2
1057.0 733975.4
1058.0 719950.0
1059.0 630884.2
1060.0 579989.3
1061.0 537687.1
1062.0 514254.2
1063.0 561450.6
1064.0 774161.1
1065.0 760810.2
1066.0 597104.5
1067.0 695256.7
1068.0 576288.0
1069.0 441622.8
1070.0 577273.3
1071.0 582600.1
1072.0 571869.8
1073.0 594440.5
1074.0 684931.8
1075.0 702215.3
1076.0 736860.5
1077.0 701874.4
1078.0 633798.3
1079.0 720415.5
1080.0 716968.5
1081.0 688566.7
1082.0 718676.2
1083.0 549067.1
1084.0 605867.2
1085.0 554280.9
1086.0 602984.4
1087.0 675371.2
1088.0 593370.7
1089.0 538665.0
1090.0 572270.9
1091.0 656800.4
1092.0 652135.2
1093.0 643580.5
1094.0 735614.5
1095.0 728578.2
1096.0 642059.6
1097.0 635129.7
1098.0 511789.4
1099.0 711767.8
1100.0 692139.5
1101.0 718053.9
1102.0 708244.7
1103.0 609122.5
1104.0 577664.7
1105.0 680061.1
1106.0 691722.6
1107.0 636719.6
1108.0 438274.5
1109.0 604879.1
1110.0 546117.5
1111.0 495563.4
1112.0 427565.0
1113.0 422963.3
1114.0 378964.5
1115.0 399184.0
1116.0 435233.1
1117.0 489856.0
1118.0 708357.4
1119.0 767341.8
1120.0 671551.9
1121.0 474050.8
1122.0 476101.6
1123.0 515338.9
1124.0 325274.5
1125.0 296270.0
1126.0 396917.3
1127.0 429906.3
1128.0 493222.5
1129.0 541297.9
1130.0 594110.1
1131.0 672718.3
1132.0 687649.0
1133.0 658928.2
1134.0 615032.7
1135.0 591754.2
1136.0 674918.7
1137.0 669705.9
1138.0 650161.9
1139.0 522706.1
1140.0 424482.3
1141.0 643898.9
1142.0 558120.9
1143.0 646265.2
1144.0 537609.9
1145.0 428453.5
1146.0 655891.2
1147.0 641403.1
1148.0 647592.6
1149.0 639743.4
1150.0 611924.9
1151.0 608080.4
1152.0 631988.6
1153.0 609570.9
1154.0 576298.3
1155.0 570908.2
1156.0 548736.8
1157.0 566406.5
1158.0 616795.3
1159.0 488619.7
1160.0 480133.3
1161.0 610980.9
1162.0 430598.3
1163.0 585745.6
1164.0 531119.5
1165.0 605263.5
1166.0 581704.0
1167.0 496895.5
1168.0 558275.6
1169.0 365049.8
1170.0 327567.2
1171.0 227416.5
1172.0 224764.4
1173.0 245164.1
1174.0 288867.8
1175.0 297819.8
1176.0 392366.8
1177.0 654884.5
1178.0 644550.4
1179.0 662233.3
1180.0 627168.8
1181.0 600760.1
1182.0 616919.7
1183.0 347960.9
1184.0 475462.9
1185.0 482132.1
1186.0 595910.7
1187.0 596276.8
1188.0 604766.4
1189.0 601674.9
1190.0 593145.3
1191.0 399953.8
1192.0 560608.8
1193.0 521903.8
1194.0 566959.6
1195.0 592246.3
1196.0 573187.4
1197.0 360542.2
1198.0 516478.0
1199.0 527622.0
1200.0 475855.3
1201.0 402270.3
1202.0 367343.0
1203.0 378976.0
1204.0 502812.8
1205.0 541582.9
1206.0 519189.7
1207.0 538068.6
1208.0 497579.8
1209.0 389748.7
1210.0 387110.2
1211.0 510319.4
1212.0 459516.0
1213.0 395981.0
1214.0 368224.4
1215.0 379926.1
1216.0 444926.5
1217.0 354590.4
1218.0 340519.4
1219.0 556552.4
1220.0 379327.6
1221.0 563086.1
1222.0 558623.3
1223.0 339669.0
1224.0 538551.1
1225.0 471069.4
1226.0 494110.4
1227.0 563728.6
1228.0 406758.4
1229.0 547875.6
1230.0 500280.7
1231.0 509708.9
1232.0 536913.7
1233.0 518136.7
1234.0 531095.5
1235.0 527733.5
1236.0 518869.1
1237.0 512351.2
1238.0 508472.1
1239.0 526765.1
1240.0 557948.3
1241.0 547239.9
1242.0 519111.5
1243.0 540891.5
1244.0 516492.8
1245.0 492304.9
1246.0 421666.6
1247.0 289037.4
1248.0 554265.4
1249.0 550814.7
1250.0 534797.9
1251.0 539007.6
1252.0 471698.2
1253.0 513304.6
1254.0 534045.8
1255.0 516183.6
1256.0 534611.0
1257.0 550512.6
1258.0 547358.4
1259.0 522872.3
1260.0 515512.5
1261.0 533160.0
1262.0 539448.8
1263.0 540762.4
1264.0 460004.3
1265.0 523350.2
1266.0 519668.0
1267.0 502965.8
1268.0 494614.1
1269.0 490875.3
1270.0 518945.7
1271.0 531664.9
1272.0 501168.5
1273.0 469457.6
1274.0 522707.9
1275.0 532138.7
1276.0 527768.4
1277.0 524809.6
1278.0 531421.2
1279.0 525661.7
1280.0 526634.5
1281.0 517796.9
1282.0 512585.1
1283.0 523888.1
1284.0 496642.8
1285.0 519834.0
1286.0 449372.6
1287.0 424394.5
1288.0 510865.7
1289.0 479455.4
1290.0 493116.2
1291.0 469813.9
1292.0 500122.9
1293.0 501841.7
1294.0 460467.7
1295.0 450541.0
1296.0 477464.4
1297.0 458718.9
1298.0 478234.1
1299.0 446779.9
1300.0 473266.1
1301.0 424641.4
1302.0 460003.2
1303.0 355805.8
1304.0 404894.4
1305.0 489274.6
1306.0 494420.5
1307.0 496369.9
1308.0 501858.0
1309.0 471179.4
1310.0 488603.1
1311.0 484279.1
1312.0 462577.4
1313.0 465419.5
1314.0 489187.5
1315.0 464796.5
1316.0 470558.6
1317.0 483144.1
1318.0 475864.2
1319.0 460734.0
1320.0 486002.5
1321.0 452538.1
1322.0 492391.5
1323.0 419959.0
1324.0 448328.2
1325.0 383527.8
1326.0 449480.2
1327.0 479410.0
1328.0 474125.2
1329.0 468445.6
1330.0 377335.2
1331.0 455888.1
1332.0 393180.7
1333.0 430011.4
1334.0 450528.4
1335.0 391997.2
1336.0 255108.9
1337.0 439111.9
1338.0 451816.3
1339.0 396246.7
1340.0 471404.6
1341.0 464484.1
1342.0 434720.5
1343.0 365675.3
1344.0 403601.2
1345.0 462031.7
1346.0 465816.6
1347.0 464083.2
1348.0 464255.1
1349.0 459308.6
1350.0 370015.6
1351.0 460221.0
1352.0 463942.5
1353.0 459501.3
1354.0 452706.1
1355.0 388356.4
1356.0 328590.8
1357.0 355753.3
1358.0 408402.3
1359.0 444801.8
1360.0 448785.3
1361.0 407817.5
1362.0 421362.9
1363.0 399203.8
1364.0 400359.7
1365.0 410964.9
1366.0 401524.9
1367.0 435443.4
1368.0 424850.0
1369.0 398676.9
1370.0 432058.0
1371.0 409683.7
1372.0 367267.3
1373.0 388656.9
1374.0 390977.9
1375.0 381445.1
1376.0 432239.9
1377.0 418220.2
1378.0 359867.0
1379.0 397052.8
1380.0 423679.8
1381.0 429782.6
1382.0 429837.9
1383.0 418170.3
1384.0 333678.3
1385.0 289747.1
1386.0 205441.0
1387.0 192762.2
1388.0 160210.1
1389.0 181383.7
1390.0 224546.5
1391.0 262326.9
1392.0 330180.6
1393.0 363335.9
1394.0 406231.8
1395.0 334839.9
1396.0 205113.6
1397.0 176332.5
1398.0 195722.5
1399.0 235393.1
1400.0 273307.7
1401.0 326948.8
1402.0 409972.6
1403.0 625797.7
1404.0 579865.8
1405.0 499357.1
1406.0 464597.0
1407.0 423798.6
1408.0 414072.2
1409.0 363363.8
1410.0 390376.1
1411.0 403035.5
1412.0 404837.4
1413.0 394867.5
1414.0 369759.2
1415.0 369145.2
1416.0 387121.3
1417.0 266932.9
1418.0 312067.1
1419.0 378402.8
1420.0 366106.3
1421.0 372072.8
1422.0 349682.9
1423.0 325144.7
1424.0 241629.8
1425.0 330400.9
1426.0 355088.8
1427.0 394522.3
1428.0 293448.4
1429.0 301958.9
1430.0 363663.2
1431.0 337375.2
1432.0 312753.8
1433.0 323894.1
1434.0 324828.0
1435.0 356024.5
1436.0 365431.2
1437.0 339518.8
1438.0 332383.9
1439.0 280173.5
1440.0 308592.0
1441.0 345405.0
1442.0 364996.4
1443.0 373971.1
1444.0 369725.0
1445.0 304427.3
1446.0 340328.4
1447.0 376500.2
1448.0 334486.3
1449.0 307958.0
1450.0 359277.0
1451.0 346678.9
1452.0 270673.3
1453.0 318450.9
1454.0 344273.2
1455.0 340553.9
1456.0 326232.2
1457.0 369222.1
1458.0 281968.4
1459.0 315247.1
1460.0 303341.5
1461.0 324931.0
1462.0 345126.2
1463.0 339999.9
1464.0 355715.9
1465.0 341651.9
1466.0 362870.6
1467.0 310210.4
1468.0 287756.9
1469.0 230731.2
1470.0 251744.3
1471.0 346448.5
1472.0 295143.4
1473.0 290098.8
1474.0 318080.0
1475.0 357446.0
1476.0 333276.8
1477.0 355969.6
1478.0 302431.2
1479.0 323464.8
1480.0 343497.8
1481.0 369287.4
1482.0 361137.2
1483.0 358660.7
1484.0 336207.6
1485.0 330699.4
1486.0 364184.8
1487.0 364171.3
1488.0 362089.3
1489.0 340535.9
1490.0 345297.2
1491.0 358932.4
1492.0 357162.0
1493.0 357096.5
1494.0 349827.3
1495.0 340271.9
1496.0 335796.6
1497.0 315510.4
1498.0 236832.1
1499.0 225837.7
1500.0 259614.3
1501.0 283183.6
1502.0 280645.6
1503.0 322461.1
1504.0 274378.5
1505.0 267103.4
1506.0 305540.3
1507.0 345381.9
1508.0 341008.6
1509.0 309028.0
1510.0 332607.3
1511.0 222232.1
1512.0 261528.1
1513.0 300913.4
1514.0 329861.6
1515.0 230660.1
1516.0 302536.2
1517.0 297005.6
1518.0 238961.2
1519.0 286484.4
1520.0 286928.8
1521.0 244606.7
1522.0 278090.4
1523.0 337701.7
1524.0 282639.8
1525.0 269792.6
1526.0 291868.5
1527.0 271104.3
1528.0 278978.1
1529.0 316683.8
1530.0 205092.4
1531.0 193763.0
1532.0 272539.6
1533.0 217897.0
1534.0 252529.2
1535.0 305541.2
1536.0 270591.6
1537.0 207338.4
1538.0 204469.4
1539.0 110323.4
1540.0 149847.2
1541.0 89286.2
1542.0 76608.4
1543.0 73567.73
1544.0 59522.62
1545.0 88562.91
1546.0 96674.89
1547.0 108394.9
1548.0 134091.4
1549.0 163674.8
1550.0 210530.4
1551.0 313194.1
1552.0 404794.9
1553.0 360599.3
1554.0 360697.1
1555.0 353137.4
1556.0 247684.5
1557.0 226934.0
1558.0 290028.1
1559.0 327132.4
1560.0 266345.7
1561.0 239399.5
1562.0 218031.8
1563.0 292896.5
1564.0 282507.7
1565.0 259381.4
1566.0 247195.8
1567.0 278252.3
1568.0 213219.5
1569.0 196471.3
1570.0 251042.0
1571.0 192053.1
1572.0 249696.8
1573.0 307888.7
1574.0 300663.2
1575.0 195638.3
1576.0 266227.7
1577.0 199253.4
1578.0 243372.1
1579.0 268524.9
1580.0 201552.3
1581.0 259629.9
1582.0 285418.1
1583.0 257661.9
1584.0 229611.6
1585.0 199755.9
1586.0 255085.9
1587.0 286178.9
1588.0 282670.4
1589.0 290422.1
1590.0 253239.5
1591.0 254031.7
1592.0 239314.6
1593.0 279587.7
1594.0 264645.8
1595.0 266932.9
1596.0 278157.2
1597.0 276921.4
1598.0 284081.2
1599.0 298548.2
1600.0 281231.2
1601.0 194576.2
1602.0 243362.2
1603.0 181466.5
1604.0 234491.7
1605.0 277963.6
1606.0 234197.4
1607.0 267114.8
1608.0 277617.4
1609.0 249687.0
1610.0 183238.7
1611.0 231022.5
1612.0 255796.3
1613.0 252562.8
1614.0 253856.3
1615.0 281651.3
1616.0 288715.2
1617.0 295013.6
1618.0 277581.0
1619.0 251642.2
1620.0 222276.7
1621.0 201366.8
1622.0 218513.8
1623.0 205698.6
1624.0 210248.0
1625.0 270789.5
1626.0 275562.0
1627.0 267844.3
1628.0 272769.3
1629.0 237986.7
1630.0 235949.8
1631.0 171726.6
1632.0 202941.1
1633.0 271480.6
1634.0 256829.6
1635.0 226913.1
1636.0 236226.3
1637.0 288204.7
1638.0 266879.7
1639.0 279872.7
1640.0 190179.6
1641.0 307806.8
1642.0 304742.0
1643.0 304659.4
1644.0 298623.9
1645.0 244573.1
1646.0 279895.6
1647.0 218626.4
1648.0 275341.0
1649.0 265729.7
1650.0 258151.3
1651.0 278304.9
1652.0 266282.1
1653.0 200458.4
1654.0 221010.3
1655.0 280174.2
1656.0 232735.5
1657.0 187414.5
1658.0 249542.8
1659.0 270695.8
1660.0 268483.2
1661.0 230438.0
1662.0 227349.6
1663.0 267570.1
1664.0 268232.8
1665.0 199533.1
1666.0 249007.5
1667.0 219837.0
1668.0 169682.8
1669.0 246189.5
1670.0 242349.2
1671.0 230846.4
1672.0 196939.9
1673.0 185573.9
1674.0 245835.0
1675.0 248909.4
1676.0 197124.5
1677.0 219848.3
1678.0 270575.6
1679.0 266084.7
1680.0 274292.0
1681.0 251693.6
1682.0 207465.5
1683.0 260888.2
1684.0 262668.9
1685.0 265973.4
1686.0 237824.5
1687.0 249094.0
1688.0 258909.8
1689.0 261715.3
1690.0 189976.9
1691.0 214236.4
1692.0 255622.3
1693.0 255598.1
1694.0 236245.0
1695.0 214298.5
1696.0 225066.5
1697.0 258697.1
1698.0 231037.4
1699.0 184208.9
1700.0 240633.8
1701.0 203421.6
1702.0 237712.7
1703.0 250606.5
1704.0 202228.6
1705.0 228512.1
1706.0 221308.1
1707.0 179411.3
1708.0 205776.0
1709.0 237301.7
1710.0 238073.5
1711.0 226812.6
1712.0 203799.7
1713.0 151667.3
1714.0 207440.7
1715.0 209909.2
1716.0 172900.9
1717.0 162486.6
1718.0 179086.9
1719.0 231360.2
1720.0 244564.3
1721.0 215862.8
1722.0 196282.4
1723.0 190394.6
1724.0 175758.7
1725.0 165070.6
1726.0 192768.5
1727.0 247003.9
1728.0 247912.5
1729.0 233154.0
1730.0 243426.5
1731.0 204897.8
1732.0 238938.7
1733.0 234314.1
1734.0 230871.3
1735.0 236053.4
1736.0 230960.4
1737.0 249218.5
1738.0 222489.2
1739.0 185222.3
1740.0 220418.1
1741.0 193342.8
1742.0 203029.5
1743.0 233546.5
1744.0 216132.2
1745.0 186533.2
1746.0 225343.2
1747.0 215675.2
1748.0 228925.6
1749.0 220924.9
1750.0 228821.5
1751.0 229684.2
1752.0 228390.8
1753.0 141949.8
1754.0 216704.3
1755.0 234910.3
1756.0 236154.0
1757.0 232141.3
1758.0 204924.0
1759.0 177687.2
1760.0 193649.6
1761.0 203153.0
1762.0 227203.0
1763.0 178996.3
1764.0 206133.1
1765.0 229703.1
1766.0 231639.6
1767.0 226669.8
1768.0 212341.4
1769.0 203405.6
1770.0 175887.7
1771.0 216895.2
1772.0 172908.0
1773.0 192757.2
1774.0 219505.2
1775.0 205796.5
1776.0 183058.0
1777.0 217913.7
1778.0 219344.9
1779.0 206498.5
1780.0 215707.9
1781.0 209488.7
1782.0 180499.4
1783.0 152874.6
1784.0 207209.1
1785.0 189169.9
1786.0 207702.5
1787.0 210637.0
1788.0 205885.0
1789.0 181090.6
1790.0 209274.4
1791.0 171801.0
1792.0 143816.6
1793.0 184859.3
1794.0 208371.0
1795.0 215115.1
1796.0 224946.9
1797.0 214515.4
1798.0 195896.5
1799.0 197608.9
1800.0 189335.5
1801.0 218450.9
1802.0 225440.7
1803.0 211895.4
1804.0 206362.3
1805.0 192989.7
1806.0 202275.2
1807.0 205772.8
1808.0 200341.4
1809.0 220613.9
1810.0 219686.9
1811.0 208246.9
1812.0 157735.0
1813.0 153864.2
1814.0 207749.2
1815.0 210400.7
1816.0 159706.7
1817.0 191925.1
1818.0 218236.5
1819.0 203835.3
1820.0 178889.6
1821.0 161914.7
1822.0 149088.0
1823.0 193392.1
1824.0 206363.6
1825.0 188212.2
1826.0 157509.1
1827.0 151097.7
1828.0 174401.0
1829.0 211776.6
1830.0 177080.5
1831.0 192660.0
1832.0 205720.0
1833.0 201276.7
1834.0 197599.0
1835.0 191172.9
1836.0 211495.5
1837.0 204201.2
1838.0 194200.1
1839.0 200423.0
1840.0 146243.3
1841.0 181694.9
1842.0 187079.8
1843.0 178957.3
1844.0 174284.0
1845.0 170933.1
1846.0 189592.1
1847.0 190393.9
1848.0 179176.1
1849.0 157145.9
1850.0 128758.5
1851.0 157564.8
1852.0 187507.6
1853.0 180501.1
1854.0 146516.0
1855.0 159258.4
1856.0 196259.1
1857.0 202464.6
1858.0 172537.8
1859.0 166422.9
1860.0 148908.2
1861.0 197375.7
1862.0 202062.7
1863.0 169629.1
1864.0 179428.0
1865.0 190512.4
1866.0 189182.5
1867.0 183309.6
1868.0 201979.5
1869.0 204846.5
1870.0 187027.5
1871.0 189373.0
1872.0 175410.7
1873.0 156707.1
1874.0 159513.6
1875.0 189158.4
1876.0 186795.7
1877.0 189617.7
1878.0 174065.5
1879.0 195111.8
1880.0 189274.6
1881.0 172605.5
1882.0 157000.3
1883.0 157837.5
1884.0 173593.3
1885.0 147377.2
1886.0 165305.3
1887.0 153943.7
1888.0 175126.5
1889.0 165904.9
1890.0 157852.0
1891.0 145799.4
1892.0 153604.9
1893.0 157011.4
1894.0 148484.0
1895.0 144011.3
1896.0 166082.0
1897.0 180968.5
1898.0 183595.3
1899.0 155789.6
1900.0 181425.2
1901.0 155536.8
1902.0 160435.7
1903.0 166147.3
1904.0 165193.4
1905.0 195709.3
1906.0 185946.5
1907.0 185919.8
1908.0 191319.0
1909.0 183255.3
1910.0 178625.9
1911.0 193693.6
1912.0 192529.4
1913.0 170408.4
1914.0 149277.9
1915.0 156186.5
1916.0 163976.8
1917.0 177291.4
1918.0 156742.9
1919.0 163122.7
1920.0 176775.4
1921.0 175033.5
1922.0 163820.5
1923.0 111620.0
1924.0 149288.1
1925.0 177534.7
1926.0 158957.9
1927.0 175487.5
1928.0 164805.7
1929.0 147590.8
1930.0 148276.6
1931.0 130035.3
1932.0 155495.3
1933.0 182951.4
1934.0 189278.1
1935.0 181077.1
1936.0 148901.0
1937.0 142443.8
1938.0 143202.6
1939.0 122394.3
1940.0 125447.5
1941.0 175153.8
1942.0 182855.4
1943.0 177636.8
1944.0 176326.1
1945.0 183378.8
1946.0 183652.6
1947.0 174861.5
1948.0 166011.3
1949.0 168749.4
1950.0 164535.4
1951.0 109635.7
1952.0 159714.5
1953.0 145661.9
1954.0 120631.6
1955.0 131956.1
1956.0 125929.5
1957.0 135182.3
1958.0 155144.0
1959.0 165218.2
1960.0 166088.0
1961.0 135931.5
1962.0 169403.6
1963.0 161241.8
1964.0 152347.9
1965.0 172429.7
1966.0 168245.1
1967.0 175733.8
1968.0 165490.7
1969.0 173336.9
1970.0 166272.5
1971.0 172023.0
1972.0 149945.4
1973.0 169471.0
1974.0 172265.6
1975.0 169995.4
1976.0 151447.4
1977.0 164812.1
1978.0 174798.8
1979.0 151955.5
1980.0 162266.9
1981.0 171892.9
1982.0 159790.4
1983.0 167388.3
1984.0 151009.7
1985.0 155323.7
1986.0 167998.0
1987.0 142848.5
1988.0 161337.3
1989.0 167149.3
1990.0 148870.1
1991.0 157960.7
1992.0 118748.1
1993.0 131229.1
1994.0 139864.0
1995.0 161798.5
1996.0 165578.4
1997.0 165131.9
1998.0 165777.0
1999.0 142522.2
2000.0 128488.5
2001.0 139455.1
2002.0 122313.8
2003.0 136978.6
2004.0 152199.2
2005.0 153426.5
2006.0 138239.3
2007.0 154393.5
2008.0 165161.0
2009.0 161339.5
2010.0 158206.1
2011.0 136970.6
2012.0 138473.9
2013.0 133693.7
2014.0 146574.0
2015.0 157576.9
2016.0 157531.5
2017.0 159980.7
2018.0 155639.7
2019.0 156601.1
2020.0 165232.7
2021.0 162576.3
2022.0 160410.9
2023.0 160113.5
2024.0 150099.4
2025.0 161289.8
2026.0 141012.4
2027.0 157199.8
2028.0 154226.7
2029.0 155498.1
2030.0 155559.0
2031.0 160349.2
2032.0 158943.7
2033.0 149521.4
2034.0 137936.8
2035.0 127092.4
2036.0 145259.4
2037.0 149684.3
2038.0 137364.4
2039.0 147648.9
2040.0 121280.0
2041.0 118847.9
2042.0 141077.9
2043.0 152742.3
2044.0 146396.3
2045.0 137647.0
2046.0 140193.3
2047.0 140791.3
2048.0 141861.3
2049.0 155262.8
2050.0 145462.9
2051.0 153556.1
2052.0 150254.6
2053.0 148534.8
2054.0 155258.5
2055.0 154376.8
2056.0 146612.2
2057.0 132307.0
2058.0 149179.3
2059.0 152104.4
2060.0 158039.1
2061.0 153298.1
2062.0 126246.6
2063.0 148506.8
2064.0 147509.5
2065.0 150462.5
2066.0 143780.5
2067.0 138759.5
2068.0 132387.8
2069.0 135432.9
2070.0 153334.7
2071.0 120996.1
2072.0 139542.2
2073.0 151751.9
2074.0 149145.4
2075.0 149175.2
2076.0 152176.1
2077.0 135341.5
2078.0 124545.8
2079.0 145349.5
2080.0 139561.7
2081.0 147680.3
2082.0 151011.6
2083.0 141234.8
2084.0 133423.7
2085.0 110565.6
2086.0 136276.0
2087.0 144322.3
2088.0 147821.1
2089.0 152334.0
2090.0 134131.3
2091.0 102183.3
2092.0 117265.9
2093.0 143908.8
2094.0 144146.0
2095.0 140735.2
2096.0 140116.3
2097.0 142290.3
2098.0 135931.3
2099.0 146487.4
2100.0 115927.0
2101.0 141475.1
2102.0 149572.6
2103.0 147487.8
2104.0 131618.3
2105.0 147761.4
2106.0 146269.0
2107.0 131929.1
2108.0 99220.8
2109.0 122663.2
2110.0 137501.7
2111.0 141447.8
2112.0 148157.1
2113.0 141042.3
2114.0 127590.5
2115.0 124918.9
2116.0 147259.6
2117.0 132699.8
2118.0 134467.2
2119.0 135325.4
2120.0 146433.0
2121.0 135393.9
2122.0 141648.6
2123.0 142366.5
2124.0 135979.2
2125.0 138242.9
2126.0 139152.2
2127.0 143148.8
2128.0 142579.8
2129.0 143846.7
2130.0 138476.3
2131.0 141721.2
2132.0 142201.8
2133.0 142647.8
2134.0 141334.1
2135.0 141170.6
2136.0 137608.0
2137.0 133754.4
2138.0 131643.0
2139.0 142465.7
2140.0 138569.6
2141.0 139280.1
2142.0 136750.6
2143.0 138918.4
2144.0 136962.5
2145.0 126566.6
2146.0 140711.8
2147.0 128866.0
2148.0 135156.3
2149.0 136202.0
2150.0 139949.6
2151.0 139526.8
2152.0 139978.2
2153.0 137404.9
2154.0 136186.5
2155.0 137727.6
2156.0 138198.4
2157.0 136229.3
2158.0 132297.1
2159.0 131498.9
2160.0 137520.7
2161.0 137706.2
2162.0 126101.0
2163.0 134110.5
2164.0 137367.0
2165.0 134985.7
2166.0 133527.3
2167.0 130721.2
2168.0 135494.0
2169.0 133177.4
2170.0 135929.5
2171.0 135952.6
2172.0 134349.4
2173.0 136225.9
2174.0 135731.9
2175.0 132390.3
2176.0 130772.3
2177.0 134846.2
2178.0 129639.4
2179.0 135346.0
2180.0 126529.3
2181.0 127729.3
2182.0 129236.2
2183.0 133339.7
2184.0 133481.5
2185.0 132947.6
2186.0 125555.7
2187.0 132506.6
2188.0 131698.3
2189.0 132655.5
2190.0 129747.0
2191.0 132356.9
2192.0 125441.3
2193.0 127770.2
2194.0 128427.4
2195.0 131623.3
2196.0 131300.9
2197.0 131111.2
2198.0 130250.5
2199.0 131018.2
2200.0 130395.6
2201.0 129019.1
2202.0 123214.5
2203.0 127583.9
2204.0 124919.0
2205.0 129788.3
2206.0 130165.4
2207.0 129035.5
2208.0 128561.0
2209.0 126997.0
2210.0 128763.6
2211.0 124675.4
2212.0 124548.8
2213.0 126106.3
2214.0 127399.3
2215.0 127468.2
2216.0 123526.5
2217.0 124098.3
2218.0 126451.1
2219.0 123179.9
2220.0 127510.1
2221.0 122048.0
2222.0 124184.3
2223.0 125391.4
2224.0 126514.9
2225.0 123969.0
2226.0 126264.2
2227.0 121841.0
2228.0 120775.3
2229.0 124548.1
2230.0 121929.2
2231.0 125531.8
2232.0 124991.5
2233.0 121997.8
2234.0 124043.5
2235.0 124629.4
2236.0 125056.7
2237.0 124886.6
2238.0 124610.1
2239.0 118081.3
2240.0 123007.3
2241.0 123908.7
2242.0 121397.0
2243.0 123378.4
2244.0 119747.4
2245.0 115140.7
2246.0 122428.0
2247.0 122917.5
2248.0 121990.1
2249.0 122804.0
2250.0 120169.0
2251.0 121093.3
2252.0 119987.1
2253.0 117070.9
2254.0 120610.7
2255.0 121851.2
2256.0 120623.8
2257.0 120165.5
2258.0 117184.4
2259.0 121170.0
2260.0 119329.4
2261.0 118549.1
2262.0 119168.2
2263.0 120678.9
2264.0 118815.0
2265.0 117304.5
2266.0 119837.8
2267.0 118965.4
2268.0 118060.6
2269.0 116959.1
2270.0 118824.4
2271.0 114153.8
2272.0 118796.7
2273.0 118309.2
2274.0 114353.5
2275.0 118917.7
2276.0 114623.7
2277.0 114828.5
2278.0 113027.1
2279.0 114467.0
2280.0 116933.4
2281.0 116893.7
2282.0 117691.2
2283.0 115704.7
2284.0 116159.4
2285.0 115450.2
2286.0 116647.7
2287.0 115149.1
2288.0 114354.1
2289.0 116517.9
2290.0 112094.5
2291.0 116481.6
2292.0 115996.9
2293.0 115575.4
2294.0 112235.7
2295.0 114745.7
2296.0 113922.7
2297.0 110375.4
2298.0 106271.7
2299.0 108389.9
2300.0 113947.4
2301.0 110861.9
2302.0 114396.3
2303.0 114117.8
2304.0 110352.4
2305.0 113859.0
2306.0 113396.6
2307.0 113523.1
2308.0 111668.9
2309.0 111468.3
2310.0 113878.5
2311.0 113372.2
2312.0 109806.5
2313.0 110443.0
2314.0 111571.7
2315.0 112492.7
2316.0 111624.9
2317.0 111984.9
2318.0 108612.1
2319.0 109653.2
2320.0 103991.3
2321.0 111213.5
2322.0 111520.0
2323.0 103557.9
2324.0 108950.0
2325.0 107709.0
2326.0 107087.1
2327.0 107723.8
2328.0 107552.7
2329.0 109842.7
2330.0 108201.1
2331.0 108321.6
2332.0 99502.38
2333.0 108554.3
2334.0 109473.8
2335.0 103208.2
2336.0 108686.6
2337.0 108506.0
2338.0 107547.1
2339.0 108362.8
2340.0 107782.7
2341.0 105046.4
2342.0 105806.3
2343.0 106706.8
2344.0 104672.1
2345.0 102764.0
2346.0 100828.7
2347.0 105938.6
2348.0 107190.0
2349.0 99321.51
2350.0 106737.4
2351.0 105480.6
2352.0 103839.3
2353.0 104681.7
2354.0 106637.7
2355.0 105273.1
2356.0 100436.5
2357.0 103288.9
2358.0 104609.0
2359.0 106650.9
2360.0 104060.3
2361.0 99201.34
2362.0 105810.4
2363.0 103637.1
2364.0 104641.1
2365.0 104656.9
2366.0 100884.4
2367.0 103045.8
2368.0 104340.2
2369.0 104966.5
2370.0 101495.8
2371.0 103617.9
2372.0 103657.2
2373.0 104138.1
2374.0 104203.3
2375.0 99338.43
2376.0 98307.26
2377.0 102195.9
2378.0 103697.1
2379.0 103129.8
2380.0 98084.24
2381.0 102079.2
2382.0 103471.8
2383.0 99828.32
2384.0 98345.4
2385.0 99545.77
2386.0 103448.0
2387.0 102040.2
2388.0 99990.26
2389.0 99691.37
2390.0 100831.2
2391.0 101651.0
2392.0 100925.4
2393.0 101040.7
2394.0 102134.0
2395.0 101392.3
2396.0 100115.7
2397.0 101042.7
2398.0 101400.5
2399.0 99999.01
2400.0 94098.02
2401.0 96682.98
2402.0 99048.18
2403.0 95458.73
2404.0 100346.0
2405.0 97242.16
2406.0 99310.9
2407.0 97943.23
2408.0 98869.2
2409.0 99385.73
2410.0 96372.95
2411.0 96150.02
2412.0 98992.68
2413.0 99406.72
2414.0 95227.57
2415.0 98998.24
2416.0 97401.18
2417.0 96471.98
2418.0 99576.71
2419.0 96542.56
2420.0 99313.67
2421.0 97648.88
2422.0 97614.06
2423.0 99168.82
2424.0 95996.9
2425.0 93720.06
2426.0 97486.38
2427.0 98028.52
2428.0 94652.42
2429.0 93566.66
2430.0 94877.29
2431.0 95129.5
2432.0 94337.07
2433.0 92752.64
2434.0 95416.46
2435.0 92874.1
2436.0 94856.08
2437.0 93974.64
2438.0 92169.45
2439.0 91091.28
2440.0 91856.4
2441.0 92109.66
2442.0 94058.77
2443.0 94676.36
2444.0 95153.59
2445.0 93120.49
2446.0 93379.79
2447.0 92444.96
2448.0 88992.52
2449.0 92529.19
2450.0 93349.25
2451.0 90879.99
2452.0 91865.43
2453.0 93396.87
2454.0 92979.1
2455.0 93162.95
2456.0 93309.57
2457.0 93652.1
2458.0 92857.8
2459.0 93215.97
2460.0 91952.28
2461.0 91668.88
2462.0 88591.13
2463.0 91659.98
2464.0 89497.9
2465.0 91625.24
2466.0 89657.84
2467.0 90145.35
2468.0 91962.09
2469.0 89557.28
2470.0 89561.89
2471.0 90803.59
2472.0 90633.94
2473.0 89788.27
2474.0 87436.23
2475.0 89781.1
2476.0 89660.7
2477.0 89350.26
2478.0 89458.04
2479.0 88577.57
2480.0 88488.87
2481.0 87751.8
2482.0 89970.18
2483.0 86517.34
2484.0 88082.98
2485.0 85690.62
2486.0 89812.31
2487.0 86921.59
2488.0 88377.27
2489.0 88127.36
2490.0 88894.61
2491.0 89109.74
2492.0 86392.23
2493.0 88087.43
2494.0 80807.8
2495.0 88537.33
2496.0 88712.17
2497.0 86264.95
2498.0 87005.8
2499.0 87476.0
2500.0 88091.1
