WAVE FLUX
202.0 0.3102995
203.0 0.7590666
204.0 0.6699961
205.0 0.4148431
206.0 0.04946373
207.0 0.1585645
208.0 0.3006699
209.0 1.564682
210.0 1.195868
211.0 1.027848
212.0 0.3445674
213.0 0.1333293
214.0 0.9896573
215.0 0.8599609
216.0 1.109192
217.0 2.140355
218.0 1.750652
219.0 1.549405
220.0 1.607014
221.0 1.483423
222.0 1.71095
223.0 2.268335
224.0 2.138677
225.0 2.571302
226.0 2.157788
227.0 2.162484
228.0 8.258413
229.0 32.80323
230.0 2.212167
231.0 5.218387
232.0 7.680549
233.0 4.653794
234.0 238.3333
235.0 251.2613
236.0 263.4326
237.0 395.9381
238.0 383.121
239.0 279.8185
240.0 616.7763
241.0 3542.814
242.0 2689.911
243.0 188.4099
244.0 335.9837
245.0 480.0936
246.0 704.2412
247.0 1075.094
248.0 1700.42
249.0 2727.393
250.0 7814.826
251.0 9215.545
252.0 10946.29
253.0 13065.51
254.0 11031.94
255.0 2872.058
256.0 965.6998
257.0 8347.534
258.0 36927.5
259.0 6052.895
260.0 2866.851
261.0 1818.21
262.0 11179.1
263.0 10156.48
264.0 10036.48
265.0 9115.87
266.0 8876.476
267.0 9056.771
268.0 9318.1
269.0 18783.64
270.0 12494.49
271.0 11373.94
272.0 29414.53
273.0 30773.51
274.0 24773.97
275.0 23594.11
276.0 22247.96
277.0 9271.325
278.0 244.2868
279.0 182.5048
280.0 6107.473
281.0 6864.697
282.0 23663.05
283.0 19405.75
284.0 16708.61
285.0 11235.89
286.0 7317.012
287.0 15303.97
288.0 11031.28
289.0 8106.591
290.0 907.7209
291.0 880.6039
292.0 1313.658
293.0 1237.12
294.0 823.9197
295.0 1111.453
296.0 2003.017
297.0 1597.078
298.0 1392.321
299.0 88814.88
300.0 7588.666
301.0 8336.162
302.0 9019.506
303.0 10485.43
304.0 8255.485
305.0 20203.23
306.0 28349.71
307.0 6669.338
308.0 2552.993
309.0 7464.997
310.0 7864.065
311.0 12845.81
312.0 1494.369
313.0 3050.056
314.0 15383.55
315.0 15332.18
316.0 16392.42
317.0 18398.66
318.0 27506.79
319.0 28113.93
320.0 75134.93
321.0 52718.6
322.0 58249.98
323.0 76761.97
324.0 166048.7
325.0 128626.0
326.0 61832.07
327.0 67254.68
328.0 170631.7
329.0 119545.6
330.0 123059.4
331.0 81660.2
332.0 75280.18
333.0 62898.9
334.0 54879.93
335.0 30182.97
336.0 26806.22
337.0 49969.6
338.0 99467.35
339.0 113232.1
340.0 128677.2
341.0 141131.5
342.0 70538.33
343.0 52224.74
344.0 42401.17
345.0 39787.11
346.0 39360.89
347.0 42948.28
348.0 44433.35
349.0 54927.93
350.0 57231.59
351.0 65634.97
352.0 76034.25
353.0 55297.29
354.0 53025.39
355.0 51528.46
356.0 54523.64
357.0 60359.54
358.0 75093.47
359.0 63232.27
360.0 50447.15
361.0 42796.55
362.0 33773.11
363.0 12980.5
364.0 6433.22
365.0 4741.388
366.0 11743.55
367.0 29827.27
368.0 69986.93
369.0 93007.41
370.0 144593.7
371.0 99923.71
372.0 65739.38
373.0 85939.27
374.0 21846.68
375.0 41528.52
376.0 45506.21
377.0 56486.45
378.0 49472.1
379.0 34780.02
380.0 22181.04
381.0 21465.61
382.0 32157.11
383.0 19617.61
384.0 9345.283
385.0 6397.854
386.0 7701.174
387.0 5994.14
388.0 12774.79
389.0 16427.47
390.0 53758.59
391.0 39721.68
392.0 34384.19
393.0 27347.36
394.0 29303.21
395.0 35660.45
396.0 46950.99
397.0 57225.78
398.0 65230.16
399.0 74887.26
400.0 56976.81
401.0 56216.07
402.0 68771.43
403.0 81253.3
404.0 134458.0
405.0 73201.89
406.0 75428.69
407.0 79848.58
408.0 87342.82
409.0 76568.59
410.0 71686.7
411.0 72584.42
412.0 101498.1
413.0 148250.0
414.0 161095.6
415.0 65474.17
416.0 38749.03
417.0 60341.2
418.0 54856.76
419.0 92377.91
420.0 75870.0
421.0 99056.47
422.0 108402.6
423.0 147426.3
424.0 183774.6
425.0 138814.0
426.0 103905.2
427.0 88397.59
428.0 121345.2
429.0 158947.5
430.0 172455.7
431.0 172059.8
432.0 138285.0
433.0 108809.0
434.0 94042.37
435.0 98147.75
436.0 118851.3
437.0 171345.5
438.0 194908.3
439.0 210829.9
440.0 250450.5
441.0 225198.7
442.0 194687.9
443.0 169840.5
444.0 152881.1
445.0 138984.2
446.0 103253.7
447.0 118535.8
448.0 149547.6
449.0 149093.7
450.0 130633.1
451.0 100918.7
452.0 83078.62
453.0 125765.0
454.0 137036.1
455.0 123596.2
456.0 118882.3
457.0 114886.9
458.0 111768.3
459.0 127796.3
460.0 92795.7
461.0 125656.7
462.0 136622.5
463.0 132255.6
464.0 144983.7
465.0 169779.8
466.0 177847.5
467.0 154702.7
468.0 134776.6
469.0 121389.6
470.0 134821.3
471.0 137296.8
472.0 136296.7
473.0 132855.3
474.0 118152.4
475.0 114484.4
476.0 103426.4
477.0 93319.55
478.0 96355.09
479.0 89340.31
480.0 89325.37
481.0 90382.11
482.0 95856.66
483.0 91822.23
484.0 100814.7
485.0 85665.18
486.0 61430.76
487.0 88828.96
488.0 84051.83
489.0 110551.9
490.0 110076.6
491.0 131676.8
492.0 118203.8
493.0 105826.8
494.0 110093.1
495.0 106557.3
496.0 111255.1
497.0 101357.3
498.0 110179.4
499.0 92024.53
500.0 74482.85
501.0 89832.27
502.0 89135.16
503.0 98213.4
504.0 86941.38
505.0 64097.6
506.0 54806.07
507.0 54484.27
508.0 74344.36
509.0 133067.7
510.0 123999.8
511.0 100766.3
512.0 75559.67
513.0 100823.5
514.0 115548.6
515.0 145747.6
516.0 92086.62
517.0 108782.2
518.0 109138.3
519.0 81656.27
520.0 86276.75
521.0 68889.92
522.0 63021.9
523.0 58279.68
524.0 63444.54
525.0 84032.8
526.0 94615.43
527.0 85602.44
528.0 103864.7
529.0 102533.8
530.0 101965.1
531.0 127519.9
532.0 146424.1
533.0 132518.2
534.0 101390.9
535.0 77448.95
536.0 66762.15
537.0 71025.44
538.0 73938.63
539.0 68851.18
540.0 62357.09
541.0 62299.43
542.0 64684.41
543.0 69444.09
544.0 76269.78
545.0 81319.82
546.0 85889.63
547.0 76011.14
548.0 59452.62
549.0 68472.46
550.0 65079.93
551.0 49342.76
552.0 48720.68
553.0 50216.45
554.0 39867.51
555.0 78573.62
556.0 120942.9
557.0 122245.0
558.0 128462.1
559.0 133566.9
560.0 84803.73
561.0 123247.5
562.0 123841.3
563.0 127458.9
564.0 133500.6
565.0 129832.9
566.0 119060.4
567.0 98648.01
568.0 89358.4
569.0 122618.1
570.0 132378.1
571.0 141043.4
572.0 124978.2
573.0 129874.5
574.0 102217.8
575.0 108365.1
576.0 99896.07
577.0 75381.38
578.0 75295.25
579.0 103464.1
580.0 73530.25
581.0 79294.21
582.0 106318.7
583.0 89384.87
584.0 79273.37
585.0 80887.19
586.0 76729.15
587.0 90171.15
588.0 128639.9
589.0 138634.9
590.0 140100.7
591.0 136802.3
592.0 129942.0
593.0 115794.9
594.0 83897.05
595.0 49100.87
596.0 49472.05
597.0 51750.47
598.0 68449.32
599.0 94454.51
600.0 120810.4
601.0 137283.1
602.0 120708.5
603.0 75428.54
604.0 95929.32
605.0 55393.64
606.0 52843.23
607.0 56761.38
608.0 62488.62
609.0 77191.35
610.0 94143.85
611.0 118869.3
612.0 99272.48
613.0 95158.5
614.0 117000.6
615.0 91826.64
616.0 75819.45
617.0 80329.42
618.0 110719.8
619.0 126412.1
620.0 129139.8
621.0 124520.6
622.0 77015.8
623.0 75134.26
624.0 62004.22
625.0 60657.47
626.0 69097.16
627.0 78748.92
628.0 94410.92
629.0 98710.14
630.0 97080.56
631.0 97923.32
632.0 84667.59
633.0 84269.26
634.0 99668.17
635.0 114392.1
636.0 109804.9
637.0 96018.08
638.0 117254.8
639.0 141866.7
640.0 138904.1
641.0 112297.1
642.0 94158.05
643.0 122395.0
644.0 94720.92
645.0 104989.7
646.0 116772.2
647.0 104235.1
648.0 99900.84
649.0 123599.1
650.0 112463.2
651.0 106211.5
652.0 137134.3
653.0 112475.0
654.0 90984.41
655.0 90552.47
656.0 89530.21
657.0 76367.07
658.0 73807.54
659.0 78686.67
660.0 80337.63
661.0 68995.1
662.0 94630.86
663.0 117859.6
664.0 98276.99
665.0 74432.2
666.0 76924.04
667.0 81465.68
668.0 96381.85
669.0 113247.8
670.0 119613.0
671.0 133110.4
672.0 138937.6
673.0 136804.3
674.0 131076.5
675.0 122941.1
676.0 107072.9
677.0 110080.6
678.0 126581.3
679.0 108942.5
680.0 105910.7
681.0 82454.97
682.0 48867.16
683.0 46855.24
684.0 58265.2
685.0 87230.96
686.0 123586.2
687.0 130073.2
688.0 107904.2
689.0 115061.3
690.0 131120.1
691.0 136519.6
692.0 141457.3
693.0 134537.9
694.0 124656.2
695.0 94943.96
696.0 94065.9
697.0 102172.0
698.0 81840.15
699.0 57228.51
700.0 57243.6
701.0 58114.12
702.0 56370.54
703.0 62642.2
704.0 105146.7
705.0 123602.0
706.0 108072.5
707.0 117997.2
708.0 126555.7
709.0 134029.1
710.0 154140.4
711.0 139917.9
712.0 141657.8
713.0 148284.7
714.0 141457.7
715.0 139866.1
716.0 140870.5
717.0 141925.4
718.0 114005.0
719.0 108617.0
720.0 142451.8
721.0 138166.0
722.0 136533.5
723.0 134964.9
724.0 121663.9
725.0 125692.2
726.0 130305.0
727.0 129926.3
728.0 133003.6
729.0 131600.8
730.0 128048.7
731.0 129362.2
732.0 138060.0
733.0 135472.0
734.0 131738.2
735.0 133989.7
736.0 130291.7
737.0 125816.7
738.0 129405.2
739.0 131865.5
740.0 129884.6
741.0 108535.4
742.0 109493.0
743.0 107335.2
744.0 77028.19
745.0 83202.75
746.0 102680.0
747.0 88919.52
748.0 102697.3
749.0 98799.95
750.0 76863.14
751.0 100441.9
752.0 113481.7
753.0 95121.51
754.0 122826.0
755.0 138722.9
756.0 136957.2
757.0 121090.0
758.0 91319.83
759.0 68180.0
760.0 30852.96
761.0 27875.41
762.0 33090.29
763.0 65369.13
764.0 107016.6
765.0 154880.3
766.0 174297.1
767.0 159721.6
768.0 127714.9
769.0 92416.15
770.0 85093.04
771.0 99741.21
772.0 90153.13
773.0 108656.0
774.0 134734.3
775.0 128497.9
776.0 116271.1
777.0 101346.3
778.0 102187.0
779.0 87327.95
780.0 78044.21
781.0 97762.87
782.0 64929.9
783.0 86391.45
784.0 83042.24
785.0 84379.21
786.0 74986.89
787.0 74376.37
788.0 72783.54
789.0 75728.91
790.0 120359.3
791.0 150183.8
792.0 156605.7
793.0 156269.1
794.0 140095.0
795.0 123912.3
796.0 115669.6
797.0 115062.4
798.0 133118.6
799.0 142658.7
800.0 142414.7
801.0 114335.2
802.0 118222.1
803.0 144525.6
804.0 141036.0
805.0 134481.0
806.0 128072.3
807.0 128536.9
808.0 123427.1
809.0 105698.4
810.0 119204.0
811.0 140095.8
812.0 127910.0
813.0 123712.6
814.0 124150.4
815.0 109048.4
816.0 108530.5
817.0 126331.6
818.0 133030.6
819.0 131726.1
820.0 115095.7
821.0 115410.5
822.0 126979.4
823.0 127897.3
824.0 128306.8
825.0 126164.5
826.0 127960.0
827.0 90197.35
828.0 56294.91
829.0 36177.5
830.0 30847.05
831.0 31194.1
832.0 34567.25
833.0 38903.54
834.0 52693.88
835.0 91826.57
836.0 91686.81
837.0 100711.2
838.0 115684.2
839.0 93973.98
840.0 83701.5
841.0 98316.15
842.0 114379.5
843.0 126963.6
844.0 142294.9
845.0 127142.2
846.0 82081.86
847.0 68873.95
848.0 72760.77
849.0 92972.34
850.0 110033.4
851.0 100868.2
852.0 105239.0
853.0 112750.7
854.0 105503.6
855.0 104355.0
856.0 105277.0
857.0 112704.5
858.0 126218.2
859.0 104236.8
860.0 102030.4
861.0 130016.3
862.0 104243.3
863.0 73672.58
864.0 96089.4
865.0 123345.7
866.0 127659.0
867.0 131296.2
868.0 131561.5
869.0 130139.8
870.0 127282.0
871.0 119996.1
872.0 116948.4
873.0 117006.9
874.0 124308.8
875.0 131958.1
876.0 129884.5
877.0 125726.3
878.0 118293.8
879.0 112808.3
880.0 110300.6
881.0 117094.6
882.0 125526.7
883.0 128919.9
884.0 129911.5
885.0 150464.1
886.0 150288.7
887.0 149751.7
888.0 148454.9
889.0 146012.6
890.0 141931.0
891.0 141054.1
892.0 141542.3
893.0 140350.9
894.0 142383.3
895.0 143053.4
896.0 141792.5
897.0 138618.3
898.0 133114.8
899.0 126685.5
900.0 113851.3
901.0 119050.6
902.0 124635.6
903.0 132909.6
904.0 120496.8
905.0 124774.7
906.0 123224.9
907.0 131736.0
908.0 130556.0
909.0 150258.5
910.0 129933.1
911.0 132239.6
912.0 653967.0
913.0 530123.8
914.0 569240.7
915.0 619619.0
916.0 595629.4
917.0 601628.6
918.0 463457.5
919.0 253669.7
920.0 382243.6
921.0 114561.1
922.0 228719.6
923.0 316595.7
924.0 543252.8
925.0 660780.4
926.0 650442.9
927.0 673541.1
928.0 654489.5
929.0 368983.1
930.0 287975.0
931.0 448001.7
932.0 585069.8
933.0 652247.2
934.0 782133.8
935.0 694205.6
936.0 664826.3
937.0 418964.7
938.0 203328.6
939.0 610470.8
940.0 647308.9
941.0 636827.3
942.0 587572.3
943.0 515328.8
944.0 610262.8
945.0 578437.3
946.0 579372.6
947.0 477411.0
948.0 387508.5
949.0 296740.9
950.0 294229.5
951.0 680802.2
952.0 745287.9
953.0 708434.6
954.0 556869.9
955.0 374535.1
956.0 696302.3
957.0 632496.6
958.0 655309.5
959.0 449898.8
960.0 641687.2
961.0 665055.7
962.0 603790.1
963.0 628668.3
964.0 436932.6
965.0 686864.9
966.0 659324.3
967.0 467639.6
968.0 540957.8
969.0 633443.5
970.0 474521.2
971.0 398052.1
972.0 129331.9
973.0 62733.52
974.0 80484.85
975.0 140485.2
976.0 316875.9
977.0 699141.0
978.0 705864.6
979.0 549073.4
980.0 530495.7
981.0 430174.7
982.0 546104.7
983.0 560294.0
984.0 392440.1
985.0 231694.9
986.0 97812.51
987.0 112790.3
988.0 137504.2
989.0 147390.2
990.0 183938.0
991.0 331259.1
992.0 754089.8
993.0 710900.0
994.0 605587.2
995.0 343842.6
996.0 559422.9
997.0 347072.8
998.0 524632.0
999.0 535490.3
1000.0 636198.0
1001.0 459386.4
1002.0 453206.8
1003.0 522041.1
1004.0 615540.1
1005.0 597821.9
1006.0 288507.6
1007.0 458933.2
1008.0 458089.2
1009.0 487418.8
1010.0 305819.0
1011.0 573380.8
1012.0 540906.3
1013.0 434454.7
1014.0 616655.0
1015.0 558845.2
1016.0 513820.1
1017.0 541051.5
1018.0 422711.6
1019.0 563776.2
1020.0 379980.6
1021.0 514553.2
1022.0 597584.5
1023.0 463000.9
1024.0 551700.2
1025.0 405358.0
1026.0 202487.9
1027.0 460934.6
1028.0 530153.1
1029.0 569365.3
1030.0 374456.9
1031.0 306957.6
1032.0 513585.5
1033.0 494507.1
1034.0 354908.7
1035.0 364159.9
1036.0 436638.0
1037.0 271839.3
1038.0 319479.8
1039.0 477533.1
1040.0 492721.0
1041.0 584928.2
1042.0 587600.9
1043.0 617440.7
1044.0 617142.9
1045.0 595137.0
1046.0 588411.4
1047.0 602107.0
1048.0 601554.4
1049.0 608664.4
1050.0 587657.8
1051.0 543452.7
1052.0 591498.9
1053.0 523744.8
1054.0 596009.5
1055.0 548417.8
1056.0 533155.9
1057.0 541302.2
1058.0 533366.7
1059.0 434948.9
1060.0 408454.5
1061.0 360997.4
1062.0 355644.7
1063.0 432667.7
1064.0 587458.1
1065.0 577786.0
1066.0 405836.1
1067.0 503388.4
1068.0 409142.7
1069.0 277443.9
1070.0 413968.2
1071.0 404203.0
1072.0 390855.9
1073.0 440568.2
1074.0 525536.3
1075.0 536853.6
1076.0 558106.9
1077.0 519301.3
1078.0 461683.5
1079.0 547703.5
1080.0 536319.2
1081.0 522700.2
1082.0 543683.6
1083.0 385160.6
1084.0 460932.6
1085.0 409074.3
1086.0 450291.6
1087.0 501828.4
1088.0 408562.8
1089.0 361080.6
1090.0 402864.6
1091.0 501185.2
1092.0 485353.7
1093.0 472318.0
1094.0 554558.5
1095.0 546525.8
1096.0 466238.6
1097.0 462025.4
1098.0 334743.1
1099.0 535578.2
1100.0 519345.8
1101.0 537728.3
1102.0 536500.0
1103.0 449556.4
1104.0 399014.4
1105.0 512984.3
1106.0 519486.4
1107.0 476235.8
1108.0 330859.3
1109.0 448790.9
1110.0 423873.9
1111.0 415940.6
1112.0 360830.9
1113.0 358771.7
1114.0 303254.1
1115.0 306437.3
1116.0 329066.9
1117.0 363335.5
1118.0 538521.2
1119.0 546269.5
1120.0 480435.9
1121.0 365820.7
1122.0 377476.5
1123.0 421698.0
1124.0 257840.0
1125.0 216184.0
1126.0 279856.9
1127.0 312414.7
1128.0 376936.1
1129.0 388455.8
1130.0 410752.7
1131.0 505653.3
1132.0 515665.6
1133.0 495011.5
1134.0 465097.3
1135.0 433144.8
1136.0 508507.8
1137.0 503734.4
1138.0 489701.6
1139.0 371310.8
1140.0 306635.1
1141.0 479990.6
1142.0 405284.4
1143.0 486406.8
1144.0 382827.0
1145.0 282575.5
1146.0 493761.8
1147.0 478749.9
1148.0 487622.6
1149.0 476439.2
1150.0 454450.5
1151.0 449280.6
1152.0 471778.1
1153.0 452577.6
1154.0 425025.8
1155.0 412921.7
1156.0 413434.5
1157.0 418678.5
1158.0 458368.1
1159.0 362163.8
1160.0 351306.0
1161.0 451194.4
1162.0 302535.0
1163.0 438139.9
1164.0 374819.3
1165.0 454341.0
1166.0 424060.2
1167.0 359218.6
1168.0 420652.1
1169.0 286219.7
1170.0 251111.0
1171.0 153606.9
1172.0 132287.4
1173.0 141470.3
1174.0 170043.2
1175.0 198581.3
1176.0 282236.9
1177.0 488518.2
1178.0 485365.6
1179.0 493561.9
1180.0 468115.7
1181.0 439609.7
1182.0 460418.9
1183.0 250790.8
1184.0 350543.3
1185.0 356785.8
1186.0 446225.8
1187.0 442617.9
1188.0 453639.7
1189.0 452135.6
1190.0 445702.5
1191.0 297325.6
1192.0 415067.2
1193.0 389746.3
1194.0 427594.3
1195.0 446291.7
1196.0 431255.6
1197.0 269634.1
1198.0 386143.9
1199.0 386356.7
1200.0 337107.9
1201.0 261393.4
1202.0 207949.6
1203.0 240601.9
1204.0 378703.6
1205.0 425996.9
1206.0 398798.3
1207.0 413832.1
1208.0 392133.1
1209.0 310598.0
1210.0 304033.4
1211.0 389008.7
1212.0 345544.7
1213.0 296691.1
1214.0 277113.9
1215.0 285022.6
1216.0 329613.0
1217.0 267983.7
1218.0 254298.5
1219.0 419568.4
1220.0 285303.3
1221.0 426830.1
1222.0 421214.7
1223.0 257600.7
1224.0 409033.1
1225.0 358188.2
1226.0 373884.5
1227.0 427313.0
1228.0 308729.0
1229.0 414046.7
1230.0 379351.6
1231.0 385862.4
1232.0 407704.3
1233.0 395125.1
1234.0 407632.7
1235.0 411460.3
1236.0 408499.0
1237.0 404251.9
1238.0 402457.7
1239.0 399920.5
1240.0 421781.1
1241.0 418949.5
1242.0 387883.2
1243.0 386338.1
1244.0 362265.7
1245.0 327264.1
1246.0 276967.4
1247.0 208797.0
1248.0 429595.0
1249.0 417982.2
1250.0 409544.8
1251.0 406503.9
1252.0 353418.1
1253.0 390405.7
1254.0 400498.6
1255.0 381996.4
1256.0 399294.1
1257.0 412199.1
1258.0 410633.2
1259.0 390742.9
1260.0 383362.2
1261.0 402299.4
1262.0 405362.3
1263.0 405459.4
1264.0 349443.0
1265.0 392086.4
1266.0 391032.8
1267.0 379701.6
1268.0 374372.4
1269.0 368579.3
1270.0 392898.9
1271.0 397928.0
1272.0 374067.6
1273.0 352683.7
1274.0 394339.9
1275.0 399589.7
1276.0 398612.9
1277.0 396913.8
1278.0 401121.1
1279.0 396965.3
1280.0 396519.6
1281.0 391720.9
1282.0 385875.5
1283.0 392392.3
1284.0 374350.0
1285.0 388519.5
1286.0 333419.8
1287.0 320218.0
1288.0 382590.7
1289.0 356903.4
1290.0 370344.6
1291.0 356609.3
1292.0 378995.0
1293.0 378466.0
1294.0 337514.6
1295.0 335973.0
1296.0 362536.1
1297.0 348331.6
1298.0 362132.7
1299.0 336121.8
1300.0 357856.7
1301.0 326784.0
1302.0 347089.1
1303.0 249105.5
1304.0 291732.5
1305.0 368973.6
1306.0 372996.1
1307.0 375602.9
1308.0 376584.9
1309.0 352627.7
1310.0 365654.6
1311.0 363713.8
1312.0 344496.9
1313.0 349591.7
1314.0 367001.3
1315.0 350822.8
1316.0 352849.5
1317.0 365659.0
1318.0 362367.0
1319.0 340950.1
1320.0 364677.5
1321.0 339544.2
1322.0 370235.3
1323.0 327815.0
1324.0 329614.0
1325.0 286662.7
1326.0 342738.7
1327.0 359948.9
1328.0 356247.9
1329.0 352209.3
1330.0 279977.8
1331.0 345523.2
1332.0 302193.7
1333.0 326981.1
1334.0 346269.7
1335.0 298007.2
1336.0 181189.3
1337.0 337638.6
1338.0 346669.0
1339.0 297499.0
1340.0 355140.1
1341.0 351957.0
1342.0 327967.0
1343.0 265695.1
1344.0 293441.2
1345.0 341869.6
1346.0 345453.4
1347.0 345930.2
1348.0 345614.7
1349.0 343208.2
1350.0 278862.0
1351.0 345838.3
1352.0 347994.3
1353.0 344583.3
1354.0 337432.6
1355.0 283972.4
1356.0 246158.9
1357.0 268029.4
1358.0 308018.9
1359.0 333763.5
1360.0 332838.2
1361.0 310203.3
1362.0 314405.6
1363.0 303296.6
1364.0 305613.0
1365.0 314024.4
1366.0 307711.3
1367.0 329515.0
1368.0 323112.3
1369.0 304659.1
1370.0 329958.1
1371.0 310294.5
1372.0 267380.2
1373.0 289513.8
1374.0 300370.9
1375.0 273198.4
1376.0 324729.0
1377.0 310978.1
1378.0 274452.4
1379.0 300341.8
1380.0 317156.4
1381.0 321935.5
1382.0 322017.1
1383.0 313690.2
1384.0 252929.7
1385.0 229988.1
1386.0 173592.0
1387.0 150018.6
1388.0 95862.24
1389.0 106208.0
1390.0 135680.1
1391.0 174155.8
1392.0 228425.3
1393.0 274032.4
1394.0 333893.4
1395.0 293094.1
1396.0 170587.9
1397.0 98298.02
1398.0 108322.8
1399.0 137803.0
1400.0 180860.9
1401.0 232193.2
1402.0 305528.4
1403.0 497321.4
1404.0 462006.5
1405.0 395616.0
1406.0 359637.1
1407.0 328625.6
1408.0 310624.5
1409.0 274951.3
1410.0 285428.7
1411.0 297513.2
1412.0 300803.9
1413.0 294032.0
1414.0 278180.0
1415.0 277673.8
1416.0 291723.2
1417.0 182135.3
1418.0 239762.9
1419.0 277709.0
1420.0 264843.9
1421.0 277115.1
1422.0 259324.1
1423.0 240970.4
1424.0 179373.2
1425.0 246277.5
1426.0 262645.5
1427.0 293057.2
1428.0 215414.3
1429.0 213389.8
1430.0 274331.9
1431.0 255670.3
1432.0 233458.9
1433.0 242345.9
1434.0 238305.2
1435.0 267350.0
1436.0 266210.0
1437.0 256732.9
1438.0 249953.6
1439.0 211799.6
1440.0 234263.3
1441.0 264345.4
1442.0 268236.1
1443.0 275234.8
1444.0 276311.6
1445.0 231968.7
1446.0 253677.8
1447.0 280716.2
1448.0 252743.1
1449.0 236207.7
1450.0 271074.0
1451.0 250172.4
1452.0 195827.1
1453.0 240041.5
1454.0 258007.9
1455.0 250077.0
1456.0 250022.3
1457.0 276992.9
1458.0 214436.1
1459.0 234899.4
1460.0 231201.3
1461.0 245714.0
1462.0 256944.1
1463.0 251922.1
1464.0 264941.6
1465.0 252488.3
1466.0 268766.7
1467.0 233538.9
1468.0 218214.9
1469.0 169386.5
1470.0 174062.5
1471.0 258704.3
1472.0 222787.0
1473.0 219125.8
1474.0 238861.4
1475.0 266145.1
1476.0 250087.2
1477.0 265402.7
1478.0 226232.2
1479.0 243271.8
1480.0 253895.6
1481.0 275019.6
1482.0 268047.4
1483.0 266618.8
1484.0 247365.9
1485.0 247703.1
1486.0 270323.9
1487.0 269769.4
1488.0 270112.8
1489.0 254939.9
1490.0 256935.1
1491.0 266906.9
1492.0 266027.8
1493.0 266175.3
1494.0 261516.2
1495.0 255235.3
1496.0 250329.5
1497.0 233713.7
1498.0 182466.4
1499.0 170213.7
1500.0 200318.8
1501.0 220615.7
1502.0 212354.0
1503.0 242065.6
1504.0 207810.6
1505.0 203342.8
1506.0 231210.2
1507.0 258544.5
1508.0 255840.4
1509.0 227298.6
1510.0 248342.0
1511.0 163586.5
1512.0 190019.2
1513.0 220354.9
1514.0 245453.1
1515.0 166824.5
1516.0 221727.9
1517.0 225872.2
1518.0 178676.9
1519.0 209040.6
1520.0 216429.6
1521.0 183487.5
1522.0 207872.3
1523.0 253232.6
1524.0 199892.7
1525.0 189567.4
1526.0 217079.6
1527.0 199214.7
1528.0 203612.6
1529.0 234800.7
1530.0 148673.0
1531.0 138135.8
1532.0 200910.5
1533.0 162686.5
1534.0 188124.3
1535.0 230940.8
1536.0 218304.1
1537.0 191401.8
1538.0 184830.1
1539.0 102129.4
1540.0 145640.6
1541.0 82783.14
1542.0 61454.5
1543.0 59031.84
1544.0 48555.63
1545.0 68209.85
1546.0 71206.93
1547.0 76306.83
1548.0 90741.93
1549.0 114948.9
1550.0 151197.3
1551.0 228253.4
1552.0 293204.6
1553.0 256543.1
1554.0 256474.6
1555.0 249633.2
1556.0 163478.7
1557.0 151529.9
1558.0 205575.9
1559.0 234721.2
1560.0 186272.9
1561.0 168553.3
1562.0 155605.7
1563.0 211441.9
1564.0 201437.2
1565.0 188386.9
1566.0 177980.5
1567.0 199952.0
1568.0 151499.9
1569.0 141002.9
1570.0 182071.8
1571.0 138618.9
1572.0 186590.8
1573.0 228489.1
1574.0 226493.4
1575.0 143478.8
1576.0 200761.4
1577.0 149092.1
1578.0 179441.0
1579.0 200337.3
1580.0 147453.2
1581.0 189711.2
1582.0 211392.4
1583.0 180045.9
1584.0 167178.2
1585.0 147901.3
1586.0 190569.5
1587.0 213559.8
1588.0 209579.3
1589.0 216457.1
1590.0 190717.3
1591.0 188385.6
1592.0 176375.4
1593.0 207920.0
1594.0 187010.1
1595.0 189607.2
1596.0 205355.7
1597.0 206208.4
1598.0 211168.5
1599.0 222714.5
1600.0 207521.0
1601.0 138349.8
1602.0 177314.0
1603.0 137488.6
1604.0 174209.1
1605.0 205515.4
1606.0 175212.8
1607.0 198160.7
1608.0 206833.6
1609.0 186079.9
1610.0 135790.3
1611.0 172556.5
1612.0 192185.7
1613.0 189899.1
1614.0 188208.4
1615.0 208988.8
1616.0 215775.2
1617.0 219755.1
1618.0 207869.8
1619.0 182242.6
1620.0 155072.9
1621.0 143174.0
1622.0 157584.1
1623.0 149041.5
1624.0 152643.7
1625.0 199195.3
1626.0 203910.8
1627.0 196532.0
1628.0 201955.6
1629.0 175187.8
1630.0 175414.6
1631.0 126363.4
1632.0 146048.5
1633.0 198425.5
1634.0 190608.4
1635.0 168533.1
1636.0 172923.1
1637.0 210117.5
1638.0 186217.7
1639.0 202956.2
1640.0 133308.5
1641.0 223723.1
1642.0 221627.5
1643.0 223625.2
1644.0 221308.9
1645.0 176895.5
1646.0 206268.7
1647.0 158801.5
1648.0 202086.9
1649.0 194478.3
1650.0 191354.6
1651.0 207317.3
1652.0 198203.2
1653.0 148739.7
1654.0 163630.5
1655.0 207921.1
1656.0 170232.3
1657.0 143458.2
1658.0 189298.7
1659.0 200416.8
1660.0 197813.0
1661.0 167125.6
1662.0 159604.0
1663.0 201503.9
1664.0 200558.4
1665.0 149115.3
1666.0 185857.1
1667.0 162388.4
1668.0 124969.8
1669.0 182350.3
1670.0 178734.2
1671.0 172289.4
1672.0 143206.3
1673.0 134716.3
1674.0 181870.1
1675.0 186426.2
1676.0 146580.7
1677.0 162805.5
1678.0 202615.7
1679.0 198571.8
1680.0 204732.5
1681.0 188308.8
1682.0 153776.1
1683.0 194177.7
1684.0 195589.8
1685.0 198944.8
1686.0 177274.7
1687.0 185010.2
1688.0 193731.4
1689.0 195392.2
1690.0 142123.1
1691.0 161501.6
1692.0 188809.1
1693.0 189892.1
1694.0 175705.3
1695.0 157020.9
1696.0 164961.7
1697.0 191783.7
1698.0 173069.2
1699.0 138271.1
1700.0 180395.6
1701.0 150404.9
1702.0 179904.9
1703.0 186470.8
1704.0 148736.9
1705.0 169620.4
1706.0 161727.8
1707.0 129964.1
1708.0 152431.5
1709.0 176133.5
1710.0 177982.0
1711.0 170965.7
1712.0 152610.8
1713.0 118422.7
1714.0 161412.4
1715.0 164235.0
1716.0 124933.7
1717.0 118957.7
1718.0 126562.3
1719.0 165011.9
1720.0 179852.0
1721.0 159058.5
1722.0 140502.5
1723.0 135726.8
1724.0 128619.7
1725.0 127532.8
1726.0 144665.3
1727.0 184044.5
1728.0 183095.9
1729.0 175981.9
1730.0 181271.7
1731.0 153408.1
1732.0 177250.5
1733.0 174222.8
1734.0 170489.5
1735.0 175153.5
1736.0 171725.4
1737.0 184762.2
1738.0 161061.7
1739.0 128822.9
1740.0 160413.7
1741.0 139387.9
1742.0 147294.2
1743.0 173329.9
1744.0 152381.3
1745.0 137841.5
1746.0 168170.3
1747.0 160883.2
1748.0 168700.7
1749.0 164670.8
1750.0 170716.4
1751.0 171893.2
1752.0 171322.3
1753.0 103533.7
1754.0 160546.9
1755.0 175137.6
1756.0 176081.5
1757.0 172756.1
1758.0 150544.9
1759.0 131189.6
1760.0 142706.0
1761.0 143281.0
1762.0 171425.6
1763.0 133320.2
1764.0 157599.6
1765.0 170442.6
1766.0 170335.2
1767.0 168057.3
1768.0 158532.9
1769.0 147402.0
1770.0 124220.0
1771.0 161675.2
1772.0 126159.6
1773.0 140856.6
1774.0 165247.8
1775.0 144950.8
1776.0 132344.4
1777.0 162556.8
1778.0 162059.6
1779.0 151947.5
1780.0 161286.8
1781.0 154843.5
1782.0 134222.0
1783.0 113183.2
1784.0 154896.3
1785.0 141106.2
1786.0 154555.3
1787.0 157850.4
1788.0 154032.6
1789.0 136065.7
1790.0 153513.2
1791.0 121699.0
1792.0 105178.9
1793.0 136638.6
1794.0 156346.6
1795.0 160755.9
1796.0 167277.7
1797.0 157606.5
1798.0 146603.6
1799.0 147746.8
1800.0 134772.1
1801.0 160718.8
1802.0 166596.6
1803.0 157410.3
1804.0 152921.8
1805.0 143155.0
1806.0 149968.7
1807.0 153470.2
1808.0 148307.5
1809.0 162724.0
1810.0 161815.9
1811.0 155474.0
1812.0 117153.3
1813.0 114123.6
1814.0 155184.3
1815.0 154686.0
1816.0 111880.0
1817.0 143948.3
1818.0 162067.5
1819.0 148690.6
1820.0 128249.3
1821.0 116647.5
1822.0 110638.5
1823.0 144850.9
1824.0 152275.4
1825.0 136058.9
1826.0 114537.1
1827.0 111671.0
1828.0 128185.9
1829.0 157231.0
1830.0 130727.6
1831.0 139294.0
1832.0 153128.2
1833.0 148448.0
1834.0 145566.5
1835.0 142516.7
1836.0 156974.4
1837.0 150499.7
1838.0 141414.9
1839.0 148012.9
1840.0 108540.9
1841.0 133671.5
1842.0 136530.0
1843.0 128242.7
1844.0 126457.7
1845.0 128091.3
1846.0 142060.6
1847.0 141831.0
1848.0 134300.1
1849.0 111168.4
1850.0 91517.64
1851.0 116925.1
1852.0 138431.1
1853.0 129722.7
1854.0 104567.8
1855.0 120678.4
1856.0 148092.5
1857.0 151175.3
1858.0 126260.0
1859.0 114755.3
1860.0 103439.0
1861.0 146215.8
1862.0 151654.9
1863.0 128755.8
1864.0 130785.1
1865.0 138478.0
1866.0 139805.3
1867.0 134133.9
1868.0 149358.4
1869.0 151471.0
1870.0 139415.0
1871.0 140108.8
1872.0 131162.4
1873.0 117815.4
1874.0 116894.0
1875.0 140447.2
1876.0 137140.0
1877.0 140216.0
1878.0 130699.6
1879.0 145617.9
1880.0 140349.2
1881.0 125164.2
1882.0 111281.3
1883.0 114192.5
1884.0 122742.3
1885.0 102876.4
1886.0 120627.5
1887.0 108669.8
1888.0 123686.1
1889.0 114533.9
1890.0 108307.5
1891.0 103331.6
1892.0 113586.2
1893.0 109587.0
1894.0 105307.4
1895.0 101264.8
1896.0 120140.7
1897.0 135639.5
1898.0 134344.5
1899.0 108021.2
1900.0 133679.7
1901.0 109213.6
1902.0 114192.3
1903.0 119701.7
1904.0 117875.6
1905.0 145192.5
1906.0 138953.3
1907.0 138309.5
1908.0 142292.3
1909.0 134453.6
1910.0 130188.6
1911.0 143846.6
1912.0 143219.7
1913.0 124210.2
1914.0 111333.6
1915.0 114267.2
1916.0 117180.4
1917.0 132168.8
1918.0 115024.0
1919.0 119676.0
1920.0 130222.6
1921.0 130624.6
1922.0 120976.7
1923.0 78010.58
1924.0 106303.3
1925.0 128731.8
1926.0 119715.3
1927.0 131236.9
1928.0 122152.5
1929.0 105630.4
1930.0 103556.8
1931.0 90290.27
1932.0 109834.0
1933.0 135377.9
1934.0 140441.7
1935.0 135539.0
1936.0 107215.1
1937.0 104585.1
1938.0 102536.3
1939.0 83762.96
1940.0 86581.49
1941.0 127445.3
1942.0 134987.5
1943.0 131208.3
1944.0 130938.8
1945.0 136180.3
1946.0 135690.6
1947.0 129553.5
1948.0 122633.8
1949.0 124092.2
1950.0 118218.0
1951.0 75412.07
1952.0 114810.5
1953.0 101435.0
1954.0 84267.68
1955.0 94684.08
1956.0 90878.56
1957.0 94189.99
1958.0 112552.2
1959.0 122814.6
1960.0 122909.7
1961.0 101360.8
1962.0 125381.0
1963.0 120005.7
1964.0 113591.9
1965.0 127942.7
1966.0 125095.4
1967.0 129842.3
1968.0 123070.6
1969.0 127386.9
1970.0 123541.4
1971.0 127517.7
1972.0 111637.3
1973.0 126012.5
1974.0 127613.1
1975.0 125030.7
1976.0 112868.1
1977.0 122315.2
1978.0 129302.8
1979.0 111811.9
1980.0 119269.3
1981.0 126616.7
1982.0 117751.0
1983.0 123820.6
1984.0 110167.3
1985.0 113798.1
1986.0 122569.3
1987.0 102291.8
1988.0 119332.3
1989.0 122882.6
1990.0 109643.9
1991.0 113527.1
1992.0 80932.25
1993.0 89967.67
1994.0 100850.8
1995.0 119329.1
1996.0 121108.8
1997.0 122839.6
1998.0 121822.4
1999.0 101110.4
2000.0 89255.82
2001.0 98291.51
2002.0 85649.81
2003.0 96476.81
2004.0 110097.7
2005.0 110535.3
2006.0 97007.47
2007.0 113765.8
2008.0 122281.4
2009.0 119581.1
2010.0 116006.3
2011.0 100377.9
2012.0 98019.44
2013.0 92787.12
2014.0 103743.8
2015.0 116317.3
2016.0 116115.1
2017.0 118672.0
2018.0 115246.5
2019.0 117011.0
2020.0 121552.5
2021.0 119002.8
2022.0 118372.5
2023.0 118078.7
2024.0 111476.1
2025.0 118296.1
2026.0 101504.6
2027.0 114875.0
2028.0 114642.2
2029.0 114663.4
2030.0 115554.5
2031.0 118068.7
2032.0 117015.0
2033.0 109300.9
2034.0 97666.94
2035.0 89233.83
2036.0 106362.5
2037.0 109661.8
2038.0 99795.31
2039.0 106769.7
2040.0 83319.08
2041.0 81739.65
2042.0 100308.3
2043.0 112388.4
2044.0 106990.8
2045.0 99975.02
2046.0 99358.42
2047.0 99113.08
2048.0 102768.3
2049.0 113751.1
2050.0 107472.0
2051.0 112920.5
2052.0 110991.3
2053.0 109199.0
2054.0 114528.3
2055.0 113686.3
2056.0 106100.8
2057.0 92767.14
2058.0 109376.2
2059.0 112696.5
2060.0 116680.0
2061.0 112076.5
2062.0 88804.32
2063.0 107154.6
2064.0 110347.4
2065.0 111369.6
2066.0 105353.2
2067.0 102743.2
2068.0 98686.44
2069.0 102331.8
2070.0 112277.9
2071.0 83499.63
2072.0 99324.48
2073.0 112205.5
2074.0 110689.5
2075.0 110135.5
2076.0 112533.9
2077.0 98652.62
2078.0 89717.15
2079.0 107545.9
2080.0 105207.0
2081.0 109455.4
2082.0 110870.8
2083.0 103487.8
2084.0 95109.59
2085.0 77780.65
2086.0 95575.77
2087.0 106268.6
2088.0 109320.5
2089.0 112313.4
2090.0 95969.9
2091.0 70189.3
2092.0 83284.31
2093.0 103650.2
2094.0 104964.8
2095.0 102752.3
2096.0 103578.0
2097.0 105343.6
2098.0 100793.3
2099.0 106877.3
2100.0 81824.67
2101.0 102611.8
2102.0 109930.4
2103.0 108300.1
2104.0 97265.39
2105.0 108481.5
2106.0 107944.6
2107.0 95282.38
2108.0 67724.87
2109.0 84969.79
2110.0 98427.92
2111.0 104885.0
2112.0 108891.5
2113.0 104861.7
2114.0 92915.96
2115.0 89882.5
2116.0 108226.6
2117.0 94142.69
2118.0 96765.73
2119.0 100586.5
2120.0 107682.4
2121.0 100790.1
2122.0 104653.1
2123.0 104873.1
2124.0 100797.1
2125.0 102423.2
2126.0 102971.4
2127.0 105526.7
2128.0 104656.4
2129.0 105852.7
2130.0 102855.2
2131.0 104486.9
2132.0 104679.8
2133.0 104948.2
2134.0 104162.8
2135.0 104010.9
2136.0 101385.3
2137.0 99022.98
2138.0 97680.4
2139.0 104594.6
2140.0 102179.7
2141.0 102303.4
2142.0 101001.6
2143.0 102293.8
2144.0 101057.9
2145.0 93964.51
2146.0 103329.9
2147.0 95849.61
2148.0 99795.51
2149.0 100427.4
2150.0 102744.5
2151.0 102441.8
2152.0 102670.9
2153.0 101132.1
2154.0 100465.8
2155.0 101215.2
2156.0 101536.4
2157.0 100084.4
2158.0 98093.76
2159.0 97279.19
2160.0 100825.2
2161.0 101076.7
2162.0 93587.18
2163.0 98777.43
2164.0 100661.2
2165.0 99487.49
2166.0 98158.09
2167.0 96640.15
2168.0 99478.51
2169.0 98260.46
2170.0 99755.4
2171.0 99509.93
2172.0 98688.25
2173.0 99818.1
2174.0 99346.53
2175.0 97482.43
2176.0 96717.21
2177.0 98794.45
2178.0 95582.17
2179.0 99109.94
2180.0 94028.3
2181.0 94168.57
2182.0 95665.59
2183.0 97729.93
2184.0 97849.82
2185.0 97556.17
2186.0 93039.28
2187.0 97176.15
2188.0 96736.77
2189.0 97131.43
2190.0 95584.51
2191.0 96989.23
2192.0 92873.4
2193.0 94644.39
2194.0 94637.15
2195.0 96410.39
2196.0 96244.88
2197.0 96171.65
2198.0 95491.01
2199.0 95993.91
2200.0 95735.42
2201.0 94547.78
2202.0 91632.81
2203.0 93763.92
2204.0 92224.45
2205.0 95167.56
2206.0 95335.66
2207.0 94644.91
2208.0 94428.38
2209.0 93577.12
2210.0 94431.62
2211.0 92234.05
2212.0 92136.92
2213.0 92652.6
2214.0 93578.38
2215.0 93504.45
2216.0 91015.81
2217.0 91714.53
2218.0 92916.21
2219.0 91357.27
2220.0 93362.66
2221.0 90482.44
2222.0 91551.48
2223.0 92150.41
2224.0 92719.01
2225.0 91361.12
2226.0 92454.03
2227.0 90255.2
2228.0 89084.09
2229.0 91392.13
2230.0 89591.94
2231.0 91858.67
2232.0 91652.04
2233.0 89716.38
2234.0 91044.7
2235.0 91354.02
2236.0 91532.75
2237.0 91383.55
2238.0 91158.63
2239.0 87143.02
2240.0 90182.88
2241.0 90609.85
2242.0 89241.27
2243.0 90219.35
2244.0 87884.32
2245.0 85023.8
2246.0 89806.34
2247.0 90080.87
2248.0 89517.95
2249.0 89794.06
2250.0 88493.34
2251.0 88926.38
2252.0 88196.52
2253.0 86343.61
2254.0 88529.57
2255.0 89140.31
2256.0 88516.42
2257.0 88148.95
2258.0 86247.87
2259.0 88622.43
2260.0 87622.27
2261.0 87232.98
2262.0 87399.51
2263.0 88209.21
2264.0 87292.51
2265.0 86320.27
2266.0 87657.24
2267.0 87161.48
2268.0 86499.05
2269.0 85907.5
2270.0 87101.78
2271.0 84557.62
2272.0 86978.71
2273.0 86466.83
2274.0 84154.69
2275.0 86894.47
2276.0 84858.02
2277.0 84266.85
2278.0 83761.08
2279.0 84448.9
2280.0 85794.39
2281.0 85534.26
2282.0 86042.73
2283.0 84969.55
2284.0 85054.79
2285.0 84612.34
2286.0 85315.06
2287.0 84508.31
2288.0 83961.94
2289.0 85132.45
2290.0 82550.97
2291.0 85114.16
2292.0 84679.47
2293.0 84462.54
2294.0 82227.52
2295.0 83851.1
2296.0 83248.93
2297.0 80260.2
2298.0 77775.89
2299.0 80202.72
2300.0 83222.34
2301.0 81129.23
2302.0 83534.41
2303.0 83463.13
2304.0 81081.76
2305.0 83261.1
2306.0 82985.57
2307.0 82581.01
2308.0 81952.56
2309.0 81654.44
2310.0 83114.03
2311.0 82774.69
2312.0 80936.69
2313.0 81070.99
2314.0 81661.26
2315.0 82295.78
2316.0 81649.0
2317.0 81724.63
2318.0 79598.71
2319.0 80439.46
2320.0 76582.41
2321.0 81180.95
2322.0 81394.88
2323.0 76514.93
2324.0 79757.27
2325.0 78875.77
2326.0 79154.82
2327.0 79252.29
2328.0 79209.75
2329.0 80392.46
2330.0 79490.86
2331.0 79588.48
2332.0 74248.54
2333.0 79533.6
2334.0 80028.47
2335.0 76847.23
2336.0 79593.26
2337.0 79379.0
2338.0 78959.04
2339.0 79181.04
2340.0 78914.67
2341.0 77102.0
2342.0 77871.07
2343.0 78277.48
2344.0 77192.1
2345.0 76199.06
2346.0 75292.12
2347.0 77661.53
2348.0 78365.2
2349.0 74071.55
2350.0 78074.07
2351.0 77362.27
2352.0 76550.87
2353.0 76965.63
2354.0 77903.38
2355.0 77085.14
2356.0 74488.42
2357.0 76095.45
2358.0 76745.54
2359.0 77675.71
2360.0 76333.03
2361.0 73237.26
2362.0 77141.3
2363.0 75971.72
2364.0 76480.38
2365.0 76504.52
2366.0 74168.66
2367.0 75747.14
2368.0 76225.39
2369.0 76425.76
2370.0 74450.34
2371.0 75781.88
2372.0 75786.04
2373.0 75917.79
2374.0 75886.06
2375.0 73192.7
2376.0 72918.73
2377.0 74828.98
2378.0 75615.2
2379.0 75346.44
2380.0 72757.23
2381.0 74689.14
2382.0 75388.46
2383.0 73240.34
2384.0 72746.68
2385.0 73098.0
2386.0 75094.84
2387.0 74646.6
2388.0 73413.93
2389.0 73359.17
2390.0 73809.87
2391.0 74115.9
2392.0 73808.46
2393.0 73782.8
2394.0 74452.97
2395.0 73945.85
2396.0 73316.45
2397.0 73826.33
2398.0 73947.33
2399.0 73232.81
2400.0 69960.34
2401.0 71556.21
2402.0 72589.38
2403.0 70481.35
2404.0 73198.55
2405.0 71646.46
2406.0 72476.02
2407.0 71622.29
2408.0 72317.91
2409.0 72543.86
2410.0 70775.36
2411.0 70795.86
2412.0 72242.86
2413.0 72416.85
2414.0 70231.29
2415.0 72194.52
2416.0 71235.58
2417.0 70842.5
2418.0 72491.51
2419.0 70699.79
2420.0 72236.65
2421.0 71349.02
2422.0 71387.73
2423.0 72133.17
2424.0 70429.56
2425.0 69067.84
2426.0 71123.07
2427.0 71406.65
2428.0 69351.1
2429.0 69153.14
2430.0 69689.84
2431.0 69716.45
2432.0 69060.13
2433.0 68493.87
2434.0 69680.1
2435.0 67998.56
2436.0 69452.03
2437.0 68920.02
2438.0 67895.01
2439.0 66921.45
2440.0 67768.06
2441.0 67716.12
2442.0 68866.33
2443.0 69102.63
2444.0 69327.4
2445.0 68047.61
2446.0 68201.67
2447.0 67861.97
2448.0 65854.98
2449.0 67590.08
2450.0 67975.38
2451.0 66888.92
2452.0 67317.54
2453.0 68113.17
2454.0 67849.39
2455.0 67942.55
2456.0 68082.59
2457.0 68212.0
2458.0 67704.53
2459.0 67907.04
2460.0 67093.08
2461.0 66993.37
2462.0 65281.75
2463.0 66923.11
2464.0 65875.3
2465.0 66834.62
2466.0 65926.93
2467.0 65954.38
2468.0 67005.29
2469.0 65614.69
2470.0 65541.2
2471.0 66360.86
2472.0 66078.91
2473.0 65726.42
2474.0 64421.79
2475.0 65666.4
2476.0 65615.95
2477.0 65370.12
2478.0 65430.06
2479.0 64873.41
2480.0 64663.39
2481.0 64492.12
2482.0 65599.67
2483.0 63808.54
2484.0 64384.92
2485.0 63381.74
2486.0 65389.05
2487.0 63842.54
2488.0 64681.09
2489.0 64357.34
2490.0 64839.83
2491.0 64871.07
2492.0 63324.99
2493.0 64416.14
2494.0 60523.34
2495.0 64531.31
2496.0 64616.15
2497.0 62561.26
2498.0 63596.05
2499.0 63853.85
2500.0 64166.22
