WAVE,FLUX
91.0,inf
94.0,253207558967.85852
96.0,1390352729483.1997
98.0,3732140998223.4824
100.0,11657113000821.428
102.0,46649849519382.086
104.0,125392096572245.92
106.0,325724242214350.3
108.0,958318836184481.4
110.0,3637809935572725.0
114.0,1.911128989977473e+16
118.0,9.92087551009584e+16
121.0,4.1730155208560806e+17
125.0,1.595328045287202e+18
127.0,3.7374896614586716e+18
128.0,5.979432945661318e+18
131.0,1.2260269026797828e+19
132.0,2.363469487974278e+19
134.0,3.848664021905972e+19
137.0,9.106049357848799e+19
140.0,2.4456257588464045e+20
143.0,1.4028783080082432e+22
147.0,1.5390403281881756e+22
151.0,2.009277865429658e+22
155.0,1.1429046508474308e+23
159.0,1.393028494419747e+23
162.0,2.7881106158965343e+23
166.0,2.3766761068773827e+23
170.0,6.293902346639481e+23
173.0,9.812055603350354e+23
177.0,1.9222505834749452e+24
180.0,3.7474858545288407e+24
182.0,4.93707816891091e+24
186.0,1.105019665409586e+25
191.0,2.603154952345976e+25
194.0,4.24453422987814e+25
198.0,8.884849953961658e+25
202.0,1.5093511594833096e+26
205.0,2.7394322837506568e+26
210.0,5.80927853142544e+26
216.0,1.247912753139878e+27
220.0,2.055912219743161e+27
223.0,3.0822568936104424e+27
227.0,4.8829987688955313e+27
230.0,8.946228777965189e+30
234.0,4.096566413208599e+31
240.0,1.5202324552739217e+32
246.0,9.35814995399358e+31
252.0,5.051844800794627e+32
257.0,6.55511024306004e+32
260.0,5.472049281459439e+32
264.0,6.18984822136661e+32
269.0,1.2916653219782563e+33
274.0,9.369361591796915e+32
279.0,1.1032400010206907e+33
284.0,4.826585457173375e+33
290.0,4.2352592534469834e+33
296.0,7.584727809073605e+33
301.0,1.123026488609628e+34
308.0,2.948763892593893e+34
318.0,7.080925090775488e+34
328.0,3.3670533678073195e+34
338.0,7.104442440788685e+34
348.0,1.0026745690484175e+35
357.0,1.3674139307349846e+35
366.0,2.0100182472705727e+35
375.0,4.300213319391845e+35
385.0,2.9377172951468893e+35
395.0,4.707713231406174e+35
405.0,6.248560802198825e+35
414.0,9.515683753007521e+35
422.0,1.0014747412897109e+36
430.0,1.0095550378177522e+36
441.0,1.2916355820558929e+36
451.0,1.7007089636961546e+36
460.0,1.8674973799938467e+36
470.0,2.0005527280590123e+36
480.0,2.5220866590112433e+36
490.0,2.2307968087771987e+36
500.0,2.99950804426808e+36
506.0,9.512407179025977e+36
512.0,4.028840290702509e+37
520.0,3.8965482120572687e+37
530.0,3.773115144693265e+37
540.0,3.1899953389809224e+37
550.0,3.9910763791883093e+37
560.0,4.5885982356903625e+37
570.0,5.057664665486804e+37
580.0,4.247858363932557e+37
590.0,5.091081174318104e+37
600.0,4.703379488841403e+37
610.0,4.794573917909525e+37
620.0,5.81112228133471e+37
630.0,5.724005114135502e+37
640.0,5.836332311884581e+37
650.0,5.702036745407565e+37
658.0,5.5052876014556835e+37
665.0,5.716892311698141e+37
675.0,6.226873042731481e+37
685.0,5.717418899893474e+37
695.0,6.218849024326785e+37
705.0,5.817548553450481e+37
716.0,6.90684988853395e+37
726.0,6.871634023646834e+37
735.0,6.949603481534594e+37
745.0,6.8923930185627215e+37
755.0,7.048229609261168e+37
765.0,7.667434138733942e+37
775.0,7.262398538391088e+37
785.0,6.940329870270683e+37
795.0,7.472056537302736e+37
805.0,7.464491233006044e+37
815.0,7.305337942634015e+37
825.0,7.728592951573671e+37
835.0,6.339875704826042e+37
845.0,7.842615150496676e+37
855.0,7.402039029356688e+37
865.0,7.8851851559543045e+37
875.0,7.973017653271492e+37
885.0,8.111177421222536e+37
895.0,8.19663495236529e+37
905.0,8.101171942960351e+37
915.0,1.3970588718950376e+38
925.0,4.0679483597797564e+38
935.0,6.223382400035076e+38
945.0,8.543305245765615e+38
955.0,9.554020203689693e+38
965.0,1.0628068634975659e+39
975.0,4.421364091537685e+38
985.0,9.081453221592798e+38
995.0,8.80811291117846e+38
1005.0,9.851126819327613e+38
1015.0,9.71155864269398e+38
1025.0,6.579427532520273e+38
1035.0,8.668774493722053e+38
1045.0,1.068347820878365e+39
1055.0,1.0302076372172277e+39
1065.0,9.131958285544579e+38
1075.0,9.529099039655247e+38
1085.0,8.648868831903475e+38
1095.0,9.582386575176925e+38
1105.0,9.116879858848486e+38
1115.0,8.886266414057141e+38
1125.0,7.868079784898706e+38
1135.0,8.859539601385915e+38
1145.0,8.357876167435951e+38
1155.0,8.230727863991555e+38
1165.0,8.154936225560085e+38
1175.0,6.21450441473874e+38
1185.0,7.793604796219347e+38
1195.0,7.105399959091109e+38
1205.0,6.2255516129354855e+38
1215.0,4.558124825060844e+38
1225.0,6.591359406023551e+38
1235.0,7.361283127359035e+38
1245.0,7.37827017440622e+38
1255.0,7.212135084444688e+38
1265.0,7.068629599207996e+38
1275.0,7.316982297363904e+38
1285.0,7.244343640878497e+38
1295.0,6.594958020123747e+38
1305.0,6.627524584598373e+38
1315.0,6.980370391204434e+38
1325.0,6.705103616929386e+38
1335.0,6.3697593153755525e+38
1345.0,6.560176843661589e+38
1355.0,6.50390231677737e+38
1365.0,6.199932237718882e+38
1375.0,6.1425521635980464e+38
1385.0,6.0643437875875545e+38
1395.0,5.116265198859657e+38
1405.0,5.1306018032373876e+38
1415.0,5.7161020462791805e+38
1425.0,5.459149519215672e+38
1435.0,5.57168996384676e+38
1442.0,5.609608071075116e+38
1447.0,5.551610613947593e+38
1455.0,5.415681782973296e+38
1465.0,5.236219777725142e+38
1475.0,5.18440503714255e+38
1485.0,5.143824657162658e+38
1495.0,5.0477074365813956e+38
1505.0,4.876161648205218e+38
1512.0,4.629064012388674e+38
1517.0,4.703679778250643e+38
1525.0,4.642762729809269e+38
1535.0,4.232415981198975e+38
1545.0,3.906782454200952e+38
1555.0,3.957738711126388e+38
1565.0,4.076176800689087e+38
1575.0,4.261285780309356e+38
1585.0,4.218415767118438e+38
1595.0,4.257881256017273e+38
1605.0,4.086902887322029e+38
1615.0,4.011065016873005e+38
1625.0,3.9665486571107604e+38
1635.0,4.0248086218549935e+38
1645.0,3.955588664799854e+38
1655.0,3.919434133659358e+38
1665.0,3.951140488261567e+38
1672.0,3.758587232720356e+38
1677.0,3.989568222035087e+38
1685.0,3.930230295484985e+38
1695.0,3.803345239557955e+38
1705.0,3.7050598988719414e+38
1715.0,3.5753769627782165e+38
1725.0,3.511796269907957e+38
1735.0,3.5955315435764616e+38
1745.0,3.515634663685502e+38
1755.0,3.528007284262376e+38
1765.0,3.412497256256074e+38
1775.0,3.3704387838669133e+38
1785.0,3.372516520897173e+38
1795.0,3.3765762062965472e+38
1805.0,3.3626329755067827e+38
1815.0,3.204317812282553e+38
1825.0,3.2150149033864323e+38
1835.0,3.1606561122476108e+38
1845.0,2.9849530845105883e+38
1855.0,2.9362660766349177e+38
1865.0,2.956022942269387e+38
1875.0,3.0142072462958326e+38
1885.0,2.8295365215868722e+38
1895.0,2.71667497969176e+38
1905.0,2.8301620864042294e+38
1915.0,2.7193506533034923e+38
1925.0,2.630994453729047e+38
1935.0,2.712084083288206e+38
1945.0,2.7372582916074592e+38
1955.0,2.562418961201639e+38
1967.0,2.6642760231069657e+38
1976.0,2.710017183672855e+38
1984.0,2.593871435723896e+38
1995.0,2.524448508471558e+38
2005.0,2.5611292357084207e+38
2015.0,2.5336747411477164e+38
2025.0,2.563153617720235e+38
2035.0,2.4457119678610254e+38
2045.0,2.4438646776953474e+38
2055.0,2.2507425177217708e+38
2065.0,2.323039185330864e+38
2074.0,2.448991873392125e+38
2078.0,2.336581883240989e+38
2085.0,2.366716856295696e+38
2095.0,2.2786994748083225e+38
2105.0,2.302775345342965e+38
2115.0,2.2990149643559157e+38
2125.0,2.2960561286010853e+38
2135.0,2.2458475417990694e+38
2145.0,2.198952392426339e+38
2155.0,2.2249698368130364e+38
2165.0,2.1823561594707423e+38
2175.0,2.1635603624187054e+38
2185.0,2.124312339142767e+38
2195.0,2.1394951290921078e+38
2205.0,2.1041327821763823e+38
2215.0,2.06135536831305e+38
2225.0,2.024025903023462e+38
2235.0,2.029762485392117e+38
2245.0,2.002598940800814e+38
2255.0,1.9584223626774713e+38
2265.0,1.96142851184436e+38
2275.0,1.9515013655977066e+38
2285.0,1.9408234796306795e+38
2295.0,1.871254250526563e+38
2305.0,1.876495135522572e+38
2315.0,1.846778370436259e+38
2325.0,1.6504518935093863e+38
2335.0,1.7901486314714597e+38
2345.0,1.7667304679042783e+38
2355.0,1.7732074542165357e+38
2365.0,1.7356203686489177e+38
2375.0,1.7267098931577285e+38
2385.0,1.6821542743267013e+38
2395.0,1.6952608830240427e+38
2405.0,1.6662183653122141e+38
2415.0,1.6550794749499956e+38
2425.0,1.6566850003173355e+38
2435.0,1.6201777530761527e+38
2445.0,1.6265189405455495e+38
2455.0,1.6105860470880611e+38
2465.0,1.590120516078932e+38
2475.0,1.5682650498659813e+38
2485.0,1.5699070466867162e+38
2495.0,1.4478730356820362e+38
