WAVE,FLUX
91.0,1e-15
94.0,1e-15
96.0,1e-15
98.0,1e-15
100.0,1e-15
102.0,1e-15
104.0,1e-15
106.0,1e-15
108.0,1e-15
110.0,1e-15
114.0,1e-15
118.0,1e-15
121.0,1e-15
125.0,1e-15
127.0,1e-15
128.0,1e-15
131.0,1e-15
132.0,1e-15
134.0,1e-15
137.0,1e-15
140.0,1e-15
143.0,1e-15
147.0,1e-15
151.0,1e-15
155.0,1e-15
159.0,1e-15
162.0,1e-15
166.0,1e-15
170.0,1e-15
173.0,1e-15
177.0,1e-15
180.0,1e-15
182.0,1e-15
186.0,1e-15
191.0,1e-15
194.0,1e-15
198.0,1e-15
202.0,1e-15
205.0,1e-15
210.0,1e-15
216.0,1e-15
220.0,1e-15
223.0,1e-15
227.0,1e-15
230.0,1.1740592106860732e+25
234.0,2.674483974822749e+25
240.0,6.1699266352739805e+25
246.0,1.4825863591988639e+26
252.0,3.1728533545658196e+26
257.0,5.1313306453012e+26
260.0,8.466228778292932e+26
264.0,1.3376731194298898e+27
269.0,2.224282781891705e+27
274.0,3.81425742218108e+27
279.0,6.409881488846936e+27
284.0,1.1970988125258013e+28
290.0,2.1079485180786278e+28
296.0,3.663447734942117e+28
301.0,5.633003226593316e+28
308.0,1.0376478725675547e+29
318.0,2.492699921432691e+29
328.0,5.165233986987153e+29
338.0,1.0903100117385016e+30
348.0,2.1348137924555097e+30
357.0,8.576893155568592e+30
366.0,1.6852719796415663e+31
375.0,2.551643515730438e+31
385.0,4.26844804880018e+31
395.0,7.914436518873656e+31
405.0,1.203704821170401e+32
414.0,1.7987052406243494e+32
422.0,2.4893158249718816e+32
430.0,3.5260624515454385e+32
441.0,5.3353141952324835e+32
451.0,7.327232966814798e+32
460.0,9.695941800613739e+32
470.0,1.3710080348564103e+33
480.0,1.8713283626795517e+33
490.0,2.5376983657587073e+33
500.0,3.3363376773830023e+33
506.0,2.17095089396886e+34
512.0,1.5040074932558112e+35
520.0,1.6841857948251898e+35
530.0,1.937090895912591e+35
540.0,1.919552523761383e+35
550.0,3.079356709206682e+35
560.0,3.688586734151127e+35
570.0,4.38965107122792e+35
580.0,4.159489190410368e+35
590.0,5.542554854406542e+35
600.0,6.193982870810785e+35
610.0,7.417370966256923e+35
620.0,8.267039258319865e+35
630.0,9.143448013818029e+35
640.0,9.209583715578623e+35
650.0,1.0746820621642293e+36
658.0,1.191296868012359e+36
665.0,1.2501438824083479e+36
675.0,1.2435120555305084e+36
685.0,1.2833644355429332e+36
695.0,1.6335032391682266e+36
705.0,1.6295586652978127e+36
716.0,1.862944856961665e+36
726.0,1.9478701395587337e+36
735.0,2.005995710424619e+36
745.0,2.2961486481123465e+36
755.0,2.4590083303789798e+36
765.0,2.6313583726986666e+36
775.0,2.828850523910705e+36
785.0,3.037875700198415e+36
795.0,3.14477805345264e+36
805.0,3.2826153802961986e+36
815.0,3.3746598149443924e+36
825.0,3.690115842279472e+36
835.0,3.08517639591131e+36
845.0,3.8345994001931776e+36
855.0,3.9259069324409916e+36
865.0,4.1929530550240174e+36
875.0,4.4845616633310616e+36
885.0,4.8609370844722744e+36
895.0,5.090846472809357e+36
905.0,5.057431392703984e+36
915.0,7.792916089802483e+36
925.0,6.134370461945853e+37
935.0,1.3894086553716323e+38
945.0,2.5267949485381695e+38
955.0,3.196023765134298e+38
965.0,3.482009887469762e+38
975.0,5.226488510329177e+37
985.0,2.500978740280795e+38
995.0,2.6036343943829616e+38
1005.0,3.694026443582856e+38
1015.0,3.6858698840536066e+38
1025.0,1.9260164850815766e+38
1035.0,2.7770902902814263e+38
1045.0,4.5086860972048054e+38
1055.0,4.160542857401888e+38
1065.0,3.2992103041387185e+38
1075.0,3.793673928956051e+38
1085.0,3.120326216598007e+38
1095.0,3.916877597057739e+38
1105.0,3.5707545642883456e+38
1115.0,3.4324166501212206e+38
1125.0,2.8407956874429734e+38
1135.0,3.634963045460793e+38
1145.0,3.305141064138186e+38
1155.0,3.381349015403491e+38
1165.0,3.3428739428682e+38
1175.0,1.9776525791678492e+38
1185.0,3.202285139685009e+38
1195.0,2.756068452842809e+38
1205.0,1.9702893052795492e+38
1215.0,1.5563239471829637e+38
1225.0,2.6058535227544828e+38
1235.0,3.1362451303944242e+38
1245.0,3.1667953604499102e+38
1255.0,3.003308878676576e+38
1265.0,2.9244890527072884e+38
1275.0,3.1703703665877133e+38
1285.0,3.152100094519302e+38
1295.0,2.5056476531637242e+38
1305.0,2.6177007655033218e+38
1315.0,3.043336677227824e+38
1325.0,2.826246255785938e+38
1335.0,2.6365135034359137e+38
1345.0,2.812030326199352e+38
1355.0,2.7396810135310195e+38
1365.0,2.4872532098287028e+38
1375.0,2.4485557685429754e+38
1385.0,2.4086849551301167e+38
1395.0,1.773495129014744e+38
1405.0,1.881958316465026e+38
1415.0,2.154566981272024e+38
1425.0,2.119239304440159e+38
1435.0,2.1780608059864847e+38
1442.0,2.227204010704498e+38
1447.0,2.1901305339854412e+38
1455.0,2.119922576601036e+38
1465.0,1.932546711367846e+38
1475.0,1.967025545133927e+38
1485.0,1.9479598443591727e+38
1495.0,1.9176528931383464e+38
1505.0,1.7419673071214016e+38
1512.0,1.5233510631495697e+38
1517.0,1.589754269449633e+38
1525.0,1.6345191005710942e+38
1535.0,1.370345253951507e+38
1545.0,1.3382892825326272e+38
1555.0,1.3060806641596172e+38
1565.0,1.4165111584860558e+38
1575.0,1.5127598868326716e+38
1585.0,1.5304177709431846e+38
1595.0,1.5185531604543615e+38
1605.0,1.5354652778554167e+38
1615.0,1.5117848888265633e+38
1625.0,1.4655140958583038e+38
1635.0,1.5605583076818262e+38
1645.0,1.5572918114579722e+38
1655.0,1.515688655316218e+38
1665.0,1.5651645397607906e+38
1672.0,1.4781891152629825e+38
1677.0,1.6059055536059319e+38
1685.0,1.5805564085215183e+38
1695.0,1.4863805029888004e+38
1705.0,1.4400912114682364e+38
1715.0,1.3510455769205817e+38
1725.0,1.334473641404e+38
1735.0,1.3997484652938337e+38
1745.0,1.3561570937472058e+38
1755.0,1.3853515660959571e+38
1765.0,1.3410964101728156e+38
1775.0,1.273415113578682e+38
1785.0,1.3009781421425358e+38
1795.0,1.3452716808171981e+38
1805.0,1.3536300906714631e+38
1815.0,1.197153942232809e+38
1825.0,1.2518433885318656e+38
1835.0,1.2049249575711029e+38
1845.0,1.0924460532267996e+38
1855.0,1.0956201223921973e+38
1865.0,1.1137302097820927e+38
1875.0,1.1829870759026098e+38
1885.0,1.048455494532382e+38
1895.0,9.699737917819195e+37
1905.0,1.0657123533735463e+38
1915.0,9.908319448927726e+37
1925.0,9.452789785370393e+37
1935.0,1.00760427168858e+38
1945.0,1.0310506491192052e+38
1955.0,9.268298233793466e+37
1967.0,1.014985878613323e+38
1976.0,1.055164083658424e+38
1984.0,9.78002578939527e+37
1995.0,9.569957299749871e+37
2005.0,9.943974455475223e+37
2015.0,9.742266375788157e+37
2025.0,1.0111835596281424e+38
2035.0,9.178675157228577e+37
2045.0,9.398531471064015e+37
2055.0,9.02298010953579e+37
2065.0,9.100809002898542e+37
2074.0,9.702865247929186e+37
2078.0,8.67281335159817e+37
2085.0,9.169380606892173e+37
2095.0,8.607162453227744e+37
2105.0,8.89897527245639e+37
2115.0,8.92503648177391e+37
2125.0,8.998911898710962e+37
2135.0,8.771825831880539e+37
2145.0,8.349298730444389e+37
2155.0,8.736349504522448e+37
2165.0,8.663233099262335e+37
2175.0,8.548304818587154e+37
2185.0,8.248215515643611e+37
2195.0,8.426553840417355e+37
2205.0,8.3335491276408265e+37
2215.0,8.143291852092484e+37
2225.0,7.896779291347989e+37
2235.0,7.893325275760807e+37
2245.0,7.892416575415071e+37
2255.0,7.630447348763394e+37
2265.0,7.736241169900131e+37
2275.0,7.666020918636556e+37
2285.0,7.684931486752808e+37
2295.0,7.195318123965366e+37
2305.0,7.383121237711836e+37
2315.0,7.111643864611098e+37
2325.0,6.092001477584859e+37
2335.0,6.758339430953162e+37
2345.0,6.786564796675429e+37
2355.0,6.817733170572585e+37
2365.0,6.680977359210834e+37
2375.0,6.589159190612129e+37
2385.0,6.48320866810558e+37
2395.0,6.5050404281342445e+37
2405.0,6.330383197655456e+37
2415.0,6.315242038247945e+37
2425.0,6.3436614879915295e+37
2435.0,6.13112259275315e+37
2445.0,6.2026889088304865e+37
2455.0,6.186855887906824e+37
2465.0,6.066385431274231e+37
2475.0,5.957032918333721e+37
2485.0,5.920385686817183e+37
2495.0,5.253757221873956e+37
2505.0,5.790419122538889e+37
2513.0,5.501739205107116e+37
2518.0,5.716892159699865e+37
2525.0,5.588046353747553e+37
2535.0,5.533246270882387e+37
2545.0,5.384061351010447e+37
2555.0,5.473939586745982e+37
2565.0,5.400823690493207e+37
2575.0,5.44277022139222e+37
2585.0,5.373781452023883e+37
2595.0,5.316183950739626e+37
2605.0,5.231665879842031e+37
2615.0,5.159290713476712e+37
2625.0,5.139608042118621e+37
2635.0,5.116700537662823e+37
2645.0,5.151456062282849e+37
2655.0,5.13180328008457e+37
2665.0,4.914960139059978e+37
2675.0,4.960666147156519e+37
2685.0,4.933668894334821e+37
2695.0,4.770017803572007e+37
2705.0,4.712702230843031e+37
2715.0,4.671861936883816e+37
2725.0,4.652217386209809e+37
2735.0,4.660794985167276e+37
2745.0,4.46776169171373e+37
2755.0,4.45779404783506e+37
2765.0,4.443037717127491e+37
2775.0,4.490761596007505e+37
2785.0,4.41387469639568e+37
2795.0,4.1692698008256527e+37
2805.0,4.242774988634247e+37
2815.0,4.32354516399676e+37
2825.0,4.280357073595393e+37
2835.0,4.112159959508148e+37
2845.0,4.1430483346404104e+37
2855.0,4.0872386829761254e+37
2865.0,4.126197389852423e+37
2875.0,4.0741780064226885e+37
2885.0,4.038685173009867e+37
2895.0,3.981988486715565e+37
2910.0,3.9511179994127796e+37
2930.0,3.8767696780921247e+37
2950.0,3.7675584613223507e+37
2970.0,3.7329313228194595e+37
2990.0,3.6611708847333016e+37
3010.0,3.5664817004034627e+37
3030.0,3.5496865091786768e+37
3050.0,3.4907600737890194e+37
3070.0,3.4301254200810797e+37
3090.0,3.3399502664879985e+37
3110.0,3.302554551428296e+37
3130.0,3.229311952348238e+37
3150.0,3.1881592024878367e+37
3170.0,3.11472708919268e+37
3190.0,3.0352187751745327e+37
3210.0,3.018561301419781e+37
3230.0,2.9453031373020634e+37
3250.0,2.9176957313339735e+37
3270.0,2.871111111879825e+37
3290.0,2.820590247800621e+37
3310.0,2.7817621909443763e+37
3330.0,2.7265910197945674e+37
3350.0,2.6771333237625555e+37
3370.0,2.626939071521158e+37
3390.0,2.59149276081052e+37
3410.0,2.557290115553074e+37
3430.0,2.4885134936879368e+37
3450.0,2.4551611314268984e+37
3470.0,2.4281750928687e+37
3490.0,2.391002333687666e+37
3510.0,2.366083135073414e+37
3530.0,2.3300218838930697e+37
3550.0,2.3071721463941016e+37
3570.0,2.2552775667452536e+37
3590.0,2.199530558037349e+37
3610.0,2.172951334730886e+37
3630.0,2.153227907635344e+37
3640.0,2.1517905703397487e+37
3650.0,2.138700642984075e+37
3670.0,2.11801972328978e+37
3690.0,2.036854467836723e+37
3710.0,2.0674737301363088e+37
3730.0,2.029738081809163e+37
3750.0,2.243468623524855e+37
3770.0,2.259643881529622e+37
3790.0,2.4077977262423227e+37
3810.0,2.550468710995578e+37
3830.0,2.2061244101593477e+37
3850.0,2.5681477155170876e+37
3870.0,2.598902578476371e+37
3890.0,2.0892480235866255e+37
3910.0,2.548355425355955e+37
3930.0,2.3189960025050423e+37
3950.0,2.3961279219947286e+37
3970.0,1.831049141471686e+37
3990.0,2.41857745367346e+37
4010.0,2.4904624612764473e+37
4030.0,2.4166290957374984e+37
4050.0,2.430412555008725e+37
4070.0,2.338567985571062e+37
4090.0,2.232852320256743e+37
4110.0,1.961372130332473e+37
4130.0,2.258707531568241e+37
4150.0,2.2791347349459823e+37
4170.0,2.25055691284902e+37
4190.0,2.2400617997760074e+37
4210.0,2.213757267819865e+37
4230.0,2.151097026807084e+37
4250.0,2.1497106102777075e+37
4270.0,2.0825239274754304e+37
4290.0,2.0707134290164107e+37
4310.0,1.9892070969153345e+37
4330.0,1.8954834638288082e+37
4350.0,1.7561434976306348e+37
4370.0,2.028102965144394e+37
4390.0,1.9710607052410284e+37
4410.0,1.9599274702369545e+37
4430.0,1.9632698628358096e+37
4450.0,1.9561402981256606e+37
4470.0,1.9195083249399646e+37
4490.0,1.9438824552321871e+37
4510.0,2.0037336885950077e+37
4530.0,1.8947416419929025e+37
4550.0,1.8888610014730228e+37
4570.0,1.9297897707296677e+37
4590.0,1.8721472314208766e+37
4610.0,1.870682140365794e+37
4630.0,1.8356082460686545e+37
4650.0,1.819994183373479e+37
4670.0,1.8392044116799342e+37
4690.0,1.8164774046565827e+37
4710.0,1.7510961774941258e+37
4730.0,1.7733726245425695e+37
4750.0,1.7757834331519615e+37
4770.0,1.7563861345813345e+37
4790.0,1.7372007172484832e+37
4810.0,1.714549389633443e+37
4830.0,1.7129709582932154e+37
4850.0,1.5839811171429473e+37
4870.0,1.4096782531100382e+37
4890.0,1.6577155067195727e+37
4910.0,1.657677336848867e+37
4930.0,1.604611868003696e+37
4950.0,1.6299714592967316e+37
4970.0,1.6050552999073162e+37
4990.0,1.5401392894681138e+37
5010.0,1.4668307305993693e+37
5030.0,1.5199174461019005e+37
5050.0,1.4978902710603398e+37
5070.0,1.521493144965876e+37
5090.0,1.4722108022007402e+37
5110.0,1.47499313839662e+37
5130.0,1.4223615378305066e+37
5150.0,1.4011350588002453e+37
5170.0,1.360661197435006e+37
5190.0,1.3686424310732626e+37
5210.0,1.369209803461927e+37
5230.0,1.4308694127493388e+37
5250.0,1.4439428347838914e+37
5270.0,1.359439861008116e+37
5290.0,1.4459058005866736e+37
5310.0,1.4734655961791392e+37
5330.0,1.3798758059133418e+37
5350.0,1.4387985782558496e+37
5370.0,1.4319570764606509e+37
5390.0,1.393830616879339e+37
5410.0,1.3819744059013046e+37
5430.0,1.3754347738119708e+37
5450.0,1.377146047514418e+37
5470.0,1.354253603923316e+37
5490.0,1.3550021989472344e+37
5510.0,1.3350575895623789e+37
5530.0,1.367791813286291e+37
5550.0,1.371955420833302e+37
5570.0,1.3618522729561712e+37
5590.0,1.3409420196302985e+37
5610.0,1.3504546356887604e+37
5630.0,1.331404437198293e+37
5650.0,1.3394607744570437e+37
5670.0,1.3141047950472081e+37
5690.0,1.3452407051486275e+37
5710.0,1.3003791574991523e+37
5730.0,1.369745871128141e+37
5750.0,1.3176194589986856e+37
5770.0,1.3303012525696847e+37
5790.0,1.281917274737225e+37
5810.0,1.320991429647686e+37
5830.0,1.3523216471053327e+37
5850.0,1.3109616882938359e+37
5870.0,1.2941660418325448e+37
5890.0,1.2169703575574966e+37
5910.0,1.2813565699124827e+37
5930.0,1.2845174249314755e+37
5950.0,1.2760567818249048e+37
5970.0,1.30187713647136e+37
5990.0,1.2638338990452488e+37
6010.0,1.2509789443571335e+37
6030.0,1.286737624459838e+37
6050.0,1.2993016800191055e+37
6070.0,1.3020869911853146e+37
6090.0,1.2518722136229866e+37
6110.0,1.2509501398340607e+37
6130.0,1.195033280152728e+37
6150.0,1.2168022385027875e+37
6170.0,1.164233254317975e+37
6190.0,1.2085649639858357e+37
6210.0,1.1839408351126984e+37
6230.0,1.146330902058591e+37
6250.0,1.1126024194072831e+37
6270.0,1.1559791475130583e+37
6290.0,1.1883654039377723e+37
6310.0,1.155766227896041e+37
6330.0,1.1773890704621295e+37
6350.0,1.1687725415803999e+37
6370.0,1.1604060916439822e+37
6390.0,1.1785553943268296e+37
6410.0,1.1622511912882127e+37
6430.0,1.1655743992630134e+37
6450.0,1.1636436395208382e+37
6470.0,1.1652792148813507e+37
6490.0,1.1250970863497103e+37
6510.0,1.1664872601865822e+37
6530.0,1.1584838931401906e+37
6550.0,1.1250711803301838e+37
6570.0,1.0560634205851864e+37
6590.0,1.1512774546489084e+37
6610.0,1.1596314895000838e+37
6630.0,1.1544629507136214e+37
6650.0,1.157737231693268e+37
6670.0,1.118201318472266e+37
6690.0,1.1158864395750527e+37
6710.0,1.0606937259785144e+37
6730.0,1.0871012622271948e+37
6750.0,1.0630409633445634e+37
6770.0,1.0668663075619836e+37
6790.0,1.0464777526729505e+37
6810.0,1.065687814722286e+37
6830.0,1.0800155289161236e+37
6850.0,1.0609135591365832e+37
6870.0,1.0816082719048135e+37
6890.0,1.1105548165019696e+37
6910.0,1.1119621382763453e+37
6930.0,1.0982722236013729e+37
6950.0,1.0980193661887736e+37
6970.0,1.1270936422340173e+37
6990.0,1.1119109317065595e+37
7010.0,1.1049942039172696e+37
7030.0,1.1304204355138964e+37
7050.0,1.1537454464933942e+37
7070.0,1.1058850829645127e+37
7090.0,1.0295086501411962e+37
7110.0,9.481782741565455e+36
7130.0,9.201740892359939e+36
7150.0,9.276411379938839e+36
7170.0,9.527522871490831e+36
7190.0,9.420848070341103e+36
7210.0,9.660286351023837e+36
7230.0,1.0058888635707157e+37
7250.0,1.0294612406074328e+37
7270.0,1.0443594479469103e+37
7290.0,1.0423654309900748e+37
7310.0,1.073865771858148e+37
7330.0,1.0869010292170143e+37
7350.0,1.0957967297239848e+37
7370.0,1.1393574593637558e+37
7390.0,1.1243719432351833e+37
7410.0,1.1280023385028189e+37
7430.0,1.14193136046996e+37
7450.0,1.1536657513340255e+37
7470.0,1.1566980408524479e+37
7490.0,1.1566181417421117e+37
7510.0,1.1826874817207938e+37
7530.0,1.2025689879632265e+37
7550.0,1.209205182943217e+37
7570.0,1.2035939609646812e+37
7590.0,1.1919553849288509e+37
7610.0,1.185877966534496e+37
7630.0,1.1606465906019006e+37
7650.0,1.1351414961439746e+37
7670.0,1.0860254433462286e+37
7690.0,1.101539309541419e+37
7710.0,1.083003848719746e+37
7730.0,1.07512757292352e+37
7750.0,1.0757218745734002e+37
7770.0,1.087376642848231e+37
7790.0,1.1143201914669492e+37
7810.0,1.1134737934463907e+37
7830.0,1.0957967297239848e+37
7850.0,1.0670874200130941e+37
7870.0,1.1091492758624802e+37
7890.0,1.063653075076442e+37
7910.0,1.0441190029805575e+37
7930.0,1.068218266207058e+37
7950.0,1.0501709485673984e+37
7970.0,1.1028844157747412e+37
7990.0,1.1135507121477728e+37
8010.0,1.1314360182514587e+37
8030.0,1.1289377618428082e+37
8050.0,1.1331306841326897e+37
8070.0,1.1262894083039164e+37
8090.0,1.1096090750472374e+37
8110.0,1.1145511389316039e+37
8130.0,1.1476778502446415e+37
8150.0,1.1525771357139012e+37
8170.0,1.1684227381673288e+37
8190.0,1.1515160616590852e+37
8210.0,1.1429572847550852e+37
8230.0,1.1786096700582077e+37
8250.0,1.168395834549288e+37
8270.0,1.1939606121886912e+37
8290.0,1.1809730852017455e+37
8310.0,1.121656816578844e+37
8330.0,1.1263412770422663e+37
8350.0,1.126652539638888e+37
8370.0,1.1366584896251363e+37
8390.0,1.1002465108919251e+37
8410.0,1.141668451326881e+37
8430.0,1.0619889550548633e+37
8450.0,1.011020589229008e+37
8470.0,1.0332133286036434e+37
8490.0,1.0493732760322312e+37
8510.0,9.958868549318522e+36
8530.0,1.06625234667708e+37
8550.0,9.993094630025834e+36
8570.0,1.1016407697334977e+37
8590.0,1.0878775136187934e+37
8610.0,1.1028844157747412e+37
8630.0,1.1392262935393321e+37
8650.0,1.1552873021362524e+37
8670.0,1.0485037788040056e+37
8690.0,1.1133456074175975e+37
8710.0,1.16385801034434e+37
8730.0,1.1722223566546203e+37
8750.0,1.1457503537365222e+37
8770.0,1.1776330892125906e+37
8790.0,1.1880097365521312e+37
8810.0,1.1535063775297394e+37
8830.0,1.173545682491284e+37
8850.0,1.1939606121886912e+37
8870.0,1.1524709843251836e+37
8890.0,1.1983950320772726e+37
8910.0,1.2193826180877285e+37
8930.0,1.1787182290197212e+37
8950.0,1.1788539417829794e+37
8970.0,1.1855503416083067e+37
8990.0,1.1875721382041178e+37
9010.0,1.1312797153861744e+37
9030.0,1.1706848550576494e+37
9050.0,1.2169423361020784e+37
9070.0,1.212411368518886e+37
9090.0,1.1598718279185067e+37
9110.0,1.1723843163456012e+37
9130.0,1.2057020518785369e+37
9150.0,1.1897891385992892e+37
9170.0,1.1879003218505378e+37
9190.0,1.209985037703679e+37
9210.0,1.14775713176017e+37
9230.0,1.1256153320268672e+37
9250.0,1.1275868436253808e+37
9270.0,1.1306286858333532e+37
9290.0,1.1173262448017876e+37
9310.0,1.1400660158204033e+37
9330.0,1.134200932469366e+37
9350.0,1.1264190846286262e+37
9370.0,1.1001705111804484e+37
9390.0,1.129119739776399e+37
9410.0,1.0957967297239848e+37
9430.0,1.1316965710184924e+37
9450.0,1.1016407697334977e+37
9470.0,1.1342270487116245e+37
9490.0,1.1386493432783196e+37
9510.0,1.12494165917974e+37
9530.0,1.1268341492084922e+37
9550.0,1.0778045185876343e+37
9570.0,1.1000185275062285e+37
9590.0,1.1370249640958381e+37
9610.0,1.1139610349706051e+37
9630.0,1.1217859595260184e+37
9650.0,1.0874767985504286e+37
9670.0,1.0851505628300213e+37
9690.0,1.1138071461967177e+37
9710.0,1.0992842356786776e+37
9730.0,1.0914403364487483e+37
9750.0,1.0832532482836098e+37
9770.0,1.090008789566229e+37
9790.0,1.0666943628875365e+37
9810.0,1.1098646013962003e+37
9830.0,1.089231017409747e+37
9850.0,1.1087407254307083e+37
9870.0,1.0986516189043786e+37
9890.0,1.0958976609805584e+37
9910.0,1.0884036762342698e+37
9930.0,1.089231017409747e+37
9950.0,1.0857504049195559e+37
9970.0,1.0899585939622346e+37
9990.0,1.0845011078621977e+37
10025.0,1.0631633575037784e+37
10075.0,1.0400398979548434e+37
10125.0,1.0546539899256315e+37
10175.0,1.0364777892383632e+37
10225.0,1.0359528749746861e+37
10275.0,1.0345941061450031e+37
10325.0,1.0090902268402771e+37
10375.0,9.960473858646246e+36
10425.0,9.997467477135476e+36
10475.0,9.899197750805912e+36
10525.0,9.898513962068148e+36
10575.0,9.699737917819196e+36
10625.0,9.685454382862933e+36
10675.0,9.417377940909128e+36
10725.0,9.421932747995513e+36
10775.0,9.298438007836281e+36
10825.0,9.129773430998232e+36
10875.0,9.127671464984916e+36
10925.0,9.124099233344329e+36
10975.0,9.015503784023443e+36
11025.0,9.039616370990283e+36
11075.0,8.972841577259159e+36
11125.0,8.889145194812262e+36
11175.0,8.754472846100469e+36
11225.0,8.728708696304247e+36
11275.0,8.549879619566824e+36
11325.0,8.492195821428455e+36
11375.0,8.390348500376644e+36
11425.0,8.28190033755624e+36
11475.0,8.373750177403918e+36
11525.0,8.3276027513013e+36
11575.0,8.163379753872679e+36
11625.0,8.01087582728907e+36
11675.0,7.999447638264846e+36
11725.0,8.057865240777896e+36
11775.0,7.865023054586546e+36
11825.0,7.802432136953368e+36
11875.0,7.632028790509558e+36
11925.0,7.767656284888655e+36
11975.0,7.436524275985986e+36
12025.0,7.610093628235673e+36
12075.0,7.49704296909345e+36
12125.0,7.483762559468234e+36
12175.0,7.476528617907167e+36
12225.0,7.403379294580442e+36
12275.0,7.334322456843661e+36
12325.0,7.242524950117118e+36
12375.0,7.231027280500638e+36
12425.0,7.157148034265617e+36
12475.0,7.124592018127728e+36
12525.0,7.011807748658499e+36
12575.0,6.989562618161031e+36
12625.0,6.94288545107543e+36
12675.0,6.849833260967466e+36
12725.0,6.846679522406998e+36
12775.0,6.860882790213028e+36
12825.0,6.526795418367334e+36
12875.0,6.678516449535135e+36
12925.0,6.523039374088642e+36
12975.0,6.651965682079714e+36
13025.0,6.522288424656381e+36
13075.0,6.584609132409252e+36
13125.0,6.412834028154812e+36
13175.0,6.41608339222667e+36
13225.0,6.425545452321373e+36
13275.0,6.285502449888027e+36
13325.0,6.369274994112103e+36
13375.0,6.268880626788988e+36
13425.0,6.337091823032377e+36
13475.0,6.283331889115635e+36
13525.0,6.266715805999694e+36
13575.0,6.148511646318641e+36
13625.0,6.104498621506333e+36
13675.0,6.146105347195273e+36
13725.0,6.1717737932631e+36
13775.0,6.118430060494662e+36
13825.0,6.140023028641643e+36
13875.0,6.039347231053768e+36
13925.0,6.098457477866884e+36
13975.0,6.107451122059615e+36
14025.0,5.977780995509241e+36
14075.0,6.061777620466984e+36
14125.0,5.961835654666515e+36
14175.0,6.031287070096361e+36
14225.0,5.929116721270438e+36
14275.0,5.786820349486246e+36
14325.0,5.943605829675885e+36
14375.0,5.947439049518112e+36
14425.0,5.756784866648438e+36
14475.0,5.900651969956628e+36
14525.0,5.82116621347099e+36
14570.0,5.861246683394059e+36
14620.0,5.868403939953755e+36
14675.0,5.86165157795568e+36
14725.0,5.732050395406052e+36
14775.0,5.800961725227047e+36
14825.0,5.789352586153277e+36
14875.0,5.732578361071086e+36
14925.0,5.884370370258761e+36
14975.0,5.773511032012108e+36
15025.0,5.762354864094208e+36
15075.0,5.684339388959631e+36
15125.0,5.786420623904323e+36
15175.0,5.790819124336948e+36
15225.0,5.807109296049428e+36
15275.0,5.853828571033406e+36
15325.0,5.797489890497794e+36
15375.0,5.883151062888617e+36
15425.0,5.859897236836895e+36
15475.0,5.864891741533971e+36
15525.0,5.758508337896376e+36
15575.0,5.343551507586157e+36
15625.0,5.519376244069573e+36
15675.0,5.545235565352496e+36
15725.0,5.764743655329482e+36
15775.0,5.1038746538731343e+36
15825.0,5.2530314386267915e+36
15875.0,5.271448888576223e+36
15925.0,5.461475628733133e+36
15975.0,5.187880932541328e+36
16050.0,5.786154155522633e+36
16150.0,5.781892329892642e+36
16250.0,5.77390986580031e+36
16350.0,5.771118607756212e+36
16450.0,5.644298845038964e+36
16550.0,5.608284026900763e+36
16650.0,5.52891610417275e+36
16750.0,5.401196779062612e+36
16850.0,5.277278330073339e+36
16950.0,5.2956588526539814e+36
17050.0,5.097884597773773e+36
17150.0,5.1023471087688534e+36
17250.0,4.898690482712495e+36
17350.0,4.825252006547399e+36
17450.0,4.761129563620562e+36
17550.0,4.669280883804193e+36
17650.0,4.616257220930308e+36
17750.0,4.503705665969571e+36
17850.0,4.489210809728099e+36
17950.0,4.3737101647026754e+36
18050.0,4.2663845701126463e+36
18150.0,4.2274647987311074e+36
18250.0,4.132663076389704e+36
18350.0,4.048647816195216e+36
18450.0,3.96360164515673e+36
18550.0,3.9414861061385004e+36
18650.0,3.811096977435529e+36
18750.0,3.7658238359752525e+36
18850.0,3.727863484701751e+36
18950.0,3.534679165215712e+36
19050.0,3.647035577863982e+36
19150.0,3.564347186228881e+36
19250.0,3.528336521014691e+36
19350.0,3.41098649559856e+36
19450.0,3.3366449795906635e+36
19550.0,3.35258656261224e+36
19650.0,3.288062014824215e+36
19750.0,3.207229220197583e+36
19850.0,3.1852241511949026e+36
19950.0,3.142461748814257e+36
20050.0,3.1396410591295355e+36
20150.0,3.088588143931281e+36
20250.0,2.978790773564211e+36
20350.0,2.951073321588305e+36
20450.0,2.967973370424563e+36
20550.0,2.9044238877364495e+36
20650.0,2.849640011199638e+36
20750.0,2.819421453199317e+36
20850.0,2.7593703919373194e+36
20950.0,2.7042696867407146e+36
21050.0,2.707696602330501e+36
21150.0,2.6485001386067117e+36
21250.0,2.6015968615447877e+36
21350.0,2.603574444175749e+36
21450.0,2.5578790211605668e+36
21550.0,2.5080142515363982e+36
21650.0,2.473204340392044e+36
21750.0,2.4175195788214608e+36
21850.0,2.394363039982218e+36
21950.0,2.3708277395462637e+36
22050.0,2.2900238213836284e+36
22150.0,2.318462095413139e+36
22250.0,2.2315159738717533e+36
22350.0,2.2132475900525188e+36
22450.0,2.1874593943891646e+36
22550.0,2.1727512077331776e+36
22650.0,2.1072205841704108e+36
22750.0,2.123880120769362e+36
22850.0,2.0673785216447625e+36
22950.0,1.672245361601648e+36
23050.0,1.837976693477993e+36
23150.0,1.809255910253822e+36
23250.0,1.495202450017061e+36
23350.0,1.6687835113653924e+36
23450.0,1.554712176611622e+36
23550.0,1.3037370271381532e+36
23650.0,1.504353843652703e+36
23750.0,1.4054001643876124e+36
23850.0,1.2328777078439965e+36
23950.0,1.3893766634233878e+36
24050.0,1.340571554841675e+36
24150.0,1.1868613846449119e+36
24250.0,1.3134090365327372e+36
24350.0,1.2738843434739538e+36
24450.0,1.1894604331255915e+36
24550.0,1.2041483641134313e+36
24650.0,1.2546714044947714e+36
24750.0,1.200245261293601e+36
24850.0,1.1316183988888602e+36
24950.0,1.1807011874042074e+36
25050.0,1.2318277969890117e+36
25150.0,1.0980193661887737e+36
25250.0,1.1749787167906095e+36
25350.0,1.1630007639307748e+36
25450.0,1.1461461502369559e+36
25550.0,1.1185103316044558e+36
25650.0,1.122380208622107e+36
25750.0,1.1365014652986061e+36
25850.0,1.0646822163503645e+36
25950.0,1.0783754691825246e+36
26050.0,1.1089960518117618e+36
26150.0,1.0750038014123895e+36
26250.0,1.0588879350750459e+36
26350.0,1.0725807543104251e+36
26450.0,1.0667926135936437e+36
26550.0,1.0439266868659513e+36
26650.0,1.0213862334319224e+36
26750.0,1.0638490252607424e+36
26850.0,1.0478280013044637e+36
26950.0,9.974014609078346e+35
27050.0,1.0264552019284109e+36
27150.0,1.0126514758715081e+36
27250.0,1.0222097052576566e+36
27350.0,9.694825578317224e+35
27450.0,9.9188197932548e+35
27550.0,9.988493699364997e+35
27650.0,9.759554643169591e+35
27750.0,9.413042076543066e+35
27850.0,9.599530659021615e+35
27950.0,9.636293074677646e+35
28050.0,9.518970918393963e+35
28150.0,9.219131293728701e+35
28250.0,9.270005674677886e+35
28350.0,9.293300920657907e+35
28450.0,9.171280998915788e+35
28550.0,9.021318168251287e+35
28650.0,8.962104426320897e+35
28750.0,8.905329640884675e+35
28850.0,8.812111831569617e+35
28950.0,8.71184219351548e+35
29050.0,8.602605353531556e+35
29150.0,8.566235308688368e+35
29250.0,8.343917473520906e+35
29350.0,8.422868103835743e+35
29450.0,8.260950122280925e+35
29550.0,8.174665674032835e+35
29650.0,8.156803497361543e+35
29750.0,8.077556417133267e+35
29850.0,7.943282347242789e+35
29950.0,7.873901906073215e+35
30050.0,7.774634836750033e+35
30150.0,7.739270032780555e+35
30250.0,7.613949640212547e+35
30350.0,7.5063705597023e+35
30450.0,7.477217263353666e+35
30550.0,7.368176151138496e+35
30650.0,7.290880834748969e+35
30750.0,7.232525940787035e+35
30850.0,7.096758065269416e+35
30950.0,7.031208880765864e+35
31050.0,7.003255967370565e+35
31150.0,6.859303195433885e+35
31250.0,6.827001527147332e+35
31350.0,6.7486980905839e+35
31450.0,6.665765020826315e+35
31550.0,6.591435398635927e+35
31650.0,6.481716025995505e+35
31750.0,6.455353060839573e+35
31850.0,6.372795758282674e+35
31950.0,6.3172781599190065e+35
32100.0,6.194838660282709e+35
32300.0,6.036705647858439e+35
32500.0,5.905273274791798e+35
32700.0,5.7640800028929084e+35
32900.0,5.6353383949495396e+35
33100.0,5.5031328860931695e+35
33300.0,5.3755140337371006e+35
33500.0,5.2781289953959555e+35
33700.0,5.1514560622828485e+35
33900.0,5.0316450864690055e+35
34100.0,4.909643972640372e+35
34300.0,4.8274746289538786e+35
34500.0,4.730967885453319e+35
34700.0,4.6261530849788054e+35
34900.0,4.531896679120737e+35
35100.0,4.446926997923077e+35
35300.0,4.333811323681214e+35
35500.0,4.2583367250713e+35
35700.0,4.165719277044193e+35
35900.0,4.07821389494683e+35
36100.0,4.0076519721450246e+35
36300.0,3.926901429206611e+35
36500.0,3.8267491992910786e+35
36700.0,3.747140695144051e+35
36900.0,3.648631472787013e+35
37100.0,3.562542056685175e+35
37300.0,3.521113302198462e+35
37500.0,3.4178263997185585e+35
37700.0,3.385711900203532e+35
37900.0,3.315736423087682e+35
38100.0,3.262120503942671e+35
38300.0,3.2109977407640578e+35
38500.0,3.1531889793556012e+35
38700.0,3.0683860527015186e+35
38900.0,3.0197431167326366e+35
39100.0,2.9711870943634194e+35
39300.0,2.9184348316279456e+35
39500.0,2.840991929434934e+35
39700.0,2.7936371670782954e+35
39900.0,2.7163141750681553e+35
40100.0,2.6850353017500986e+35
40300.0,2.6517342619961688e+35
40500.0,2.5944183058715223e+35
40700.0,2.5540535574552973e+35
40900.0,2.509573963702835e+35
41100.0,2.4659825552339013e+35
41300.0,2.425046105962319e+35
41500.0,2.376347778727369e+35
41700.0,2.3311488218003235e+35
41900.0,2.286125142543452e+35
42100.0,2.2410936239255698e+35
42300.0,2.2194736838934856e+35
42500.0,2.168253219905236e+35
42700.0,2.139193153706164e+35
42900.0,1.94245067725899e+35
43100.0,1.7483162733233874e+35
43300.0,1.7878455588082226e+35
43500.0,1.6390039491637275e+35
43700.0,1.5668953798600908e+35
43900.0,1.5009976074844111e+35
44100.0,1.3787007124081693e+35
44300.0,1.3735358524784369e+35
44500.0,1.3310979052894436e+35
44700.0,1.2483604468759764e+35
44900.0,1.2806781500886225e+35
45100.0,1.2252084968852079e+35
45300.0,1.177036688197225e+35
45500.0,1.1947581452483794e+35
45700.0,1.1723573215098825e+35
45900.0,1.1128073872245579e+35
46100.0,1.1473607789425272e+35
46300.0,1.1086641389799618e+35
46500.0,1.1030621940666502e+35
46700.0,1.11211577213536e+35
46900.0,1.0784002999812063e+35
47100.0,1.0522041248852475e+35
47300.0,1.0784002999812063e+35
47500.0,1.0443834954887231e+35
47700.0,1.0323572213004506e+35
47900.0,1.02654974630015e+35
48100.0,9.896007140774773e+34
48300.0,1.0168572747866929e+35
48500.0,9.930017182919918e+34
48700.0,9.66228848529161e+34
48900.0,9.56400952572584e+34
49100.0,9.457579486050553e+34
49300.0,9.324810182613015e+34
49500.0,9.082177805323956e+34
49700.0,9.2187067468186e+34
49900.0,9.036078600843417e+34
50100.0,8.971188870983013e+34
50300.0,8.861556279119778e+34
50500.0,8.596664936260909e+34
50700.0,8.632766614773656e+34
50900.0,8.489654181394041e+34
51100.0,8.352567615222775e+34
51300.0,8.321085797882013e+34
51500.0,8.131113063665084e+34
51700.0,8.226592778705853e+34
51900.0,8.063433339825248e+34
52100.0,8.000184448551027e+34
52300.0,7.844585484718549e+34
52500.0,7.835920117972268e+34
52700.0,7.9261082614897245e+34
52900.0,7.6476851495171465e+34
53100.0,7.495316909882712e+34
53300.0,7.534596508410814e+34
53500.0,7.436181819272586e+34
53700.0,7.366310143681237e+34
53900.0,7.319476149903117e+34
54100.0,7.25320579731409e+34
54300.0,7.089734960260323e+34
54500.0,7.15352336509331e+34
54700.0,6.946563339328875e+34
54900.0,6.9786272188588445e+34
55100.0,6.802209444262823e+34
55300.0,7.023441994454365e+34
55500.0,6.710115566972064e+34
55700.0,6.774230970034645e+34
55900.0,6.63605535412322e+34
56100.0,6.688981579972898e+34
56300.0,6.480223727539515e+34
56500.0,6.525442993340306e+34
56700.0,6.4419893128920965e+34
56900.0,6.265417272377903e+34
57100.0,6.3299459253789285e+34
57300.0,6.270613021846945e+34
57500.0,6.18158720057992e+34
57700.0,6.118289180058171e+34
57900.0,6.119839043288605e+34
58100.0,6.019910021697945e+34
58300.0,5.967466642144211e+34
58500.0,5.901059586633028e+34
58700.0,5.782158602005489e+34
58900.0,5.751617547206492e+34
59100.0,5.688529308438448e+34
59300.0,5.660176840087428e+34
59500.0,5.556355187092059e+34
59700.0,5.555715524883402e+34
59900.0,5.498573060814397e+34
60100.0,5.437133543446633e+34
60300.0,5.372173126172496e+34
60500.0,5.27679229715968e+34
60700.0,5.233593651867601e+34
60900.0,5.164639351678737e+34
61100.0,5.102347108768853e+34
61300.0,5.078202325232469e+34
61500.0,5.042083110102817e+34
61700.0,5.022269341823869e+34
61900.0,4.944700596119673e+34
62100.0,4.920055479683552e+34
62300.0,4.83682082835495e+34
62500.0,4.7552132733106265e+34
62700.0,4.707821630771999e+34
62900.0,4.667453500667629e+34
63100.0,4.618915317184106e+34
63300.0,4.602247812816788e+34
63500.0,4.533670989580798e+34
63700.0,4.522618969590729e+34
63900.0,4.445288991223171e+34
64200.0,4.386215850743485e+34
64600.0,4.277598314820376e+34
65000.0,4.192277285302068e+34
65400.0,4.100435643342954e+34
65800.0,4.0264285793837185e+34
66200.0,3.933417086520778e+34
66600.0,3.852476515841049e+34
67000.0,3.7757219092541444e+34
67400.0,3.687907333941884e+34
67800.0,3.6111871803602604e+34
68200.0,3.53199434852509e+34
68600.0,3.466410567551615e+34
69000.0,3.3873494329279045e+34
69400.0,3.3178748466327146e+34
69800.0,3.2478054032913085e+34
70200.0,3.1774593263823483e+34
70600.0,3.116807641767177e+34
71000.0,3.0481055380270067e+34
71400.0,2.987720727181579e+34
71800.0,2.9237484191679854e+34
72200.0,2.865761210571168e+34
72600.0,2.8046585750746285e+34
73000.0,2.7476410743527307e+34
73400.0,2.689428482640054e+34
73800.0,2.6356030411726237e+34
74200.0,2.57626183569862e+34
74600.0,2.524585014560768e+34
75000.0,2.473944770453212e+34
75400.0,2.423371521905711e+34
75800.0,2.3785374841576124e+34
76200.0,2.331793031020227e+34
76600.0,2.284704304883198e+34
77000.0,2.238618044023788e+34
77400.0,2.194724440577846e+34
77800.0,2.1519392159004524e+34
78200.0,2.109210865924139e+34
78600.0,2.0690929455033758e+34
79000.0,2.027495971641324e+34
79400.0,1.9880165704802585e+34
79800.0,1.9506529102144269e+34
80200.0,1.9102490835466168e+34
80600.0,1.8740449350308935e+34
81000.0,1.840517706985202e+34
81400.0,1.8043467429891317e+34
81800.0,1.7714137034243776e+34
82200.0,1.7375207509217914e+34
82600.0,1.705375423541831e+34
83000.0,1.6731312082162367e+34
83400.0,1.6413076737612082e+34
83800.0,1.6106456351782732e+34
84200.0,1.5820856814337932e+34
84600.0,1.5518151947867723e+34
85000.0,1.524333520548206e+34
85400.0,1.4969248567600256e+34
85800.0,1.4705506924831263e+34
86200.0,1.444541423046732e+34
86600.0,1.4192862651718378e+34
87000.0,1.3940873936166613e+34
87400.0,1.3689260878730727e+34
87800.0,1.3445284615907936e+34
88200.0,1.3196537615064458e+34
88600.0,1.2966417465668469e+34
89000.0,1.274177699956508e+34
89400.0,1.253025761688922e+34
89800.0,1.229787289303511e+34
90200.0,1.2100128989595567e+34
90600.0,1.1894878217795427e+34
91000.0,1.1673470764921919e+34
91400.0,1.1486560384588892e+34
91800.0,1.129535799497691e+34
92200.0,1.1116549342268728e+34
92600.0,1.0925718329669637e+34
93000.0,1.0744593760183027e+34
93400.0,1.0563309388106906e+34
93800.0,1.038914960005374e+34
94200.0,1.021833178647999e+34
94600.0,1.0047083230733398e+34
95000.0,9.883710132182238e+33
95400.0,9.726576345724973e+33
95800.0,9.570177658696942e+33
96200.0,9.411091588919545e+33
96600.0,9.264884295446652e+33
97000.0,9.110873149356224e+33
97400.0,8.950349617355145e+33
97800.0,8.820231825327508e+33
98200.0,8.68400370354732e+33
98600.0,8.549092182815855e+33
99000.0,8.415501466340838e+33
99400.0,8.282663163895615e+33
99800.0,8.154362237320112e+33
100200.0,8.028048730422978e+33
200000.0,5.262353274898868e+32
400000.0,3.3290475623611974e+31
600000.0,6.566591497359871e+30
800000.0,2.0690453034261728e+30
1000000.0,8.436260855781548e+29
1200000.0,4.050979076148492e+29
1400000.0,2.1774590686821613e+29
1600000.0,1.2709837559320802e+29
