WAVE,FLUX
91.0,1e-15
94.0,1e-15
96.0,1e-15
98.0,1e-15
100.0,1e-15
102.0,1e-15
104.0,1e-15
106.0,1e-15
108.0,1e-15
110.0,1e-15
114.0,1e-15
118.0,1e-15
121.0,1e-15
125.0,1e-15
127.0,1e-15
128.0,1e-15
131.0,1e-15
132.0,1e-15
134.0,1e-15
137.0,1e-15
140.0,1e-15
143.0,1e-15
147.0,1e-15
151.0,1e-15
155.0,1e-15
159.0,1e-15
162.0,1e-15
166.0,1e-15
170.0,1e-15
173.0,1e-15
177.0,1e-15
180.0,1e-15
182.0,1e-15
186.0,1e-15
191.0,1e-15
194.0,1e-15
198.0,1e-15
202.0,1e-15
205.0,1e-15
210.0,1e-15
216.0,1e-15
220.0,1e-15
223.0,1e-15
227.0,1e-15
230.0,2.0613892172456543e+23
234.0,4.873489110517073e+23
240.0,1.234241087936052e+24
246.0,3.2087065439762905e+24
252.0,7.353261316758765e+24
257.0,1.2630775033594042e+25
260.0,2.0772080644034168e+25
264.0,3.4113792225381782e+25
269.0,5.874758252432599e+25
274.0,1.0528584814440794e+26
279.0,1.861486967432338e+26
284.0,3.532563684634387e+26
290.0,6.567952450584403e+26
296.0,1.1975123472186802e+27
301.0,1.9269036527132584e+27
308.0,3.6946218982850725e+27
318.0,9.306363247892389e+27
328.0,2.064809549019419e+28
338.0,4.599069790430759e+28
348.0,9.51108362126332e+28
357.0,2.6626862769241243e+29
366.0,4.978287799834666e+29
375.0,8.204082141642127e+29
385.0,1.4454397707459278e+30
395.0,2.558703716853209e+30
405.0,4.1916981407978923e+30
414.0,6.537323852287962e+30
422.0,9.437565960626489e+30
430.0,1.3736307362509344e+31
441.0,2.19750564817616e+31
451.0,3.249825185116164e+31
460.0,4.544331449957097e+31
470.0,6.654570033662639e+31
480.0,9.474580716325959e+31
490.0,1.3418068356534925e+32
500.0,1.854769731884859e+32
506.0,2.042396229316491e+33
512.0,1.6210633981552077e+34
520.0,1.9401709605112382e+34
530.0,2.459404707637115e+34
540.0,2.6149898048025925e+34
550.0,4.142189848676505e+34
560.0,4.95358933912229e+34
570.0,6.221140361292752e+34
580.0,6.027261024448446e+34
590.0,8.248405440011149e+34
600.0,9.848724748828832e+34
610.0,1.2024859203095783e+35
620.0,1.3523527858204945e+35
630.0,1.54714137299661e+35
640.0,1.6193845816824835e+35
650.0,1.9105570041358793e+35
658.0,2.18232787516453e+35
665.0,2.3228437648025662e+35
675.0,2.4077422852891205e+35
685.0,2.607834341051695e+35
695.0,3.2461605833062248e+35
705.0,3.419321995712252e+35
716.0,3.89134736263597e+35
726.0,4.1795545706429835e+35
735.0,4.4072734782336846e+35
745.0,5.083583951577112e+35
755.0,5.57442401543748e+35
765.0,6.1082949559028086e+35
775.0,6.675441587118717e+35
785.0,7.257048073063931e+35
795.0,7.650327022599343e+35
805.0,8.154737768225561e+35
815.0,8.575905761092504e+35
825.0,9.459321797041565e+35
835.0,8.62561361515483e+35
845.0,1.0240236809818586e+36
855.0,1.0733713522475781e+36
865.0,1.1592310361327346e+36
875.0,1.2551915300553964e+36
885.0,1.3716079699860652e+36
895.0,1.454521013864367e+36
905.0,1.4577061968015738e+36
915.0,2.379194789157984e+36
925.0,1.8770679742098657e+37
935.0,5.070140565972555e+37
945.0,1.1355597747710106e+38
955.0,1.6276086902312562e+38
965.0,1.8398397600936187e+38
975.0,2.422869372215713e+37
985.0,1.4421817649202919e+38
995.0,1.5042152939238577e+38
1005.0,2.1766068920661707e+38
1015.0,2.106541405988206e+38
1025.0,8.665028590123319e+37
1035.0,1.4587806702223724e+38
1045.0,2.6644648785896615e+38
1055.0,2.484276893696818e+38
1065.0,1.9413775358926273e+38
1075.0,2.286704255624629e+38
1085.0,1.7809429185315598e+38
1095.0,2.3558628295884285e+38
1105.0,2.1270612703159837e+38
1115.0,2.009046552069722e+38
1125.0,1.7089131827974113e+38
1135.0,2.2150829793795105e+38
1145.0,1.9844949587586056e+38
1155.0,2.0651899360282795e+38
1165.0,2.0750568523535136e+38
1175.0,1.2965820353826285e+38
1185.0,2.0291305989299906e+38
1195.0,1.6192727224220728e+38
1205.0,1.0683166572762944e+38
1215.0,7.5807120418180805e+37
1225.0,1.5279178338196081e+38
1235.0,1.974785819563156e+38
1245.0,2.0196215681014837e+38
1255.0,1.9073482709942458e+38
1265.0,1.78307659741088e+38
1275.0,2.0004145282373113e+38
1285.0,1.9976527616338627e+38
1295.0,1.5339810690766386e+38
1305.0,1.6041316216870577e+38
1315.0,1.914079623653894e+38
1325.0,1.7679500878506276e+38
1335.0,1.6019538480621829e+38
1345.0,1.782419808708396e+38
1355.0,1.7262750751000257e+38
1365.0,1.5446852516191595e+38
1375.0,1.5439385106352774e+38
1385.0,1.5380483920144066e+38
1395.0,1.212523040875254e+38
1405.0,1.2846653189784995e+38
1415.0,1.3728402383821931e+38
1425.0,1.372176571742502e+38
1435.0,1.3937985231128174e+38
1442.0,1.4333425715665529e+38
1447.0,1.4109772128638938e+38
1455.0,1.3693359181529346e+38
1465.0,1.2476420396311227e+38
1475.0,1.2617984802724701e+38
1485.0,1.2476420396311227e+38
1495.0,1.2339569261396098e+38
1505.0,1.1255375799598525e+38
1512.0,9.828562416381667e+37
1517.0,1.0311218740348308e+38
1525.0,1.0579131122366855e+38
1535.0,9.001606000762762e+37
1545.0,9.083223489878601e+37
1555.0,8.778291533768284e+37
1565.0,9.30229268665054e+37
1575.0,9.876885064664224e+37
1585.0,1.0012672240518557e+38
1595.0,9.985734157824176e+37
1605.0,1.0074186812165758e+38
1615.0,1.0003915160882275e+38
1625.0,9.594889996490623e+37
1635.0,1.0211745907779383e+38
1645.0,1.0166465705836063e+38
1655.0,9.764274947369879e+37
1665.0,1.027069896026285e+38
1672.0,9.731280699648513e+37
1677.0,1.0315018233567813e+38
1685.0,1.0330943823704502e+38
1695.0,9.700854705702253e+37
1705.0,9.335981877299734e+37
1715.0,8.751852708843426e+37
1725.0,8.657848858645788e+37
1735.0,9.125780109344597e+37
1745.0,8.784155192614556e+37
1755.0,9.057951688507544e+37
1765.0,8.626805370036232e+37
1775.0,8.3341248087036185e+37
1785.0,8.500608206848638e+37
1795.0,8.847692084513497e+37
1805.0,8.89037336044184e+37
1815.0,7.851813943274854e+37
1825.0,8.230761168982399e+37
1835.0,7.871001587700098e+37
1845.0,7.16192881355778e+37
1855.0,7.066266295584479e+37
1865.0,7.202611664211507e+37
1875.0,7.783411648667747e+37
1885.0,6.896361203494429e+37
1895.0,6.390428793418778e+37
1905.0,7.031046983062306e+37
1915.0,6.511634267815649e+37
1925.0,6.261234938549642e+37
1935.0,6.644464723077411e+37
1945.0,6.778599886364949e+37
1955.0,6.142992710922306e+37
1967.0,6.728217155215469e+37
1976.0,6.97428996881732e+37
1984.0,6.465915131917968e+37
1995.0,6.311462410374058e+37
2005.0,6.562963667292253e+37
2015.0,6.383810694991306e+37
2025.0,6.680515869584048e+37
2035.0,6.073233794582431e+37
2045.0,6.228737089440333e+37
2055.0,6.019355593027657e+37
2065.0,6.038234844638981e+37
2074.0,6.401326809915302e+37
2078.0,5.746984158403625e+37
2085.0,6.080649911794731e+37
2095.0,5.715444343689019e+37
2105.0,5.888029808817649e+37
2115.0,5.899565129800223e+37
2125.0,5.9593651925593485e+37
2135.0,5.786553862696937e+37
2145.0,5.540513277832346e+37
2155.0,5.786687104557617e+37
2165.0,5.726245981368265e+37
2175.0,5.654966024598645e+37
2185.0,5.450545884127815e+37
2195.0,5.587145739674184e+37
2205.0,5.49831984799755e+37
2215.0,5.3622863264413255e+37
2225.0,5.185372976109492e+37
2235.0,5.241915309134522e+37
2245.0,5.213867617075104e+37
2255.0,5.027244411437877e+37
2265.0,5.116818355403115e+37
2275.0,5.088268262301121e+37
2285.0,5.111401546174643e+37
2295.0,4.826140932685192e+37
2305.0,4.894631490651292e+37
2315.0,4.707279653975898e+37
2325.0,3.9084989534021833e+37
2335.0,4.453895262721352e+37
2345.0,4.448463177368834e+37
2355.0,4.494175211799841e+37
2365.0,4.378546840172626e+37
2375.0,4.348204888892152e+37
2385.0,4.254024629440662e+37
2395.0,4.314594643821234e+37
2405.0,4.1673502231602632e+37
2415.0,4.175899133678694e+37
2425.0,4.2039737926902643e+37
2435.0,4.043709981063812e+37
2445.0,4.1170865794254347e+37
2455.0,4.099397198640827e+37
2465.0,4.016798072815651e+37
2475.0,3.9402157259092726e+37
2485.0,3.9615943170106964e+37
2495.0,3.672146508290376e+37
2505.0,3.8976245309772116e+37
2513.0,3.6856152819758393e+37
2518.0,3.8300108122644676e+37
2525.0,3.7125302413949217e+37
2535.0,3.6719774035880062e+37
2545.0,3.5789035954273533e+37
2555.0,3.6592324618422305e+37
2565.0,3.610771451003536e+37
2575.0,3.6563688469201047e+37
2585.0,3.6240985589974173e+37
2595.0,3.589963226992196e+37
2605.0,3.5221674561537763e+37
2615.0,3.4812883760672573e+37
2625.0,3.466330751417577e+37
2635.0,3.450324960710381e+37
2645.0,3.4907600737890194e+37
2655.0,3.473681534332487e+37
2665.0,3.3366449795906634e+37
2675.0,3.373960547677858e+37
2685.0,3.346724785020051e+37
2695.0,3.247954973701394e+37
2705.0,3.220030608730164e+37
2715.0,3.1832445192201926e+37
2725.0,3.158639048423454e+37
2735.0,3.1815591365275505e+37
2745.0,3.034589843888821e+37
2755.0,3.0266346519101493e+37
2765.0,3.0262862177764327e+37
2775.0,3.063021181050331e+37
2785.0,3.016129608418692e+37
2795.0,2.83641647983597e+37
2805.0,2.8995459797935e+37
2815.0,2.959238714226403e+37
2825.0,2.9217967387949925e+37
2835.0,2.798916871449728e+37
2845.0,2.813519956609973e+37
2855.0,2.7920937726221127e+37
2865.0,2.8182531429224635e+37
2875.0,2.776323057878849e+37
2885.0,2.7560049927521e+37
2895.0,2.7216357438978514e+37
2910.0,2.7004739982813917e+37
2930.0,2.645087237173209e+37
2950.0,2.575965249666876e+37
2970.0,2.5493531475035035e+37
2990.0,2.4999423861163094e+37
3010.0,2.4441620690527363e+37
3030.0,2.4299089463378993e+37
3050.0,2.3840205793358307e+37
3070.0,2.342124623585395e+37
3090.0,2.2854935500843443e+37
3110.0,2.252734447105815e+37
3130.0,2.20927612861675e+37
3150.0,2.1763062034824775e+37
3170.0,2.1282370526642546e+37
3190.0,2.0745313394611364e+37
3210.0,2.060487574914624e+37
3230.0,2.022041198646201e+37
3250.0,1.9918195925626796e+37
3270.0,1.9578075546512035e+37
3290.0,1.9240661538123375e+37
3310.0,1.8962255760998662e+37
3330.0,1.8612298112679242e+37
3350.0,1.8268378453085128e+37
3370.0,1.796221953289208e+37
3390.0,1.7683572202734387e+37
3410.0,1.7413256608516477e+37
3430.0,1.691219587739657e+37
3450.0,1.6675927564258357e+37
3470.0,1.6522661288669077e+37
3490.0,1.6268967815430825e+37
3510.0,1.6062013995886116e+37
3530.0,1.5819763986011459e+37
3550.0,1.5604505118561157e+37
3570.0,1.5339104282643667e+37
3590.0,1.4956156468043523e+37
3610.0,1.4748912529992672e+37
3630.0,1.4586463177446246e+37
3640.0,1.458243334549303e+37
3650.0,1.4479381134192029e+37
3670.0,1.4284005212403662e+37
3690.0,1.3381352151540197e+37
3710.0,1.3291377715599042e+37
3730.0,1.3097849623996766e+37
3750.0,1.4543535655834457e+37
3770.0,1.4661553856003943e+37
3790.0,1.5670397029040632e+37
3810.0,1.6616899758828331e+37
3830.0,1.4376064082203225e+37
3850.0,1.6929728755843152e+37
3870.0,1.7182248667250244e+37
3890.0,1.3422085469480961e+37
3910.0,1.7096216148411144e+37
3930.0,1.6453185721681335e+37
3950.0,1.6482382939562763e+37
3970.0,1.2429395289053507e+37
3990.0,1.599815867686535e+37
4010.0,1.6328263490142455e+37
4030.0,1.5695313688985572e+37
4050.0,1.5903766838224767e+37
4070.0,1.5270033857590434e+37
4090.0,1.4186981421271203e+37
4110.0,1.2254342094191329e+37
4130.0,1.4502070097133486e+37
4150.0,1.457706196801574e+37
4170.0,1.4471381742991854e+37
4190.0,1.4385335661724514e+37
4210.0,1.4188288150724753e+37
4230.0,1.376607083693984e+37
4250.0,1.37220816763944e+37
4270.0,1.3269666252751726e+37
4290.0,1.3251956450391254e+37
4310.0,1.28487239925166e+37
4330.0,1.1772535263387064e+37
4350.0,1.0876520932277057e+37
4370.0,1.2726822878586822e+37
4390.0,1.2386539730123561e+37
4410.0,1.235008651692913e+37
4430.0,1.235122405431826e+37
4450.0,1.2312039495822009e+37
4470.0,1.1923396878859653e+37
4490.0,1.2125788809106026e+37
4510.0,1.241109214482399e+37
4530.0,1.1798858695514304e+37
4550.0,1.177036688197225e+37
4570.0,1.1918730504116044e+37
4590.0,1.1656012379143583e+37
4610.0,1.152709838699318e+37
4630.0,1.1339659133476647e+37
4650.0,1.1196698915946213e+37
4670.0,1.1306547198206647e+37
4690.0,1.1196441105394149e+37
4710.0,1.0786238028999103e+37
4730.0,1.0825052218380983e+37
4750.0,1.0789964107067156e+37
4770.0,1.0665961212302546e+37
4790.0,1.0526645556063038e+37
4810.0,1.0405189643285148e+37
4830.0,1.0366687330889321e+37
4850.0,9.513931057729707e+36
4870.0,8.487699591316836e+36
4890.0,1.0041994981519647e+37
4910.0,1.0065839470271435e+37
4930.0,9.735763152067205e+36
4950.0,9.833089679003654e+36
4970.0,9.638068308960517e+36
4990.0,9.327601852375649e+36
5010.0,8.882188793684362e+36
5030.0,9.161361069823437e+36
5050.0,8.960041063078026e+36
5070.0,9.083223489878601e+36
5090.0,8.789010837707519e+36
5110.0,8.797109544862287e+36
5130.0,8.500803942839431e+36
5150.0,8.37008753690596e+36
5170.0,8.109984048506334e+36
5190.0,8.175418623239716e+36
5210.0,8.146855249774126e+36
5230.0,8.620649741677609e+36
5250.0,8.698813103460155e+36
5270.0,8.24214024434239e+36
5290.0,8.726900010212863e+36
5310.0,8.946022785806551e+36
5330.0,8.33220602646537e+36
5350.0,8.664430051826429e+36
5370.0,8.609739272990528e+36
5390.0,8.37529282126886e+36
5410.0,8.337387752647658e+36
5430.0,8.262091493558668e+36
5450.0,8.21164186138378e+36
5470.0,8.106063471507685e+36
5490.0,8.109797311372561e+36
5510.0,7.987300061113137e+36
5530.0,8.223183847814748e+36
5550.0,8.241760688496848e+36
5570.0,8.189360699726636e+36
5590.0,8.061205638638871e+36
5610.0,8.101585132813304e+36
5630.0,7.981233191811925e+36
5650.0,8.045999476896991e+36
5670.0,7.912249981343107e+36
5690.0,8.108303569083749e+36
5710.0,7.809801578213355e+36
5730.0,8.238345472335812e+36
5750.0,7.918446740494813e+36
5770.0,7.997421759859969e+36
5790.0,7.681393259785799e+36
5810.0,7.958294383532558e+36
5830.0,8.174853904833186e+36
5850.0,7.895506583479338e+36
5870.0,7.769623959921381e+36
5890.0,7.266411692313793e+36
5910.0,7.712585649892138e+36
5930.0,7.748185327756244e+36
5950.0,7.687232208208725e+36
5970.0,7.871182826295833e+36
5990.0,7.620965577451204e+36
6010.0,7.556488052053226e+36
6030.0,7.808902493335142e+36
6050.0,7.895142990336243e+36
6070.0,7.908424994129954e+36
6090.0,7.588745703539807e+36
6110.0,7.610093628235673e+36
6130.0,7.233525220198142e+36
6150.0,7.404402179885279e+36
6170.0,7.033637793713392e+36
6190.0,7.31357972536571e+36
6210.0,7.132306532062187e+36
6230.0,6.909235567098574e+36
6250.0,6.726668104311045e+36
6270.0,6.959531422001869e+36
6290.0,7.200953392509618e+36
6310.0,7.015360610946296e+36
6330.0,7.156324084578255e+36
6350.0,7.095614295195894e+36
6370.0,7.047255220295125e+36
6390.0,7.18654252869822e+36
6410.0,7.095777679633873e+36
6430.0,7.111643864611098e+36
6450.0,7.111643864611098e+36
6470.0,7.118033047359115e+36
6490.0,6.866730454418991e+36
6510.0,7.145456834379219e+36
6530.0,7.081414240606808e+36
6550.0,6.878599123088054e+36
6570.0,6.574912840044036e+36
6590.0,7.067568069833415e+36
6610.0,7.127873769595843e+36
6630.0,7.088755544835456e+36
6650.0,7.126889085463704e+36
6670.0,6.851568436339754e+36
6690.0,6.816320459988533e+36
6710.0,6.43442880641573e+36
6730.0,6.620792850338661e+36
6750.0,6.46457532196737e+36
6770.0,6.483357951220541e+36
6790.0,6.350822869190626e+36
6810.0,6.496657924588834e+36
6830.0,6.613022494817659e+36
6850.0,6.493816315762113e+36
6870.0,6.636972222384824e+36
6890.0,6.849675539543696e+36
6910.0,6.875907094839267e+36
6930.0,6.782659260153665e+36
6950.0,6.797355750275262e+36
6970.0,7.013422462951972e+36
6990.0,6.901921254105334e+36
7010.0,6.890170994523454e+36
7030.0,7.060573851874053e+36
7050.0,7.224703026572579e+36
7070.0,6.881450654741994e+36
7090.0,6.328634289769037e+36
7110.0,5.750425747706413e+36
7130.0,5.539492771564885e+36
7150.0,5.594483534692328e+36
7170.0,5.792552784790481e+36
7190.0,5.750028536087591e+36
7210.0,5.909489971760704e+36
7230.0,6.216987583488455e+36
7250.0,6.387339494107073e+36
7270.0,6.50459109138046e+36
7290.0,6.524241073023664e+36
7310.0,6.745590915768162e+36
7330.0,6.833921722966565e+36
7350.0,6.898743533660017e+36
7370.0,7.208086670710376e+36
7390.0,7.121147805238417e+36
7410.0,7.161434102128968e+36
7430.0,7.26055801544895e+36
7450.0,7.340066591560363e+36
7470.0,7.361562438665404e+36
7490.0,7.367497548287091e+36
7510.0,7.55248723650067e+36
7530.0,7.691835717702727e+36
7550.0,7.732679319390753e+36
7570.0,7.705662793697185e+36
7590.0,7.61903555049374e+36
7610.0,7.583330779213203e+36
7630.0,7.417200176945121e+36
7650.0,7.251535877223655e+36
7670.0,6.915602139691837e+36
7690.0,7.022471737108672e+36
7710.0,6.901603416203924e+36
7730.0,6.841951636887433e+36
7750.0,6.85188396999202e+36
7770.0,6.948003043287906e+36
7790.0,7.121967704873823e+36
7810.0,7.125248247522703e+36
7830.0,7.010193406124046e+36
7850.0,6.817576188272202e+36
7870.0,7.113445360913304e+36
7890.0,6.799860450033273e+36
7910.0,6.671446382352049e+36
7930.0,6.849202397061933e+36
7950.0,6.715061584793198e+36
7970.0,7.083044984232729e+36
7990.0,7.158631382772924e+36
8010.0,7.289370082675716e+36
8030.0,7.276122463355219e+36
8050.0,7.30499629496958e+36
8070.0,7.250534109720202e+36
8090.0,7.141509199877847e+36
8110.0,7.167537932079557e+36
8130.0,7.40048188686098e+36
8150.0,7.437722998684953e+36
8170.0,7.548836167945429e+36
8190.0,7.44543368830803e+36
8210.0,7.38176134177464e+36
8230.0,7.637478487952845e+36
8250.0,7.567806166623711e+36
8270.0,7.749434288330226e+36
8290.0,7.667786288423506e+36
8310.0,7.268085038081734e+36
8330.0,7.316274644101832e+36
8350.0,7.294071228552305e+36
8370.0,7.380741584201e+36
8390.0,7.108860631304859e+36
8410.0,7.402186106986466e+36
8430.0,6.838958998150862e+36
8450.0,6.509685392555051e+36
8470.0,6.682669760607313e+36
8490.0,6.746833613988223e+36
8510.0,6.453123845874366e+36
8530.0,6.856776600192708e+36
8550.0,6.490527584594659e+36
8570.0,7.099863513495665e+36
8590.0,7.032828062849448e+36
8610.0,7.149406651026812e+36
8630.0,7.363766349615151e+36
8650.0,7.476012175444333e+36
8670.0,6.830775310253282e+36
8690.0,7.196975097949322e+36
8710.0,7.538414266219936e+36
8730.0,7.592590898586255e+36
8750.0,7.465347014464391e+36
8770.0,7.625353820801228e+36
8790.0,7.704775697549601e+36
8810.0,7.467581996530484e+36
8830.0,7.617106012320016e+36
8850.0,7.757110892755226e+36
8870.0,7.51640200974173e+36
8890.0,7.787893430413075e+36
8910.0,7.936700645438779e+36
8930.0,7.659845324519821e+36
8950.0,7.658434458816688e+36
8970.0,7.705840225182792e+36
8990.0,7.717737446332214e+36
9010.0,7.368345811617512e+36
9030.0,7.608341541145371e+36
9050.0,7.921729342246494e+36
9070.0,7.918082090942771e+36
9090.0,7.564321865442106e+36
9110.0,7.63800608449865e+36
9130.0,7.860858883831525e+36
9150.0,7.748720571923629e+36
9170.0,7.739091831554041e+36
9190.0,7.897142959847265e+36
9210.0,7.48583068519032e+36
9230.0,7.391966669917689e+36
9250.0,7.36597092037367e+36
9270.0,7.388052960928372e+36
9290.0,7.292056080606807e+36
9310.0,7.45229434512087e+36
9330.0,7.414809539452744e+36
9350.0,7.364614183350722e+36
9370.0,7.17744709510826e+36
9390.0,7.383461250838889e+36
9410.0,7.176786058243146e+36
9430.0,7.412761034887545e+36
9450.0,7.198632453509683e+36
9470.0,7.418395784716293e+36
9490.0,7.44817719278867e+36
9510.0,7.353261316758826e+36
9530.0,7.365122930446968e+36
9550.0,7.065452808441669e+36
9570.0,7.182076058301753e+36
9590.0,7.44046366191921e+36
9610.0,7.287524033035481e+36
9630.0,7.351737638751841e+36
9650.0,7.10329743202879e+36
9670.0,7.094634067566994e+36
9690.0,7.29457510254568e+36
9710.0,7.184722520371024e+36
9730.0,7.130664446851495e+36
9750.0,7.084512974576682e+36
9770.0,7.125904537361425e+36
9790.0,6.963859493831981e+36
9810.0,7.269591378741533e+36
9830.0,7.125084184507518e+36
9850.0,7.271600318602876e+36
9870.0,7.201782480631607e+36
9890.0,7.185715195039423e+36
9910.0,7.135263238431761e+36
9930.0,7.138549905310281e+36
9950.0,7.115574990357048e+36
9970.0,7.14430521562394e+36
9990.0,7.10820591119561e+36
10025.0,6.966746370276577e+36
10075.0,6.819146173946745e+36
10125.0,6.922293354865988e+36
10175.0,6.802209444262823e+36
10225.0,6.801896198154333e+36
10275.0,6.79594726212066e+36
10325.0,6.628724966366707e+36
10375.0,6.541389356916562e+36
10425.0,6.571129105121651e+36
10475.0,6.514333673741375e+36
10525.0,6.514933693677186e+36
10575.0,6.377346292577524e+36
10625.0,6.374116546539415e+36
10675.0,6.199404868138147e+36
10725.0,6.201118063682173e+36
10775.0,6.119979959412427e+36
10825.0,6.006479511429313e+36
10875.0,6.009246234478912e+36
10925.0,6.02198958406651e+36
10975.0,5.940185399703693e+36
11025.0,5.956347129051849e+36
11075.0,5.915480131222916e+36
11125.0,5.864486623157607e+36
11175.0,5.774574650006822e+36
11225.0,5.758508337896376e+36
11275.0,5.646378664673347e+36
11325.0,5.610350575741386e+36
11375.0,5.537834849762962e+36
11425.0,5.471545310299971e+36
11475.0,5.531335485325415e+36
11525.0,5.504146694005377e+36
11575.0,5.394981999669829e+36
11625.0,5.298708156512919e+36
11675.0,5.2961466233215555e+36
11725.0,5.332121047269806e+36
11775.0,5.209067678327145e+36
11825.0,5.165352922264197e+36
11875.0,5.054055421802403e+36
11925.0,5.143041159832542e+36
11975.0,4.920848562845092e+36
12025.0,5.0427797477481244e+36
12075.0,4.969011478794701e+36
12125.0,4.9627225973566427e+36
12175.0,4.9591814631075295e+36
12225.0,4.912244782062243e+36
12275.0,4.8674331996213815e+36
12325.0,4.8066223331500815e+36
12375.0,4.8019761642226437e+36
12425.0,4.7520390410976757e+36
12475.0,4.73369203348298e+36
12525.0,4.6590782011012995e+36
12575.0,4.649004857984682e+36
12625.0,4.6178518950642503e+36
12675.0,4.554597464059972e+36
12725.0,4.5533391561225774e+36
12775.0,4.5666738964952874e+36
12825.0,4.349706965040397e+36
12875.0,4.445493709060234e+36
12925.0,4.3395030705269537e+36
12975.0,4.4331252328098316e+36
13025.0,4.3455024588520513e+36
13075.0,4.3917741689661776e+36
13125.0,4.274152366620243e+36
13175.0,4.280849896283467e+36
13225.0,4.288446534968213e+36
13275.0,4.1934358143733686e+36
13325.0,4.2551022438129966e+36
13375.0,4.187067864061128e+36
13425.0,4.236819868056218e+36
13475.0,4.2021349935453386e+36
13525.0,4.1936289336759556e+36
13575.0,4.114717275885138e+36
13625.0,4.0841341617107726e+36
13675.0,4.1175606038211816e+36
13725.0,4.141712988897376e+36
13775.0,4.1034580693449386e+36
13825.0,4.1208803031052985e+36
13875.0,4.0505127167931553e+36
13925.0,4.0965664132080594e+36
13975.0,4.104119521946911e+36
14025.0,4.015688343813797e+36
14075.0,4.076336240421841e+36
14125.0,4.0094056680711633e+36
14175.0,4.0601305671398534e+36
14225.0,3.9919031862196904e+36
14275.0,3.893139807015633e+36
14325.0,4.005437873653993e+36
14375.0,4.00875948030852e+36
14425.0,3.884364711416401e+36
14475.0,3.981255044883757e+36
14525.0,3.93169662765692e+36
14570.0,3.958038369757159e+36
14620.0,3.966249222736071e+36
14675.0,3.9623241368690056e+36
14725.0,3.8748955469053564e+36
14775.0,3.9268110100006507e+36
14825.0,3.920577110090011e+36
14875.0,3.883828103668009e+36
14925.0,3.991443627836027e+36
14975.0,3.9152545235209227e+36
15025.0,3.91056942143606e+36
15075.0,3.857447286724773e+36
15125.0,3.9295244920446626e+36
15175.0,3.9328737024044307e+36
15225.0,3.942575329471563e+36
15275.0,3.9829054790171825e+36
15325.0,3.943574048616169e+36
15375.0,4.0001842909251283e+36
15425.0,3.993282178864945e+36
15475.0,3.990708444463266e+36
15525.0,3.915705309804841e+36
15575.0,3.637558613344384e+36
15625.0,3.75283957716223e+36
15675.0,3.774070425548412e+36
15725.0,3.935047689370233e+36
15775.0,3.464256176880477e+36
15825.0,3.571823579887774e+36
15875.0,3.597741866177617e+36
15925.0,3.721002827229856e+36
15975.0,3.5284990106576457e+36
16050.0,3.9503902436111625e+36
16150.0,3.953484131816493e+36
16250.0,3.945208862046645e+36
16350.0,3.9472078877310816e+36
16450.0,3.8647374894548546e+36
16550.0,3.8366307210597624e+36
16650.0,3.782335073916225e+36
16750.0,3.6947920458290026e+36
16850.0,3.6139321948359605e+36
16950.0,3.6240985589974176e+36
17050.0,3.488028300735216e+36
17150.0,3.4916443407017805e+36
17250.0,3.351505990571333e+36
17350.0,3.3061305601374935e+36
17450.0,3.2591173631348555e+36
17550.0,3.1955086684798007e+36
17650.0,3.160093990447929e+36
17750.0,3.082123238737127e+36
17850.0,3.073972656082491e+36
17950.0,2.9932983066983754e+36
18050.0,2.9200480640286254e+36
18150.0,2.896676526487098e+36
18250.0,2.828915661351065e+36
18350.0,2.770575567196884e+36
18450.0,2.712251761950541e+36
18550.0,2.6984849483892424e+36
18650.0,2.6076542044590884e+36
18750.0,2.5810712896459365e+36
18850.0,2.552407428979993e+36
18950.0,2.4183547047159118e+36
19050.0,2.4974683891541484e+36
19150.0,2.4407314652916894e+36
19250.0,2.4163508870462192e+36
19350.0,2.335016748496511e+36
19450.0,2.2865463011463384e+36
19550.0,2.2963072659202146e+36
19650.0,2.252215795544419e+36
19750.0,2.196291597162398e+36
19850.0,2.1816244891543686e+36
19950.0,2.1526825977444825e+36
20050.0,2.1518896662393048e+36
20150.0,2.1168008439847185e+36
20250.0,2.040703926014268e+36
20350.0,2.0225999864725866e+36
20450.0,2.0347450470472353e+36
20550.0,1.9911317612385236e+36
20650.0,1.9536195831253895e+36
20750.0,1.933125278878964e+36
20850.0,1.8917336974489396e+36
20950.0,1.8537023478482566e+36
21050.0,1.856991859815937e+36
21150.0,1.8162264663635416e+36
21250.0,1.7839389998728405e+36
21350.0,1.786281909708385e+36
21450.0,1.7546075751424043e+36
21550.0,1.7202834055304266e+36
21650.0,1.6984782897006498e+36
21750.0,1.658135433309306e+36
21850.0,1.6427822434771857e+36
21950.0,1.6264473154487256e+36
22050.0,1.5705436094405224e+36
22150.0,1.5912558013439043e+36
22250.0,1.530206350519209e+36
22350.0,1.518273458387061e+36
22450.0,1.5006174764083562e+36
22550.0,1.491523155305431e+36
22650.0,1.4456061927292043e+36
22750.0,1.4579747409393312e+36
22850.0,1.418436832339885e+36
22950.0,1.1394886402900726e+36
23050.0,1.2578533188792984e+36
23150.0,1.2384543416690167e+36
23250.0,1.0172319678678937e+36
23350.0,1.1403548132842345e+36
23450.0,1.0619889550548632e+36
23550.0,8.850748496892113e+35
23650.0,1.0269989510017003e+36
23750.0,9.582305218006731e+35
23850.0,8.36565595755809e+35
23950.0,9.472181257096371e+35
24050.0,9.14386909485559e+35
24150.0,8.057679703710204e+35
24250.0,8.947876885998712e+35
24350.0,8.689804380699758e+35
24450.0,8.091145295144287e+35
24550.0,8.192944256531755e+35
24650.0,8.558546212208263e+35
24750.0,8.182009887816682e+35
24850.0,7.690773124730098e+35
24950.0,8.054711691564616e+35
25050.0,8.413563948591662e+35
25150.0,7.46655038321433e+35
25250.0,8.022689792890087e+35
25350.0,7.939807991429043e+35
25450.0,7.817898001809404e+35
25550.0,7.626934206892672e+35
25650.0,7.672554817771521e+35
25750.0,7.76533149320905e+35
25850.0,7.257883619696574e+35
25950.0,7.359189733770227e+35
26050.0,7.580188402867842e+35
26150.0,7.350045033478187e+35
26250.0,7.239357102422983e+35
26350.0,7.331283264426946e+35
26450.0,7.293903278289196e+35
26550.0,7.134606086664511e+35
26650.0,6.978627218858845e+35
26750.0,7.288698737797203e+35
26850.0,7.17001393954563e+35
26950.0,6.81789015648755e+35
27050.0,7.024412385855325e+35
27150.0,6.931065451499389e+35
27250.0,6.998581106452772e+35
27350.0,6.632541865676536e+35
27450.0,6.790159876433381e+35
27550.0,6.847625491483086e+35
27650.0,6.683285285583715e+35
27750.0,6.443621174687724e+35
27850.0,6.57461006108998e+35
27950.0,6.60206810390519e+35
28050.0,6.521837896494251e+35
28150.0,6.314951217300889e+35
28250.0,6.350969103974925e+35
28350.0,6.368981684912767e+35
28450.0,6.2850682777566466e+35
28550.0,6.181871879745621e+35
28650.0,6.1425683826750436e+35
28750.0,6.109842287431964e+35
28850.0,6.040042576625514e+35
28950.0,5.9721402752592414e+35
29050.0,5.896848905137469e+35
29150.0,5.873270456472864e+35
29250.0,5.71781368811086e+35
29350.0,5.774840585120297e+35
29450.0,5.663044834983788e+35
29550.0,5.604540347113048e+35
29650.0,5.5926803769280146e+35
29750.0,5.538727515219363e+35
29850.0,5.445904233741049e+35
29950.0,5.3982127919996004e+35
30050.0,5.3304024515483206e+35
30150.0,5.306766757747686e+35
30250.0,5.219272835169162e+35
30350.0,5.148965714579669e+35
30450.0,5.127433068882574e+35
30550.0,5.051146910851098e+35
30650.0,4.998273309474643e+35
30750.0,4.9586105491070724e+35
30850.0,4.864856115887255e+35
30950.0,4.820365838675409e+35
31050.0,4.801312792523779e+35
31150.0,4.702079850282195e+35
31250.0,4.6798291688338206e+35
31350.0,4.626792255798079e+35
31450.0,4.5691982311878235e+35
31550.0,4.5179352248127494e+35
31650.0,4.4420147876595766e+35
31750.0,4.4248647435566234e+35
31850.0,4.367571264696446e+35
31950.0,4.329921272545079e+35
32100.0,4.245609046377618e+35
32300.0,4.136661649084868e+35
32500.0,4.046783774218019e+35
32700.0,3.949389798249589e+35
32900.0,3.863047070736483e+35
33100.0,3.770248709784153e+35
33300.0,3.682646223543376e+35
33500.0,3.616762573989147e+35
33700.0,3.529961754225012e+35
33900.0,3.4477042164759555e+35
34100.0,3.363488909397725e+35
34300.0,3.3074249634415675e+35
34500.0,3.241081858911477e+35
34700.0,3.169567463043474e+35
34900.0,3.1049170343356082e+35
35100.0,3.046421558001057e+35
35300.0,2.9687252068710517e+35
35500.0,2.9174270140011897e+35
35700.0,2.854105352363788e+35
35900.0,2.7931869222539796e+35
36100.0,2.7457437265352684e+35
36300.0,2.6897381323612333e+35
36500.0,2.6216819258159927e+35
36700.0,2.566669796275697e+35
36900.0,2.4995970301688775e+35
37100.0,2.4394392093735055e+35
37300.0,2.41173729863864e+35
37500.0,2.3416932280200567e+35
37700.0,2.318622254632541e+35
37900.0,2.271014985703771e+35
38100.0,2.234961261895356e+35
38300.0,2.1994292682441637e+35
38500.0,2.1597326806894054e+35
38700.0,2.101212617407957e+35
38900.0,2.0682355559317818e+35
39100.0,2.0358229223715882e+35
39300.0,1.998803034044597e+35
39500.0,1.9455392641591746e+35
39700.0,1.9132864684154344e+35
39900.0,1.860115878336807e+35
40100.0,1.838865648909205e+35
40300.0,1.816519231076046e+35
40500.0,1.7776653201454937e+35
40700.0,1.7491215881375003e+35
40900.0,1.718739270376349e+35
41100.0,1.688612500677226e+35
41300.0,1.660886671775256e+35
41500.0,1.6274587888342616e+35
41700.0,1.5970186946293459e+35
41900.0,1.565561021669109e+35
42100.0,1.534687656150354e+35
42300.0,1.5200224419058882e+35
42500.0,1.4848069783751878e+35
42700.0,1.465008012624216e+35
42900.0,1.327394457729732e+35
43100.0,1.1903371829283415e+35
43300.0,1.2186528261804119e+35
43500.0,1.1147821342610754e+35
43700.0,1.0647312479073501e+35
43900.0,1.0183334274561378e+35
44100.0,9.34264829300175e+34
44300.0,9.300793455044592e+34
44500.0,9.013220587076619e+34
44700.0,8.442090431560078e+34
44900.0,8.666824453107204e+34
45100.0,8.28418902736698e+34
45300.0,7.9571949804774995e+34
45500.0,8.08313812306247e+34
45700.0,7.931950586010411e+34
45900.0,7.524021016937761e+34
46100.0,7.767835143843584e+34
46300.0,7.502741785146805e+34
46500.0,7.468269817924876e+34
46700.0,7.539976633729412e+34
46900.0,7.304491701130719e+34
47100.0,7.125904537361425e+34
47300.0,7.313411325907914e+34
47500.0,7.079294835177087e+34
47700.0,6.998258817303267e+34
47900.0,6.964500918532611e+34
48100.0,6.707335033055478e+34
48300.0,6.902556973820544e+34
48500.0,6.738760165878838e+34
48700.0,6.554808376025672e+34
48900.0,6.487240518973652e+34
49100.0,6.418447600178933e+34
49300.0,6.327614316643129e+34
49500.0,6.159848061345871e+34
49700.0,6.25979340189568e+34
49900.0,6.135641835574626e+34
50100.0,6.090739146726473e+34
50300.0,6.017276940250277e+34
50500.0,5.835660256827136e+34
50700.0,5.864351589917431e+34
50900.0,5.765938422275087e+34
51100.0,5.672441164421915e+34
51300.0,5.657310297659562e+34
51500.0,5.52357175289546e+34
51700.0,5.592422830408982e+34
51900.0,5.4813811252587485e+34
52100.0,5.441642418513176e+34
52300.0,5.3326121763842705e+34
52500.0,5.328684409747354e+34
52700.0,5.395230453493225e+34
52900.0,5.202954164627424e+34
53100.0,5.098471547214702e+34
53300.0,5.128377663956352e+34
53500.0,5.0616253905386065e+34
53700.0,5.015797561820427e+34
53900.0,4.984137328718153e+34
54100.0,4.940375962709366e+34
54300.0,4.827585786944758e+34
54500.0,4.874499161275119e+34
54700.0,4.731512589614774e+34
54900.0,4.7552132733106265e+34
55100.0,4.634362485994575e+34
55300.0,4.792145547336134e+34
55500.0,4.573303251499125e+34
55700.0,4.620723696840944e+34
55900.0,4.526056801505782e+34
56100.0,4.564466247684655e+34
56300.0,4.419671593284897e+34
56500.0,4.45317743747421e+34
56700.0,4.39683329754253e+34
56900.0,4.275038202361333e+34
57100.0,4.321853088981397e+34
57300.0,4.281539943374164e+34
57500.0,4.221531167397073e+34
57700.0,4.1781112529020385e+34
57900.0,4.1810946591283125e+34
58100.0,4.1120652746160617e+34
58300.0,4.0769933211491626e+34
58500.0,4.0316237970224236e+34
58700.0,3.94984451472848e+34
58900.0,3.929705457501866e+34
59100.0,3.8876754312144155e+34
59300.0,3.8682986839663994e+34
59500.0,3.797431949604651e+34
59700.0,3.797606831835402e+34
59900.0,3.7589798700301535e+34
60100.0,3.717320442491019e+34
60300.0,3.673161300059719e+34
60500.0,3.6072812133778274e+34
60700.0,3.578244397738087e+34
60900.0,3.5311811703957026e+34
61100.0,3.488670878474509e+34
61300.0,3.472561932176088e+34
61500.0,3.448180567320421e+34
61700.0,3.4355003727685383e+34
61900.0,3.382283445754339e+34
62100.0,3.366045638053433e+34
62300.0,3.3089484396914133e+34
62500.0,3.2524452904112125e+34
62700.0,3.2201047535285415e+34
62900.0,3.1928609110101994e+34
63100.0,3.159802948438531e+34
63300.0,3.149053217003136e+34
63500.0,3.1018443413994155e+34
63700.0,3.0949240797794907e+34
63900.0,3.0417954084735534e+34
64200.0,3.0013731979423105e+34
64600.0,2.9270490487806394e+34
65000.0,2.869062440068771e+34
65400.0,2.8061443004119106e+34
65800.0,2.755751167000896e+34
66200.0,2.6920926356379044e+34
66600.0,2.636756346486688e+34
67000.0,2.5843420852637726e+34
67400.0,2.524236254343607e+34
67800.0,2.471837974740542e+34
68200.0,2.41774225085749e+34
68600.0,2.37301235849052e+34
69000.0,2.3187824249157696e+34
69400.0,2.2713810595726946e+34
69800.0,2.223412280213221e+34
70200.0,2.175254120520001e+34
70600.0,2.133634376670601e+34
71000.0,2.086747971492397e+34
71400.0,2.0454553322175337e+34
71800.0,2.0016585685675037e+34
72200.0,1.96195932762253e+34
72600.0,1.9201272010613423e+34
73000.0,1.8810918421603972e+34
73400.0,1.8411959036876341e+34
73800.0,1.8044298381407105e+34
74200.0,1.7635996338980004e+34
74600.0,1.7281044955971374e+34
75000.0,1.693635701702039e+34
75400.0,1.6588992087477803e+34
75800.0,1.6283958991170676e+34
76200.0,1.596393680820134e+34
76600.0,1.5641557661154685e+34
77000.0,1.5325335824447084e+34
77400.0,1.5025190949670958e+34
77800.0,1.4732281207237346e+34
78200.0,1.4438763402900443e+34
78600.0,1.416380698994908e+34
79000.0,1.3880336665672413e+34
79400.0,1.3610372139640045e+34
79800.0,1.3354880306561043e+34
80200.0,1.3077959858350173e+34
80600.0,1.2830098778309603e+34
81000.0,1.2599113838735728e+34
81400.0,1.235179286230318e+34
81800.0,1.2127743412862757e+34
82200.0,1.1895426009794032e+34
82600.0,1.1675083625917792e+34
83000.0,1.145460189839735e+34
83400.0,1.1235696513643758e+34
83800.0,1.102579719646192e+34
84200.0,1.083078662559232e+34
84600.0,1.0623802783247433e+34
85000.0,1.0434941051122857e+34
85400.0,1.0247312958540566e+34
85800.0,1.0066998409579574e+34
86200.0,9.88849048540092e+33
86600.0,9.715832074866354e+33
87000.0,9.542232629712636e+33
87400.0,9.371087650924467e+33
87800.0,9.204707661318112e+33
88200.0,9.03379019327719e+33
88600.0,8.876259694783863e+33
89000.0,8.722882049479218e+33
89400.0,8.576498184136674e+33
89800.0,8.418990122735206e+33
90200.0,8.283807535148005e+33
90600.0,8.142729352847902e+33
91000.0,7.990427217588564e+33
91400.0,7.86393653655183e+33
91800.0,7.73196714610276e+33
92200.0,7.610268859134464e+33
92600.0,7.479111365407587e+33
93000.0,7.355293378672692e+33
93400.0,7.23136028928084e+33
93800.0,7.112135136533237e+33
94200.0,6.99503674198455e+33
94600.0,6.878123982705039e+33
95000.0,6.766592140971643e+33
95400.0,6.658248501269561e+33
95800.0,6.550885369386076e+33
96200.0,6.442434325118966e+33
96600.0,6.342200974108083e+33
97000.0,6.237348354824217e+33
97400.0,6.12731207087169e+33
97800.0,6.038651965531931e+33
98200.0,5.944837666546277e+33
98600.0,5.852346075563291e+33
99000.0,5.760762886554949e+33
99400.0,5.669960064282586e+33
99800.0,5.582259223966234e+33
100200.0,5.495788361074998e+33
200000.0,3.602301011202805e+32
400000.0,2.279554605749558e+31
600000.0,4.4970736478822807e+30
800000.0,1.417196267982904e+30
1000000.0,5.778564962905684e+29
1200000.0,2.774980911179593e+29
1400000.0,1.4915918440666866e+29
1600000.0,8.708432702009398e+28
