WAVE,FLUX
91.0,1e-15
94.0,1e-15
96.0,1e-15
98.0,1e-15
100.0,1e-15
102.0,1e-15
104.0,1e-15
106.0,1e-15
108.0,1e-15
110.0,1e-15
114.0,1e-15
118.0,1e-15
121.0,1e-15
125.0,1e-15
127.0,1e-15
128.0,1e-15
131.0,1e-15
132.0,1e-15
134.0,1e-15
137.0,1e-15
140.0,1e-15
143.0,1e-15
147.0,1e-15
151.0,1e-15
155.0,1e-15
159.0,1e-15
162.0,1e-15
166.0,1e-15
170.0,1e-15
173.0,1e-15
177.0,1e-15
180.0,1e-15
182.0,1e-15
186.0,1e-15
191.0,1e-15
194.0,1e-15
198.0,1e-15
202.0,1e-15
205.0,1e-15
210.0,1e-15
216.0,1e-15
220.0,1e-15
223.0,1e-15
227.0,1e-15
230.0,4.741983079706596e+18
234.0,1.1631346670498228e+19
240.0,3.361243690470524e+19
246.0,9.920875509646878e+19
252.0,2.5247012786742542e+20
257.0,4.823918924327141e+20
260.0,7.909517658896816e+20
264.0,1.406306551512014e+21
269.0,2.6056135258278666e+21
274.0,5.06174194011213e+21
279.0,9.710464390924497e+21
284.0,1.950563081396578e+22
290.0,4.002303327875847e+22
296.0,7.932863838139272e+22
301.0,1.385606780790551e+23
308.0,2.9238830658588e+23
318.0,8.236828052781489e+23
328.0,2.1372730030266824e+24
338.0,5.394485126346841e+24
348.0,1.288486877888116e+25
357.0,2.845836858924675e+25
366.0,5.87773497509721e+25
375.0,1.1535860616795944e+26
385.0,2.3880312185880232e+26
395.0,4.7838769468991134e+26
405.0,9.29865211474871e+26
414.0,1.6613456551302156e+27
422.0,2.7124391241360077e+27
430.0,4.3580278371526666e+27
441.0,8.260759909064864e+27
451.0,1.4366798478363506e+28
460.0,2.316061034256866e+28
470.0,3.8699914007218867e+28
480.0,6.326303164168651e+28
490.0,1.0189197960528285e+29
500.0,1.6075703963662794e+29
506.0,2.986276385356526e+31
512.0,1.848459757238461e+32
520.0,2.3827583492435288e+32
530.0,3.487144949592844e+32
540.0,3.992178946647109e+32
550.0,6.477687608626121e+32
560.0,8.167704180469902e+32
570.0,1.0918425120074535e+33
580.0,1.117197615268672e+33
590.0,1.6054618868009606e+33
600.0,2.1167033639479362e+33
610.0,2.7173150865559344e+33
620.0,3.238247209852323e+33
630.0,3.951663904246092e+33
640.0,4.4912786438058995e+33
650.0,5.508584300053678e+33
658.0,6.516884140178726e+33
665.0,7.129679377199792e+33
675.0,8.100092903124498e+33
685.0,9.402427643745505e+33
695.0,1.1548617569581776e+34
705.0,1.312018624425898e+34
716.0,1.53794215106488e+34
726.0,1.7421678700642107e+34
735.0,1.9356641203021e+34
745.0,2.2743641442101484e+34
755.0,2.5998602259643443e+34
765.0,2.949035496277659e+34
775.0,3.3528181590864867e+34
785.0,3.7712906119387724e+34
795.0,4.1430483346404107e+34
805.0,4.599493399920024e+34
815.0,5.027360169351027e+34
825.0,5.678714043968371e+34
835.0,5.834451042737424e+34
845.0,6.673597349246771e+34
855.0,7.316611578758721e+34
865.0,8.085558059966648e+34
875.0,8.959628447439252e+34
885.0,9.975392665310387e+34
895.0,1.085075605873678e+35
905.0,1.1224577425781217e+35
915.0,2.2739452294368655e+35
925.0,1.262873935725318e+36
935.0,4.2204620549765995e+36
945.0,1.4938603486759945e+37
955.0,3.1007731873106427e+37
965.0,4.0015661442566143e+37
975.0,5.34035342965006e+36
985.0,4.1939186293055747e+37
995.0,4.2432634842758114e+37
1005.0,6.214554485426245e+37
1015.0,5.608154892875553e+37
1025.0,1.1926417271302794e+37
1035.0,3.2203271981675373e+37
1045.0,7.705307942982393e+37
1055.0,7.685108440876811e+37
1065.0,5.931574643836947e+37
1075.0,7.218218096307344e+37
1085.0,5.253152395538142e+37
1095.0,7.370891187646918e+37
1105.0,6.782503085450617e+37
1115.0,6.244821080821872e+37
1125.0,5.808312843449149e+37
1135.0,7.384311352164288e+37
1145.0,6.512383990572162e+37
1155.0,6.960813533149632e+37
1165.0,7.321330293539829e+37
1175.0,5.3856732359689e+37
1185.0,7.291888176743541e+37
1195.0,4.472290442096659e+37
1205.0,2.9531125550651126e+37
1215.0,1.2280894484725226e+37
1225.0,4.234479161692103e+37
1235.0,7.138056808783461e+37
1245.0,7.729297080389833e+37
1255.0,7.228530203411966e+37
1265.0,5.8717830373008095e+37
1275.0,7.573035627907412e+37
1285.0,7.77123424659536e+37
1295.0,5.872864759335269e+37
1305.0,5.91398202235422e+37
1315.0,7.359867571408399e+37
1325.0,6.845733684012451e+37
1335.0,5.825725266217298e+37
1345.0,7.12311572295758e+37
1355.0,6.81302527357979e+37
1365.0,5.992251047566849e+37
1375.0,6.254606617424864e+37
1385.0,6.376024835081273e+37
1395.0,5.690887495199606e+37
1405.0,5.93553677359749e+37
1415.0,5.765672897111921e+37
1425.0,5.894541097464998e+37
1435.0,5.838213865196885e+37
1442.0,6.091019642088349e+37
1447.0,6.083170652630144e+37
1455.0,5.901195465115796e+37
1465.0,5.446531252729816e+37
1475.0,5.390263550301614e+37
1485.0,5.366115300215689e+37
1495.0,5.384681249664348e+37
1505.0,5.040922261214879e+37
1512.0,4.4623126945073455e+37
1517.0,4.749194979206025e+37
1525.0,4.694399003784642e+37
1535.0,4.129048650709872e+37
1545.0,4.435065110253074e+37
1555.0,4.181287210086611e+37
1565.0,4.234284161210241e+37
1575.0,4.4507172005292015e+37
1585.0,4.57288205410059e+37
1595.0,4.637885258831963e+37
1605.0,4.529288660406787e+37
1615.0,4.554282854479542e+37
1625.0,4.29022431570843e+37
1635.0,4.52189006828343e+37
1645.0,4.513464178566443e+37
1655.0,4.1668704668527136e+37
1665.0,4.5408797372685e+37
1672.0,4.2454135333574965e+37
1677.0,4.424253468127208e+37
1685.0,4.582051857277022e+37
1695.0,4.308141905018365e+37
1705.0,4.0933605527352223e+37
1715.0,3.830892806384158e+37
1725.0,3.792101908485964e+37
1735.0,4.012915362442299e+37
1745.0,3.8529200741236654e+37
1755.0,4.0673355254258784e+37
1765.0,3.7346507971160747e+37
1775.0,3.782683455893927e+37
1785.0,3.835217514405122e+37
1795.0,4.019110993304831e+37
1805.0,3.9983425620879153e+37
1815.0,3.6231807477510226e+37
1825.0,3.7351667938342647e+37
1835.0,3.551239805426326e+37
1845.0,3.270016921283102e+37
1855.0,3.167305828692959e+37
1865.0,3.249600702898847e+37
1875.0,3.5623779993381127e+37
1885.0,3.216992141467104e+37
1895.0,3.023360954251234e+37
1905.0,3.2692640587412284e+37
1915.0,3.0671145766138772e+37
1925.0,2.9945391821613145e+37
1935.0,3.119535986849176e+37
1945.0,3.183757638968066e+37
1955.0,2.9433370685774904e+37
1967.0,3.2024326137612164e+37
1976.0,3.299058373387733e+37
1984.0,3.0800658389305617e+37
1995.0,2.981535605103947e+37
2005.0,3.0751053580993756e+37
2015.0,2.9536565886066726e+37
2025.0,3.124280369029367e+37
2035.0,2.888151694752329e+37
2045.0,2.9590343043180843e+37
2055.0,2.83648179149091e+37
2065.0,2.8610799902053085e+37
2074.0,3.0071839860958085e+37
2078.0,2.7921580636972994e+37
2085.0,2.9101809935393476e+37
2095.0,2.7374109490059398e+37
2105.0,2.787404520323769e+37
2115.0,2.7880464178318e+37
2125.0,2.824489730282306e+37
2135.0,2.6794150967049944e+37
2145.0,2.6541777245924415e+37
2155.0,2.7466922366137987e+37
2165.0,2.6740529336762357e+37
2175.0,2.640766487698836e+37
2185.0,2.5614742832839033e+37
2195.0,2.6482562139625206e+37
2205.0,2.5719942894649223e+37
2215.0,2.482104145995296e+37
2225.0,2.3785374841576125e+37
2235.0,2.491150696563862e+37
2245.0,2.4125704270593367e+37
2255.0,2.320117607636762e+37
2265.0,2.36428594240174e+37
2275.0,2.395741742927529e+37
2285.0,2.4155164531263658e+37
2295.0,2.3079691530530676e+37
2305.0,2.2763026291258787e+37
2315.0,2.1823278751645297e+37
2325.0,1.7105666477580997e+37
2335.0,2.0508315971860587e+37
2345.0,2.0128898039397443e+37
2355.0,2.078404145711286e+37
2365.0,1.9740584155817465e+37
2375.0,1.995951573182173e+37
2385.0,1.902873859105342e+37
2395.0,1.9936090662230931e+37
2405.0,1.9018225826548847e+37
2415.0,1.92437630162969e+37
2425.0,1.967161427138015e+37
2435.0,1.875296745832498e+37
2445.0,1.9516413002858185e+37
2455.0,1.91280192424267e+37
2465.0,1.8922564750074126e+37
2475.0,1.8330740105492421e+37
2485.0,1.8981476867441448e+37
2495.0,1.824903902883375e+37
2505.0,1.9036626977839155e+37
2513.0,1.7766832173755303e+37
2518.0,1.8392044116799342e+37
2525.0,1.7525079630842277e+37
2535.0,1.7463850302097324e+37
2545.0,1.703766206728298e+37
2555.0,1.7628688344731042e+37
2565.0,1.73620099190143e+37
2575.0,1.7915544003254097e+37
2585.0,1.779221426582306e+37
2595.0,1.7669326668366646e+37
2605.0,1.7091099400244536e+37
2615.0,1.6942597751047058e+37
2625.0,1.703020987086488e+37
2635.0,1.707811760846456e+37
2645.0,1.772148045135117e+37
2655.0,1.7594624391920404e+37
2665.0,1.681473394575237e+37
2675.0,1.7143520062026696e+37
2685.0,1.6928559332002142e+37
2695.0,1.6507450361203418e+37
2705.0,1.655693714200547e+37
2715.0,1.608644209458428e+37
2725.0,1.5935291048150917e+37
2735.0,1.6312104688045128e+37
2745.0,1.513840082402404e+37
2755.0,1.511889322833993e+37
2765.0,1.5306997102816086e+37
2775.0,1.5629317007304226e+37
2785.0,1.5404939604764737e+37
2795.0,1.3890887690355396e+37
2805.0,1.4445746852251318e+37
2815.0,1.5283752631863118e+37
2825.0,1.5196374927470167e+37
2835.0,1.4568673151346073e+37
2845.0,1.4406218584199913e+37
2855.0,1.4394613220781624e+37
2865.0,1.4736013136257295e+37
2875.0,1.4457060551163888e+37
2885.0,1.4422481813742388e+37
2895.0,1.428959763024864e+37
2910.0,1.447204819009475e+37
2930.0,1.407569993513408e+37
2950.0,1.3772411806789673e+37
2970.0,1.3691467504721366e+37
2990.0,1.3486212546573057e+37
3010.0,1.3414052445875704e+37
3030.0,1.3272722058120963e+37
3050.0,1.3036469712853058e+37
3070.0,1.2815926262563552e+37
3090.0,1.2691998146343288e+37
3110.0,1.2435406887833686e+37
3130.0,1.2252367086782232e+37
3150.0,1.2118810652635412e+37
3170.0,1.1911322956363069e+37
3190.0,1.152869102450077e+37
3210.0,1.1551543024264723e+37
3230.0,1.1336265272544058e+37
3250.0,1.1247085586830492e+37
3270.0,1.1150902025072373e+37
3290.0,1.099993198935193e+37
3310.0,1.0893313439140193e+37
3330.0,1.0703603182291097e+37
3350.0,1.0511628409648675e+37
3370.0,1.0343320928220718e+37
3390.0,1.0215273529028144e+37
3410.0,1.012348398129767e+37
3430.0,9.930245832647794e+36
3450.0,9.813411268592342e+36
3470.0,9.701078078708338e+36
3490.0,9.590251577376626e+36
3510.0,9.535643365043863e+36
3530.0,9.395069561856736e+36
3550.0,9.332543007969886e+36
3570.0,9.115699496207367e+36
3590.0,8.95282303204705e+36
3610.0,8.886075522973968e+36
3630.0,8.816373895773652e+36
3640.0,8.799135387417092e+36
3650.0,8.813735232073115e+36
3670.0,8.65525764010423e+36
3690.0,8.247835680027929e+36
3710.0,8.763346824837296e+36
3730.0,8.787999023686591e+36
3750.0,1.0292953244316032e+37
3770.0,1.0527857550686589e+37
3790.0,1.173545682491284e+37
3810.0,1.274060349257685e+37
3830.0,1.064584160010093e+37
3850.0,1.3129554794535065e+37
3870.0,1.3678548038774814e+37
3890.0,9.947409575767227e+36
3910.0,1.3506412207800943e+37
3930.0,1.239167458527229e+37
3950.0,1.299750520428608e+37
3970.0,8.96891689688924e+36
3990.0,1.2896444693378634e+37
4010.0,1.3310979052894437e+37
4030.0,1.2926769354776723e+37
4050.0,1.303106766786183e+37
4070.0,1.2612756169275283e+37
4090.0,1.153108039335838e+37
4110.0,9.627421806760457e+36
4130.0,1.1997202794385748e+37
4150.0,1.2159899904204722e+37
4170.0,1.202347486970858e+37
4190.0,1.1946481090240174e+37
4210.0,1.1829870759026097e+37
4230.0,1.15765726080067e+37
4250.0,1.1525505969501394e+37
4270.0,1.116914682418186e+37
4290.0,1.114961830393186e+37
4310.0,1.0703603182291097e+37
4330.0,9.632078203619987e+36
4350.0,8.655456937070815e+36
4370.0,1.0725560575101918e+37
4390.0,1.0465982398122742e+37
4410.0,1.045731041943444e+37
4430.0,1.0407346161838587e+37
4450.0,1.0392977809352352e+37
4470.0,1.0130712717756137e+37
4490.0,1.0192013728963149e+37
4510.0,1.040495005769796e+37
4530.0,9.980676978261669e+36
4550.0,9.876657643599454e+36
4570.0,1.0021206236340557e+37
4590.0,9.760228832606124e+36
4610.0,9.773497360254313e+36
4630.0,9.540694727473727e+36
4650.0,9.513711993893419e+36
4670.0,9.495328627526397e+36
4690.0,9.339422013789266e+36
4710.0,9.033166182711129e+36
4730.0,9.135661511344491e+36
4750.0,9.11024381427195e+36
4770.0,9.035662483627251e+36
4790.0,8.915382898042662e+36
4810.0,8.7714218836739e+36
4830.0,8.670217654314437e+36
4850.0,7.71755974090612e+36
4870.0,6.66607199771806e+36
4890.0,8.309789068277065e+36
4910.0,8.338347685142473e+36
4930.0,8.109797311372561e+36
4950.0,8.250304924229601e+36
4970.0,8.150607879273254e+36
4990.0,7.88515073766896e+36
5010.0,7.57408195372019e+36
5030.0,7.71933697931183e+36
5050.0,7.562754453328265e+36
5070.0,7.659845324519821e+36
5090.0,7.456413773304316e+36
5110.0,7.420787578463788e+36
5130.0,7.233358664042345e+36
5150.0,7.105751247780043e+36
5170.0,6.958890454987708e+36
5190.0,6.963057796029266e+36
5210.0,6.936653481702553e+36
5230.0,7.048878097610341e+36
5250.0,7.086307598178424e+36
5270.0,6.754605666334999e+36
5290.0,7.010677669854733e+36
5310.0,7.044334982638516e+36
5330.0,6.729456652775784e+36
5350.0,6.890012344299738e+36
5370.0,6.834865929365655e+36
5390.0,6.687133601379491e+36
5410.0,6.606782351538925e+36
5430.0,6.56523082614007e+36
5450.0,6.612717960889553e+36
5470.0,6.486493690799655e+36
5490.0,6.45981380126577e+36
5510.0,6.372062105290235e+36
5530.0,6.409291144131139e+36
5550.0,6.40309580626251e+36
5570.0,6.322662499296855e+36
5590.0,6.228163427971932e+36
5610.0,6.273212512121265e+36
5630.0,6.182441277408412e+36
5650.0,6.149502749178226e+36
5670.0,6.048532241742369e+36
5690.0,6.107169870017547e+36
5710.0,5.962384785310719e+36
5730.0,6.128864219748697e+36
5750.0,5.968016291445413e+36
5770.0,5.977643353599868e+36
5790.0,5.807777902701728e+36
5810.0,5.898478489828734e+36
5830.0,5.952782297252977e+36
5850.0,5.823043038239749e+36
5870.0,5.736011323442397e+36
5890.0,5.510740999430596e+36
5910.0,5.68355412269675e+36
5930.0,5.665653364097304e+36
5950.0,5.608800592737019e+36
5970.0,5.65015029131381e+36
5990.0,5.527134079444345e+36
6010.0,5.46650815088685e+36
6030.0,5.524589326132767e+36
6050.0,5.529552680806458e+36
6070.0,5.500219228387882e+36
6090.0,5.346505279359154e+36
6110.0,5.32708958104682e+36
6130.0,5.1531169632050737e+36
6150.0,5.1765450749708185e+36
6170.0,5.073293642124913e+36
6190.0,5.18334361369392e+36
6210.0,5.1159936881884053e+36
6230.0,4.9997696968745956e+36
6250.0,4.858363440134642e+36
6270.0,4.9701557677066117e+36
6290.0,5.014411837190789e+36
6310.0,4.900044227932327e+36
6330.0,4.931965159708769e+36
6350.0,4.874162454431531e+36
6370.0,4.8353732101281533e+36
6390.0,4.8778675092586784e+36
6410.0,4.807839929605151e+36
6430.0,4.80429868703087e+36
6450.0,4.76913921474452e+36
6470.0,4.7577322754120325e+36
6490.0,4.638953294335411e+36
6510.0,4.705437399531834e+36
6530.0,4.653824482690044e+36
6550.0,4.419875131370023e+36
6570.0,3.9776814500606583e+36
6590.0,4.5474716473742744e+36
6610.0,4.5947300419325225e+36
6630.0,4.573724487693161e+36
6650.0,4.563205213278266e+36
6670.0,4.464779341129956e+36
6690.0,4.487143927703848e+36
6710.0,4.357425794945253e+36
6730.0,4.425985634538375e+36
6750.0,4.3493063606725447e+36
6770.0,4.348505262619351e+36
6790.0,4.2850905143769195e+36
6810.0,4.296353425698687e+36
6830.0,4.306455858266612e+36
6850.0,4.2252265490576956e+36
6870.0,4.2519681234088236e+36
6890.0,4.287854105108972e+36
6910.0,4.25588613480951e+36
6930.0,4.199329955896545e+36
6950.0,4.1627468418708087e+36
6970.0,4.1914085985488536e+36
6990.0,4.1384717979532096e+36
7010.0,4.075303898948605e+36
7030.0,4.118698485057905e+36
7050.0,4.146197639033704e+36
7070.0,4.038034266328922e+36
7090.0,3.9440280954935946e+36
7110.0,3.8068871242726097e+36
7130.0,3.744811829362011e+36
7150.0,3.7466230442845277e+36
7170.0,3.777983005470007e+36
7190.0,3.712786702756375e+36
7210.0,3.758979870030153e+36
7230.0,3.803470042983908e+36
7250.0,3.814520910849976e+36
7270.0,3.808377581827828e+36
7290.0,3.751889161958625e+36
7310.0,3.790268707898883e+36
7330.0,3.79175265907673e+36
7350.0,3.779027044984712e+36
7370.0,3.840873466234166e+36
7390.0,3.778678999759454e+36
7410.0,3.751457234620079e+36
7430.0,3.7682525351629883e+36
7450.0,3.7725065283670475e+36
7470.0,3.758979870030153e+36
7490.0,3.7368012538211405e+36
7510.0,3.769380677876285e+36
7530.0,3.788872578495165e+36
7550.0,3.7909669655068043e+36
7570.0,3.7597589341423534e+36
7590.0,3.722716806986239e+36
7610.0,3.708087724805111e+36
7630.0,3.6846818914786955e+36
7650.0,3.655947916131269e+36
7670.0,3.5473169983669214e+36
7690.0,3.5986532333371086e+36
7710.0,3.5357373805308665e+36
7730.0,3.5221674561537765e+36
7750.0,3.501144214361828e+36
7770.0,3.510346604994832e+36
7790.0,3.542827442220507e+36
7810.0,3.526387228855318e+36
7830.0,3.4852184144484917e+36
7850.0,3.426573090748806e+36
7870.0,3.466250937121295e+36
7890.0,3.366510706569037e+36
7910.0,3.308186613868175e+36
7930.0,3.3263657477981214e+36
7950.0,3.2645250089003205e+36
7970.0,3.362482246545479e+36
7990.0,3.3480350816163105e+36
8010.0,3.357762696893824e+36
8030.0,3.3428739428682e+36
8050.0,3.327438214275828e+36
8070.0,3.29564178058332e+36
8090.0,3.2373525726864006e+36
8110.0,3.2285684613929e+36
8130.0,3.270769957197942e+36
8150.0,3.262646338021834e+36
8170.0,3.27152316652562e+36
8190.0,3.214770689373075e+36
8210.0,3.192199314510374e+36
8230.0,3.234372233484164e+36
8250.0,3.2222556955029924e+36
8270.0,3.2597928286768e+36
8290.0,3.221068791283454e+36
8310.0,3.1038448191595465e+36
8330.0,3.1011301975673156e+36
8350.0,3.090437749154453e+36
8370.0,3.095137876945166e+36
8390.0,3.015643504939808e+36
8410.0,3.0952804165939565e+36
8430.0,2.9961254938699696e+36
8450.0,2.97029784401786e+36
8470.0,2.9550851535475093e+36
8490.0,3.041305168489839e+36
8510.0,2.851149564770353e+36
8530.0,3.064149847651405e+36
8550.0,2.785800423040208e+36
8570.0,3.1130063029078714e+36
8590.0,2.984214251027926e+36
8610.0,2.9721450463144245e+36
8630.0,3.126583272195321e+36
8650.0,3.1017729196163076e+36
8670.0,2.749666357164016e+36
8690.0,3.006699324364693e+36
8710.0,3.110355286437765e+36
8730.0,3.079994918610181e+36
8750.0,2.8706483807372875e+36
8770.0,3.0467021567175534e+36
8790.0,3.0990601101066916e+36
8810.0,3.0310981535840497e+36
8830.0,3.0469126227157904e+36
8850.0,3.0023408823120085e+36
8870.0,2.8229942918771755e+36
8890.0,3.0443879900225376e+36
8910.0,3.093641606879107e+36
8930.0,3.016129608418692e+36
8950.0,3.013699874341164e+36
8970.0,3.010440167320669e+36
8990.0,2.980711890176968e+36
9010.0,2.742710694843827e+36
9030.0,2.8697892207505626e+36
9050.0,3.02050806730693e+36
9070.0,2.9967464532601845e+36
9090.0,2.901415988926289e+36
9110.0,2.928060190314458e+36
9130.0,2.9796825665303863e+36
9150.0,2.9495108629487335e+36
9170.0,2.933796593703753e+36
9190.0,2.954949069980516e+36
9210.0,2.829176226111569e+36
9230.0,2.6734988399933047e+36
9250.0,2.782466857037899e+36
9270.0,2.819746069775852e+36
9290.0,2.825335328468273e+36
9310.0,2.854828344169378e+36
9330.0,2.835110562496834e+36
9350.0,2.8226043077425154e+36
9370.0,2.7687898868140483e+36
9390.0,2.800593006636185e+36
9410.0,2.7223251789738933e+36
9430.0,2.791386668490207e+36
9450.0,2.7279097622488876e+36
9470.0,2.7723623992215687e+36
9490.0,2.770384189226904e+36
9510.0,2.7301090838755005e+36
9530.0,2.6854681131878463e+36
9550.0,2.4944798492555006e+36
9570.0,2.634814228203031e+36
9590.0,2.71850414798907e+36
9610.0,2.6758391279578924e+36
9630.0,2.6718987697703036e+36
9650.0,2.6240976964370777e+36
9670.0,2.6087952797288707e+36
9690.0,2.6516121479323302e+36
9710.0,2.6251855193368463e+36
9730.0,2.6032747138447518e+36
9750.0,2.583449639258471e+36
9770.0,2.589345483169706e+36
9790.0,2.5424358280978127e+36
9810.0,2.608494948361567e+36
9830.0,2.5712245140391263e+36
9850.0,2.5924476779179003e+36
9870.0,2.5690348755123548e+36
9890.0,2.5587037168532094e+36
9910.0,2.544895770825668e+36
9930.0,2.541967537243281e+36
9950.0,2.532794765689978e+36
9970.0,2.5334363642418035e+36
9990.0,2.5155908129699306e+36
10025.0,2.4433180311495618e+36
10075.0,2.379468719849151e+36
10125.0,2.436127419805969e+36
10175.0,2.4019833906668695e+36
10225.0,2.393977145357465e+36
10275.0,2.3845695835645687e+36
10325.0,2.3299682337742012e+36
10375.0,2.302342868906153e+36
10425.0,2.3001703450125774e+36
10475.0,2.2690810037117215e+36
10525.0,2.260736780426664e+36
10575.0,2.2231563151494287e+36
10625.0,2.2086149115683038e+36
10675.0,2.152583465329922e+36
10725.0,2.1471876472298193e+36
10775.0,2.120508413788467e+36
10825.0,2.082236236035847e+36
10875.0,2.0727169550779034e+36
10925.0,2.019156586584878e+36
10975.0,2.025349606824971e+36
11025.0,2.0403280490797162e+36
11075.0,2.0264691656970847e+36
11125.0,2.0055338660165362e+36
11175.0,1.976696530528687e+36
11225.0,1.9678409779721675e+36
11275.0,1.9266374595240676e+36
11325.0,1.9120533246045386e+36
11375.0,1.8929973238604305e+36
11425.0,1.867411375406347e+36
11475.0,1.8808752859248928e+36
11525.0,1.8674543746373607e+36
11575.0,1.8340450537010858e+36
11625.0,1.8026441354130056e+36
11675.0,1.7943204217168517e+36
11725.0,1.8028101727197496e+36
11775.0,1.762260066284832e+36
11825.0,1.7477125305437344e+36
11875.0,1.714628349368857e+36
11925.0,1.7374807434885845e+36
11975.0,1.6726689688424853e+36
12025.0,1.6991823959466958e+36
12075.0,1.6745958091246485e+36
12125.0,1.6688987908280685e+36
12175.0,1.6659808308133134e+36
12225.0,1.6482382939562765e+36
12275.0,1.6321873214188824e+36
12325.0,1.6135409803748035e+36
12375.0,1.6068302532774838e+36
12425.0,1.589644456908014e+36
12475.0,1.5813936843040113e+36
12525.0,1.557327669839922e+36
12575.0,1.5493159788836616e+36
12625.0,1.5382254765729862e+36
12675.0,1.5182384992512097e+36
12725.0,1.513944658382505e+36
12775.0,1.5078564566940025e+36
12825.0,1.4225908139006512e+36
12875.0,1.4698059461489945e+36
12925.0,1.4455729067997402e+36
12975.0,1.461975181168333e+36
13025.0,1.436613687807723e+36
13075.0,1.443211563744795e+36
13125.0,1.411724656639776e+36
13175.0,1.4065656266131055e+36
13225.0,1.4049795403938552e+36
13275.0,1.377114337919903e+36
13325.0,1.3876182402145943e+36
13375.0,1.3678548038774814e+36
13425.0,1.3747698529064204e+36
13475.0,1.362448201644534e+36
13525.0,1.355064600541356e+36
13575.0,1.329811241745216e+36
13625.0,1.3203528280692474e+36
13675.0,1.3231223331133736e+36
13725.0,1.3229395496342807e+36
13775.0,1.3112937764409304e+36
13825.0,1.3106900423660758e+36
13875.0,1.2923198049823355e+36
13925.0,1.2968208966191982e+36
13975.0,1.2945236825324598e+36
14025.0,1.269082922394574e+36
14075.0,1.2794991449569726e+36
14125.0,1.2589254117941713e+36
14175.0,1.2685570405266005e+36
14225.0,1.2461777705579126e+36
14275.0,1.2203095218373519e+36
14325.0,1.2427678223248354e+36
14375.0,1.24205263352705e+36
14425.0,1.2024305450615596e+36
14475.0,1.2259139866271846e+36
14525.0,1.2072855427917623e+36
14570.0,1.2127743412862758e+36
14620.0,1.2094000994991995e+36
14675.0,1.2059519386114014e+36
14725.0,1.1805924458138876e+36
14775.0,1.1869433729566139e+36
14825.0,1.1823879634118894e+36
14875.0,1.168342029171587e+36
14925.0,1.1904194113479565e+36
14975.0,1.1690416923894862e+36
15025.0,1.1600587922363006e+36
15075.0,1.1447482808782528e+36
15125.0,1.1595513877612925e+36
15175.0,1.1585905983637811e+36
15225.0,1.1573107840940502e+36
15275.0,1.1594445940498034e+36
15325.0,1.1480478775101062e+36
15375.0,1.1602457866915918e+36
15425.0,1.1495027113931878e+36
15475.0,1.1514365204948273e+36
15525.0,1.1317486887716211e+36
15575.0,1.0740141421460699e+36
15625.0,1.1105548165019696e+36
15675.0,1.0948383462877889e+36
15725.0,1.1164518559399534e+36
15775.0,1.033023021203482e+36
15825.0,1.0566715145642878e+36
15875.0,1.033951100982367e+36
15925.0,1.0697936112908452e+36
15975.0,1.0400877946649987e+36
16050.0,1.1027574488229295e+36
16150.0,1.0889802415721306e+36
16250.0,1.0903602235262643e+36
16350.0,1.0807120651727313e+36
16450.0,1.0513806988076304e+36
16550.0,1.0490833635354758e+36
16650.0,1.0327851862453522e+36
16750.0,1.0058425417432758e+36
16850.0,9.773947456804795e+35
16950.0,9.841470613106018e+35
17050.0,9.487897843876598e+35
17150.0,9.453007446404682e+35
17250.0,9.10500104550678e+35
17350.0,8.874624777909431e+35
17450.0,8.812720571714799e+35
17550.0,8.653862689821673e+35
17650.0,8.534341164371047e+35
17750.0,8.33105496917603e+35
17850.0,8.271989986056874e+35
17950.0,8.07551075750168e+35
18050.0,7.878617202970547e+35
18150.0,7.725204770343615e+35
18250.0,7.599237188771184e+35
18350.0,7.463112701308908e+35
18450.0,7.293567389364231e+35
18550.0,7.232859018584683e+35
18650.0,7.003901020787608e+35
18750.0,6.845891314670598e+35
18850.0,6.832662984001324e+35
18950.0,6.511334402880437e+35
19050.0,6.659168435839561e+35
19150.0,6.511334402880437e+35
19250.0,6.427617137343836e+35
19350.0,6.224865899684442e+35
19450.0,6.0485322417423694e+35
19550.0,6.094386594172938e+35
19650.0,5.977918640588071e+35
19750.0,5.840634103873566e+35
19850.0,5.781626070041796e+35
19950.0,5.698623963203362e+35
20050.0,5.67466201639731e+35
20150.0,5.5890758047392826e+35
20250.0,5.405053537086658e+35
20350.0,5.3343314845517074e+35
20450.0,5.343059370968451e+35
20550.0,5.2321477562675595e+35
20650.0,5.130031124082777e+35
20750.0,5.06570622280853e+35
20850.0,4.967409916903709e+35
20950.0,4.8634001069437726e+35
21050.0,4.8532202386196615e+35
21150.0,4.747882909415943e+35
21250.0,4.666378903504623e+35
21350.0,4.6499683834537005e+35
21450.0,4.569934758284694e+35
21550.0,4.486317441370977e+35
21650.0,4.3805636998727165e+35
21750.0,4.317576089850437e+35
21850.0,4.273857128831752e+35
21950.0,4.2248374092318814e+35
22050.0,4.0978872030685834e+35
22150.0,4.118319156377549e+35
22250.0,3.985290647396354e+35
22350.0,3.945753950446065e+35
22450.0,3.895112449463525e+35
22550.0,3.857180832909264e+35
22650.0,3.757249194360824e+35
22750.0,3.762963450006346e+35
22850.0,3.669272787189837e+35
22950.0,3.0868817985708994e+35
23050.0,3.331731539082586e+35
23150.0,3.278989303913675e+35
23250.0,2.8017539958820068e+35
23350.0,3.040815007517106e+35
23450.0,2.9238830658588238e+35
23550.0,2.5204030703495303e+35
23650.0,2.7990457693029776e+35
23750.0,2.6818223140849072e+35
23850.0,2.385338401889479e+35
23950.0,2.602495576461157e+35
24050.0,2.557290115553074e+35
24150.0,2.2988466415546994e+35
24250.0,2.4679138769190255e+35
24350.0,2.4338846965041732e+35
24450.0,2.2812348626082896e+35
24550.0,2.2908149041980108e+35
24650.0,2.3680997938738e+35
24750.0,2.279712077241997e+35
24850.0,2.1587880233717444e+35
24950.0,2.2271527280273564e+35
25050.0,2.31169215939252e+35
25150.0,2.0889113037289712e+35
25250.0,2.1888197562885937e+35
25350.0,2.187409026855134e+35
25450.0,2.139833587208475e+35
25550.0,2.092232769835616e+35
25650.0,2.0944982411518624e+35
25750.0,2.117044563717503e+35
25850.0,1.990444167441836e+35
25950.0,2.0161832388582687e+35
26050.0,2.0493210451978873e+35
26150.0,1.9835812754562784e+35
26250.0,1.947421677517157e+35
26350.0,1.9762869368939297e+35
26450.0,1.9630890473260188e+35
26550.0,1.92021562822283e+35
26650.0,1.8783650547748423e+35
26750.0,1.9282795702049257e+35
26850.0,1.9072165205939067e+35
26950.0,1.834129516541907e+35
27050.0,1.8644897492378884e+35
27150.0,1.8425106210301085e+35
27250.0,1.8444632221797616e+35
27350.0,1.773045987318309e+35
27450.0,1.7932465335840265e+35
27550.0,1.786117394640819e+35
27650.0,1.7549712248133394e+35
27750.0,1.710133442843426e+35
27850.0,1.724209366496713e+35
27950.0,1.7240505682583807e+35
28050.0,1.7020409315117358e+35
28150.0,1.6605807533209368e+35
28250.0,1.6583263441953605e+35
28350.0,1.6556174684428892e+35
28450.0,1.6317363936962762e+35
28550.0,1.6086442094584281e+35
28650.0,1.5928687791204325e+35
28750.0,1.5727873230131466e+35
28850.0,1.5624999063995212e+35
28950.0,1.5457526510135392e+35
29050.0,1.5269330662735644e+35
29150.0,1.5157235557390423e+35
29250.0,1.4813920170891052e+35
29350.0,1.4863120542131322e+35
29450.0,1.4601921185907405e+35
29550.0,1.44450816163419e+35
29650.0,1.4372092377637481e+35
29750.0,1.4217394033195623e+35
29850.0,1.400232004785851e+35
29950.0,1.3847456195794748e+35
30050.0,1.3679807937626676e+35
30150.0,1.358657529713068e+35
30250.0,1.336995667671825e+35
30350.0,1.3120790465076814e+35
30450.0,1.3081272720576367e+35
30550.0,1.2918437844630034e+35
30650.0,1.2772032059331894e+35
30750.0,1.266309893591389e+35
30850.0,1.2435406887833686e+35
30950.0,1.2317427082782242e+35
31050.0,1.2242778720482212e+35
31150.0,1.1998584102914378e+35
31250.0,1.192724114747686e+35
31350.0,1.1800760600115876e+35
31450.0,1.1651987230250047e+35
31550.0,1.1506149167846832e+35
31650.0,1.1336265272544057e+35
31750.0,1.1265487758837526e+35
31850.0,1.112243816565983e+35
31950.0,1.1018437181542944e+35
32100.0,1.0807120651727314e+35
32300.0,1.0538771783709743e+35
32500.0,1.0301014535651011e+35
32700.0,1.0051942600951306e+35
32900.0,9.78791073578357e+34
33100.0,9.594227227861962e+34
33300.0,9.371950799742503e+34
33500.0,9.196657227219942e+34
33700.0,8.974907888268557e+34
33900.0,8.762136207359944e+34
34100.0,8.551651617450703e+34
34300.0,8.402722089819428e+34
34500.0,8.230761168982399e+34
34700.0,8.046184745014426e+34
34900.0,7.878254387594259e+34
35100.0,7.723426180984755e+34
35300.0,7.531994600330025e+34
35500.0,7.3955418670035155e+34
35700.0,7.230860781861249e+34
35900.0,7.078479848154565e+34
36100.0,6.948163028812186e+34
36300.0,6.810202095996831e+34
36500.0,6.636208156703705e+34
36700.0,6.50548979592829e+34
36900.0,6.3225169162888165e+34
37100.0,6.185716331895877e+34
37300.0,6.096351508983873e+34
37500.0,5.911395273334824e+34
37700.0,5.865567001019113e+34
37900.0,5.746587184513254e+34
38100.0,5.642999346816917e+34
38300.0,5.551623430172394e+34
38500.0,5.453809950965588e+34
38700.0,5.315571937674757e+34
38900.0,5.225405523440244e+34
39100.0,5.129440541420435e+34
39300.0,5.042431416895006e+34
39500.0,4.915865591568631e+34
39700.0,4.833592120913413e+34
39900.0,4.703487563027353e+34
40100.0,4.639166930948583e+34
40300.0,4.571829230311045e+34
40500.0,4.46981964583288e+34
40700.0,4.405650077739582e+34
40900.0,4.32862536492783e+34
41100.0,4.251968123408824e+34
41300.0,4.183983854776561e+34
41500.0,4.0976041408256997e+34
41700.0,4.0103289741389607e+34
41900.0,3.9421214498404427e+34
42100.0,3.8640256440657536e+34
42300.0,3.8234023257810617e+34
42500.0,3.737145441785827e+34
42700.0,3.6835790983723675e+34
42900.0,3.388129488762633e+34
43100.0,3.100059290092493e+34
43300.0,3.1544961376918544e+34
43500.0,2.9191741191481726e+34
43700.0,2.8039482888777728e+34
43900.0,2.714625972876072e+34
44100.0,2.522435093936642e+34
44300.0,2.505647653163724e+34
44500.0,2.4391022116715046e+34
44700.0,2.2995348722567175e+34
44900.0,2.3443367735322095e+34
45100.0,2.2563163996281534e+34
45300.0,2.168253219905236e+34
45500.0,2.190887108921662e+34
45700.0,2.1552616435661613e+34
45900.0,2.0494154220927642e+34
46100.0,2.099181546918858e+34
46300.0,2.0361042011319602e+34
46500.0,2.0123336987652726e+34
46700.0,2.015951130546219e+34
46900.0,1.972150254666269e+34
47100.0,1.9261495341822785e+34
47300.0,1.9595664715050956e+34
47500.0,1.9055045933228114e+34
47700.0,1.880831977669534e+34
47900.0,1.8649191132986028e+34
48100.0,1.8056767247244773e+34
48300.0,1.8430622334583866e+34
48500.0,1.8001139604180037e+34
48700.0,1.7563861345813346e+34
48900.0,1.738080951723826e+34
49100.0,1.714391481070888e+34
49300.0,1.6908302148684018e+34
49500.0,1.6530272007683346e+34
49700.0,1.6643321402125457e+34
49900.0,1.6314734100581385e+34
50100.0,1.6194591588156216e+34
50300.0,1.5988215745080995e+34
50500.0,1.554712176611622e+34
50700.0,1.5531378371414256e+34
50900.0,1.5302063505192088e+34
51100.0,1.50196564843077e+34
51300.0,1.490252983623939e+34
51500.0,1.4642997896877746e+34
51700.0,1.474042481665493e+34
51900.0,1.4442420979035528e+34
52100.0,1.430111832698822e+34
52300.0,1.4031690603347622e+34
52500.0,1.398620855745269e+34
52700.0,1.4090616662105322e+34
52900.0,1.3617268475026174e+34
53100.0,1.3377963293511996e+34
53300.0,1.3390598855467463e+34
53500.0,1.321265210580531e+34
53700.0,1.3086394249300962e+34
53900.0,1.297239009672522e+34
54100.0,1.2843991219526436e+34
54300.0,1.2562035026344938e+34
54500.0,1.2620309335512253e+34
54700.0,1.2302687708123913e+34
54900.0,1.2289097786621554e+34
55100.0,1.2029290141102064e+34
55300.0,1.2306087536044195e+34
55500.0,1.1810546667500828e+34
55700.0,1.1894878217795427e+34
55900.0,1.1653060467357648e+34
56100.0,1.1685841728853345e+34
56300.0,1.136187481719172e+34
56500.0,1.1403285559465882e+34
56700.0,1.125822697132041e+34
56900.0,1.0980952172992863e+34
57100.0,1.1046889249132443e+34
57300.0,1.0926473077622154e+34
57500.0,1.0786983141660822e+34
57700.0,1.0653198027479537e+34
57900.0,1.0633347330015313e+34
58100.0,1.0456588078971057e+34
58300.0,1.0360721503229305e+34
58500.0,1.0246133260947603e+34
58700.0,1.005101682545799e+34
58900.0,9.975162976050241e+33
59100.0,9.844190287648921e+33
59300.0,9.803699704917369e+33
59500.0,9.636514961079966e+33
59700.0,9.609703764341604e+33
59900.0,9.505172437510841e+33
60100.0,9.400262904006979e+33
60300.0,9.288808297538753e+33
60500.0,9.128722387492203e+33
60700.0,9.044821490475947e+33
60900.0,8.92873636653023e+33
61100.0,8.8157649032745e+33
61300.0,8.759312083589396e+33
61500.0,8.684803566680795e+33
61700.0,8.635947629457212e+33
61900.0,8.513536454596682e+33
62100.0,8.455513747900794e+33
62300.0,8.31706316881284e+33
62500.0,8.185024806990983e+33
62700.0,8.100838983609043e+33
62900.0,8.025276419411852e+33
63100.0,7.931950586010412e+33
63300.0,7.893325275760807e+33
63500.0,7.779828080351214e+33
63700.0,7.744974639075729e+33
63900.0,7.620263692905391e+33
64200.0,7.505679229261628e+33
64600.0,7.321836050587741e+33
65000.0,7.169683755804187e+33
65400.0,7.008902199705261e+33
65800.0,6.874165755646065e+33
66200.0,6.713206401023628e+33
66600.0,6.57143172376807e+33
67000.0,6.434873296363275e+33
67400.0,6.284489428233091e+33
67800.0,6.1512021543521e+33
68200.0,6.015060501809096e+33
68600.0,5.897392050005195e+33
69000.0,5.762089503956196e+33
69400.0,5.641570244329795e+33
69800.0,5.520901514799307e+33
70200.0,5.399082951225533e+33
70600.0,5.291514615338893e+33
71000.0,5.176306691749389e+33
71400.0,5.0709578419415195e+33
71800.0,4.960780372030749e+33
72200.0,4.858699055583291e+33
72600.0,4.7553227674032255e+33
73000.0,4.6577910280574353e+33
73400.0,4.5581645585759826e+33
73800.0,4.466424529662989e+33
74200.0,4.365761432970989e+33
74600.0,4.269824255685222e+33
75000.0,4.182924251298859e+33
75400.0,4.103080144294104e+33
75800.0,4.027170343254562e+33
76200.0,3.94611738455163e+33
76600.0,3.8665176767129644e+33
77000.0,3.7875641742338274e+33
77400.0,3.713043181834224e+33
77800.0,3.640407496365049e+33
78200.0,3.5670565956651545e+33
78600.0,3.49792102593225e+33
79000.0,3.4285461526168906e+33
79400.0,3.361553286712351e+33
79800.0,3.2981469357975453e+33
80200.0,3.230129990153783e+33
80600.0,3.1684729222561216e+33
81000.0,3.1094959822345514e+33
81400.0,3.048596874189127e+33
81800.0,2.9929537103323604e+33
82200.0,2.936364737275e+33
82600.0,2.8807793814079776e+33
83000.0,2.827027284383752e+33
83400.0,2.772426235959862e+33
83800.0,2.720695886530956e+33
84200.0,2.6722679317271427e+33
84600.0,2.6221649019560744e+33
85000.0,2.57460139363185e+33
85400.0,2.527900640858362e+33
85800.0,2.4822184537474213e+33
86200.0,2.4380353593830802e+33
86600.0,2.3949695715021847e+33
87000.0,2.3517437580337203e+33
87400.0,2.309936280173176e+33
87800.0,2.2688720232520253e+33
88200.0,2.227460441803289e+33
88600.0,2.188315819934448e+33
89000.0,2.1498096103893577e+33
89400.0,2.1130511012636545e+33
89800.0,2.0752957658549576e+33
90200.0,2.041314873726144e+33
90600.0,2.0064114613254632e+33
91000.0,1.9685207635554006e+33
91400.0,1.9371801042991165e+33
91800.0,1.9048027087872917e+33
92200.0,1.87413123997674e+33
92600.0,1.8415350957467244e+33
93000.0,1.811006462173391e+33
93400.0,1.780573887235137e+33
93800.0,1.751015538391833e+33
94200.0,1.72230475260256e+33
94600.0,1.693128811329552e+33
95000.0,1.6656739740666168e+33
95400.0,1.638475681866452e+33
95800.0,1.611907069423081e+33
96200.0,1.5856232308335572e+33
96600.0,1.56034272347642e+33
97000.0,1.5350764177630316e+33
97400.0,1.5083773418124487e+33
97800.0,1.4859014277483306e+33
98200.0,1.4625138919577958e+33
98600.0,1.4397596563857955e+33
99000.0,1.417131005185628e+33
99400.0,1.394312112065906e+33
99800.0,1.3729350741017117e+33
100200.0,1.3513878189756213e+33
200000.0,8.78658267974496e+31
400000.0,5.532481877463262e+30
600000.0,1.0883786151019892e+30
800000.0,3.4245223108915264e+29
1000000.0,1.3946974279709293e+29
1200000.0,6.690213849407445e+28
1400000.0,3.59368494292683e+28
1600000.0,2.0970558644844594e+28
