WAVE FLUX
1000.04 3.30455544583376e+39
1000.53 3.299216823822633e+39
1001.02 3.2914609249486326e+39
1001.51 3.292733479428737e+39
1002.01 3.2525442868663984e+39
1002.5 3.28360687057964e+39
1002.99 3.2789071824567886e+39
1003.48 3.275043861599242e+39
1003.97 3.266593914702397e+39
1004.46 3.256815879738334e+39
1004.96 3.2606939094067325e+39
1005.45 3.247567239090574e+39
1005.94 2.896585159914147e+39
1006.43 3.236193499862468e+39
1006.93 3.233563773557208e+39
1007.42 3.234891149226666e+39
1007.92 2.8801604568812954e+39
1008.41 3.229349023614345e+39
1008.91 3.2219742079739946e+39
1009.4 3.220997758726215e+39
1009.9 3.0797648566371963e+39
1010.39 2.4514666134775353e+39
1010.89 3.1988448866032153e+39
1011.38 2.9942748771157854e+39
1011.88 3.1990345248013597e+39
1012.37 3.1789776385733106e+39
1012.87 2.5911633711394646e+39
1013.37 3.1864136217716066e+39
1013.86 3.1732244177734724e+39
1014.36 3.179349002269192e+39
1014.86 3.029532747388623e+39
1015.36 3.147988449707356e+39
1015.85 3.1634566674038764e+39
1016.35 3.1585621794380557e+39
1016.85 3.12843404218839e+39
1017.35 2.996088285423135e+39
1017.85 2.7354088097818354e+39
1018.35 3.105559878595507e+39
1018.85 3.029127854913593e+39
1019.35 3.13224217666423e+39
1019.85 3.1161122452417486e+39
1020.35 3.047620484356198e+39
1020.85 3.115004699693595e+39
1021.35 3.039740848755496e+39
1021.85 2.934367097302403e+39
1022.35 2.9282109488506814e+39
1022.85 2.854041653656593e+39
1023.35 2.6305604444974353e+39
1023.85 2.1881963774924503e+39
1024.35 1.9293203059279845e+39
1024.86 1.6463841204949395e+39
1025.36 6.231739233458697e+38
1025.86 5.158190847812509e+38
1026.37 1.6192888886426202e+39
1026.87 1.6467684321614522e+39
1027.37 1.6826770119407112e+39
1027.88 1.7366719373842128e+39
1028.38 1.81149057114419e+39
1028.89 1.876044634861513e+39
1029.39 1.8669019995242116e+39
1029.9 1.7633100137463473e+39
1030.4 1.6198212441586666e+39
1030.91 1.512949065440541e+39
1031.41 1.579220549932758e+39
1031.92 1.6856215212756895e+39
1032.42 1.9806995796408104e+39
1032.93 1.9638393328078342e+39
1033.44 1.97612007877506e+39
1033.94 1.9940312810665025e+39
1034.45 2.1019356087165655e+39
1034.96 2.2114487566762416e+39
1035.46 2.106762650947842e+39
1035.97 2.582754619775601e+39
1036.48 2.780806153064065e+39
1036.99 2.544768712529649e+39
1037.5 3.375716368105106e+39
1038.01 4.3196008166430933e+39
1038.51 4.217572269599973e+39
1039.02 4.0117167500516346e+39
1039.53 3.830257948838582e+39
1040.04 3.71908252554687e+39
1040.55 3.5952876278255793e+39
1041.06 3.487397863864614e+39
1041.57 3.373955779074164e+39
1042.08 3.2969116352022194e+39
1042.59 3.2169570324763315e+39
1043.11 3.146313760234272e+39
1043.62 3.088304024109381e+39
1044.13 3.0403816099553465e+39
1044.64 3.0037665636017463e+39
1045.15 2.9762834694350747e+39
1045.67 2.95625045751777e+39
1046.18 2.945027831858728e+39
1046.69 2.936280990387257e+39
1047.2 2.93181022706713e+39
1047.72 2.928079872969383e+39
1048.23 2.920661499376778e+39
1048.75 2.9214493102836466e+39
1049.26 2.9175393758959857e+39
1049.78 2.91248650202833e+39
1050.29 2.90979475304789e+39
1050.81 2.905826079361758e+39
1051.32 2.898865839979235e+39
1051.83 2.8988560361500414e+39
1052.35 2.894836277899375e+39
1052.87 2.885435683440569e+39
1053.38 2.888284876066724e+39
1053.9 2.8844796764953225e+39
1054.42 2.8810113787083086e+39
1054.93 2.876959166884076e+39
1055.45 2.8189102805290256e+39
1055.97 2.8211673046466403e+39
1056.49 2.866001831142843e+39
1057.01 2.860777741062793e+39
1057.52 2.857018176602293e+39
1058.04 2.845120881408458e+39
1058.56 2.8492363458645625e+39
1059.08 2.845746833246574e+39
1059.6 2.8432436615594776e+39
1060.12 2.787673655950864e+39
1060.64 2.7707657786601626e+39
1061.16 2.807874754168419e+39
1061.68 2.8010165954922875e+39
1062.2 2.752033173263388e+39
1062.72 2.0121561487430957e+39
1063.24 2.8014942047561164e+39
1063.76 2.8166819420793526e+39
1064.28 2.811291783941241e+39
1064.81 2.80648600467853e+39
1065.33 2.80285777414453e+39
1065.85 2.78855537813419e+39
1066.37 2.7957447567774216e+39
1066.9 2.791480578587888e+39
1067.42 2.786845690272704e+39
1067.94 2.6939607652615356e+39
1068.47 2.781688266043542e+39
1068.99 2.7556678456803306e+39
1069.52 2.772452588724158e+39
1070.04 2.7134548785141405e+39
1070.56 2.7540455119186765e+39
1071.09 2.761776136160292e+39
1071.61 2.756430502961304e+39
1072.14 2.7335339621538477e+39
1072.67 2.737864399850782e+39
1073.19 2.730993133803474e+39
1073.72 2.7267048831980146e+39
1074.24 2.727576092460445e+39
1074.77 2.72800065179444e+39
1075.3 2.724031329286679e+39
1075.82 2.7201379911748432e+39
1076.35 2.727838353959217e+39
1076.88 2.724497164909896e+39
1077.41 2.7214109192162246e+39
1077.94 2.7158258601478112e+39
1078.47 2.710939024831122e+39
1078.99 2.6430098716351598e+39
1079.52 2.704622657735274e+39
1080.05 2.7024932156639906e+39
1080.58 2.6835060355103193e+39
1081.11 2.6873273617783085e+39
1081.64 2.620406121377476e+39
1082.17 2.6874269629414927e+39
1082.7 2.683272430813674e+39
1083.23 2.669518288523474e+39
1083.77 2.6698686734737697e+39
1084.3 2.6409981642063698e+39
1084.83 2.2575965488760768e+39
1085.36 2.6681767728976884e+39
1085.89 2.65933408127272e+39
1086.43 2.659867909509241e+39
1086.96 2.6575316019058006e+39
1087.49 2.652936401456713e+39
1088.02 2.6478005829305547e+39
1088.56 2.6207318142638618e+39
1089.09 2.634092870776738e+39
1089.63 2.6202242337048843e+39
1090.16 2.6364954638799166e+39
1090.69 2.6302415332996434e+39
1091.23 2.565506444763008e+39
1091.77 2.6270033297758945e+39
1092.3 2.6178172632302223e+39
1092.84 2.6165974218290575e+39
1093.37 2.5967831260311772e+39
1093.91 2.614407800780552e+39
1094.44 2.6106711454427088e+39
1094.98 2.6067530345671816e+39
1095.52 2.5984097724829357e+39
1096.06 2.5989949075011563e+39
1096.59 2.5764659171005404e+39
1097.13 2.5938344715224702e+39
1097.67 2.5747208383200716e+39
1098.21 2.577140361888822e+39
1098.74 2.5839682938996844e+39
1099.28 2.580923745474518e+39
1099.82 2.571776363786474e+39
1100.36 2.5739568505480852e+39
1100.9 2.5700368955575892e+39
1101.44 2.5668322571734167e+39
1101.98 2.5543220533220518e+39
1102.52 2.5601997559594103e+39
1103.06 2.54678383707627e+39
1103.6 2.5532324323123005e+39
1104.15 2.5434166606608022e+39
1104.69 2.546981839237782e+39
1105.23 2.5410558997954243e+39
1105.77 2.540169072170819e+39
1106.31 2.5365361904862007e+39
1106.85 2.527548724149634e+39
1107.4 2.5291052629399005e+39
1107.94 1.732508793186678e+39
1108.48 2.318697126510187e+39
1109.03 2.5200635784096187e+39
1109.57 2.517503846611409e+39
1110.11 2.5121109814283907e+39
1110.66 2.4935977684322643e+39
1111.2 2.5041777272872725e+39
1111.75 2.4950703601742654e+39
1112.29 2.4813133586084493e+39
1112.84 2.495510101237547e+39
1113.39 2.4931998141171302e+39
1113.93 2.4896368618673375e+39
1114.48 2.4861872165833584e+39
1115.02 2.4281349341693192e+39
1115.57 2.4783389965128815e+39
1116.12 2.3953481190590622e+39
1116.67 2.4685197283804097e+39
1117.21 2.4669237611528985e+39
1117.76 2.4595392706881644e+39
1118.31 2.455906504796958e+39
1118.86 2.461670564938885e+39
1119.41 2.4552067589742284e+39
1119.95 2.4558247288974596e+39
1120.5 2.4512949805224376e+39
1121.05 2.4400224302547825e+39
1121.6 2.4443427108041824e+39
1122.15 2.43972237458674e+39
1122.7 2.4378599728885358e+39
1123.25 2.4343730941257607e+39
1123.8 1.9007086748418648e+39
1124.36 2.4271850614931074e+39
1124.91 2.386994280690342e+39
1125.46 2.4217533055667393e+39
1126.01 2.4184574942191435e+39
1126.56 2.415277586965839e+39
1127.11 2.4133242591365495e+39
1127.67 2.408037388043933e+39
1128.22 1.905907956565102e+39
1128.77 2.0192991167322593e+39
1129.33 2.3966151991452375e+39
1129.88 2.3964982243898234e+39
1130.44 2.3605045224222424e+39
1130.99 2.3759850798539277e+39
1131.54 2.385352770847727e+39
1132.1 2.3863846559714062e+39
1132.65 2.3830844060662194e+39
1133.21 2.368248810091995e+39
1133.77 2.377252247063901e+39
1134.32 2.3658889099396786e+39
1134.88 2.3672948775815347e+39
1135.43 2.3679989748160215e+39
1135.99 2.364937080907462e+39
1136.55 2.3618793406553013e+39
1137.1 2.3583972720991332e+39
1137.66 2.3549145404593856e+39
1138.22 2.3507875089258493e+39
1138.78 2.349587555097573e+39
1139.34 2.2974704156962195e+39
1139.9 2.27613626271096e+39
1140.45 2.3399022982409802e+39
1141.01 2.3370937003042985e+39
1141.57 2.24054959290427e+39
1142.13 2.3286972649572207e+39
1142.69 2.3279923059037245e+39
1143.25 2.3246099034675838e+39
1143.81 2.320217308620635e+39
1144.38 2.2961813251336607e+39
1144.94 2.273237599573598e+39
1145.5 2.3126691992258846e+39
1146.06 2.3095758913531155e+39
1146.62 2.3066462410438535e+39
1147.18 2.3037735404824294e+39
1147.75 2.3010577653211335e+39
1148.31 2.2975045734942363e+39
1148.87 2.2795298483182968e+39
1149.44 2.2840895513782684e+39
1150.0 2.2692487090771422e+39
1150.0 2.2692487090771422e+39
1150.3 2.2857009926448295e+39
1150.6 2.2853711827395094e+39
1150.89 2.2835218706284223e+39
1151.19 2.2805653698775758e+39
1151.49 2.2809191177798255e+39
1151.79 2.2791728109237425e+39
1152.09 2.277323017064402e+39
1152.39 2.2750032736332044e+39
1152.69 2.248948064791326e+39
1152.98 2.273829638304832e+39
1153.28 2.2719320768584908e+39
1153.58 2.2700884218472846e+39
1153.88 2.2676196626130982e+39
1154.18 2.2659361322876528e+39
1154.48 2.263888979232272e+39
1154.78 2.262677175720836e+39
1155.08 2.2607371803019043e+39
1155.38 2.2593710915153503e+39
1155.68 2.258213860187804e+39
1155.98 2.2060867166670264e+39
1156.28 2.2548626905266084e+39
1156.57 2.252312846969785e+39
1156.88 2.250946500914421e+39
1157.18 2.249327662809118e+39
1157.47 2.245232741631392e+39
1157.78 2.2405150063215616e+39
1158.07 2.2111414142800673e+39
1158.38 2.2402321723710077e+39
1158.68 2.2346557609140778e+39
1158.97 2.221668832587631e+39
1159.28 2.2400920489674157e+39
1159.58 2.2302497336311144e+39
1159.88 2.237181080025417e+39
1160.18 2.2328460966304277e+39
1160.48 2.1588200911231325e+39
1160.78 2.23333628984092e+39
1161.08 2.231628014489331e+39
1161.38 2.2300237912423087e+39
1161.68 2.228061622527777e+39
1161.98 2.182553558988225e+39
1162.28 2.2256795308532384e+39
1162.58 2.224182213726274e+39
1162.89 2.2224757457984202e+39
1163.19 2.1870302107920287e+39
1163.49 2.2188224139469985e+39
1163.79 2.2147785892700673e+39
1164.09 2.2053529175945586e+39
1164.39 2.18799281029471e+39
1164.7 2.2104597918862284e+39
1165.0 2.185447770642191e+39
1165.3 2.2067251983614234e+39
1165.6 2.154101119821438e+39
1165.9 2.145576129239701e+39
1166.21 2.2045538392893585e+39
1166.51 2.2033757842098963e+39
1166.81 2.1860819811375782e+39
1167.11 2.199805720147334e+39
1167.42 2.1816302625934695e+39
1167.72 1.9434754186403302e+39
1168.02 2.196175106805337e+39
1168.32 2.195052374896874e+39
1168.63 2.13133516725436e+39
1168.93 1.5709403459022384e+39
1169.23 2.189564012201063e+39
1169.54 2.1783845154496496e+39
1169.84 2.1863642334034515e+39
1170.14 2.182983720332665e+39
1170.44 2.1641556344699893e+39
1170.75 2.180848143640661e+39
1171.05 2.08052739574636e+39
1171.35 2.1790212303534895e+39
1171.66 2.173794216398449e+39
1171.96 2.130033686591764e+39
1172.27 2.1744701986900465e+39
1172.57 2.1607350810971174e+39
1172.87 2.1701991849877083e+39
1173.18 2.169584728186774e+39
1173.48 2.164734846835447e+39
1173.79 2.1592441326952964e+39
1174.09 2.165757671115105e+39
1174.4 2.1623048479115563e+39
1174.7 2.1565774277861432e+39
1175.0 1.4836559356877125e+39
1175.31 1.4316942805960023e+39
1175.61 1.4092188807061746e+39
1175.92 1.4907868922404504e+39
1176.22 2.075361466217389e+39
1176.53 2.1205615467923966e+39
1176.83 2.1445643643319832e+39
1177.14 2.1448959980008857e+39
1177.44 2.1437022422944027e+39
1177.75 2.142651980572419e+39
1178.05 2.1423966470800187e+39
1178.36 2.1351435315918007e+39
1178.66 2.14311432107422e+39
1178.97 2.131731752736823e+39
1179.27 2.1405769150954142e+39
1179.58 2.1391344104658787e+39
1179.89 2.1350857441927955e+39
1180.19 2.1361101037887953e+39
1180.5 2.1247649896563928e+39
1180.8 2.1329429286041777e+39
1181.11 2.1322912426928276e+39
1181.42 2.1210642391007758e+39
1181.72 2.122375312675975e+39
1182.03 2.127940618376906e+39
1182.33 2.1264143179581916e+39
1182.64 2.0880708360004605e+39
1182.95 1.830469841275869e+39
1183.25 2.120171494902286e+39
1183.56 2.1199145811492038e+39
1183.87 2.1191209413148567e+39
1184.17 2.1164313531099293e+39
1184.48 1.6356168966309864e+39
1184.79 2.101691658456846e+39
1185.09 2.1132820970096093e+39
1185.4 2.0917747031272028e+39
1185.71 2.1104367929074014e+39
1186.02 2.1075593003087026e+39
1186.32 2.107066859815259e+39
1186.63 2.0924051994282227e+39
1186.94 2.0990523742174677e+39
1187.25 2.1018938030756653e+39
1187.56 2.1000434238747255e+39
1187.86 2.0981514734072574e+39
1188.17 2.0966423990329696e+39
1188.48 2.080855391415738e+39
1188.79 2.0937722835447163e+39
1189.09 2.0906823349434722e+39
1189.4 2.0898042910080053e+39
1189.71 2.0896482800493793e+39
1190.02 2.0879533028514655e+39
1190.33 2.082851845411681e+39
1190.64 2.085143688036799e+39
1190.94 2.0834095512747255e+39
1191.25 2.0065605962073446e+39
1191.56 2.0809896423385388e+39
1191.87 2.0793498625992684e+39
1192.18 2.0775679062006393e+39
1192.49 2.0718718886050218e+39
1192.8 2.0746774107126567e+39
1193.11 2.064135813629945e+39
1193.42 2.071600323694449e+39
1193.73 2.0653976646853295e+39
1194.04 2.0682422392740756e+39
1194.34 2.0669985701212504e+39
1194.65 2.065227589837096e+39
1194.96 2.0635056893306637e+39
1195.27 2.0601243401655722e+39
1195.58 2.055564961676029e+39
1195.89 2.0547500020312627e+39
1196.2 1.9151234898530682e+39
1196.51 2.047833234813571e+39
1196.82 2.0470214860847663e+39
1197.13 2.03924884783269e+39
1197.44 2.0428574386534504e+39
1197.75 2.018022041081167e+39
1198.06 2.0386551124228128e+39
1198.38 2.0310498823620548e+39
1198.69 2.0381609003337893e+39
1199.0 2.0409687368726856e+39
1199.31 2.0475487422792525e+39
1199.62 2.038084358484479e+39
1199.93 2.0383092396858234e+39
1200.24 2.0207286575701458e+39
1200.55 2.0333209636392795e+39
1200.86 2.026907297113427e+39
1201.17 2.031429918503563e+39
1201.48 2.029503538080432e+39
1201.8 2.0277142751961553e+39
1202.11 1.8951114161713938e+39
1202.42 2.0253624186859774e+39
1202.73 2.0240011590379778e+39
1203.04 2.0224545783530325e+39
1203.35 2.0161684145974227e+39
1203.67 2.0198253393585928e+39
1203.98 2.017678039161074e+39
1204.29 2.0093237985191586e+39
1204.6 2.015802591918485e+39
1204.92 2.0141186515445243e+39
1205.23 2.01183863096618e+39
1205.54 1.9941197978584728e+39
1205.85 2.0075175818923972e+39
1206.16 2.0069542844680655e+39
1206.48 1.5673088461440796e+39
1206.79 2.0039308352033347e+39
1207.1 2.0019852862755598e+39
1207.42 1.9981956902277162e+39
1207.73 1.9981872886110982e+39
1208.04 1.995236477077116e+39
1208.35 1.99320776448534e+39
1208.67 1.9887479693420514e+39
1208.98 1.9910307346998027e+39
1209.29 1.9892812496801202e+39
1209.61 1.985516039702863e+39
1209.92 1.9850508915734584e+39
1210.23 1.9809335213769613e+39
1210.55 1.967465581224942e+39
1210.86 1.980365810219031e+39
1211.18 1.977300533354949e+39
1211.49 1.760438996890536e+39
1211.8 1.9761016801244138e+39
1212.12 1.9741337924703225e+39
1212.43 1.9718092980923127e+39
1212.75 1.9625115737840203e+39
1213.06 1.8910393878194677e+39
1213.38 1.96660850185622e+39
1213.69 1.9572048392696646e+39
1214.0 1.9566117603465708e+39
1214.32 1.957411018733724e+39
1214.63 1.9495322679700482e+39
1214.95 1.9299578233715787e+39
1215.26 1.191451141775616e+39
1215.58 1.1722322064831762e+39
1215.89 1.3097611047516886e+39
1216.21 1.971739432092062e+39
1216.52 1.9664729749058172e+39
1216.84 1.9389447582579923e+39
1217.15 1.9159929945909136e+39
1217.47 1.958264682940418e+39
1217.79 1.8456480022060328e+39
1218.1 1.9539677371113677e+39
1218.42 1.925993845639779e+39
1218.73 1.8626593084080818e+39
1219.05 1.9483229871696956e+39
1219.36 1.9502914056959445e+39
1219.68 1.9480363454019018e+39
1220.0 1.914937546846031e+39
1220.31 1.9054308731537415e+39
1220.63 1.9434383919927034e+39
1220.94 1.795847197384207e+39
1221.26 1.8247651681105182e+39
1221.58 1.9403255126782076e+39
1221.9 1.9355848603233187e+39
1222.21 1.9282389925319348e+39
1222.53 1.9334747471381135e+39
1222.84 1.77074966701229e+39
1223.16 1.864338778540335e+39
1223.48 1.9306898256491538e+39
1223.8 1.8410271511123202e+39
1224.11 1.930584872621512e+39
1224.43 1.9292859664758474e+39
1224.75 1.9281211666093664e+39
1225.06 1.9272278290401047e+39
1225.38 1.9259756678044485e+39
1225.7 1.8839030295840417e+39
1226.02 1.9158270619032623e+39
1226.34 1.9208527477268468e+39
1226.65 1.9157236472425986e+39
1226.97 1.9069119948214948e+39
1227.29 1.88968080477899e+39
1227.61 1.8776137766052042e+39
1227.93 1.8176660067578027e+39
1228.24 1.8420563991305225e+39
1228.56 1.6362918452066477e+39
1228.88 1.793777695264481e+39
1229.2 1.76054237828278e+39
1229.52 1.7030380766776033e+39
1229.84 1.6403338351246553e+39
1230.16 1.6115364718914317e+39
1230.47 1.3943411603419983e+39
1230.79 1.4661451365970712e+39
1231.11 1.4425301233105088e+39
1231.43 1.4087788676140983e+39
1231.75 1.404367518927625e+39
1232.07 1.394789709894072e+39
1232.39 1.382664153492962e+39
1232.71 1.3796682911078778e+39
1233.03 1.373987155897604e+39
1233.35 1.3681719215765445e+39
1233.67 1.3657420596206268e+39
1233.99 1.361528402841266e+39
1234.31 1.3561718872465191e+39
1234.63 1.333898486391086e+39
1234.95 1.3411607423379974e+39
1235.27 1.3351771638052127e+39
1235.59 1.3342185346977907e+39
1235.91 1.3383048555890021e+39
1236.23 1.3504955213409914e+39
1236.55 1.3679847416372642e+39
1236.87 1.3918401773577874e+39
1237.19 1.419539542846055e+39
1237.51 1.457288813488174e+39
1237.83 1.498006776477032e+39
1238.15 1.54383874210575e+39
1238.47 1.58288769446174e+39
1238.79 1.3246412678580031e+39
1239.11 1.8000164307488908e+39
1239.44 1.7746539280159863e+39
1239.76 1.749491691435257e+39
1240.08 1.6901299755775034e+39
1240.4 1.720197589410847e+39
1240.72 1.7216964165054584e+39
1241.04 1.7349814138355467e+39
1241.36 1.75919137990039e+39
1241.69 1.7970508610808284e+39
1242.01 1.845264605722804e+39
1242.33 1.907334852129238e+39
1242.65 1.9236907112497356e+39
1242.97 2.406930563558581e+39
1243.3 2.37733780176033e+39
1243.62 2.3273903583949493e+39
1243.94 2.2780202270859777e+39
1244.26 2.2202707187153645e+39
1244.58 2.1887406165757015e+39
1244.91 2.1488776320119235e+39
1245.23 2.1024228695996585e+39
1245.55 2.0791147963471023e+39
1245.88 2.048405293516676e+39
1246.2 2.0201532081732395e+39
1246.52 1.9994140330322357e+39
1246.84 1.9196903183112676e+39
1247.17 1.9596956913506243e+39
1247.49 1.5987004506205797e+39
1247.81 1.9068896751617185e+39
1248.14 1.7161018623889e+39
1248.46 1.894835677664216e+39
1248.79 1.8915989763143598e+39
1249.11 1.882901415746084e+39
1249.43 1.8610845505481422e+39
1249.76 1.867771107053719e+39
1250.08 1.8554625610526623e+39
1250.4 1.7248079638830757e+39
1250.73 1.7515330230417958e+39
1251.05 1.808076925080269e+39
1251.38 1.839435255946845e+39
1251.7 1.8351142216769e+39
1252.03 1.8318112626013875e+39
1252.35 1.8264985860231937e+39
1252.68 1.8059136712815553e+39
1253.0 1.7811300136862692e+39
1253.32 1.8198444494838673e+39
1253.65 1.5701890548979438e+39
1253.97 1.769907676679884e+39
1254.3 1.8215383185913558e+39
1254.62 1.8198977982139923e+39
1254.95 1.8089839749918764e+39
1255.27 1.7848981041758335e+39
1255.6 1.8144757555960876e+39
1255.93 1.8147588455467367e+39
1256.25 1.8135839418082715e+39
1256.58 1.7743342477963695e+39
1256.9 1.810315190907691e+39
1257.23 1.806974361601818e+39
1257.55 1.795274125642144e+39
1257.88 1.7939014784678474e+39
1258.2 1.8062480427686633e+39
1258.53 1.800633090138695e+39
1258.86 1.6771545126033583e+39
1259.18 1.8008681108913296e+39
1259.51 1.7983316062521196e+39
1259.84 1.7955919817176523e+39
1260.16 1.7831854882320544e+39
1260.49 1.7914901411154855e+39
1260.82 1.7373300622653988e+39
1261.14 1.784149445694604e+39
1261.47 1.7943582783117002e+39
1261.8 1.749714160831019e+39
1262.12 1.7918268181072233e+39
1262.45 1.7902512989705497e+39
1262.78 1.7890891148989732e+39
1263.11 1.787474932635071e+39
1263.43 1.7829079724003254e+39
1263.76 1.7850358168187147e+39
1264.09 1.783548621123062e+39
1264.42 1.7680843587515992e+39
1264.74 1.7792295807033338e+39
1265.07 1.779180625026692e+39
1265.4 1.7760210194250448e+39
1265.73 1.7404685215127032e+39
1266.06 1.6084377416234822e+39
1266.38 1.6981393071436078e+39
1266.71 1.7730517765492662e+39
1267.04 1.772513419755019e+39
1267.37 1.762128829126874e+39
1267.7 1.771111046118503e+39
1268.03 1.769961980070304e+39
1268.35 1.7687361771475078e+39
1268.68 1.7674259437188592e+39
1269.01 1.7625417093586472e+39
1269.34 1.7565786145520138e+39
1269.67 1.7639074309533598e+39
1270.0 1.7567663296558102e+39
1270.33 1.7276756767485824e+39
1270.66 1.685661817425912e+39
1270.99 1.7502443754064758e+39
1271.32 1.7556459637864994e+39
1271.65 1.7509155700145886e+39
1271.97 1.6789758093136498e+39
1272.31 1.7570404551709077e+39
1272.63 1.7488437760638876e+39
1272.96 1.7532317224906114e+39
1273.29 1.7323180673872602e+39
1273.62 1.7272132476448233e+39
1273.95 1.747770063651025e+39
1274.28 1.7392525264214815e+39
1274.61 1.7474751153828638e+39
1274.94 1.746261855508851e+39
1275.28 1.7446438653259675e+39
1275.61 1.7435129469114713e+39
1275.94 1.7417410044976118e+39
1276.27 1.7394100951171258e+39
1276.6 1.7342448235017507e+39
1276.93 1.4961627501474836e+39
1277.26 1.7160394970960773e+39
1277.59 1.7367436978786834e+39
1277.92 1.7342599473918893e+39
1278.25 1.563409214470913e+39
1278.58 1.7348468858557173e+39
1278.92 1.7040749421018615e+39
1279.25 1.7319972381845032e+39
1279.58 1.730795313039215e+39
1279.91 1.7297934020120132e+39
1280.24 1.7282747002221357e+39
1280.57 1.724373417056033e+39
1280.91 1.7257541388800563e+39
1281.24 1.704031001055863e+39
1281.57 1.720030190553636e+39
1281.9 1.6993962619382345e+39
1282.23 1.6892084989090656e+39
1282.57 1.7200493853950258e+39
1282.9 1.7112345367431048e+39
1283.23 1.7159244698081503e+39
1283.56 1.7153265458979694e+39
1283.9 1.6905363385137403e+39
1284.23 1.6416598347717728e+39
1284.56 1.708290970925773e+39
1284.9 1.707928083457597e+39
1285.23 1.6934729868676284e+39
1285.56 1.707642588774511e+39
1285.9 1.6294263841409935e+39
1286.23 1.617459702582336e+39
1286.56 1.7056589797672695e+39
1286.9 1.7009439545431913e+39
1287.23 1.7053705566954767e+39
1287.56 1.6838659985103338e+39
1287.9 1.701630882294022e+39
1288.23 1.649089197250366e+39
1288.56 1.6998983212441156e+39
1288.9 1.6890822906602443e+39
1289.23 1.6958195113537627e+39
1289.57 1.6952646764349386e+39
1289.9 1.6933875132659252e+39
1290.23 1.6939680057954696e+39
1290.57 1.6927121861954092e+39
1290.9 1.6914220665145257e+39
1291.24 1.672938327102905e+39
1291.57 1.6822820973114955e+39
1291.91 1.6882889716994702e+39
1292.24 1.6859539053732002e+39
1292.58 1.6859848915012417e+39
1292.91 1.68473893399775e+39
1293.25 1.675871115448162e+39
1293.58 1.6819751321112362e+39
1293.92 1.6781763453302004e+39
1294.25 1.678868075193767e+39
1294.59 1.4341501310245528e+39
1294.92 1.6758826825313977e+39
1295.26 1.624245532127412e+39
1295.59 1.6678642425393103e+39
1295.93 1.6725487567725333e+39
1296.27 1.577890591363685e+39
1296.6 1.5772332898247413e+39
1296.94 1.599978165578081e+39
1297.28 1.669752828899238e+39
1297.61 1.5973543451579494e+39
1297.95 1.6675905319982932e+39
1298.28 1.666742543526635e+39
1298.62 1.6655845950630146e+39
1298.96 1.3594551388033868e+39
1299.29 1.6631216306193522e+39
1299.63 1.6619663203675132e+39
1299.97 1.6609648273456072e+39
1300.3 1.6591650786893797e+39
1300.64 1.6197121383239128e+39
1300.98 1.5756729744186255e+39
1301.32 1.6550241913791928e+39
1301.65 1.645938296004984e+39
1301.99 1.654519276062746e+39
1302.33 1.653065732722012e+39
1302.67 1.6508910988817416e+39
1303.0 1.6495203249339198e+39
1303.34 1.4013157233177745e+39
1303.68 1.6482547254868533e+39
1304.02 1.6472240510224033e+39
1304.35 1.6460838775168144e+39
1304.69 1.644675896147927e+39
1305.03 1.64376112289509e+39
1305.37 1.6396346678068842e+39
1305.71 1.6055191523946574e+39
1306.05 1.4587601797452284e+39
1306.38 1.6390916886689837e+39
1306.72 1.6286271791419645e+39
1307.06 1.636553167115557e+39
1307.4 1.48507562616182e+39
1307.74 1.6335673036529933e+39
1308.08 1.631531657080251e+39
1308.42 1.6268742612095026e+39
1308.76 1.6025163978008228e+39
1309.09 1.6294157611135547e+39
1309.43 1.624951592046288e+39
1309.77 1.6190451244264155e+39
1310.11 1.5975243597719806e+39
1310.45 1.625009992363583e+39
1310.79 1.6238076873416167e+39
1311.13 1.5666903229754234e+39
1311.47 1.6220780196330336e+39
1311.81 1.4657514358864055e+39
1312.15 1.6199772956638918e+39
1312.49 1.616692925796199e+39
1312.83 1.6178049453192522e+39
1313.17 1.6164593582571774e+39
1313.51 1.6135165769799972e+39
1313.85 1.614663707892285e+39
1314.19 1.6135066020890045e+39
1314.53 1.5637575522077832e+39
1314.88 1.6102643686713504e+39
1315.22 1.6100370787772546e+39
1315.56 1.5940597026039014e+39
1315.9 1.5971043729564252e+39
1316.24 1.606578774870291e+39
1316.58 1.605908370379186e+39
1316.92 1.6032435779802932e+39
1317.26 1.6031282478666566e+39
1317.6 1.5991051973939028e+39
1317.94 1.5988797915711115e+39
1318.29 1.545836952678627e+39
1318.63 1.5932447078786336e+39
1318.97 1.5981638208838763e+39
1319.31 1.5606305913735552e+39
1319.65 1.5934518577833317e+39
1320.0 1.5945453384020696e+39
1320.34 1.513128197775676e+39
1320.68 1.5325850591395072e+39
1321.02 1.5913417633343952e+39
1321.36 1.3662568242814396e+39
1321.71 1.5890601017924508e+39
1322.05 1.5879587922074473e+39
1322.39 1.5868582838639957e+39
1322.74 1.5855726832326825e+39
1323.08 1.580392977509298e+39
1323.42 1.5830113830544192e+39
1323.76 1.5811497171875272e+39
1324.11 1.578087389606301e+39
1324.45 1.5555358598595492e+39
1324.79 1.5769902770000214e+39
1325.14 1.5777823834013867e+39
1325.48 1.5766166619881044e+39
1325.82 1.5269159495147092e+39
1326.17 1.5743571135251057e+39
1326.51 1.5339185212863815e+39
1326.85 1.566467331846551e+39
1327.2 1.567904092246011e+39
1327.54 1.569128698282962e+39
1327.89 1.567208355165912e+39
1328.23 1.5661589296404456e+39
1328.58 1.5643863770881794e+39
1328.92 1.561360322951112e+39
1329.27 1.5470749522946075e+39
1329.61 1.563257385627675e+39
1329.95 1.5608444836368515e+39
1330.3 1.5507360450911334e+39
1330.64 1.5585367493599452e+39
1330.99 1.4554768975988e+39
1331.33 1.506449239896181e+39
1331.68 1.414206383493575e+39
1332.02 1.5547193371643446e+39
1332.37 1.5388288228393666e+39
1332.71 1.5539231613197762e+39
1333.06 1.5524151530890205e+39
1333.41 1.5505515781015326e+39
1333.75 1.550441827780408e+39
1334.1 1.54729756345912e+39
1334.44 1.4785741911827822e+39
1334.79 1.5465768598118172e+39
1335.13 1.5452217344063217e+39
1335.48 1.5444335098157925e+39
1335.83 1.5043456504076832e+39
1336.17 1.4947100890814263e+39
1336.52 1.539272128899597e+39
1336.86 1.455977815266446e+39
1337.21 1.5351938385889215e+39
1337.56 1.5313049643906203e+39
1337.91 1.534511590016269e+39
1338.25 1.5289721195024722e+39
1338.6 8.105467519760965e+38
1338.94 1.5348201194023186e+39
1339.29 1.5333666321781023e+39
1339.64 1.4659006711131995e+39
1339.99 1.5306401101305e+39
1340.33 1.5102628678748645e+39
1340.68 1.5285903440113935e+39
1341.03 1.5194964495216655e+39
1341.38 1.52580234519728e+39
1341.72 1.5244661102582824e+39
1342.07 1.522216354490594e+39
1342.42 1.509020027491973e+39
1342.77 1.513190598735269e+39
1343.11 1.404407601801661e+39
1343.46 7.987701431256382e+38
1343.81 1.5187296980621745e+39
1344.16 1.5174317204140745e+39
1344.51 1.5170777601292425e+39
1344.86 1.515292716864394e+39
1345.21 1.5143813079245032e+39
1345.55 1.4311489932369625e+39
1345.9 1.5122151158414638e+39
1346.25 1.5084201003468266e+39
1346.6 1.509944753886885e+39
1346.95 1.50955803696122e+39
1347.3 1.4841526860700707e+39
1347.65 1.5037559566284036e+39
1348.0 1.4951891932634964e+39
1348.35 1.506138633950821e+39
1348.7 1.5049905001611765e+39
1349.05 1.5026664115111594e+39
1349.4 1.5024201851698823e+39
1349.74 1.5014163510177427e+39
1350.09 1.4641311911318688e+39
1350.44 1.4954395240566764e+39
1350.8 1.4984313062563328e+39
1351.15 1.4552101703274647e+39
1351.49 1.3215557957235388e+39
1351.84 1.4938067156310097e+39
1352.2 1.4944880057173342e+39
1352.55 1.493211613376436e+39
1352.9 1.4823484189603048e+39
1353.25 1.4913488390044502e+39
1353.6 1.4901095457407664e+39
1353.95 1.489282765220776e+39
1354.3 1.4879424732353892e+39
1354.65 1.4872196963342618e+39
1355.0 1.4842741589524034e+39
1355.35 1.4737816163040887e+39
1355.7 1.478604942941245e+39
1356.06 1.4550244732652023e+39
1356.41 1.4795489495632164e+39
1356.76 1.4808749547179403e+39
1357.11 1.4018044965957384e+39
1357.46 1.4785857613205526e+39
1357.81 1.445158896931675e+39
1358.17 1.4753797201279065e+39
1358.52 1.413653301450346e+39
1358.87 1.4718109318440766e+39
1359.22 1.4549603128448085e+39
1359.57 1.4724490641450463e+39
1359.93 1.4697333276628307e+39
1360.28 1.4702720333179955e+39
1360.63 1.4683069712893574e+39
1360.98 1.4677295410778818e+39
1361.34 1.429270203840545e+39
1361.69 1.31266388112925e+39
1362.04 1.465523346061115e+39
1362.4 1.463966294233339e+39
1362.75 1.4598569586795942e+39
1363.1 1.2249533256704588e+39
1363.46 1.4439691329222887e+39
1363.81 1.416665008953102e+39
1364.16 1.449627552535896e+39
1364.52 1.4446905607475588e+39
1364.87 1.383197271837274e+39
1365.22 1.4297938422482455e+39
1365.58 1.178424747835303e+39
1365.93 1.4002357892414817e+39
1366.29 1.397718222173881e+39
1366.64 1.3820665856170474e+39
1366.99 1.3610319403943622e+39
1367.35 1.3428787523567134e+39
1367.7 1.317789895060649e+39
1368.06 1.2893911327692612e+39
1368.41 1.2611131973107909e+39
1368.77 1.2376920400212462e+39
1369.12 1.2243963033545082e+39
1369.48 1.2210981075795365e+39
1369.83 1.2293059694998417e+39
1370.19 1.2461162517976137e+39
1370.54 1.276227248607958e+39
1370.9 1.259147488511033e+39
1371.25 1.1579133921151122e+39
1371.61 1.5887467989380605e+39
1371.96 1.42126212348802e+39
1372.32 1.5374564221246877e+39
1372.67 1.4612089683098798e+39
1373.03 1.4915608742553444e+39
1373.39 1.4784942740352853e+39
1373.74 1.2726799193502883e+39
1374.1 1.2250050439841462e+39
1374.45 1.4441670837723317e+39
1374.81 1.3318832223009819e+39
1375.17 1.4380860212742965e+39
1375.52 1.433984511611959e+39
1375.88 1.428641290966064e+39
1376.23 1.3945137926853812e+39
1376.59 1.4236117780206423e+39
1376.95 1.424493071622681e+39
1377.31 1.4232104394239033e+39
1377.66 1.3869435251789184e+39
1378.02 1.401514442895179e+39
1378.38 1.4194378715273338e+39
1378.73 1.409633056070898e+39
1379.09 1.3347652972990902e+39
1379.45 1.4133631005892684e+39
1379.81 1.4155740777929637e+39
1380.16 1.2634624196803617e+39
1380.52 1.4134199009608586e+39
1380.88 1.4124727741686095e+39
1381.24 1.409674940349853e+39
1381.6 1.3764418981384e+39
1381.95 1.4098005058105113e+39
1382.31 1.4080451696842875e+39
1382.67 1.4077823712845066e+39
1383.03 1.4067744382849707e+39
1383.39 1.4056701570337567e+39
1383.75 1.402950639506838e+39
1384.1 1.3288079876592977e+39
1384.46 1.4007841442736237e+39
1384.82 1.400748657213217e+39
1385.18 1.3994236939084477e+39
1385.54 1.398357580518927e+39
1385.9 1.3961023873580792e+39
1386.26 1.3834909059926307e+39
1386.62 1.395421333033568e+39
1386.98 1.3906070212787408e+39
1387.34 1.3639030101447994e+39
1387.7 1.392491549318707e+39
1388.06 1.3426773381140602e+39
1388.42 1.3818495450026946e+39
1388.78 1.38992021436277e+39
1389.14 1.388893651235107e+39
1389.49 1.3881582607809e+39
1389.85 1.3869414374682146e+39
1390.21 1.3859809971759936e+39
1390.58 1.3858798542856507e+39
1390.94 1.3295196320835285e+39
1391.3 1.3843437292231837e+39
1391.66 1.383130413801312e+39
1392.02 1.3818227381170435e+39
1392.38 1.3723078531416946e+39
1392.74 1.378480962575198e+39
1393.1 1.2735031013887604e+39
1393.46 1.3723005942610234e+39
1393.82 8.254266870892215e+38
1394.18 1.347558944023398e+39
1394.55 1.3564575044134963e+39
1394.91 1.3724782728610617e+39
1395.27 1.372286445378017e+39
1395.63 1.372600268269763e+39
1395.99 1.3567298973262212e+39
1396.35 1.3710481951971765e+39
1396.72 1.3701597515598848e+39
1397.08 1.2836320513127949e+39
1397.44 1.3600344499085788e+39
1397.8 1.3416192346440998e+39
1398.16 1.2383934690158464e+39
1398.53 1.3656744668746872e+39
1398.89 1.3503507411266459e+39
1399.25 1.363785267380553e+39
1399.61 1.3627789355562178e+39
1399.98 1.3364846975324546e+39
1400.34 1.3426518928189308e+39
1400.7 1.3333153418743877e+39
1401.07 1.3406378793607857e+39
1401.43 1.35790989931663e+39
1401.79 1.3569705822269582e+39
1402.16 1.3558419708173905e+39
1402.52 1.3523172011750171e+39
1402.88 9.813141943358681e+38
1403.25 1.2796074290533906e+39
1403.61 1.3526526312217053e+39
1403.97 1.3488567216839711e+39
1404.34 1.3371019541883827e+39
1404.7 1.3478578196254308e+39
1405.06 1.3487878698149756e+39
1405.43 1.3414435003338044e+39
1405.79 1.3463313995387861e+39
1406.16 1.3427362982282112e+39
1406.52 1.3395851934795498e+39
1406.89 1.1690931448993582e+39
1407.25 1.026192280384628e+39
1407.62 1.3414903079877422e+39
1407.98 1.340223376415503e+39
1408.35 1.3397877583237662e+39
1408.71 1.2983317412092397e+39
1409.08 1.1369844154474938e+39
1409.44 9.535296484898604e+38
1409.81 1.2073774462347231e+39
1410.17 1.3323943068788184e+39
1410.54 1.3348474818552845e+39
1410.9 1.333924888793802e+39
1411.27 1.3314359357981629e+39
1411.64 1.2660159683843308e+39
1412.0 1.3305430866562598e+39
1412.37 1.3303253663893222e+39
1412.73 1.3295284997768777e+39
1413.1 1.328637791067282e+39
1413.46 1.3277808479209015e+39
1413.83 1.3268608197572761e+39
1414.2 1.3223741490482749e+39
1414.56 1.304860784743133e+39
1414.93 1.3213053094826935e+39
1415.3 1.2987399239684393e+39
1415.67 1.3209647009988179e+39
1416.03 1.3210251348208045e+39
1416.4 1.3203227984256094e+39
1416.77 1.3194081859406134e+39
1417.13 1.3156460684578025e+39
1417.5 1.316916212330507e+39
1417.87 1.316398038195631e+39
1418.23 1.2953202470201058e+39
1418.6 1.3143960833046983e+39
1418.97 1.3134252731413398e+39
1419.34 1.3125760979454433e+39
1419.71 1.3106104436567262e+39
1420.07 1.2066285618213251e+39
1420.44 1.1648305546349843e+39
1420.81 1.302842499684178e+39
1421.18 1.2618888132605312e+39
1421.55 1.3060213411825818e+39
1421.92 1.3052372725511352e+39
1422.28 1.3044562046329906e+39
1422.65 1.297563785988353e+39
1423.02 1.3032206103364034e+39
1423.39 1.302858267663048e+39
1423.76 1.3021661958580403e+39
1424.13 1.301444554643481e+39
1424.5 1.280338881487797e+39
1424.87 1.2981181083354162e+39
1425.23 1.2990154670555052e+39
1425.6 1.298026669887749e+39
1425.97 1.2940853462759796e+39
1426.34 1.2647137293046617e+39
1426.71 1.2908077279912462e+39
1427.08 1.29464557277036e+39
1427.45 1.244114163301094e+39
1427.82 1.2174456658109805e+39
1428.19 1.2422212424013645e+39
1428.56 1.2646441085751902e+39
1428.93 1.2160955765045724e+39
1429.3 1.276400901559925e+39
1429.68 1.2863693359203465e+39
1430.05 1.2846212229303016e+39
1430.42 1.2595183994877372e+39
1430.79 1.2135395916058776e+39
1431.16 1.2839360502801178e+39
1431.53 1.2813944730044681e+39
1431.9 1.2554872586739086e+39
1432.27 1.2822767940294402e+39
1432.64 1.2813603041426972e+39
1433.01 1.2671287899354532e+39
1433.38 1.279440992485974e+39
1433.76 1.2778178477415761e+39
1434.13 1.2776105000473626e+39
1434.5 1.2665665228792898e+39
1434.87 1.2755501762174832e+39
1435.24 1.2491859736470423e+39
1435.61 1.2739625487085122e+39
1435.99 1.2731084785450667e+39
1436.36 1.272257419157604e+39
1436.73 1.2707923261532243e+39
1437.1 1.267839227386201e+39
1437.48 1.2585572468192497e+39
1437.85 1.2677762035272092e+39
1438.22 1.2676875538641319e+39
1438.59 1.2650621641992322e+39
1438.97 1.2547889831839196e+39
1439.34 1.2654947774062036e+39
1439.71 1.2582299745737008e+39
1440.09 1.2639179664391165e+39
1440.46 1.0516677999614827e+39
1440.83 1.1626213021762868e+39
1441.21 1.2522099962986974e+39
1441.58 1.260540736507833e+39
1441.95 1.2597565167490057e+39
1442.33 1.2482038965158743e+39
1442.7 1.2517721414242096e+39
1443.07 1.2478863654084341e+39
1443.45 1.2401493495672008e+39
1443.82 1.2556360236284121e+39
1444.2 1.2533510729956935e+39
1444.57 1.2538989355349276e+39
1444.95 1.2359517702600612e+39
1445.32 1.2520778706103327e+39
1445.69 1.2252117844902914e+39
1446.07 1.2503747220252894e+39
1446.44 1.2362890712787508e+39
1446.82 1.2294449004499234e+39
1447.19 1.2458878026912784e+39
1447.57 1.240332129213946e+39
1447.94 1.2403032370152823e+39
1448.32 1.2453371863733027e+39
1448.69 1.2436175987956035e+39
1449.07 1.226241354307006e+39
1449.45 1.2394958228138385e+39
1449.82 1.211448618848333e+39
1450.2 1.230847160103934e+39
1450.57 1.2393788445890393e+39
1450.95 1.2362981723490096e+39
1451.33 1.2326006307418118e+39
1451.7 1.237491900765927e+39
1452.08 1.235297445182557e+39
1452.45 1.2251000056424012e+39
1452.83 1.223209201699496e+39
1453.21 1.2342125179130818e+39
1453.58 1.026195188832884e+39
1453.96 1.2136939893605213e+39
1454.34 1.2239352362521179e+39
1454.71 1.0283205003214995e+39
1455.09 1.2300357956256197e+39
1455.47 1.1497595254468797e+39
1455.85 1.2273157068166557e+39
1456.22 1.042116773382286e+39
1456.6 1.225309163649681e+39
1456.98 1.2260127497119889e+39
1457.36 1.2115582562810888e+39
1457.73 1.0568039632255324e+39
1458.11 1.2232458963754075e+39
1458.49 1.2084623140805833e+39
1458.87 1.2215815511410007e+39
1459.24 1.044967142168363e+39
1459.62 1.2191075129626272e+39
1460.0 1.219218068994702e+39
1460.38 1.213530742199171e+39
1460.76 1.0286086799380022e+39
1461.14 1.213723041068869e+39
1461.52 1.2140009260756758e+39
1461.9 1.2151739452195772e+39
1462.27 1.2059760804770083e+39
1462.65 9.547026855395382e+38
1463.03 1.2126838784778795e+39
1463.41 1.2120124291739232e+39
1463.79 1.2011757411582687e+39
1464.17 1.1697311123341814e+39
1464.55 1.2071341592760698e+39
1464.93 1.1565250598760205e+39
1465.31 1.1272612159653252e+39
1465.69 1.2068800051034356e+39
1466.07 1.2063508341955558e+39
1466.45 1.2017473553871855e+39
1466.83 1.196224604223155e+39
1467.21 1.2025199666541869e+39
1467.59 1.2025187893925791e+39
1467.97 1.2007468480948447e+39
1468.35 1.2000547192816466e+39
1468.73 1.1994182496349664e+39
1469.11 1.1908039466893155e+39
1469.49 1.1969606898134885e+39
1469.87 1.1901988312959756e+39
1470.25 1.18787067419975e+39
1470.64 1.1939826414099649e+39
1471.02 1.1910436369927997e+39
1471.4 1.1829253617604116e+39
1471.78 1.190411249511995e+39
1472.16 1.0814008609553425e+39
1472.54 9.832781964108064e+38
1472.92 1.1911490713785006e+39
1473.31 1.1904332167590083e+39
1473.69 1.1901857959952296e+39
1474.07 1.1894453662776933e+39
1474.45 1.1886233127608596e+39
1474.83 1.187829203396879e+39
1475.21 1.1859701608259835e+39
1475.6 1.0354347593851176e+39
1475.98 1.1861852593947569e+39
1476.36 1.1814961609336719e+39
1476.74 1.1839738655915513e+39
1477.13 1.1843256420160066e+39
1477.51 1.1568337553681354e+39
1477.89 1.165710697216483e+39
1478.28 1.1330258719834295e+39
1478.66 1.1808634347093277e+39
1479.04 1.179911766983132e+39
1479.43 9.891646920767916e+38
1479.81 1.1766802984273791e+39
1480.19 1.175677934184635e+39
1480.58 1.1756484333386538e+39
1480.96 1.1749716102550235e+39
1481.34 1.1727819852465582e+39
1481.73 1.17067519687537e+39
1482.11 1.1726984431677716e+39
1482.5 1.1719673111515034e+39
1482.88 1.1711578897165177e+39
1483.27 1.1148453255235003e+39
1483.65 1.1694848112702053e+39
1484.03 1.1642722957800168e+39
1484.42 1.16210069374285e+39
1484.8 1.167061537838965e+39
1485.19 1.1565461638201068e+39
1485.57 1.1648580004886628e+39
1485.96 1.1485296773642315e+39
1486.34 1.1626854946664296e+39
1486.73 1.1565156336933712e+39
1487.11 1.1626033203767585e+39
1487.5 1.1617985530512608e+39
1487.89 1.153134891045556e+39
1488.27 1.160299730998744e+39
1488.66 1.1595500314731073e+39
1489.04 1.1570165968375043e+39
1489.43 1.1569082227608427e+39
1489.81 1.1334673711462849e+39
1490.2 1.0595180515877078e+39
1490.59 1.1510328212396539e+39
1490.97 1.154856038873112e+39
1491.36 1.154083455850285e+39
1491.75 1.1530193358166463e+39
1492.13 1.1516400498448098e+39
1492.52 1.1515854078925251e+39
1492.91 1.1507886132408437e+39
1493.29 1.15023281220839e+39
1493.68 1.1035834365896596e+39
1494.07 1.147980746264559e+39
1494.45 1.1366972977611512e+39
1494.84 1.1389489970095638e+39
1495.23 1.1340278875529977e+39
1495.62 1.1186216027686595e+39
1496.01 1.1447026253644984e+39
1496.39 1.1437811821884517e+39
1496.78 1.1429637117822391e+39
1497.17 1.1421205512859296e+39
1497.56 1.1282658927047773e+39
1497.94 1.074018503673722e+39
1498.33 1.1397544465680184e+39
1498.72 1.1160170662934118e+39
1499.11 1.1251758076633572e+39
1499.5 1.1352459073781901e+39
1499.89 1.133781883343085e+39
1500.28 1.1246803062664125e+39
1500.66 1.1344084600648735e+39
1501.05 1.1344857679063628e+39
1501.44 1.1294542826389837e+39
1501.83 8.063401220565497e+38
1502.22 1.1266989580760204e+39
1502.61 1.1310128115111717e+39
1503.0 1.1295024185219961e+39
1503.39 1.1286695668528974e+39
1503.78 1.126202465733558e+39
1504.17 1.1258645422024716e+39
1504.56 1.105441637466151e+39
1504.95 1.1251113467301127e+39
1505.34 1.1232726884612545e+39
1505.73 1.1132812721924609e+39
1506.12 1.1220303805568582e+39
1506.51 1.1220813344343238e+39
1506.9 1.118855674473731e+39
1507.29 1.1205308259385396e+39
1507.68 1.119447052477919e+39
1508.07 1.1185961358378686e+39
1508.46 1.1179003218918912e+39
1508.85 1.1119182453212548e+39
1509.24 1.1156619994243738e+39
1509.64 1.115068787799273e+39
1510.03 1.1142726267065959e+39
1510.42 1.1134770567695703e+39
1510.81 1.1125283654139318e+39
1511.2 1.0993625067174681e+39
1511.59 1.1082577041401716e+39
1511.98 1.10904867008544e+39
1512.38 1.1072346997070477e+39
1512.77 1.0877010602938773e+39
1513.16 1.1061892275153992e+39
1513.55 1.0991306194063127e+39
1513.94 1.1006752399919209e+39
1514.34 1.1048118519198536e+39
1514.73 1.1039216039969984e+39
1515.12 1.102270411101725e+39
1515.52 1.0997077966596922e+39
1515.91 1.1004675443698975e+39
1516.3 1.0964458340790514e+39
1516.69 1.0701561057072324e+39
1517.09 1.098642319796854e+39
1517.48 1.0980352779807974e+39
1517.87 1.0904261840273437e+39
1518.27 1.0963405783041222e+39
1518.66 1.0945244922328552e+39
1519.05 9.933344289370902e+38
1519.45 1.093716420124301e+39
1519.84 1.0928605618229098e+39
1520.23 1.0919802507449097e+39
1520.63 1.0485377105570574e+39
1521.02 1.0897932204984124e+39
1521.42 1.0883871111572672e+39
1521.81 1.0885376499933857e+39
1522.21 1.0876590076062289e+39
1522.6 1.0868080406133861e+39
1522.99 1.0859577606458563e+39
1523.39 1.0848564255748296e+39
1523.79 1.0840557239625444e+39
1524.18 1.0800944219835574e+39
1524.57 1.0813638524031312e+39
1524.97 1.0718924587470066e+39
1525.36 1.0560910382521998e+39
1525.76 1.0778063607910075e+39
1526.16 1.0739897489960696e+39
1526.55 1.0774330756231924e+39
1526.95 1.0740134370400617e+39
1527.34 1.0722841816888736e+39
1527.74 1.0550409778210702e+39
1528.14 1.0711955636759627e+39
1528.53 1.0586416474043906e+39
1528.93 1.066174840937926e+39
1529.32 1.0718614629016765e+39
1529.72 1.070922711224007e+39
1530.12 1.0105262733844264e+39
1530.51 1.048715921829213e+39
1530.91 1.0684331628090237e+39
1531.31 1.0573210196123673e+39
1531.7 1.0636705704191323e+39
1532.1 1.0591236530034385e+39
1532.5 1.0467818875341275e+39
1532.9 1.002595475566028e+39
1533.29 1.0100108779287661e+39
1533.69 1.0601946521654305e+39
1534.09 1.0610239224176757e+39
1534.48 1.0604873967981844e+39
1534.88 1.049820611447255e+39
1535.28 1.0580219731752892e+39
1535.68 1.0458136067226794e+39
1536.08 1.0544449160382396e+39
1536.47 1.0489970682923302e+39
1536.87 1.0450183115080276e+39
1537.27 1.0149473993369909e+39
1537.67 1.0352450870562978e+39
1538.07 1.0229698400374505e+39
1538.47 1.0207102822810878e+39
1538.86 9.995463011600205e+38
1539.26 1.0097005506232312e+39
1539.66 1.008747051311091e+39
1540.06 1.0023097887907808e+39
1540.46 1.0032326870281565e+39
1540.86 1.0089772734225336e+39
1541.26 1.0090927894226263e+39
1541.66 1.0090456860454018e+39
1542.06 9.98942672319285e+38
1542.46 1.0066773781027532e+39
1542.86 1.0094389573701645e+39
1543.26 1.0147985125414649e+39
1543.66 1.0134202797056844e+39
1544.06 1.0142601625172695e+39
1544.46 9.680084608283923e+38
1544.86 9.64470496394047e+38
1545.26 1.023784968506333e+39
1545.66 1.0221357044688737e+39
1546.06 1.0273025766578116e+39
1546.46 1.0114355263838891e+39
1546.86 1.0262851358731396e+39
1547.26 1.0204879524003076e+39
1547.66 1.0068336759987322e+39
1548.06 6.523453823479802e+38
1548.47 1.0648457623699286e+39
1548.87 1.0558362847934124e+39
1549.27 1.0519290940780216e+39
1549.67 1.046396694592305e+39
1550.07 1.0386668224519869e+39
1550.47 1.0123161555956147e+39
1550.88 6.866498544600892e+38
1551.28 1.056270758617402e+39
1551.68 1.0511511988513816e+39
1552.08 1.0409386420625144e+39
1552.48 1.0440350521378912e+39
1552.89 1.0413921167527077e+39
1553.29 1.0001018967905642e+39
1553.69 1.036893672206797e+39
1554.09 1.0317255966164746e+39
1554.5 1.033031213914146e+39
1554.9 1.0132892648612477e+39
1555.3 1.0219354080878903e+39
1555.71 1.0273837931903197e+39
1556.11 1.0193251314143695e+39
1556.51 1.0182930065113878e+39
1556.92 1.0208267674036238e+39
1557.32 9.609086315480833e+38
1557.72 1.0182915681551458e+39
1558.13 9.93668357406123e+38
1558.53 1.015129688417486e+39
1558.93 1.0109544917063653e+39
1559.34 1.0052427350520334e+39
1559.74 1.0110695610154854e+39
1560.15 9.962317737357807e+38
1560.55 9.966450118453152e+38
1560.96 1.0075575617821403e+39
1561.36 9.780250783205043e+38
1561.77 1.005470600210554e+39
1562.17 1.0037591480118467e+39
1562.57 1.0023506215626567e+39
1562.98 1.0027416942347478e+39
1563.39 1.0017941489635846e+39
1563.79 9.844613309825702e+38
1564.19 9.90122297325126e+38
1564.6 9.784717289945647e+38
1565.01 9.982923231230596e+38
1565.41 9.975115513131442e+38
1565.82 9.923100702442031e+38
1566.22 9.689416318308994e+38
1566.63 9.736819008765616e+38
1567.04 9.839354006755475e+38
1567.44 9.94184131502231e+38
1567.85 9.932677426735222e+38
1568.25 9.026857520541044e+38
1568.66 9.717087375976759e+38
1569.07 9.913240354272085e+38
1569.47 9.896825551157107e+38
1569.88 9.900917891429588e+38
1570.29 9.71683908205836e+38
1570.69 9.861325915495756e+38
1571.1 9.876313782904854e+38
1571.51 9.869484164008189e+38
1571.92 9.576879816035091e+38
1572.32 9.70631473414493e+38
1572.73 9.730025259198904e+38
1573.14 9.837699977717458e+38
1573.55 9.831350677895899e+38
1573.95 9.824117535009269e+38
1574.36 9.81619503582188e+38
1574.77 9.397294026082325e+38
1575.18 9.402913910144476e+38
1575.59 9.50368672520506e+38
1575.99 9.646783052255706e+38
1576.4 9.4768101189487e+38
1576.81 9.678584675861836e+38
1577.22 9.453258558200918e+38
1577.63 9.73422155506621e+38
1578.04 9.421301983374316e+38
1578.45 9.738916224431297e+38
1578.86 9.725464277476778e+38
1579.27 9.694603768161348e+38
1579.68 8.838728456291877e+38
1580.08 9.707564066893664e+38
1580.49 9.70085489465984e+38
1580.9 9.53695556160543e+38
1581.31 9.608808033266657e+38
1581.72 9.67050786732387e+38
1582.13 9.668721604570956e+38
1582.54 9.64004000265528e+38
1582.95 9.637593934258435e+38
1583.36 9.643360876607763e+38
1583.77 9.564410821167114e+38
1584.18 9.607005345158197e+38
1584.59 9.467119300113851e+38
1585.01 9.234788192959141e+38
1585.42 9.603881030406012e+38
1585.83 9.170575937054011e+38
1586.24 9.512101122946699e+38
1586.65 9.58531331336767e+38
1587.06 9.578470697961991e+38
1587.47 9.479076847893806e+38
1587.88 9.563699474780557e+38
1588.3 9.555976429232583e+38
1588.71 9.545857808557432e+38
1589.12 9.534213203888269e+38
1589.53 9.532016051443143e+38
1589.94 9.415527970210469e+38
1590.35 9.518194997970964e+38
1590.77 9.507663262818966e+38
1591.18 9.49781544263671e+38
1591.59 9.453740305607651e+38
1592.0 9.007486438898082e+38
1592.42 9.476388134750028e+38
1592.83 9.472896747384501e+38
1593.24 9.456115627626665e+38
1593.66 9.353884852797324e+38
1594.07 9.426533259395177e+38
1594.48 9.442391344598344e+38
1594.89 9.308334787476072e+38
1595.31 9.384935007006958e+38
1595.72 9.402022420661154e+38
1596.14 9.412404255340891e+38
1596.55 9.404389302734694e+38
1596.96 9.394434290855523e+38
1597.38 9.336625597053165e+38
1597.79 9.381450515556897e+38
1598.2 9.373246696254622e+38
1598.62 9.247394378383658e+38
1599.03 9.359215537208695e+38
1599.45 9.35187719914905e+38
1599.86 9.254839227127836e+38
1600.28 9.331215930999093e+38
1600.69 9.320910472982432e+38
1601.11 9.315747562792035e+38
1601.52 9.266117917243633e+38
1601.94 9.194057418462092e+38
1602.35 9.298809196828993e+38
1602.77 9.291305492556234e+38
1603.18 8.19514945455459e+38
1603.6 9.270566966389462e+38
1604.01 9.268649249510339e+38
1604.43 9.254775299301954e+38
1604.84 8.85576420868161e+38
1605.26 9.246246976911899e+38
1605.68 9.237935844576964e+38
1606.09 9.222637271197543e+38
1606.51 9.217742970757267e+38
1606.93 9.147324100850852e+38
1607.34 9.209250226142987e+38
1607.76 9.132796067470942e+38
1608.18 9.16691604091172e+38
1608.59 9.186360413241298e+38
1609.01 8.448565736450041e+38
1609.43 9.160781017116457e+38
1609.84 8.477401421762482e+38
1610.26 8.833082283254237e+38
1610.68 9.150857883086685e+38
1611.09 9.076158617345897e+38
1611.51 9.136326790939201e+38
1611.93 9.038600264686162e+38
1612.35 9.121594075923868e+38
1612.77 8.903080700585442e+38
1613.18 9.106062136433149e+38
1613.6 9.062336644549786e+38
1614.02 8.427907872878183e+38
1614.44 9.084674571421676e+38
1614.86 9.033352894506568e+38
1615.28 8.73249981512207e+38
1615.69 8.988535203476034e+38
1616.11 8.954236181003776e+38
1616.53 9.045616547998223e+38
1616.95 8.991410145818902e+38
1617.37 9.033113146340091e+38
1617.79 8.981876892711239e+38
1618.21 9.018758400164051e+38
1618.63 8.959554471624863e+38
1619.05 9.003597709284894e+38
1619.47 8.979781230867381e+38
1619.89 8.974813595869222e+38
1620.31 8.705929070528233e+38
1620.73 8.767884463064896e+38
1621.15 8.361891319101095e+38
1621.57 8.275880774102433e+38
1621.99 8.953522691244859e+38
1622.41 8.917716427798101e+38
1622.83 8.93929736395618e+38
1623.25 8.897400022381784e+38
1623.67 8.800611617960142e+38
1624.09 8.695260562444936e+38
1624.51 8.910300525741926e+38
1624.93 8.521422723831378e+38
1625.35 8.719907422329706e+38
1625.78 8.885071457254783e+38
1626.2 8.798744400486968e+38
1626.62 8.872795765163287e+38
1627.04 8.860133678962462e+38
1627.46 8.650477285914201e+38
1627.88 8.849319431966652e+38
1628.31 8.82366398561436e+38
1628.73 8.840946771277713e+38
1629.15 8.3525406217348e+38
1629.57 8.82710765535518e+38
1629.99 8.81512055857537e+38
1630.42 8.752001376420951e+38
1630.84 8.808403943064931e+38
1631.26 8.800899752082199e+38
1631.68 8.267171207936377e+38
1632.11 8.386409753249058e+38
1632.53 8.744116751981421e+38
1632.95 8.778813515450892e+38
1633.38 8.774148662450655e+38
1633.8 8.7586037053529e+38
1634.22 8.75477059629075e+38
1634.65 8.585269924069064e+38
1635.07 8.751930500639258e+38
1635.49 8.74125465199883e+38
1635.92 8.7329902294613e+38
1636.34 8.7343964085362e+38
1636.77 8.735386244321967e+38
1637.19 8.725735587366784e+38
1637.61 8.406631107948938e+38
1638.04 8.65169544023177e+38
1638.46 8.23192067206785e+38
1638.89 8.69141367610638e+38
1639.31 8.533759250633471e+38
1639.74 8.613698038911611e+38
1640.16 7.541880041435619e+38
1640.59 7.06185650900401e+38
1641.01 8.735522320942978e+38
1641.44 8.70158081678919e+38
1641.86 8.144382435656872e+38
1642.29 8.661187706755881e+38
1642.71 8.57447350807666e+38
1643.14 8.638866581663172e+38
1643.57 8.617198093948185e+38
1643.99 8.507777158287713e+38
1644.42 8.603109043940553e+38
1644.84 8.584311494999989e+38
1645.27 8.538563282092493e+38
1645.7 8.525976681048753e+38
1646.12 8.568488105720211e+38
1646.55 8.55960155079052e+38
1646.98 8.49616435548272e+38
1647.41 8.541856422702193e+38
1647.83 8.533011824504155e+38
1648.26 8.523377445511348e+38
1648.69 8.461572896293441e+38
1649.11 8.491437103867243e+38
1649.54 8.47150531560449e+38
1649.97 8.443256517484418e+38
1650.4 8.48475655108533e+38
1650.82 8.472654651991419e+38
1651.25 8.470107413558723e+38
1651.68 8.412369430889445e+38
1652.11 8.453718085071784e+38
1652.54 8.356360947101787e+38
1652.96 8.065426483715477e+38
1653.39 8.064116213613788e+38
1653.82 8.4264805810566e+38
1654.25 8.40109075353516e+38
1654.68 8.301281356249419e+38
1655.11 8.405326667118732e+38
1655.54 8.392359225685181e+38
1655.96 8.383864464894734e+38
1656.39 8.385591999521565e+38
1656.82 8.370342185708892e+38
1657.25 8.369561456260644e+38
1657.68 8.253196742371172e+38
1658.11 8.341068712846703e+38
1658.54 8.34201958327343e+38
1658.97 8.25544933732868e+38
1659.4 8.318791384398853e+38
1659.83 8.298885171968685e+38
1660.26 8.321455266782694e+38
1660.69 8.316083007281418e+38
1661.12 8.309566228390236e+38
1661.55 8.109384577095732e+38
1661.98 8.283568065929167e+38
1662.42 8.184577979105672e+38
1662.85 8.286399162326104e+38
1663.28 8.279334207678772e+38
1663.71 8.273608815561098e+38
1664.14 8.26674530863341e+38
1664.57 8.253803724478505e+38
1665.0 8.231589827328168e+38
1665.43 8.246569273795327e+38
1665.86 8.240297784964036e+38
1666.3 8.233448992466061e+38
1666.73 8.226051125653045e+38
1667.16 8.217903069313185e+38
1667.59 8.212788324194027e+38
1668.03 8.059341212469598e+38
1668.46 8.136154149972392e+38
1668.89 8.192167026753758e+38
1669.32 8.185183750947294e+38
1669.76 8.106014334724991e+38
1670.19 8.16764799361525e+38
1670.62 8.148856355208531e+38
1671.05 7.79159404621511e+38
1671.49 8.150894485126327e+38
1671.92 8.103356313263644e+38
1672.35 8.09924628042321e+38
1672.79 8.018323503746507e+38
1673.22 8.122566080929401e+38
1673.65 7.667131943717886e+38
1674.09 8.111887534823629e+38
1674.52 8.094529577954926e+38
1674.96 8.098798763979985e+38
1675.39 8.006824528118701e+38
1675.82 8.069934664609721e+38
1676.26 8.077166338453667e+38
1676.69 8.056728778697727e+38
1677.13 7.891830728255633e+38
1677.56 8.060045398734981e+38
1678.0 8.05371978890558e+38
1678.43 8.047226976709049e+38
1678.87 8.040171041147368e+38
1679.3 8.034244289231967e+38
1679.74 8.027569585678973e+38
1680.17 8.021098195009832e+38
1680.61 8.014619126569156e+38
1681.04 8.007789562621776e+38
1681.48 8.001874145760294e+38
1681.92 7.870290916080048e+38
1682.35 7.988597915441044e+38
1682.79 7.982145523452611e+38
1683.22 7.975711330790927e+38
1683.66 7.967801655566697e+38
1684.1 7.962832984034363e+38
1684.53 7.956231401149017e+38
1684.97 7.95017167650987e+38
1685.41 7.943567908565972e+38
1685.84 7.902698709942183e+38
1686.28 7.929476919770585e+38
1686.72 7.686058017525341e+38
1687.15 7.91614031459175e+38
1687.59 7.805354120457777e+38
1688.03 7.903177636538144e+38
1688.47 7.897704498645969e+38
1688.9 7.890975997198969e+38
1689.34 7.884422117428678e+38
1689.78 7.878055156483783e+38
1690.22 7.841121275442706e+38
1690.66 7.762780908953681e+38
1691.09 7.858636343677766e+38
1691.53 7.851748115924406e+38
1691.97 7.84504663929148e+38
1692.41 7.835102907198674e+38
1692.85 7.831300415616506e+38
1693.29 7.826058099001092e+38
1693.72 7.819751563423858e+38
1694.16 7.813257675952285e+38
1694.6 7.706218933194561e+38
1695.04 7.753727663720073e+38
1695.48 7.792911552895996e+38
1695.92 7.77193134132281e+38
1696.36 7.781049309730703e+38
1696.8 7.729428493161501e+38
1697.24 7.767416692808131e+38
1697.68 7.762217869722986e+38
1698.12 7.753451179033317e+38
1698.56 7.748261845282577e+38
1699.0 7.717622382973732e+38
1699.44 7.734687381934506e+38
1699.88 7.729866782117301e+38
1700.32 7.658985674837277e+38
1700.76 7.565201658043634e+38
1701.2 7.626403244360263e+38
1701.64 7.700147144348398e+38
1702.08 7.69269099347999e+38
1702.53 7.691071635247232e+38
1702.97 7.685216871136723e+38
1703.41 7.676891494231917e+38
1703.85 7.672637513829312e+38
1704.29 7.665737847260539e+38
1704.73 7.659549888906955e+38
1705.18 7.653354691691087e+38
1705.62 7.646296497547133e+38
1706.06 7.639420779233644e+38
1706.5 7.592586220334761e+38
1706.94 7.584361706632516e+38
1707.39 7.447793852747848e+38
1707.83 7.615474337663061e+38
1708.27 7.60897705076705e+38
1708.71 7.598810130331816e+38
1709.16 7.596861664724156e+38
1709.6 7.590380444100054e+38
1710.04 7.569599003031012e+38
1710.49 7.57707366377869e+38
1710.93 7.543638109932282e+38
1711.37 7.018595049453086e+38
1711.82 7.558033843936784e+38
1712.26 7.520871683199046e+38
1712.7 7.189315273873744e+38
1713.15 7.53904240708975e+38
1713.59 7.533131404734494e+38
1714.04 7.52634647337202e+38
1714.48 7.521138232001917e+38
1714.93 7.513499147337901e+38
1715.37 7.498279274106048e+38
1715.81 7.50068600342191e+38
1716.26 7.486169671829696e+38
1716.7 7.487193307740733e+38
1717.15 7.30142676542924e+38
1717.59 7.473553021662587e+38
1718.04 7.433199927530703e+38
1718.48 4.8869197440578234e+38
1718.93 7.460946181945842e+38
1719.38 7.411098936030212e+38
1719.82 7.447011308118325e+38
1720.27 7.441846767614808e+38
1720.71 7.427798809410022e+38
1721.16 7.428118924593577e+38
1721.6 7.355602687134369e+38
1722.05 7.411856208608737e+38
1722.5 6.926529863274341e+38
1722.94 7.40091019921114e+38
1723.39 7.398162500690513e+38
1723.84 7.388097210970183e+38
1724.28 7.152403938585868e+38
1724.73 7.371074054534298e+38
1725.18 7.3732594850026e+38
1725.62 6.897456328011732e+38
1726.07 7.361184601675246e+38
1726.52 7.336965239497145e+38
1726.97 7.348610296446623e+38
1727.41 7.092423653354332e+38
1727.86 7.33640723779512e+38
1728.31 7.274986548420646e+38
1728.76 7.321683670045865e+38
1729.2 7.318640675684459e+38
1729.65 7.31272425290189e+38
1730.1 7.300590224174381e+38
1730.55 7.297880546189725e+38
1731.0 7.294164124170923e+38
1731.45 7.122858458335272e+38
1731.9 7.283046794708632e+38
1732.34 7.275495603513726e+38
1732.79 7.238379915888887e+38
1733.24 7.264741538615616e+38
1733.69 7.258200556216402e+38
1734.14 7.252500433323999e+38
1734.59 7.244969559957221e+38
1735.04 7.241613957536916e+38
1735.49 7.235260565409395e+38
1735.94 7.228912789200645e+38
1736.39 7.161958450256534e+38
1736.84 7.217064910686059e+38
1737.29 7.160600229163307e+38
1737.74 7.20490480724525e+38
1738.19 7.191791179060771e+38
1738.64 7.173579119865337e+38
1739.09 7.099777179150678e+38
1739.54 7.071206947574465e+38
1739.99 7.17467740344382e+38
1740.44 7.168878367006985e+38
1740.9 7.158620749668855e+38
1741.35 7.156788662178358e+38
1741.8 7.150839541497432e+38
1742.25 7.105847378476494e+38
1742.7 7.138791862734634e+38
1743.15 7.132857810879335e+38
1743.6 7.127092832739507e+38
1744.06 7.12082929292495e+38
1744.51 7.114746453720014e+38
1744.96 7.107359500592727e+38
1745.41 7.026954487972786e+38
1745.86 7.09489545256776e+38
1746.32 7.091598996764927e+38
1746.77 7.085704448971982e+38
1747.22 7.0703660561485e+38
1747.68 7.061875798353922e+38
1748.13 7.059418760542339e+38
1748.58 7.062164287580431e+38
1749.04 7.042161784958071e+38
1749.49 7.046847510261933e+38
1749.94 7.044882452673935e+38
1750.4 7.036422987978147e+38
1750.85 7.033489118531247e+38
1751.3 6.865460974969501e+38
1751.76 6.675409249746489e+38
1752.21 7.01611635513462e+38
1752.67 7.00995095974822e+38
1753.12 6.940709536095807e+38
1753.57 6.978832288153917e+38
1754.03 6.973984278538411e+38
1754.48 6.986503151185837e+38
1754.94 6.98132835890178e+38
1755.39 6.975204801973609e+38
1755.85 6.968594162338357e+38
1756.3 6.963123124987935e+38
1756.76 6.957485133883203e+38
1757.21 6.951062477884253e+38
1757.67 6.945274380679227e+38
1758.12 6.936946032274198e+38
1758.58 6.913158823917307e+38
1759.04 6.927152598266337e+38
1759.49 6.921395518664226e+38
1759.95 6.915313777334395e+38
1760.4 6.866268879683583e+38
1760.86 6.884129514752645e+38
1761.32 6.878872501135876e+38
1761.77 6.891062353228143e+38
1762.23 6.884214757840897e+38
1762.69 6.848455556528218e+38
1763.14 6.871342009963036e+38
1763.6 6.865462507173943e+38
1764.06 6.86085175502814e+38
1764.51 6.855307859236563e+38
1764.97 6.730776986394908e+38
1765.43 6.843739033264981e+38
1765.89 6.83190283770222e+38
1766.34 6.832987299509914e+38
1766.8 6.827297953274646e+38
1767.26 6.820828040214656e+38
1767.72 6.814835012007712e+38
1768.18 6.810101618431404e+38
1768.64 6.804588077328346e+38
1769.09 6.798463632255532e+38
1769.55 6.782956443293869e+38
1770.01 6.7876162208200574e+38
1770.47 6.7721338061804135e+38
1770.93 6.775693978766526e+38
1771.39 6.770831976707831e+38
1771.85 6.765350337528573e+38
1772.31 6.759717500434986e+38
1772.77 6.754400411577598e+38
1773.22 6.7455249027419086e+38
1773.68 6.742392144061731e+38
1774.14 6.7350723704079135e+38
1774.6 6.731479481168641e+38
1775.06 6.726804200585861e+38
1775.52 6.7207392779464735e+38
1775.98 6.672142447597169e+38
1776.44 6.694737797656498e+38
1776.9 6.697640543804941e+38
1777.36 6.698230672429546e+38
1777.82 6.651940627568118e+38
1778.29 6.687071080927795e+38
1778.75 6.6784273427143554e+38
1779.21 6.67194522079834e+38
1779.67 6.669921750491193e+38
1780.13 6.6645220085212794e+38
1780.59 6.655907451102426e+38
1781.05 6.650519070151756e+38
1781.52 6.647573109459049e+38
1781.98 6.619899433192182e+38
1782.44 6.6360501863308685e+38
1782.9 6.629761909410016e+38
1783.36 6.625004885227114e+38
1783.82 6.6196415602661514e+38
1784.29 6.613967486128354e+38
1784.75 6.606483084894563e+38
1785.21 6.602654911491752e+38
1785.68 6.596995411476687e+38
1786.14 6.579523684232345e+38
1786.6 6.583589249544017e+38
1787.06 6.580986507673186e+38
1787.53 6.5748914013361336e+38
1787.99 6.5695686806683745e+38
1788.45 6.5583581666415944e+38
1788.92 6.556962723523227e+38
1789.38 6.553163270347081e+38
1789.84 6.547255093986422e+38
1790.31 6.5395346669617e+38
1790.77 6.5318337173261664e+38
1791.24 6.530895044534321e+38
1791.7 6.5212519307065504e+38
1792.17 6.39703257796376e+38
1792.63 6.514436216388398e+38
1793.09 6.467480231063513e+38
1793.56 6.503433350096585e+38
1794.02 6.497869234902262e+38
1794.49 6.468574000014464e+38
1794.95 6.483011976945832e+38
1795.42 6.481483311410646e+38
1795.89 6.473691360090341e+38
1796.35 6.470983055144748e+38
1796.81 6.436778057957095e+38
1797.28 6.458417510296861e+38
1797.75 6.453327397726794e+38
1798.21 6.4484000112143594e+38
1798.68 6.4396097788098054e+38
1799.15 6.437646598654213e+38
1799.61 6.432434936763901e+38
1800.08 6.4251457232406e+38
1800.55 6.413432989925853e+38
1801.01 6.414441226527562e+38
1801.48 6.359257467594022e+38
1801.94 6.402280185178434e+38
1802.41 6.401065243053186e+38
1802.88 6.395283930809991e+38
1803.35 6.386566031563428e+38
1803.81 6.385364188107341e+38
1804.28 6.377687671577731e+38
1804.75 6.375302868014803e+38
1805.22 6.364853250807689e+38
1805.68 6.326400146732881e+38
1806.15 6.358786298892042e+38
1806.62 6.3526042545710006e+38
1807.09 6.3490591284059295e+38
1807.56 6.1809743502097605e+38
1808.03 6.3384710373617996e+38
1808.49 6.331443974902251e+38
1808.96 6.328784901454136e+38
1809.43 6.226269309659921e+38
1809.9 6.3179395593946184e+38
1810.37 6.296555434653431e+38
1810.84 6.3079841666592914e+38
1811.31 6.214957410522835e+38
1811.78 6.295869510565338e+38
1812.25 6.265753110907996e+38
1812.72 6.283778059809822e+38
1813.19 6.280560386031035e+38
1813.66 6.276621679199307e+38
1814.13 6.271674469818495e+38
1814.6 6.2670197431025865e+38
1815.07 6.2519949169420904e+38
1815.54 6.256279871266596e+38
1816.01 6.247175682740019e+38
1816.48 6.246565078824662e+38
1816.95 6.241928898085542e+38
1817.42 6.204208213399352e+38
1817.89 6.231375321409887e+38
1818.36 6.22646361074414e+38
1818.83 6.221699009901645e+38
1819.31 6.201915547477286e+38
1819.78 6.209739590026509e+38
1820.25 6.206702462818923e+38
1820.72 6.201667296156142e+38
1821.19 6.14958769794777e+38
1821.67 6.077470262670711e+38
1822.14 6.185294392088031e+38
1822.61 6.1812727270668785e+38
1823.08 6.1637559526283774e+38
1823.55 6.171531678067494e+38
1824.03 6.166657065419182e+38
1824.5 6.161796081922174e+38
1824.97 6.140657065310824e+38
1825.44 5.980429360499179e+38
1825.92 6.1472261812058994e+38
1826.39 6.142097554665447e+38
1826.86 6.093323354100038e+38
1827.34 6.1263393243932625e+38
1827.81 6.126022102619274e+38
1828.29 6.121324150558803e+38
1828.76 6.108194895158917e+38
1829.23 6.1084411143406904e+38
1829.71 6.107130553982272e+38
1830.18 6.087580343814313e+38
1830.66 6.090900633262257e+38
1831.13 6.090865541370492e+38
1831.61 6.086334491906183e+38
1832.08 6.082376650356789e+38
1832.56 6.0770122273010655e+38
1833.03 6.037367319937404e+38
1833.51 6.0674246984431935e+38
1833.98 6.06250179446635e+38
1834.46 6.057573203744343e+38
1834.93 6.05112538115596e+38
1835.41 6.048016093220213e+38
1835.88 6.0304596251721325e+38
1836.36 6.0375007234802776e+38
1836.83 6.031351885943923e+38
1837.31 5.897004293912332e+38
1837.79 6.021132972238424e+38
1838.26 6.0024103532809256e+38
1838.74 6.0110792251216276e+38
1839.22 6.008266928900705e+38
1839.69 6.003253400151123e+38
1840.17 5.904232312687768e+38
1840.65 5.9932196719241014e+38
1841.12 5.988218593549036e+38
1841.6 5.976327646625791e+38
1842.08 5.9742191605110665e+38
1842.56 5.936054761850711e+38
1843.03 5.967402573588938e+38
1843.51 5.952947879981713e+38
1843.99 5.948518550730363e+38
1844.47 5.925234700517315e+38
1844.94 5.9392688545894035e+38
1845.42 5.938266944449972e+38
1845.9 5.908761292832501e+38
1846.38 5.886039484406752e+38
1846.86 5.9202479196944744e+38
1847.34 5.91911276322832e+38
1847.82 5.919749512651774e+38
1848.29 5.914945367358927e+38
1848.77 5.910135642478064e+38
1849.25 5.9027468219834824e+38
1849.73 5.898761819722542e+38
1850.21 5.873778455196977e+38
1850.69 5.884563588052984e+38
1851.17 5.880049135151669e+38
1851.65 5.881087580930943e+38
1852.13 5.859281121875604e+38
1852.61 5.86207027828422e+38
1853.09 5.865265862016872e+38
1853.57 5.861845685086226e+38
1854.05 5.8493964417146935e+38
1854.53 5.852315465643798e+38
1855.01 5.830078426593535e+38
1855.49 5.84037942070312e+38
1855.97 5.837779990070494e+38
1856.45 5.833166617208055e+38
1856.94 5.8284133134188805e+38
1857.42 5.823673150560255e+38
1857.9 5.8177310462322284e+38
1858.38 5.781230480548935e+38
1858.86 5.808940444670077e+38
1859.34 5.804616880973446e+38
1859.83 5.7820187838197465e+38
1860.31 5.7951692915409995e+38
1860.79 5.7889893782050126e+38
1861.27 5.7862790523870084e+38
1861.76 5.7812972122445576e+38
1862.24 5.7767278886496295e+38
1862.72 5.772295036052537e+38
1863.2 5.7658737276657646e+38
1863.69 5.762766643837681e+38
1864.17 5.757946590478201e+38
1864.65 5.73025866593243e+38
1865.14 5.732051993312125e+38
1865.62 5.7317429770168146e+38
1866.1 5.7388290752079675e+38
1866.58 5.72387140756093e+38
1867.07 5.7296190319047164e+38
1867.55 5.72522180155086e+38
1868.04 5.720818715684564e+38
1868.52 5.716033265958976e+38
1869.01 5.7120316933238694e+38
1869.49 5.7064650509329735e+38
1869.97 5.694737511652683e+38
1870.46 5.6980933345341624e+38
1870.94 5.648018351500297e+38
1871.43 5.680047114690493e+38
1871.91 5.684450248886136e+38
1872.4 5.679816431782439e+38
1872.88 5.673627548925892e+38
1873.37 5.670699626514488e+38
1873.85 5.632136314948301e+38
1874.34 5.647405457913942e+38
1874.83 5.6573725152443644e+38
1875.31 5.658499430127794e+38
1875.8 5.647510852308185e+38
1876.29 5.598644181168787e+38
1876.77 5.638445063244239e+38
1877.26 5.633718420952087e+38
1877.74 5.629004730768186e+38
1878.23 5.6240268754082784e+38
1878.72 5.619570916313706e+38
1879.2 5.6149981665475315e+38
1879.69 5.610161684673262e+38
1880.18 5.606103762590596e+38
1880.67 5.592253896330501e+38
1881.15 5.582944671048276e+38
1881.64 5.573513569462911e+38
1882.13 5.577823871995806e+38
1882.62 5.598227268989346e+38
1883.1 5.568611865991762e+38
1883.59 5.573046502959344e+38
1884.08 5.567348146574464e+38
1884.57 5.540565432773628e+38
1885.06 5.360061724111652e+38
1885.55 5.5534835306456255e+38
1886.04 5.531350518487458e+38
1886.52 5.542013346829592e+38
1887.01 5.536091363509613e+38
1887.5 5.4903360173321726e+38
1887.99 5.531521379997032e+38
1888.48 5.5267556056173346e+38
1888.97 5.52262964690487e+38
1889.46 5.498466380975617e+38
1889.95 5.5107057557854076e+38
1890.44 5.4932942829385496e+38
1890.93 5.497541324917411e+38
1891.42 5.493689810242268e+38
1891.91 5.488324232579512e+38
1892.4 5.4871316535618304e+38
1892.89 5.470172160366674e+38
1893.38 5.4817169093911954e+38
1893.87 5.467794786890955e+38
1894.36 5.444121432875112e+38
1894.85 5.467306168268442e+38
1895.34 5.422367898534888e+38
1895.84 5.458129774061015e+38
1896.33 5.444643276451824e+38
1896.82 5.414956825743881e+38
1897.31 5.4435292360100125e+38
1897.8 5.441217864115431e+38
1898.29 5.4366536264987035e+38
1898.79 5.390964906445641e+38
1899.28 5.105426659153164e+38
1899.77 5.4227248994890685e+38
1900.26 5.419423591957547e+38
1900.76 5.406770211899538e+38
1901.25 5.40970302831671e+38
1901.74 5.406035965777655e+38
1902.23 5.401376248974988e+38
1902.73 5.396835983822708e+38
1903.22 5.285726729682408e+38
1903.71 5.3840636702481255e+38
1904.21 5.379537714537695e+38
1904.7 5.379729313039195e+38
1905.19 5.375339331863824e+38
1905.69 5.370325815935526e+38
1906.18 5.36619046252909e+38
1906.68 5.357483216718522e+38
1907.17 5.356933485885713e+38
1907.66 5.360085067109125e+38
1908.16 5.343261117225931e+38
1908.65 5.338531539118564e+38
1909.15 5.339695783872343e+38
1909.64 5.335214885347353e+38
1910.14 5.328397357947198e+38
1910.63 5.326255453329373e+38
1911.13 5.321776924347373e+38
1911.62 5.294952150875148e+38
1912.12 5.313206556865333e+38
1912.61 5.308502910804296e+38
1913.11 5.3040389625517514e+38
1913.61 5.289094714920093e+38
1914.1 5.2441690494029495e+38
1914.6 5.290555896315381e+38
1915.09 5.244651458602668e+38
1915.59 5.281061699025066e+38
1916.09 5.277227824972535e+38
1916.58 5.268186567390631e+38
1917.08 5.259152135622282e+38
1917.58 5.2633265334759794e+38
1918.07 5.257939629896479e+38
1918.57 5.2426414939125574e+38
1919.07 5.2509117344868366e+38
1919.56 5.232870377947668e+38
1920.06 5.242331975141547e+38
1920.56 5.232859259936022e+38
1921.06 5.230986286204426e+38
1921.56 5.210484410431718e+38
1922.05 5.221837133951958e+38
1922.55 5.221169907823262e+38
1923.05 5.099438076899493e+38
1923.55 5.212268875822738e+38
1924.05 5.203808320878281e+38
1924.55 5.1843673125918616e+38
1925.05 5.199603510640046e+38
1925.54 5.195596264160774e+38
1926.04 5.1624973841747656e+38
1926.54 5.186976558921966e+38
1927.04 5.181896303962108e+38
1927.54 5.1765825322674705e+38
1928.04 5.169012220834918e+38
1928.54 5.166089992058497e+38
1929.04 5.158178504175157e+38
1929.54 5.160131379525652e+38
1930.04 5.1557890844519444e+38
1930.54 5.148130152819189e+38
1931.04 5.1485375554830665e+38
1931.54 5.107145650335759e+38
1932.04 5.140112139538467e+38
1932.54 5.135667942751367e+38
1933.04 5.131581953609935e+38
1933.55 5.127018452723421e+38
1934.05 5.123175068439259e+38
1934.55 5.118745113434411e+38
1935.05 5.114436650980433e+38
1935.55 5.110249380288141e+38
1936.05 5.106300584742577e+38
1936.55 5.100357866602915e+38
1937.06 5.0710068736099526e+38
1937.56 5.0888359999139656e+38
1938.06 5.085254605884613e+38
1938.56 5.0853042315086145e+38
1939.06 5.078215997858457e+38
1939.57 5.07568514498696e+38
1940.07 5.063244335452385e+38
1940.57 5.0632933308029565e+38
1941.08 5.064266658589271e+38
1941.58 5.052435171866823e+38
1942.08 5.0560915046055665e+38
1942.58 5.0516015929005714e+38
1943.09 5.047339664224627e+38
1943.59 5.0342720376042095e+38
1944.1 5.039182665909078e+38
1944.6 5.035287018047547e+38
1945.1 5.030815047924882e+38
1945.61 5.026454371375226e+38
1946.11 5.0223369485906044e+38
1946.62 5.01752124790322e+38
1947.12 5.013988149138243e+38
1947.63 5.0097569681842124e+38
1948.13 5.002311380893866e+38
1948.64 5.000276929245245e+38
1949.14 4.9964103843016004e+38
1949.65 4.985186592121575e+38
1950.15 4.9882182158152486e+38
1950.66 4.984352404901365e+38
1951.16 4.9793510623287755e+38
1951.67 4.97572103202555e+38
1952.17 4.971758331634389e+38
1952.68 4.935523986251231e+38
1953.19 4.9587990973251506e+38
1953.69 4.958501750459771e+38
1954.2 4.924177477136907e+38
1954.7 4.943876746465717e+38
1955.21 4.940840580103084e+38
1955.72 4.9419009573272004e+38
1956.22 4.938305404464535e+38
1956.73 4.934022441824598e+38
1957.24 4.929289050907844e+38
1957.75 4.92592097723632e+38
1958.25 4.922223251967785e+38
1958.76 4.909355048397402e+38
1959.27 4.8992270328529865e+38
1959.78 4.909312507390388e+38
1960.29 4.872297306210755e+38
1960.79 4.896633468621994e+38
1961.3 4.8908087233591094e+38
1961.81 4.8926454907621566e+38
1962.32 4.889413970470499e+38
1962.83 4.883372559308141e+38
1963.33 4.881728496701477e+38
1963.84 4.8778298827592845e+38
1964.35 4.864292332835587e+38
1964.86 4.864550020758701e+38
1965.37 4.854848354651517e+38
1965.88 4.861593619720759e+38
1966.39 4.857934186979525e+38
1966.9 4.853495031754446e+38
1967.41 4.848501573251865e+38
1967.92 4.844963183884769e+38
1968.43 4.839643933794165e+38
1968.94 4.837336827532509e+38
1969.45 4.833583614233539e+38
1969.96 4.829499566814255e+38
1970.47 4.825529955881192e+38
1970.98 4.821563482587156e+38
1971.49 4.814605982756169e+38
1972.0 4.808876255903958e+38
1972.52 4.8092318232755615e+38
1973.03 4.8056101897020695e+38
1973.54 4.8009961305782795e+38
1974.05 4.797490910741419e+38
1974.56 4.793325854783595e+38
1975.07 4.789825980670497e+38
1975.58 4.796699426853852e+38
1976.1 4.761946736311149e+38
1976.61 4.7773524201896626e+38
1977.12 4.773204207033653e+38
1977.63 4.755133758537284e+38
1978.15 4.765239333754882e+38
1978.66 4.7566086056642194e+38
1979.17 4.678645120107551e+38
1979.69 4.752389727439519e+38
1980.2 4.748699761338015e+38
1980.71 4.744903273294296e+38
1981.22 4.740782196953175e+38
1981.74 4.736547511221814e+38
1982.25 4.669006874308323e+38
1982.77 4.711361007583066e+38
1983.28 4.724860322037087e+38
1983.79 4.7199951580913945e+38
1984.31 4.6907618643057275e+38
1984.82 4.7101630363247464e+38
1985.34 4.708447662970785e+38
1985.85 4.704790363422807e+38
1986.36 4.700486330440037e+38
1986.88 4.695529393952535e+38
1987.4 4.676557949101728e+38
1987.91 4.684883544732416e+38
1988.43 4.684147162266784e+38
1988.94 4.6808312581940065e+38
1989.46 4.676109695877466e+38
1989.97 4.653793618371496e+38
1990.49 4.6685154370599475e+38
1991.0 4.664565575363756e+38
1991.52 4.641654986661524e+38
1992.04 4.635584441290441e+38
1992.55 4.8680705283115875e+38
1993.07 4.648774451376958e+38
1993.58 4.6475151583468144e+38
1994.1 4.6089543071364875e+38
1994.62 4.636646398491771e+38
1995.14 4.63196786454533e+38
1995.65 4.6178287652986575e+38
1996.17 4.6250811690200324e+38
1996.69 4.6210522551179105e+38
1997.2 4.617034577721634e+38
1997.72 4.613331054269545e+38
1998.24 4.6089935569548666e+38
1998.76 4.605614327735026e+38
1999.28 4.6016016522384164e+38
1999.8 4.5963221411703416e+38
2000.31 4.582607131211835e+38
2000.83 4.589485883058814e+38
2001.35 4.586331435556902e+38
2001.87 4.571795756970984e+38
2002.39 4.5756014644829535e+38
2002.91 4.574772970357996e+38
2003.43 4.570680755948984e+38
2003.94 4.567230818511508e+38
2004.46 4.562934922541841e+38
2004.98 4.559272762508238e+38
2005.5 4.554669419289263e+38
2006.02 4.54504442958622e+38
2006.54 4.547988843309868e+38
2007.06 4.544024183733224e+38
2007.58 4.539958293327122e+38
2008.1 4.536209230777767e+38
2008.62 4.5313152576351855e+38
2009.14 4.5195528005156445e+38
2009.67 4.5248677375930526e+38
2010.19 4.469068857160321e+38
2010.71 4.4414848846170056e+38
2011.23 4.5122101304910705e+38
2011.75 4.50952116356156e+38
2012.27 4.501129707502928e+38
2012.79 4.501659184419118e+38
2013.31 4.486872009186062e+38
2013.84 4.493906027341578e+38
2014.36 4.490089791976933e+38
2014.88 4.486379945920137e+38
2015.4 4.480093320366362e+38
2015.93 4.478548741125884e+38
2016.45 4.474951005985781e+38
2016.97 4.471047147333307e+38
2017.49 4.4390516607587166e+38
2018.02 4.459851339515172e+38
2018.54 4.4601688674095165e+38
2019.06 4.4512522497357445e+38
2019.58 4.452593984932686e+38
2020.11 4.4485985568026194e+38
2020.63 4.445228345596945e+38
2021.16 4.441136943985391e+38
2021.68 4.43736335532186e+38
2022.2 4.433694904929978e+38
2022.73 4.4282878928023315e+38
2023.25 4.426155104511554e+38
2023.78 4.422284103262757e+38
2024.3 4.418729229119426e+38
2024.82 4.4149737330476856e+38
2025.35 4.411416744951167e+38
2025.88 4.405934479019864e+38
2026.4 4.4037101018359446e+38
2026.93 4.3997564466702124e+38
2027.45 4.395915054370697e+38
2027.98 4.390956898626688e+38
2028.5 4.388638387786276e+38
2029.03 4.3845966485415625e+38
2029.55 4.380969594750189e+38
2030.08 4.375322363425756e+38
2030.61 4.373608017851969e+38
2031.13 4.369587094474585e+38
2031.66 4.3659641763734934e+38
2032.19 4.3616410244767846e+38
2032.71 4.3585337506383086e+38
2033.24 4.354618680630958e+38
2033.77 4.349304682918064e+38
2034.29 4.347006380432096e+38
2034.82 4.343101163063591e+38
2035.35 4.327226183394188e+38
2035.88 4.335101099863427e+38
2036.4 4.3322110846639174e+38
2036.93 4.328617485463186e+38
2037.46 4.322040106206041e+38
2037.99 4.3095146221800965e+38
2038.52 4.317356460784122e+38
2039.04 4.313682761366793e+38
2039.57 4.303756757838945e+38
2040.1 4.280132514608589e+38
2040.63 4.302359486593072e+38
2041.16 4.288507344397143e+38
2041.69 4.295122983459733e+38
2042.22 4.291756085591856e+38
2042.74 4.288004260283912e+38
2043.28 4.28424042907454e+38
2043.8 4.2807905311363744e+38
2044.33 4.276646320918527e+38
2044.86 4.2716206381908034e+38
2045.39 4.2690574475795846e+38
2045.92 4.260212911109918e+38
2046.45 4.252757230771332e+38
2046.98 4.258237314497158e+38
2047.52 4.2534207372564655e+38
2048.05 4.2510633575792166e+38
2048.58 4.246946532305344e+38
2049.11 4.243615149244106e+38
2049.64 4.239700426950198e+38
2050.17 4.3240860963592874e+38
2050.7 4.321091634199128e+38
2051.23 4.317502539364609e+38
2051.76 4.308754093513817e+38
2052.3 4.309928109344729e+38
2052.83 4.305554556649284e+38
2053.36 4.302472953603841e+38
2053.89 4.298601470190582e+38
2054.43 4.294923424049549e+38
2054.96 4.291354793293045e+38
2055.49 4.287591490177168e+38
2056.02 4.2738803555106486e+38
2056.55 4.270623658149635e+38
2057.09 4.2767065248643596e+38
2057.62 4.26843186240443e+38
2058.16 4.2694945391315414e+38
2058.69 4.2644726026510934e+38
2059.22 4.236177762271627e+38
2059.76 4.2576722578095436e+38
2060.29 4.2396600742290745e+38
2060.82 4.250889619004997e+38
2061.36 4.2473477651467675e+38
2061.89 4.2437185606368364e+38
2062.43 4.2149703982050684e+38
2062.96 4.2364612958472374e+38
2063.5 4.2329307020560534e+38
2064.03 4.2297026199412336e+38
2064.56 4.223461024827479e+38
2065.1 4.200938729871778e+38
2065.64 4.067000110493222e+38
2066.17 4.2150505008288124e+38
2066.71 4.21134265742337e+38
2067.24 4.207742344092139e+38
2067.78 4.203943743319512e+38
2068.31 4.200639536308337e+38
2068.85 4.168723906430176e+38
2069.39 4.193540385866741e+38
2069.92 4.189471983457365e+38
2070.46 4.186170830672372e+38
2071.0 4.182775769669521e+38
2071.53 4.178043761354177e+38
2072.07 4.175520116546066e+38
2072.61 4.171844916356425e+38
2073.14 4.1681802994157396e+38
2073.68 4.1647988527427736e+38
2074.22 4.161324132340389e+38
2074.76 4.1572777240504555e+38
2075.29 4.153816416745432e+38
2075.83 4.150445834860918e+38
2076.37 4.146504888835527e+38
2076.91 4.141804467000001e+38
2077.45 4.1390148223074e+38
2077.98 4.127481542878046e+38
2078.52 4.1315450043263405e+38
2079.06 4.128476479849888e+38
2079.6 4.096727909532796e+38
2080.14 4.11523277038581e+38
2080.68 4.117766051963051e+38
2081.22 4.113854346593515e+38
2081.76 4.110608654495398e+38
2082.3 4.107081604778104e+38
2082.84 4.103368408303758e+38
2083.38 4.099375182464734e+38
2083.92 4.095951478118677e+38
2084.46 4.093095873863754e+38
2085.0 4.063956119645758e+38
2085.54 4.084097308455688e+38
2086.08 4.0820012239954635e+38
2086.62 4.0429666457362776e+38
2087.16 4.074995791818224e+38
2087.7 4.067093428008287e+38
2088.24 4.067907899683048e+38
2088.78 4.064415064993828e+38
2089.32 4.0577470563836424e+38
2089.87 4.056682980225928e+38
2090.41 4.053479161054586e+38
2090.95 4.040869241298467e+38
2091.49 4.0463330652604896e+38
2092.03 4.0335592097406845e+38
2092.57 3.918277793446909e+38
2093.12 4.035721478655107e+38
2093.66 4.026316656993189e+38
2094.2 4.026193534484816e+38
2094.75 4.025228527737309e+38
2095.29 4.021955083935873e+38
2095.83 4.016463901538391e+38
2096.38 4.0124505584858814e+38
2096.92 4.011125963190012e+38
2097.46 4.007770871442318e+38
2098.0 4.002206065825713e+38
2098.55 3.9583589993135665e+38
2099.09 3.997529664538702e+38
2099.64 3.9935339630919e+38
2100.18 3.990468179286e+38
2100.73 3.986570899323523e+38
2101.27 3.98323487674707e+38
2101.81 3.9799930776882036e+38
2102.36 3.9767463079625845e+38
2102.9 3.973143408788271e+38
2103.45 3.939125009653866e+38
2103.99 3.966122020616318e+38
2104.54 3.919868938135667e+38
2105.08 3.958565248306791e+38
2105.63 3.95387773078497e+38
2106.18 3.9523795030051434e+38
2106.72 3.949160904533537e+38
2107.27 3.945392224127242e+38
2107.81 3.941906580923783e+38
2108.36 3.938325749295792e+38
2108.91 3.934657349949341e+38
2109.45 3.931633165189917e+38
2110.0 3.9280610077897426e+38
2110.55 3.924762978223329e+38
2111.09 3.921474855412613e+38
2111.64 3.9178210550762155e+38
2112.19 3.91453096209332e+38
2112.74 3.911243409724959e+38
2113.28 3.905087310860251e+38
2113.83 3.904233748634214e+38
2114.38 3.9004152809664506e+38
2114.93 3.897048963207595e+38
2115.48 3.8951200783134804e+38
2116.02 3.890152555877604e+38
2116.57 3.8869734267775766e+38
2117.12 3.88334955870779e+38
2117.67 3.8800861975523475e+38
2118.22 3.8768253541483984e+38
2118.77 3.873477835182115e+38
2119.32 3.868618355302552e+38
2119.87 3.866612722951258e+38
2120.42 3.863362303177332e+38
2120.97 3.854785127130577e+38
2121.51 3.856343485844066e+38
2122.06 3.852568736764777e+38
2122.61 3.849240590895903e+38
2123.17 3.846262024754998e+38
2123.72 3.84258493822513e+38
2124.26 3.836355860356394e+38
2124.82 3.835858844486746e+38
2125.37 3.832455749827136e+38
2125.92 3.8291436148527274e+38
2126.47 3.828742290949782e+38
2127.02 3.822175194480583e+38
2127.57 3.818871260348774e+38
2128.12 3.7392923427612366e+38
2128.67 3.812446837393227e+38
2129.23 3.808704826023637e+38
2129.78 3.80085795602285e+38
2130.33 3.801508245903559e+38
2130.88 3.7985706456493095e+38
2131.43 3.7757606186039934e+38
2131.99 3.786934888714391e+38
2132.54 3.788192408792284e+38
2133.09 3.785264174199084e+38
2133.65 3.7799799714665175e+38
2134.2 3.777579475152627e+38
2134.75 3.709946910147352e+38
2135.3 3.771479513256126e+38
2135.86 3.768035175128468e+38
2136.41 3.764861051929241e+38
2136.97 3.760383105829996e+38
2137.52 3.758080190565452e+38
2138.07 3.751456941429915e+38
2138.63 3.751051473439718e+38
2139.18 3.7485809384744755e+38
2139.74 3.742311159301815e+38
2140.29 3.741482417991382e+38
2140.84 3.738587035910175e+38
2141.4 3.733708551159033e+38
2141.96 3.731584710383713e+38
2142.51 3.7285245687405535e+38
2143.06 3.722722687838448e+38
2143.62 3.718548862433723e+38
2144.18 3.714721596091679e+38
2144.73 3.71535112933289e+38
2145.29 3.711697597131841e+38
2145.84 3.708652344328733e+38
2146.4 3.7054314944445056e+38
2146.96 3.701275603150099e+38
2147.51 3.698578821238488e+38
2148.07 3.695536172142836e+38
2148.63 3.69113566560254e+38
2149.18 3.2672576019918374e+38
2149.74 3.685665097482598e+38
2150.3 3.671286977603086e+38
2150.85 3.6779144085302456e+38
2151.41 3.675818205724861e+38
2151.97 3.672454311083082e+38
2152.53 3.6650402565152e+38
2153.08 3.665911020643965e+38
2153.64 3.6625554564320884e+38
2154.2 3.659455493745588e+38
2154.76 3.656357907137014e+38
2155.32 3.6526739056535314e+38
2155.88 3.6494134980092264e+38
2156.44 3.646323667846312e+38
2156.99 3.642572332494034e+38
2157.55 3.639571605157434e+38
2158.11 3.6362381754846436e+38
2158.67 3.633074855113147e+38
2159.23 3.6277415592728146e+38
2159.79 3.626254699518881e+38
2160.35 3.597743846441092e+38
2160.91 3.619946428340077e+38
2161.47 3.581822149971149e+38
2162.03 3.611818033484042e+38
2162.59 3.610087066573554e+38
2163.15 3.6017159578408806e+38
2163.71 3.423034006510769e+38
2164.27 3.600252304412223e+38
2164.83 3.5969518977171455e+38
2165.4 3.5936471201422384e+38
2165.96 2.948608143625382e+38
2166.52 3.587225364114592e+38
2167.08 3.584100938480001e+38
2167.64 3.5770233237962284e+38
2168.2 3.577282855139602e+38
2168.76 3.574001739202339e+38
2169.33 3.5712095956553505e+38
2169.89 3.567604935701154e+38
2170.45 3.564578156485305e+38
2171.01 3.561553691447938e+38
2171.58 3.558032819689299e+38
2172.14 3.554685982038928e+38
2172.7 3.5516691439824336e+38
2173.27 3.548565783521376e+38
2173.83 3.545471987490835e+38
2174.39 3.5423806337690694e+38
2174.96 3.458481741584661e+38
2175.52 3.535709622875842e+38
2176.08 3.5327073537261655e+38
2176.65 3.529537725124848e+38
2177.21 3.526134195947419e+38
2177.78 3.52305105948892e+38
2178.34 3.4134212037340165e+38
2178.91 3.51681819692681e+38
2179.47 3.4748078854524345e+38
2180.03 3.510440748206293e+38
2180.6 3.507370019543627e+38
2181.17 3.501639967200034e+38
2181.73 3.501081675989822e+38
2182.3 3.49753510299198e+38
2182.86 3.47362369938349e+38
2183.43 3.4915843866220715e+38
2183.99 3.488455321418719e+38
2184.56 3.4853217185582085e+38
2185.12 3.482117564268641e+38
2185.69 3.479069230484999e+38
2186.26 3.475703157858809e+38
2186.82 3.472507059953346e+38
2187.39 2.84336542559759e+38
2187.96 3.454953331032298e+38
2188.53 3.463471822389876e+38
2189.09 3.458931692161827e+38
2189.66 3.457414043880226e+38
2190.23 3.45438519766081e+38
2190.79 3.4511273965940544e+38
2191.36 3.448024127404163e+38
2191.93 3.444447477143713e+38
2192.5 3.441825146217666e+38
2193.07 3.440075747659259e+38
2193.64 3.435398909291247e+38
2194.21 3.432308430357971e+38
2194.77 3.429701311469641e+38
2195.34 3.426378725432404e+38
2195.91 3.423295550841221e+38
2196.48 3.413291599395653e+38
2197.05 3.416979344237332e+38
2197.62 3.413275004375101e+38
2198.19 3.409574407575614e+38
2198.76 3.4073679172578795e+38
2199.33 3.404221830295478e+38
2199.9 3.401156688330849e+38
2200.47 3.3983287726528446e+38
2201.04 3.393392613108869e+38
2201.61 3.3929135377670422e+38
2202.18 3.3898574829829554e+38
2202.75 3.3871158568144867e+38
2203.32 3.3846879001115295e+38
2203.89 3.381794164329422e+38
2204.46 3.3793694721816832e+38
2205.03 3.3764797328130726e+38
2205.61 3.3735074802728208e+38
2206.18 3.3707774237772696e+38
2206.75 3.3683595235371604e+38
2207.32 3.365555585030374e+38
2207.89 3.362986002808526e+38
2208.47 3.359946853094906e+38
2209.04 3.3573036888626515e+38
2209.61 3.35018516753015e+38
2210.18 3.3520227649182776e+38
2210.76 3.3479129764895045e+38
2211.33 3.3467420150698142e+38
2211.9 3.3437228646475252e+38
2212.48 3.341083774205462e+38
2213.05 3.3382997601020024e+38
2213.62 3.3357482043285803e+38
2214.2 3.3332680515350787e+38
2214.77 3.3268107486355044e+38
2215.34 2.7183533946384614e+38
2215.92 3.325085235674613e+38
2216.49 3.3222363713767834e+38
2217.07 3.3196883940531552e+38
2217.64 3.3171490949787643e+38
2218.22 3.3145281228310074e+38
2218.79 3.3115346676134657e+38
2219.37 3.3087651771676907e+38
2219.94 3.3060047224140064e+38
2220.52 3.303467466828937e+38
2221.09 3.301775058861985e+38
2221.67 3.2983289828815674e+38
2222.25 3.2953414482383205e+38
2222.82 3.292590770324002e+38
2223.4 3.2900623610017603e+38
2223.97 3.287618306303965e+38
2224.55 3.285017493435214e+38
2225.13 3.2822672872172418e+38
2225.7 3.2794505814726027e+38
2226.28 3.2768553551152176e+38
2226.86 3.2744880743022163e+38
2227.43 3.272053870590548e+38
2228.01 3.269463620593454e+38
2228.59 3.266724684661228e+38
2229.17 3.2643635503722652e+38
2229.74 3.2614850982627518e+38
2230.32 3.259052122400136e+38
2230.9 3.2552711891400655e+38
2231.48 3.2539659434779692e+38
2232.06 3.251762305637203e+38
2232.64 3.2491109514129766e+38
2233.21 3.2463937101584613e+38
2233.79 3.2441196167319485e+38
2234.37 3.241025814050566e+38
2234.95 3.2389040402669673e+38
2235.53 3.2363362106654695e+38
2236.11 3.2336212018796913e+38
2236.69 3.2306849972372432e+38
2237.27 3.228643144399648e+38
2237.85 3.2260822585889766e+38
2238.43 3.223300439906547e+38
2239.01 3.2205207210601344e+38
2239.59 3.2181135779796493e+38
2240.17 3.2154858091462725e+38
2240.75 3.212933866133205e+38
2241.33 3.2103097276653804e+38
2241.91 3.2079090192611746e+38
2242.49 3.205214581073939e+38
2243.07 3.202669590552151e+38
2243.66 3.200193014499719e+38
2244.24 3.19735690353206e+38
2244.82 3.1948908091082034e+38
2245.4 3.19227930208403e+38
2245.98 3.1895961840935827e+38
2246.56 3.1872085587009565e+38
2247.15 3.1846687660402307e+38
2247.73 3.182064402987293e+38
2248.31 3.1796082902332216e+38
2248.89 3.1770806146835264e+38
2249.48 3.1741821951994956e+38
2250.06 3.1715851928429994e+38
2250.64 3.1689170440399568e+38
2251.23 3.166754230017477e+38
2251.81 3.164089532907482e+38
2252.39 3.1614995693686972e+38
2252.98 3.1580317193611224e+38
2253.56 2.6317265767479526e+38
2254.15 3.1541623322554483e+38
2254.73 3.1228292229683724e+38
2255.31 3.1489255045608878e+38
2255.9 3.146049358609307e+38
2256.48 3.1435443988087568e+38
2257.07 3.1410341449483907e+38
2257.65 3.1386770996054793e+38
2258.24 3.136170104499112e+38
2258.82 3.1334553181838452e+38
2259.41 3.1311681510372355e+38
2260.0 3.128738248661673e+38
2260.58 3.1262449109128823e+38
2261.17 3.1234585766850525e+38
2261.75 3.1210406901723587e+38
2262.34 3.116966221070272e+38
2262.93 3.11590864689823e+38
2263.51 3.113423980802815e+38
2264.1 3.1110056404549862e+38
2264.69 3.1085172820268542e+38
2265.27 3.1059660555881403e+38
2265.86 3.0985542489087037e+38
2266.45 3.1012120176540034e+38
2267.03 3.0986658487925675e+38
2267.62 3.0961857732030503e+38
2268.21 3.0934224339262238e+38
2268.8 3.0913729729353517e+38
2269.39 3.088399940580056e+38
2269.97 3.0862180143719625e+38
2270.56 3.083817310076517e+38
2271.15 3.081063410333367e+38
2271.74 3.078666071882923e+38
2272.33 3.0761994434623816e+38
2272.92 3.0738052448666907e+38
2273.51 3.0714125868223933e+38
2274.09 3.069169782941441e+38
2274.68 3.0664976445813944e+38
2275.27 3.0639686069104967e+38
2275.86 3.0617938130338254e+38
2276.45 3.0592680072718638e+38
2277.04 3.0567439609500955e+38
2277.63 3.0531669640245903e+38
2278.22 3.0517011410206767e+38
2278.81 3.048971741832528e+38
2279.41 3.0350353777512784e+38
2280.0 3.044353385344074e+38
2280.59 3.041909734632434e+38
2281.18 3.0396076955111074e+38
2281.77 3.0370972699962354e+38
2282.36 3.0347283428222335e+38
2282.95 3.0345960864087103e+38
2283.54 3.0299252837807397e+38
2284.14 3.027553994918957e+38
2284.73 3.02512154345176e+38
2285.32 3.0227603197679013e+38
2285.91 3.020052895051058e+38
2286.5 3.0179729253143315e+38
2287.1 3.015262156991576e+38
2287.69 2.942834044522961e+38
2288.28 3.0104153422584232e+38
2288.88 3.0081951800682994e+38
2289.47 3.0054296204448423e+38
2290.06 3.0032885892300064e+38
2290.66 3.0007271824939777e+38
2291.25 2.9978294374502267e+38
2291.84 2.9954858990874636e+38
2292.44 2.993136887595523e+38
2293.03 2.990452043750971e+38
2293.63 2.9882439130787618e+38
2294.22 2.9857002853182993e+38
2294.81 2.9832958745842417e+38
2295.41 2.9808860942483544e+38
2296.0 2.978484892736167e+38
2296.6 2.97546164232955e+38
2297.2 2.9738102926501747e+38
2297.79 2.7608520486368054e+38
2298.39 2.9690119015653775e+38
2298.98 2.9664819764369632e+38
2299.58 2.9640833975412353e+38
2300.17 2.9618297833148385e+38
2300.77 2.9595024276260254e+38
2301.37 2.957176556046146e+38
2301.96 2.95472307064182e+38
2302.56 2.9522643112000655e+38
2303.16 2.9501468811204748e+38
2303.75 2.947426735120197e+38
2304.35 2.9452442717307725e+38
2304.95 2.9429953125559902e+38
2305.54 2.9404838607099247e+38
2306.14 2.9380348905192932e+38
2306.74 2.6424394623918486e+38
2307.34 2.9298345272872743e+38
2307.94 2.9311030509288454e+38
2308.53 2.9286000501400386e+38
2309.13 2.926361389004925e+38
2309.73 2.923922106894444e+38
2310.33 2.9214172410946315e+38
2310.93 2.9192502446487872e+38
2311.53 2.9167486846027396e+38
2312.13 2.9143160232923794e+38
2312.73 2.91201914229235e+38
2313.32 2.909663702743666e+38
2313.93 2.907028113821219e+38
2314.52 2.9049435671594985e+38
2315.12 2.9021180431693087e+38
2315.72 2.9000293565484517e+38
2316.32 2.8972079124701518e+38
2316.93 2.894848443031159e+38
2317.52 2.8872476837772752e+38
2318.13 2.8896158010439733e+38
2318.73 2.8945906852257093e+38
2319.33 2.88485616098804e+38
2319.93 2.881317487007115e+38
2320.53 2.879904012389577e+38
2321.13 2.877496855298678e+38
2321.73 2.8750251574485906e+38
2322.33 2.8722245343134906e+38
2322.94 2.8697496848978585e+38
2323.54 2.8671515390461737e+38
2324.14 2.8644234779773244e+38
2324.74 2.8622907582868714e+38
2325.35 2.859823028737668e+38
2325.95 2.857890431153223e+38
2326.55 2.855564247712478e+38
2327.16 2.8534954310939414e+38
2327.76 2.8512377624985965e+38
2328.36 2.8490471266496206e+38
2328.97 2.8471130565487275e+38
2329.57 2.844859368289029e+38
2330.17 2.8426725629614003e+38
2330.78 2.8404146978419496e+38
2331.38 2.8383613006339738e+38
2331.98 2.8358519097492e+38
2332.59 2.83398987456624e+38
2333.19 2.831548828352124e+38
2333.8 2.8298843626053056e+38
2334.4 2.827576345157379e+38
2335.01 2.825588156122492e+38
2335.61 2.823087903661587e+38
2336.22 2.820712415209362e+38
2336.82 2.8183455427512128e+38
2337.43 2.815713962528015e+38
2338.03 2.8136096936071132e+38
2338.64 2.811305446027992e+38
2339.25 2.809002714859357e+38
2339.85 2.8066438610594784e+38
2340.46 2.8043442125279165e+38
2341.07 2.8018525250777365e+38
2341.67 2.7996919760001282e+38
2342.28 2.797268093921252e+38
2342.89 2.7948459383737092e+38
2343.5 2.79268271171349e+38
2344.1 2.7905920322812977e+38
2344.71 2.7883671540943072e+38
2345.32 2.786079524218759e+38
2345.93 2.784113912505371e+38
2346.53 2.781579813889464e+38
2347.14 2.77923264440054e+38
2347.75 2.7767592042609334e+38
2348.36 2.734963151518674e+38
2348.97 2.7724561124787204e+38
2349.58 2.710053234853055e+38
2350.19 2.768158192156768e+38
2350.79 2.766081855500476e+38
2351.4 2.763872432336355e+38
2352.01 2.761600809542172e+38
2352.62 2.759330678098591e+38
2353.23 2.7572524945422333e+38
2353.84 2.7548583169315082e+38
2354.45 2.7525292204786187e+38
2355.06 2.750455031191203e+38
2355.67 2.7480656271068924e+38
2356.28 2.7462469748481016e+38
2356.89 2.7439236528102514e+38
2357.5 2.7417913084707458e+38
2358.12 2.739274769416686e+38
2358.73 2.736956207414752e+38
2359.34 2.7347021978312004e+38
2359.95 2.7324496661329713e+38
2360.56 2.730072883797004e+38
2361.17 2.7278234080885005e+38
2361.78 2.725512648853852e+38
2362.4 2.723196463372409e+38
2363.01 2.72082620900524e+38
2363.62 2.718645428930179e+38
2364.24 2.716271371105396e+38
2364.85 2.7140309822917347e+38
2365.46 2.7117296204343143e+38
2366.07 2.7099913700222066e+38
2366.69 2.707623318091859e+38
2367.3 2.705513125697782e+38
2367.91 2.7032797031098307e+38
2368.53 2.701165123163188e+38
2369.14 2.698872376181964e+38
2369.76 2.6965741823553787e+38
2370.37 2.6944706831827395e+38
2370.98 2.692368442477151e+38
2371.6 2.689888798279907e+38
2372.21 2.688098822019218e+38
2372.83 2.6856841650725517e+38
2373.44 2.683587237174457e+38
2374.06 2.681422804298329e+38
2374.67 2.678958292993947e+38
2375.29 2.6769817202374703e+38
2375.91 2.674883023162619e+38
2376.52 2.6724848940396205e+38
2377.14 2.670265961547353e+38
2377.75 2.6683012411184152e+38
2378.37 2.6658394494306403e+38
2378.99 2.6638088517112678e+38
2379.6 2.661479992203351e+38
2380.22 2.6593294556810855e+38
2380.83 2.6568813779959916e+38
2381.45 2.6547948946910014e+38
2382.07 2.652587491815357e+38
2382.69 2.6503815250057067e+38
2383.3 2.6480010934964545e+38
2383.92 2.64598091991647e+38
2384.54 2.6439010087265053e+38
2385.16 2.6536497894513115e+38
2385.78 2.6364039749272402e+38
2386.4 2.305580245704386e+38
2387.01 2.62385371932147e+38
2387.63 2.6331631750046673e+38
2388.25 2.6310909456061814e+38
2388.87 2.6287778147890073e+38
2389.49 2.626829200522534e+38
2390.11 2.6247607510486465e+38
2390.73 2.622331214482033e+38
2391.35 2.6205068487714877e+38
2391.97 2.618381879684995e+38
2392.59 2.616318472929057e+38
2393.21 2.6141359007310084e+38
2393.83 2.612075033470546e+38
2394.45 2.609835099868707e+38
2395.07 2.6078969110495528e+38
2395.69 2.605119830558194e+38
2396.31 2.603544003318708e+38
2396.93 2.6014894683028815e+38
2397.55 2.599256593151651e+38
2398.17 2.597144829548014e+38
2398.79 2.5887679027464693e+38
2399.42 2.5926793820461006e+38
2400.04 2.590631390625516e+38
2400.66 2.588405803968142e+38
2401.28 2.586360376325085e+38
2401.91 2.584130599334086e+38
2402.53 2.582028276550715e+38
2403.15 2.5796896480295333e+38
2403.77 2.577649476362418e+38
2404.4 2.5755441558005933e+38
2405.02 2.5668781881738827e+38
2405.64 2.5675650205307968e+38
2406.27 2.5691317723082487e+38
2406.89 2.5671570117655913e+38
2407.51 2.5650061701012395e+38
2408.14 2.563026708266794e+38
2408.76 2.5608785030844746e+38
2409.39 2.5586068013819653e+38
2410.01 2.556696945533049e+38
2410.64 2.5544869330999416e+38
2411.26 2.5523442361923823e+38
2411.89 2.550372033809572e+38
2412.51 2.5482319617074636e+38
2413.14 2.546086212804873e+38
2413.76 2.5438903334641547e+38
2414.39 2.5299526192156383e+38
2415.01 2.539905309850493e+38
2415.64 2.537706456379214e+38
2416.26 2.535691300844306e+38
2416.89 2.5336702659090286e+38
2417.52 2.5316504162055085e+38
2418.14 2.5294058431627722e+38
2418.77 2.5272721604328575e+38
2419.4 2.5249072880425318e+38
2420.02 2.523190276126866e+38
2420.65 2.521118615058934e+38
2421.28 2.5191642370601245e+38
2421.91 2.516921158890412e+38
2422.53 2.5150920780439225e+38
2423.16 2.5125624916111492e+38
2423.79 2.5107864779943794e+38
2424.42 2.5087802136949197e+38
2425.05 2.5065442521941845e+38
2425.68 2.504598190826414e+38
2426.3 2.5023145620605866e+38
2426.93 2.5004285076133433e+38
2427.56 2.498313331597837e+38
2428.19 2.4962569930815834e+38
2428.82 2.4942019173106562e+38
2429.45 2.492148103363216e+38
2430.08 2.489923546552613e+38
2430.71 2.4879296812228156e+38
2431.34 2.4857080290725442e+38
2431.97 2.4829161514905234e+38
2432.6 2.4816693480672552e+38
2433.23 2.479566179440515e+38
2433.86 2.4774073165088248e+38
2434.49 2.4754778908184293e+38
2435.12 2.4732647741271322e+38
2435.75 2.4712239039145213e+38
2436.39 2.4690066302979273e+38
2437.02 2.4670820127080504e+38
2437.65 2.4652152253667625e+38
2438.28 2.4630658300153647e+38
2438.91 2.4605779103412705e+38
2439.54 2.4590544527162714e+38
2440.18 2.4570717492989235e+38
2440.81 2.453458457099357e+38
2441.44 2.451994558181797e+38
2442.07 2.4510954187241004e+38
2442.71 2.4491173617731456e+38
2443.34 2.44703486790915e+38
2443.97 2.4447285312084743e+38
2444.61 2.4430355283074944e+38
2445.24 2.441069305891338e+38
2445.88 2.4389286357472817e+38
2446.51 2.4369087270824244e+38
2447.14 2.435002188124582e+38
2447.78 2.4324173928916082e+38
2448.41 2.430905271517303e+38
2449.05 2.428827210691729e+38
2449.68 2.4267575936781075e+38
2450.32 2.423956496487285e+38
2450.95 2.419103448218536e+38
2451.59 2.4208211416210573e+38
2452.22 2.418812277060071e+38
2452.86 2.4169088163518076e+38
2453.49 2.4147355042935284e+38
2454.13 2.4128343529973316e+38
2454.76 2.4108303481208577e+38
2455.4 2.4086540491337227e+38
2456.04 2.406756332953301e+38
2456.67 2.404756043782771e+38
2457.31 2.402639196124747e+38
2457.95 2.4006343080020004e+38
2458.58 2.39863777241337e+38
2459.22 2.396635320761631e+38
2459.86 2.394634085447294e+38
2460.5 2.3927442529998715e+38
2461.14 2.3905802145411792e+38
2461.77 2.3877649617295573e+38
2462.41 2.3865385246522565e+38
2463.05 2.38443364116115e+38
2463.69 2.3824947286086692e+38
2464.33 2.3806665668781485e+38
2464.96 2.3783535734347915e+38
2465.6 2.3764182414732116e+38
2466.24 2.3744840266130392e+38
2466.88 2.3724416705736095e+38
2467.52 2.370564360154015e+38
2468.16 2.3685244592364337e+38
2468.8 2.3614236744166054e+38
2469.44 2.36450299054143e+38
2470.08 2.3626301289852677e+38
2470.72 2.3607039335815106e+38
2471.36 2.3586159158252315e+38
2472.0 2.3565835467378934e+38
2472.64 2.3547151211224444e+38
2473.28 2.3525768504732395e+38
2473.92 2.3507648087077186e+38
2474.56 2.3488455309189344e+38
2475.21 2.346704044886908e+38
2475.85 2.3447871532452108e+38
2476.49 2.342925313039141e+38
2477.13 2.341010584950878e+38
2477.77 2.338935386034912e+38
2478.42 2.341055194226888e+38
2479.06 2.3351045323237272e+38
2479.7 2.333086895834686e+38
2480.34 2.3311242151427112e+38
2480.99 2.3293164446177374e+38
2481.63 2.3271952395462725e+38
2482.27 2.325450290525463e+38
2482.92 2.3234849944635327e+38
2483.56 2.321581517423367e+38
2484.2 2.3195723125132244e+38
2484.85 2.317450473210072e+38
2485.49 2.315710497617054e+38
2486.14 2.3138043386406738e+38
2486.78 2.311746761193108e+38
2487.42 2.3098501010439675e+38
2488.07 2.3078941988995295e+38
2488.71 2.3059466634653275e+38
2489.36 2.3039931123733024e+38
2490.0 2.3020479288533482e+38
2490.65 2.300149687756751e+38
2491.29 2.29810097417478e+38
2491.94 2.2960464207354504e+38
2492.59 2.294257342715087e+38
2493.23 2.2922652417926592e+38
2493.88 2.2898980835054775e+38
2494.52 2.256725381120526e+38
2495.17 2.2863873877985275e+38
2495.82 2.2845508349772764e+38
2496.47 2.282452481300344e+38
2497.11 2.2806778435786583e+38
2497.76 2.2789493803063005e+38
2498.41 2.277064442811692e+38
2499.05 2.2750830186267718e+38
2499.7 2.273200316817011e+38
