WAVE FLUX
1000.04 3.9362132994396284e+39
1000.53 3.7644496032759877e+39
1001.02 3.6319033303378585e+39
1001.51 3.973351658750019e+39
1002.01 3.737576742543885e+39
1002.5 3.7041852736753095e+39
1002.99 3.72842329911674e+39
1003.48 3.923807165449193e+39
1003.97 3.8550501218701897e+39
1004.46 3.819902977616799e+39
1004.96 3.902069668560653e+39
1005.45 3.5527707279153793e+39
1005.94 2.4870772516917577e+39
1006.43 3.8010300145547817e+39
1006.93 3.576050973502119e+39
1007.42 3.860429131061989e+39
1007.92 2.65324798325633e+39
1008.41 3.767554871547416e+39
1008.91 3.530300725269858e+39
1009.4 3.846921333066384e+39
1009.9 3.066022081772692e+39
1010.39 2.0647940592714104e+39
1010.89 3.697758741565576e+39
1011.38 2.879850190679784e+39
1011.88 3.814710497098093e+39
1012.37 3.361574719022758e+39
1012.87 2.246075314033677e+39
1013.37 3.7748160124401904e+39
1013.86 3.687625109524578e+39
1014.36 3.826996767658425e+39
1014.86 3.0108516367900475e+39
1015.36 3.4379578219528835e+39
1015.85 3.472252023848704e+39
1016.35 3.526324598475672e+39
1016.85 3.367078658387271e+39
1017.35 2.734098559156991e+39
1017.85 2.5523192649179032e+39
1018.35 3.1007429124400873e+39
1018.85 3.261718294066832e+39
1019.35 3.4880047520354585e+39
1019.85 2.6927598000971967e+39
1020.35 2.2655209944959015e+39
1020.85 2.3610136390599123e+39
1021.35 1.8389453776574442e+39
1021.85 1.671664393484821e+39
1022.35 1.704155747129976e+39
1022.85 1.311171207833996e+39
1023.35 1.667705854550965e+39
1023.85 1.531402782459895e+39
1024.35 1.6157692524824925e+39
1024.86 1.583323187924233e+39
1025.36 1.062354193446577e+39
1025.86 8.9618780556759e+38
1026.37 1.4361144260190158e+39
1026.87 1.3584967242445303e+39
1027.37 1.4756999943270392e+39
1027.88 1.4662494847583824e+39
1028.38 1.2901410975366075e+39
1028.89 1.4251049921418208e+39
1029.39 1.413500792600209e+39
1029.9 1.1590323626859626e+39
1030.4 1.280072640040194e+39
1030.91 1.2209109148158321e+39
1031.41 1.425748379787465e+39
1031.92 1.990637141497186e+39
1032.42 1.907220347068028e+39
1032.93 2.2987404751342784e+39
1033.44 2.2180888623425258e+39
1033.94 2.0067695200688818e+39
1034.45 2.3769297695064044e+39
1034.96 2.5016994371974678e+39
1035.46 2.3954299364299643e+39
1035.97 2.836103719182028e+39
1036.48 3.068320157615929e+39
1036.99 3.36627168649652e+39
1037.5 4.2201470355671663e+39
1038.01 4.6628981379096447e+39
1038.51 5.356533726633207e+39
1039.02 4.878901447696051e+39
1039.53 4.4195716074787094e+39
1040.04 4.3084219684273825e+39
1040.55 4.608039741748513e+39
1041.06 4.6496913799161017e+39
1041.57 4.1182429849652414e+39
1042.08 4.354514433869917e+39
1042.59 4.237868038552058e+39
1043.11 4.176047180125796e+39
1043.62 3.721285112271419e+39
1044.13 3.991263698976567e+39
1044.64 3.9470063644243686e+39
1045.15 3.78935382813697e+39
1045.67 3.6534465429815084e+39
1046.18 3.66631642161918e+39
1046.69 3.648858809813402e+39
1047.2 3.602169145145047e+39
1047.72 3.523720109922345e+39
1048.23 3.4750279556998984e+39
1048.75 3.5708816604261974e+39
1049.26 3.5603460419489754e+39
1049.78 3.4680808853088324e+39
1050.29 3.5231880619419946e+39
1050.81 3.421312037526836e+39
1051.32 3.316417121098777e+39
1051.83 3.5488328132900493e+39
1052.35 3.426590285681152e+39
1052.87 3.314887120344809e+39
1053.38 3.51629188538503e+39
1053.9 3.540554926475194e+39
1054.42 3.529699063928908e+39
1054.93 3.496983933248024e+39
1055.45 2.904824063622496e+39
1055.97 2.811097805918313e+39
1056.49 3.5105244705656336e+39
1057.01 3.383981492671543e+39
1057.52 3.2824156499901866e+39
1058.04 3.365885999537491e+39
1058.56 3.2120711501643075e+39
1059.08 3.231103256224625e+39
1059.6 3.395521177152889e+39
1060.12 2.720207139219562e+39
1060.64 3.0377878099804705e+39
1061.16 2.8837846134238496e+39
1061.68 2.871429328528055e+39
1062.2 2.915099412510583e+39
1062.72 1.8895941440482724e+39
1063.24 3.102013083979667e+39
1063.76 3.5096082535686185e+39
1064.28 3.3455966971534047e+39
1064.81 3.464884343270684e+39
1065.33 3.473789822237668e+39
1065.85 3.080691858959534e+39
1066.37 3.334516802399133e+39
1066.9 3.452532422663948e+39
1067.42 3.306909175187157e+39
1067.94 2.9374243815901007e+39
1068.47 3.3292110374564674e+39
1068.99 2.91887573650565e+39
1069.52 3.181706290114085e+39
1070.04 2.850717749135818e+39
1070.56 2.9604537454669757e+39
1071.09 3.327074575750163e+39
1071.61 3.3642359602587414e+39
1072.14 3.0376697358406643e+39
1072.67 3.2978020558936144e+39
1073.19 3.299880982050375e+39
1073.72 3.11531636649345e+39
1074.24 3.261337181974919e+39
1074.77 3.3491101596107845e+39
1075.3 3.165286956605948e+39
1075.82 3.2228226907732544e+39
1076.35 3.27189922517614e+39
1076.88 3.2987040206086683e+39
1077.41 3.29781816214064e+39
1077.94 3.063303209627443e+39
1078.47 3.2062928848220173e+39
1078.99 2.989551742093475e+39
1079.52 3.101481042935721e+39
1080.05 3.2680757358369476e+39
1080.58 3.174424622073408e+39
1081.11 2.9651580730942634e+39
1081.64 2.951892973853173e+39
1082.17 3.270719416547191e+39
1082.7 3.094894834428203e+39
1083.23 2.8672029073146796e+39
1083.77 2.9897241542656923e+39
1084.3 2.974017375543169e+39
1084.83 2.4998031343356784e+39
1085.36 3.120312137004476e+39
1085.89 3.077869470692096e+39
1086.43 3.1052209543845944e+39
1086.96 3.2266697328372904e+39
1087.49 3.2116369655224564e+39
1088.02 3.001914414419834e+39
1088.56 2.986691126919368e+39
1089.09 2.8641253414459766e+39
1089.63 2.6491336705198825e+39
1090.16 3.074789793624579e+39
1090.69 3.0981819175161587e+39
1091.23 2.733559549853402e+39
1091.77 3.1350905346544675e+39
1092.3 2.968529340174176e+39
1092.84 3.077958365131144e+39
1093.37 2.8301786496776026e+39
1093.91 3.228011650047758e+39
1094.44 3.1749438837747084e+39
1094.98 3.1710065909554165e+39
1095.52 2.797809619983319e+39
1096.06 2.984208045653668e+39
1096.59 2.7477028091394257e+39
1097.13 3.2205536915372524e+39
1097.67 2.7840129660504655e+39
1098.21 2.827430163781098e+39
1098.74 3.20820601646159e+39
1099.28 3.195234456674442e+39
1099.82 3.0134440785436386e+39
1100.36 3.18532291522011e+39
1100.9 3.1856181649291884e+39
1101.44 3.010675137422939e+39
1101.98 2.9951184126952194e+39
1102.52 3.143793573159722e+39
1103.06 2.896302842788168e+39
1103.6 3.0304271153600103e+39
1104.15 2.733466909135666e+39
1104.69 2.954973157863138e+39
1105.23 2.913286415886861e+39
1105.77 2.7465831511731147e+39
1106.31 2.734904989295678e+39
1106.85 2.5301231465328728e+39
1107.4 2.5410380745179072e+39
1107.94 1.699027608131743e+39
1108.48 1.9006389442762137e+39
1109.03 2.902143641505321e+39
1109.57 2.970215357818396e+39
1110.11 2.8880645724494276e+39
1110.66 2.794190085238082e+39
1111.2 2.948253038708544e+39
1111.75 2.963764201452806e+39
1112.29 2.6852350259451275e+39
1112.84 3.0843314466340506e+39
1113.39 3.0824050113251666e+39
1113.93 2.937231174698523e+39
1114.48 2.96658389519962e+39
1115.02 2.448357938745324e+39
1115.57 2.758311190169428e+39
1116.12 2.0647217599641667e+39
1116.67 2.3249827257453904e+39
1117.21 2.258903620724456e+39
1117.76 2.079389004614689e+39
1118.31 2.7391997739752013e+39
1118.86 3.060142098434561e+39
1119.41 2.804590136311742e+39
1119.95 3.1040377452657416e+39
1120.5 3.0752090836319587e+39
1121.05 2.7885743386131507e+39
1121.6 3.020923494589255e+39
1122.15 3.073457059286054e+39
1122.7 3.075066381853059e+39
1123.25 3.0571853073344965e+39
1123.8 1.7779066519357914e+39
1124.36 2.889922507148717e+39
1124.91 2.4200995601564356e+39
1125.46 2.9199148780235734e+39
1126.01 2.9505778115720824e+39
1126.56 2.861434943215717e+39
1127.11 2.7113813443154436e+39
1127.67 2.4728477259931054e+39
1128.22 1.6398115687464337e+39
1128.77 1.7802477318807652e+39
1129.33 2.890926002720428e+39
1129.88 2.839770972450774e+39
1130.44 2.4894860225049778e+39
1130.99 2.769209913028085e+39
1131.54 2.951222724707545e+39
1132.1 3.012229985713972e+39
1132.65 2.911347738083536e+39
1133.21 2.885161083230476e+39
1133.77 2.8204341865512267e+39
1134.32 2.663984491075726e+39
1134.88 2.7167360129152834e+39
1135.43 2.9487164169120676e+39
1135.99 2.954395264374239e+39
1136.55 2.920546398615856e+39
1137.1 2.937510628653009e+39
1137.66 2.928025144093308e+39
1138.22 2.767388157521197e+39
1138.78 2.8966450151988314e+39
1139.34 2.396681889265206e+39
1139.9 2.2747068419124815e+39
1140.45 2.8360919492466177e+39
1141.01 2.925197481295302e+39
1141.57 2.301388803724816e+39
1142.13 2.862099464529762e+39
1142.69 2.9053561020635426e+39
1143.25 2.863874218156658e+39
1143.81 2.7917622515811967e+39
1144.38 2.5001318991241098e+39
1144.94 2.3871365037932562e+39
1145.5 2.898488011260846e+39
1146.06 2.883604432677182e+39
1146.62 2.8558131054535316e+39
1147.18 2.8255552375583717e+39
1147.75 2.8311169698574245e+39
1148.31 2.803248993317898e+39
1148.87 2.716410863826265e+39
1149.44 2.767255312931239e+39
1150.0 2.584121065059614e+39
1150.0 2.584121065059614e+39
1150.3 2.743688272684174e+39
1150.6 2.791622276547912e+39
1150.89 2.5844519329111105e+39
1151.19 2.6644053905490426e+39
1151.49 2.813857665782448e+39
1151.79 2.7978467666623094e+39
1152.09 2.759787876694873e+39
1152.39 2.6685015383219663e+39
1152.69 2.285384039975478e+39
1152.98 2.88596356480772e+39
1153.28 2.866041882550234e+39
1153.58 2.750959515208099e+39
1153.88 2.5451058153530006e+39
1154.18 2.588138213970905e+39
1154.48 2.773761174118021e+39
1154.78 2.769495361798464e+39
1155.08 2.6779483548079763e+39
1155.38 2.6842547484801766e+39
1155.68 2.793606552146016e+39
1155.98 2.2386011830914587e+39
1156.28 2.7833523950633445e+39
1156.57 2.6486806030930638e+39
1156.88 2.6760305093553478e+39
1157.18 2.650772521249014e+39
1157.47 2.651696354435456e+39
1157.78 2.6558600857142556e+39
1158.07 2.1939487622717052e+39
1158.38 2.6837239100585643e+39
1158.68 2.6210126912301965e+39
1158.97 2.4708725703338814e+39
1159.28 2.7006085241309923e+39
1159.58 2.4936348337467823e+39
1159.88 2.745326838078456e+39
1160.18 2.4465000742674817e+39
1160.48 2.4931384046467466e+39
1160.78 2.7181130894347237e+39
1161.08 2.7504175663842046e+39
1161.38 2.6498404303067556e+39
1161.68 2.686276971250539e+39
1161.98 2.4594150923171038e+39
1162.28 2.6765345660362773e+39
1162.58 2.726238565163961e+39
1162.89 2.702930430299455e+39
1163.19 2.1263062872122334e+39
1163.49 2.5852155343452226e+39
1163.79 2.430679332940373e+39
1164.09 2.5393265752491904e+39
1164.39 2.3800683279607877e+39
1164.7 2.5120616774658082e+39
1165.0 2.1132998427862804e+39
1165.3 2.5951467493284182e+39
1165.6 2.1418186683748482e+39
1165.9 2.189794980882716e+39
1166.21 2.707598186101331e+39
1166.51 2.6812352851937676e+39
1166.81 2.217765461619639e+39
1167.11 2.5114601027023867e+39
1167.42 2.241232698829547e+39
1167.72 2.4293359270769807e+39
1168.02 2.7657834517606467e+39
1168.32 2.7396731454005935e+39
1168.63 2.4341051087879085e+39
1168.93 1.9052407514293787e+39
1169.23 2.6925289058934054e+39
1169.54 2.570460181620623e+39
1169.84 2.728797750335019e+39
1170.14 2.5736044218322335e+39
1170.44 2.368002834271097e+39
1170.75 2.6375009985835717e+39
1171.05 2.1326177125563608e+39
1171.35 2.7540598202814474e+39
1171.66 2.5775892713151714e+39
1171.96 2.2309201605476434e+39
1172.27 2.7514037720913097e+39
1172.57 2.5765857264170047e+39
1172.87 2.409987793805086e+39
1173.18 2.727439177727189e+39
1173.48 2.4268630892390733e+39
1173.79 2.5928981752100145e+39
1174.09 2.641287156181557e+39
1174.4 2.725560077223121e+39
1174.7 2.6068489795990952e+39
1175.0 1.8938952877279463e+39
1175.31 1.8030843120094738e+39
1175.61 1.7353460099352234e+39
1175.92 1.8191399312882233e+39
1176.22 2.159912259343227e+39
1176.53 2.3496116619928786e+39
1176.83 2.6696605703397468e+39
1177.14 2.7226761123369636e+39
1177.44 2.6751977769297355e+39
1177.75 2.5709627418464445e+39
1178.05 2.6548846253746492e+39
1178.36 2.3791153267290126e+39
1178.66 2.688099376320388e+39
1178.97 2.5117425149620415e+39
1179.27 2.6777800262390577e+39
1179.58 2.704859110779014e+39
1179.89 2.4914626242214874e+39
1180.19 2.6596475628308973e+39
1180.5 2.4043283259295618e+39
1180.8 2.5967697492419605e+39
1181.11 2.6988769221518264e+39
1181.42 2.395535951580183e+39
1181.72 2.383155038602183e+39
1182.03 2.6914843845127458e+39
1182.33 2.6930314427563373e+39
1182.64 2.377721288974534e+39
1182.95 1.907613755065481e+39
1183.25 2.541440453108339e+39
1183.56 2.5594072274411743e+39
1183.87 2.5210346941374622e+39
1184.17 2.4533993687839612e+39
1184.48 1.7498774481750747e+39
1184.79 2.338982626643872e+39
1185.09 2.6386777587634234e+39
1185.4 2.243601247746061e+39
1185.71 2.6343590462192398e+39
1186.02 2.567522371947541e+39
1186.32 2.6340469297285847e+39
1186.63 2.3070272973749348e+39
1186.94 2.545786241783836e+39
1187.25 2.6191544779533718e+39
1187.56 2.5891682314841013e+39
1187.86 2.607050421921456e+39
1188.17 2.6182345003242742e+39
1188.48 2.472621428704818e+39
1188.79 2.6113596734881962e+39
1189.09 2.54258667044859e+39
1189.4 2.5099483525820563e+39
1189.71 2.6261757167919488e+39
1190.02 2.580255749762544e+39
1190.33 2.283556201914035e+39
1190.64 2.622168718014094e+39
1190.94 2.5814847990041983e+39
1191.25 2.0589625820846868e+39
1191.56 2.634433942964039e+39
1191.87 2.5943953040003815e+39
1192.18 2.6085848210778112e+39
1192.49 2.5578422296187017e+39
1192.8 2.5281481533691155e+39
1193.11 2.3063290282692484e+39
1193.42 2.56755636797515e+39
1193.73 2.431188795588707e+39
1194.04 2.5241627965950946e+39
1194.34 2.4897518181400374e+39
1194.65 2.6110469976861903e+39
1194.96 2.608815084457133e+39
1195.27 2.5702885527535292e+39
1195.58 2.524471338088645e+39
1195.89 2.585407376721021e+39
1196.2 1.81178850587083e+39
1196.51 2.52653892648159e+39
1196.82 2.5136480215107817e+39
1197.13 2.450715585423718e+39
1197.44 2.4793699766519972e+39
1197.75 2.408683514861203e+39
1198.06 2.442463711111077e+39
1198.38 2.3698803681492263e+39
1198.69 2.5534347038244308e+39
1199.0 2.5272782924066067e+39
1199.31 2.5944263992942483e+39
1199.62 2.5107277330564825e+39
1199.93 2.5474628651098516e+39
1200.24 2.4186670120398784e+39
1200.55 2.4535464141713874e+39
1200.86 2.218821941845635e+39
1201.17 2.3739993906342617e+39
1201.48 2.4426358767511143e+39
1201.8 2.379670220724639e+39
1202.11 1.8441865833184927e+39
1202.42 2.4369292331341876e+39
1202.73 2.4483356402300915e+39
1203.04 2.4035821427653194e+39
1203.35 2.1947596149495456e+39
1203.67 2.4172126768382308e+39
1203.98 2.410531486306424e+39
1204.29 2.3081324742178908e+39
1204.6 2.408899222239394e+39
1204.92 2.2891088265946355e+39
1205.23 2.3129928699263513e+39
1205.54 2.1742632502446793e+39
1205.85 2.3309337715722735e+39
1206.16 2.314236400452817e+39
1206.48 1.615643029634722e+39
1206.79 2.4003974207251098e+39
1207.1 2.3371192308225412e+39
1207.42 2.2487878658257552e+39
1207.73 2.3988669487350357e+39
1208.04 2.296961996873033e+39
1208.35 2.2505643560618335e+39
1208.67 2.2184975964916528e+39
1208.98 2.370863458948766e+39
1209.29 2.3536078351372717e+39
1209.61 2.1801258114296716e+39
1209.92 2.3469782717398172e+39
1210.23 2.280796608849138e+39
1210.55 2.1442427168025916e+39
1210.86 2.3803531147119565e+39
1211.18 2.1418483853489328e+39
1211.49 2.1227366748856937e+39
1211.8 2.379652265255692e+39
1212.12 2.4090220007195423e+39
1212.43 2.3808284093476837e+39
1212.75 2.176834021078248e+39
1213.06 2.147744425308138e+39
1213.38 2.3733936355987492e+39
1213.69 1.9762278347484172e+39
1214.0 2.1617936060331744e+39
1214.32 2.3593986722045563e+39
1214.63 2.1646042214900036e+39
1214.95 2.3249068479044307e+39
1215.26 1.7244979462961925e+39
1215.58 1.720163348988231e+39
1215.89 1.875455523448375e+39
1216.21 2.5916940447798225e+39
1216.52 2.5617147240714472e+39
1216.84 2.1395758094126127e+39
1217.15 1.932789987625775e+39
1217.47 2.5053103623821602e+39
1217.79 1.8096657977661313e+39
1218.1 2.5268839563271936e+39
1218.42 2.2859256181503573e+39
1218.73 1.961864320265608e+39
1219.05 2.4534415658333575e+39
1219.36 2.4476118517923017e+39
1219.68 2.394193516772231e+39
1220.0 1.9124316814227545e+39
1220.31 2.1516057185961287e+39
1220.63 2.3539071183595028e+39
1220.94 1.800346244650029e+39
1221.26 1.874272023472354e+39
1221.58 2.4140662503108914e+39
1221.9 2.025842707856228e+39
1222.21 2.0242416013227017e+39
1222.53 2.247288540991535e+39
1222.84 2.1134667300021775e+39
1223.16 1.8066825925772454e+39
1223.48 2.3238510124336577e+39
1223.8 1.66086631910239e+39
1224.11 2.2364601551521932e+39
1224.43 2.0759529944798027e+39
1224.75 1.7878202100709436e+39
1225.06 1.6698607675378573e+39
1225.38 1.5933329648186124e+39
1225.7 1.3840532450039007e+39
1226.02 1.050797499571855e+39
1226.34 1.2193131001115231e+39
1226.65 1.0695757427457695e+39
1226.97 9.761975366903152e+38
1227.29 8.014821349613791e+38
1227.61 9.422365822663024e+38
1227.93 9.352033489655249e+38
1228.24 8.42097241402288e+38
1228.56 9.076915445466739e+38
1228.88 9.402737490408266e+38
1229.2 9.198146226976294e+38
1229.52 6.375970277660892e+38
1229.84 5.928874189258395e+38
1230.16 9.016711247190334e+38
1230.47 7.896855551823294e+38
1230.79 6.239216773657015e+38
1231.11 9.056198481354743e+38
1231.43 9.043400528516089e+38
1231.75 9.19618239171731e+38
1232.07 9.231523146069153e+38
1232.39 9.260386775750508e+38
1232.71 9.301111823784224e+38
1233.03 8.473456063860804e+38
1233.35 8.659568950308566e+38
1233.67 9.45196149409903e+38
1233.99 9.52045247380418e+38
1234.31 9.773569634250564e+38
1234.63 9.404350572542465e+38
1234.95 1.0137115283197836e+39
1235.27 9.819060529963628e+38
1235.59 1.058364990804931e+39
1235.91 1.0814363678115998e+39
1236.23 1.001904787587307e+39
1236.55 1.151918915639657e+39
1236.87 1.1849699700905636e+39
1237.19 1.1080331547028105e+39
1237.51 1.2679091714664676e+39
1237.83 1.3155080429082314e+39
1238.15 1.3675047660080898e+39
1238.47 1.375321290691136e+39
1238.79 1.5057381718473732e+39
1239.11 1.8032864985797493e+39
1239.44 1.8609719604591503e+39
1239.76 1.9238670338808265e+39
1240.08 1.9874227316949185e+39
1240.4 2.0481201461190946e+39
1240.72 2.1391467679076808e+39
1241.04 2.218327753420277e+39
1241.36 2.3216183046985603e+39
1241.69 2.428934192412593e+39
1242.01 2.5385212765017956e+39
1242.33 2.666955957235793e+39
1242.65 2.850695671712298e+39
1242.97 3.239334867290589e+39
1243.3 3.319255274303487e+39
1243.62 3.331084089131284e+39
1243.94 3.315664006799533e+39
1244.26 3.2912086087234345e+39
1244.58 3.3488082627658255e+39
1244.91 3.128851635734142e+39
1245.23 2.895808211066828e+39
1245.55 3.05974051375355e+39
1245.88 2.946654465336138e+39
1246.2 2.8996392285552345e+39
1246.52 2.843732215527424e+39
1246.84 2.782744968240796e+39
1247.17 2.912580413361412e+39
1247.49 2.0677716928038375e+39
1247.81 2.3772629590014874e+39
1248.14 2.1318746699545453e+39
1248.46 2.4829402017275543e+39
1248.79 2.587918872709589e+39
1249.11 2.6197822870837372e+39
1249.43 2.3755256384424987e+39
1249.76 2.5018084041895976e+39
1250.08 2.2979391306978343e+39
1250.4 1.9607082266677272e+39
1250.73 2.0053363389938817e+39
1251.05 2.1109192834582364e+39
1251.38 2.2769622558222092e+39
1251.7 2.2178398779929672e+39
1252.03 2.1786845016330556e+39
1252.35 2.1219671365326406e+39
1252.68 1.9911444204960912e+39
1253.0 2.0971380682999738e+39
1253.32 2.18580423699679e+39
1253.65 1.737461935990686e+39
1253.97 1.905765636156102e+39
1254.3 2.282146283472709e+39
1254.62 2.247799782253587e+39
1254.95 1.968981173802336e+39
1255.27 1.7848661896380087e+39
1255.6 2.1931056488450365e+39
1255.93 2.1726682589836587e+39
1256.25 2.179502885746649e+39
1256.58 1.84540318725344e+39
1256.9 2.0999320806648067e+39
1257.23 2.077012059523847e+39
1257.55 1.9365243107630465e+39
1257.88 1.884068441389434e+39
1258.2 2.182732744943364e+39
1258.53 1.8662689788507112e+39
1258.86 1.6665866031796515e+39
1259.18 2.0078520332983358e+39
1259.51 2.0573363801585367e+39
1259.84 2.0675636231278878e+39
1260.16 2.059361695956805e+39
1260.49 2.1053105138067175e+39
1260.82 2.071284063088971e+39
1261.14 2.2017770547626416e+39
1261.47 2.2623343928750496e+39
1261.8 1.920216644567603e+39
1262.12 2.2336948229900128e+39
1262.45 2.2191017796500485e+39
1262.78 2.1922020596588815e+39
1263.11 2.1453290661478722e+39
1263.43 2.122498690788826e+39
1263.76 2.113687205603654e+39
1264.09 2.075983903559948e+39
1264.42 1.8366957488201055e+39
1264.74 1.9504312266365194e+39
1265.07 2.0423201987202777e+39
1265.4 1.9287991210033794e+39
1265.73 1.7753342926869812e+39
1266.06 1.8595731224424163e+39
1266.38 1.746089755022668e+39
1266.71 1.8473944509461538e+39
1267.04 2.0998713159807526e+39
1267.37 1.9343974158190182e+39
1267.7 2.060576304103401e+39
1268.03 2.034237589022247e+39
1268.35 2.096934372270336e+39
1268.68 2.058580073687752e+39
1269.01 1.8525104501123833e+39
1269.34 1.9120249023019967e+39
1269.67 2.041956085099465e+39
1270.0 1.837254108216794e+39
1270.33 1.88235716900225e+39
1270.66 1.5616180258802603e+39
1270.99 1.96615417750973e+39
1271.32 1.9736507463018228e+39
1271.65 2.008227971443169e+39
1271.97 1.8958148395283567e+39
1272.31 2.2179326633121563e+39
1272.63 1.832699311077082e+39
1272.96 2.169321045493065e+39
1273.29 2.0100016707011545e+39
1273.62 1.7396784477177358e+39
1273.95 2.1017522638013354e+39
1274.28 1.9598103210798818e+39
1274.61 2.1176127007197306e+39
1274.94 2.0931916882597794e+39
1275.28 2.072531865782148e+39
1275.61 2.0596509966861923e+39
1275.94 1.913797716306477e+39
1276.27 2.0140414468625143e+39
1276.6 1.955062975528511e+39
1276.93 1.718988909874663e+39
1277.26 2.045951688523603e+39
1277.59 2.0060772369999522e+39
1277.92 2.0742920439537225e+39
1278.25 1.8989001517730546e+39
1278.58 2.1711725162454548e+39
1278.92 1.654764804194308e+39
1279.25 2.1766491427831858e+39
1279.58 2.0918501046800327e+39
1279.91 2.1068939120336824e+39
1280.24 2.1332156018727256e+39
1280.57 2.0807830936270386e+39
1280.91 2.1168427817758676e+39
1281.24 1.8837385031124566e+39
1281.57 1.9311348503827698e+39
1281.9 1.985247072467046e+39
1282.23 1.843811431230254e+39
1282.57 2.150345145540579e+39
1282.9 2.0737674966730548e+39
1283.23 2.038177156520689e+39
1283.56 1.978170734252838e+39
1283.9 1.875406180852448e+39
1284.23 1.6928447743265143e+39
1284.56 1.9321414061578166e+39
1284.9 2.0463994183451017e+39
1285.23 1.9170883396906317e+39
1285.56 2.1440446426156737e+39
1285.9 1.7681342855123596e+39
1286.23 1.9807373699723594e+39
1286.56 2.1095922502503182e+39
1286.9 2.0653795315819992e+39
1287.23 2.2164679022325373e+39
1287.56 1.792350743639611e+39
1287.9 2.1369987763559176e+39
1288.23 1.7486616239961938e+39
1288.56 2.1220580547320374e+39
1288.9 2.0412136316468378e+39
1289.23 1.951910470172954e+39
1289.57 2.0820015232783183e+39
1289.9 2.010446073327018e+39
1290.23 2.0718284392265628e+39
1290.57 2.0799115440210582e+39
1290.9 2.024492531588825e+39
1291.24 1.741555040623033e+39
1291.57 1.809624511117816e+39
1291.91 2.0542317914951958e+39
1292.24 2.0056292906513683e+39
1292.58 2.0541000352328822e+39
1292.91 2.0530180108053433e+39
1293.25 1.8264325416111578e+39
1293.58 2.0283586931731528e+39
1293.92 1.9205056326386863e+39
1294.25 2.0075975571417412e+39
1294.59 1.452905730338619e+39
1294.92 2.0004074439961346e+39
1295.26 1.8476903502683113e+39
1295.59 1.9761056872717377e+39
1295.93 1.966938800116335e+39
1296.27 1.5294014641546968e+39
1296.6 1.6756465118075182e+39
1296.94 2.052924660764988e+39
1297.28 2.1756728467021114e+39
1297.61 1.8813275903330164e+39
1297.95 2.15117110253576e+39
1298.28 2.1412912405257223e+39
1298.62 2.0202086287757485e+39
1298.96 1.627034185981961e+39
1299.29 2.0719410326315763e+39
1299.63 2.0765280326938662e+39
1299.97 2.0733765413987044e+39
1300.3 1.929740100551699e+39
1300.64 1.790231335972014e+39
1300.98 1.683679649859458e+39
1301.32 2.009369222320665e+39
1301.65 1.9687487296985153e+39
1301.99 2.1534784242302697e+39
1302.33 2.0614401670420638e+39
1302.67 2.0989926516964786e+39
1303.0 2.0723894237940272e+39
1303.34 1.4489770351017606e+39
1303.68 2.0063265146510587e+39
1304.02 2.0364872621004933e+39
1304.35 2.0616362942537525e+39
1304.69 2.0045739743701217e+39
1305.03 2.0368174126303934e+39
1305.37 1.850597988435606e+39
1305.71 1.7453078723271816e+39
1306.05 1.3764865895200096e+39
1306.38 1.9916462085349557e+39
1306.72 1.8443871252770594e+39
1307.06 1.9979377156733428e+39
1307.4 1.5222703334397952e+39
1307.74 1.9370980212011067e+39
1308.08 1.955426004481882e+39
1308.42 1.8737047189051258e+39
1308.76 1.7099794449971834e+39
1309.09 1.9692048984472743e+39
1309.43 1.9098998649554902e+39
1309.77 1.878798755592879e+39
1310.11 1.6964064106320483e+39
1310.45 2.0152063424387963e+39
1310.79 1.995166356916673e+39
1311.13 1.666359416213409e+39
1311.47 1.984166999263635e+39
1311.81 1.5162043548242893e+39
1312.15 2.0450655481511037e+39
1312.49 1.8676121931207284e+39
1312.83 2.0529867390480805e+39
1313.17 1.998414457392664e+39
1313.51 2.0229956878538235e+39
1313.85 2.0546806289341728e+39
1314.19 1.9983597388414074e+39
1314.53 1.7381729680677175e+39
1314.88 1.9029701319025244e+39
1315.22 1.9846834220136045e+39
1315.56 1.8651359266478733e+39
1315.9 1.9151804886559955e+39
1316.24 1.920741433767799e+39
1316.58 2.01659217073088e+39
1316.92 1.8459809882609113e+39
1317.26 1.932752957563623e+39
1317.6 1.9012334409791238e+39
1317.94 1.8490749622611792e+39
1318.29 1.5991280618054376e+39
1318.63 1.8703904141863148e+39
1318.97 2.0091449362275627e+39
1319.31 1.6982054944002198e+39
1319.65 1.8691286382923146e+39
1320.0 1.9969987410457816e+39
1320.34 1.5383200173923467e+39
1320.68 1.701122414796194e+39
1321.02 2.0222014540759964e+39
1321.36 1.4702908181030248e+39
1321.71 2.023632835435942e+39
1322.05 2.0282453768412508e+39
1322.39 2.0147411062786816e+39
1322.74 2.008434364478119e+39
1323.08 1.819182822422192e+39
1323.42 1.9753544044646033e+39
1323.76 1.91634491725513e+39
1324.11 1.905952065672057e+39
1324.45 1.715815467492892e+39
1324.79 1.9206983293227153e+39
1325.14 2.0274837277872364e+39
1325.48 2.039040762669919e+39
1325.82 1.734500438831495e+39
1326.17 2.0117895906033526e+39
1326.51 1.7324911044006964e+39
1326.85 1.8936924412850626e+39
1327.2 1.8660252338213805e+39
1327.54 1.789022881403457e+39
1327.89 1.9031977295625707e+39
1328.23 1.9098631285334446e+39
1328.58 1.860673658153901e+39
1328.92 1.819652646321548e+39
1329.27 1.8797773288622142e+39
1329.61 1.9595422968945894e+39
1329.95 1.856234553049117e+39
1330.3 1.651317908805854e+39
1330.64 1.8591261176838636e+39
1330.99 1.70328232435774e+39
1331.33 1.6571230240642468e+39
1331.68 1.447513051687202e+39
1332.02 1.7527926801401335e+39
1332.37 1.65622080970371e+39
1332.71 1.8116998586979165e+39
1333.06 1.763574806029567e+39
1333.41 1.792798564673595e+39
1333.75 1.795103257844939e+39
1334.1 1.7228877945814195e+39
1334.44 1.3678386921253938e+39
1334.79 1.6475643767122697e+39
1335.13 1.6511260683253068e+39
1335.48 1.6935877056737772e+39
1335.83 1.3046533232501918e+39
1336.17 1.3223088113591911e+39
1336.52 1.5187989000743893e+39
1336.86 1.4889427245398777e+39
1337.21 1.627553688123595e+39
1337.56 1.6195808370613605e+39
1337.91 1.6417231035720844e+39
1338.25 1.6083757974576064e+39
1338.6 1.290282358281704e+39
1338.94 1.8846570339849588e+39
1339.29 1.8664635341624838e+39
1339.64 1.4495281822150194e+39
1339.99 1.8142360485784944e+39
1340.33 1.6177122119574315e+39
1340.68 1.7970010970079237e+39
1341.03 1.6887112437530517e+39
1341.38 1.7548597875847968e+39
1341.72 1.7750058788864658e+39
1342.07 1.7469351077233484e+39
1342.42 1.5245220998289184e+39
1342.77 1.752994891413091e+39
1343.11 1.6719293655164394e+39
1343.46 1.53068138841003e+39
1343.81 2.2106584677140168e+39
1344.16 2.1878043279885638e+39
1344.51 2.1651364765527303e+39
1344.86 2.023867381287299e+39
1345.21 2.079403639174911e+39
1345.55 1.5939177344290746e+39
1345.9 2.02774155545196e+39
1346.25 1.9566325532110015e+39
1346.6 1.948076120028577e+39
1346.95 1.9523718861534315e+39
1347.3 1.6641755705731877e+39
1347.65 1.8140769882504614e+39
1348.0 1.7154665762436254e+39
1348.35 1.9275638903348617e+39
1348.7 1.830649822117818e+39
1349.05 1.8321952303561853e+39
1349.4 1.8079990311147446e+39
1349.74 1.810693746209109e+39
1350.09 1.7084072150840348e+39
1350.44 1.7150538742339034e+39
1350.8 1.784324016784163e+39
1351.15 1.6342558181216886e+39
1351.49 1.2863724348098198e+39
1351.84 1.773425684518059e+39
1352.2 1.80268084611774e+39
1352.55 1.737541002821673e+39
1352.9 1.7120689633026623e+39
1353.25 1.8083705324835996e+39
1353.6 1.7952856665989786e+39
1353.95 1.8369176212122368e+39
1354.3 1.7920733102049167e+39
1354.65 1.848765542712348e+39
1355.0 1.8404239630487397e+39
1355.35 1.6302863611086145e+39
1355.7 1.8406867498404844e+39
1356.06 1.4894140637089198e+39
1356.41 1.8717221940982402e+39
1356.76 1.885677003138415e+39
1357.11 1.3783299530239665e+39
1357.46 1.8039689508286937e+39
1357.81 1.5452362846725297e+39
1358.17 1.8048466425462044e+39
1358.52 1.4481918334398976e+39
1358.87 1.7382885007536545e+39
1359.22 1.431883205203264e+39
1359.57 1.7281972435706814e+39
1359.93 1.629178186794961e+39
1360.28 1.6400392757403526e+39
1360.63 1.5826682339619798e+39
1360.98 1.5781762287380943e+39
1361.34 1.3284666986861187e+39
1361.69 1.1007437628657029e+39
1362.04 1.4463445696213434e+39
1362.4 1.417218673480685e+39
1362.75 1.3320862679039207e+39
1363.1 1.0403699787713217e+39
1363.46 1.0786805063215986e+39
1363.81 1.0979390705376378e+39
1364.16 1.2350189585677884e+39
1364.52 1.209034142632984e+39
1364.87 1.019609560923398e+39
1365.22 1.0886022011589878e+39
1365.58 9.783045451854548e+38
1365.93 1.1491039818037726e+39
1366.29 1.1795168261762717e+39
1366.64 1.2144771505554051e+39
1366.99 1.1178525737329737e+39
1367.35 1.244483848438477e+39
1367.7 1.2852404830763657e+39
1368.06 1.3198940713921158e+39
1368.41 1.3639993389141646e+39
1368.77 1.4271144033086558e+39
1369.12 1.4885513486457026e+39
1369.48 1.4827857310227373e+39
1369.83 1.6395073911831728e+39
1370.19 1.7149754386394318e+39
1370.54 1.822060674803366e+39
1370.9 1.827668003332486e+39
1371.25 1.9280229036582173e+39
1371.61 2.111575482555115e+39
1371.96 1.8461264319667934e+39
1372.32 2.2356088008826704e+39
1372.67 1.906077653899623e+39
1373.03 2.019597890509365e+39
1373.39 1.984308536320237e+39
1373.74 1.631412945427844e+39
1374.1 1.454313865546966e+39
1374.45 1.840911021998622e+39
1374.81 1.570171126191174e+39
1375.17 1.9034924106860214e+39
1375.52 1.8452521803194264e+39
1375.88 1.899021310131783e+39
1376.23 1.578135777220746e+39
1376.59 1.7524209043167718e+39
1376.95 1.844261323011311e+39
1377.31 1.8605719350915686e+39
1377.66 1.5560404847551828e+39
1378.02 1.6180235854257376e+39
1378.38 1.8400887811893888e+39
1378.73 1.662237701760361e+39
1379.09 1.56511771316087e+39
1379.45 1.7642529756868498e+39
1379.81 1.8188407869440214e+39
1380.16 1.4396566736625517e+39
1380.52 1.6959486921715586e+39
1380.88 1.7423542450839054e+39
1381.24 1.6312862676012416e+39
1381.6 1.4942865129699978e+39
1381.95 1.7816730095999358e+39
1382.31 1.729902578537649e+39
1382.67 1.7629307988512338e+39
1383.03 1.805131555211931e+39
1383.39 1.8120176563969334e+39
1383.75 1.721892229634407e+39
1384.1 1.4492387559182164e+39
1384.46 1.7822286849293416e+39
1384.82 1.702538310542214e+39
1385.18 1.7885468926087578e+39
1385.54 1.7770258401295787e+39
1385.9 1.632176531598467e+39
1386.26 1.529468331435216e+39
1386.62 1.7400583954453584e+39
1386.98 1.6467858680995664e+39
1387.34 1.4515112752429582e+39
1387.7 1.707039891418186e+39
1388.06 1.4815520053936972e+39
1388.42 1.630497380069621e+39
1388.78 1.6801315378340625e+39
1389.14 1.667463886844295e+39
1389.49 1.6424041472664316e+39
1389.85 1.642756275432685e+39
1390.21 1.607667420868601e+39
1390.58 1.6452003375896747e+39
1390.94 1.3691524680424492e+39
1391.3 1.6729186063674598e+39
1391.66 1.6523718340511626e+39
1392.02 1.606278068493162e+39
1392.38 1.5159108107099914e+39
1392.74 1.5895220057578926e+39
1393.1 1.3493027753112898e+39
1393.46 1.5246573675428224e+39
1393.82 1.1328308670935493e+39
1394.18 1.3903939380112988e+39
1394.55 1.4367134330007323e+39
1394.91 1.5750447293024802e+39
1395.27 1.5129535870634007e+39
1395.63 1.6119378506401218e+39
1395.99 1.3281922918049278e+39
1396.35 1.597289335186794e+39
1396.72 1.5935867838956568e+39
1397.08 1.2315110237758043e+39
1397.44 1.4351617877896446e+39
1397.8 1.425487441311974e+39
1398.16 1.089948311300297e+39
1398.53 1.647774954864886e+39
1398.89 1.3971735420660284e+39
1399.25 1.6851663663820552e+39
1399.61 1.691200843941683e+39
1399.98 1.3754888532139186e+39
1400.34 1.5061194859116814e+39
1400.7 1.3896702296154415e+39
1401.07 1.4818135535501158e+39
1401.43 1.6701129262808502e+39
1401.79 1.6930043983455015e+39
1402.16 1.6074586708772795e+39
1402.52 1.610208121597019e+39
1402.88 1.1384243710061427e+39
1403.25 1.2125951703141051e+39
1403.61 1.7348740618380187e+39
1403.97 1.6888071078688404e+39
1404.34 1.6038790640091804e+39
1404.7 1.6646911124985815e+39
1405.06 1.717377140717571e+39
1405.43 1.650392224054844e+39
1405.79 1.676367119853131e+39
1406.16 1.601144661815248e+39
1406.52 1.4999696970018058e+39
1406.89 1.1569214414010573e+39
1407.25 1.1980797615141753e+39
1407.62 1.60098426487715e+39
1407.98 1.6834835374860246e+39
1408.35 1.7245276120223575e+39
1408.71 1.3296027698006607e+39
1409.08 1.325388312874447e+39
1409.44 1.2592583633987864e+39
1409.81 1.2509674700375092e+39
1410.17 1.651762766670555e+39
1410.54 1.7591739765139428e+39
1410.9 1.811925746322076e+39
1411.27 1.7014980780223654e+39
1411.64 1.5402545586601845e+39
1412.0 1.7087716478442812e+39
1412.37 1.7888133059052957e+39
1412.73 1.8219921100512728e+39
1413.1 1.8138752972975565e+39
1413.46 1.7661551426744373e+39
1413.83 1.7977104037071034e+39
1414.2 1.6489617686152447e+39
1414.56 1.438672470085946e+39
1414.93 1.6309578419699738e+39
1415.3 1.5181458986262184e+39
1415.67 1.574034544323297e+39
1416.03 1.5680340986289975e+39
1416.4 1.5842590572373974e+39
1416.77 1.552232842166844e+39
1417.13 1.421962142667254e+39
1417.5 1.5213833215741512e+39
1417.87 1.50026936424077e+39
1418.23 1.4344992650680124e+39
1418.6 1.4865888380031905e+39
1418.97 1.5857012862870534e+39
1419.34 1.5835138373342236e+39
1419.71 1.5659659708595893e+39
1420.07 1.216699363086807e+39
1420.44 1.2294862775730591e+39
1420.81 1.6243666504509955e+39
1421.18 1.2963564012618746e+39
1421.55 1.6841654044439244e+39
1421.92 1.6512203825421106e+39
1422.28 1.6438638564569618e+39
1422.65 1.5382824783493752e+39
1423.02 1.664356334542322e+39
1423.39 1.7145750777711685e+39
1423.76 1.7197157695287648e+39
1424.13 1.650466881497058e+39
1424.5 1.352249806858235e+39
1424.87 1.6541580986083152e+39
1425.23 1.6639015095544254e+39
1425.6 1.6207933680049892e+39
1425.97 1.495952003413188e+39
1426.34 1.2258226508116406e+39
1426.71 1.504068437691803e+39
1427.08 1.5420822108207365e+39
1427.45 1.1478560569358194e+39
1427.82 1.1881665092012056e+39
1428.19 1.2513740852295233e+39
1428.56 1.302497746660169e+39
1428.93 1.0622990130003101e+39
1429.3 1.3145785720906091e+39
1429.68 1.5595731356463513e+39
1430.05 1.5734228870510448e+39
1430.42 1.1876409241424704e+39
1430.79 1.3149668939228651e+39
1431.16 1.6185438034444925e+39
1431.53 1.5391610674253274e+39
1431.9 1.4348075564756034e+39
1432.27 1.6329512316786355e+39
1432.64 1.6111009278812662e+39
1433.01 1.4249586256476686e+39
1433.38 1.5815820781763724e+39
1433.76 1.519044979429345e+39
1434.13 1.5523514829906835e+39
1434.5 1.3292279412368342e+39
1434.87 1.5171511008644805e+39
1435.24 1.2041987858983804e+39
1435.61 1.4959514781016965e+39
1435.99 1.4904459911138447e+39
1436.36 1.5348131527352694e+39
1436.73 1.4734478014355652e+39
1437.1 1.466067517995218e+39
1437.48 1.3942883521309364e+39
1437.85 1.5386922373360827e+39
1438.22 1.566862548564013e+39
1438.59 1.6082368582026286e+39
1438.97 1.4313918184777428e+39
1439.34 1.5837535036106522e+39
1439.71 1.4176748032651264e+39
1440.09 1.5671662079877604e+39
1440.46 1.1246931176704264e+39
1440.83 1.2279565228504746e+39
1441.21 1.3419654886149229e+39
1441.58 1.5100114731675005e+39
1441.95 1.504731875328389e+39
1442.33 1.445630813354115e+39
1442.7 1.3492307094245375e+39
1443.07 1.3510611697957972e+39
1443.45 1.3499360860130139e+39
1443.82 1.526026055666227e+39
1444.2 1.48860711099518e+39
1444.57 1.5358145527635914e+39
1444.95 1.2491852990339628e+39
1445.32 1.5029879581775305e+39
1445.69 1.3302832154385901e+39
1446.07 1.499830278137028e+39
1446.44 1.305361124005593e+39
1446.82 1.3318294857453495e+39
1447.19 1.4036121880032025e+39
1447.57 1.339723044582996e+39
1447.94 1.3856497895391742e+39
1448.32 1.5049820605577776e+39
1448.69 1.429419567604479e+39
1449.07 1.2665942495214995e+39
1449.45 1.4471890692552386e+39
1449.82 1.1715304853083175e+39
1450.2 1.3667884554572903e+39
1450.57 1.4506397375095886e+39
1450.95 1.4103835168540515e+39
1451.33 1.4249343313620153e+39
1451.7 1.4555698096155965e+39
1452.08 1.418014304067522e+39
1452.45 1.2759943410850038e+39
1452.83 1.3028555491953817e+39
1453.21 1.4856405971007885e+39
1453.58 1.0556788388759318e+39
1453.96 1.2563170502564345e+39
1454.34 1.3388646170351897e+39
1454.71 1.157323157168972e+39
1455.09 1.499208375714735e+39
1455.47 1.0902832231136936e+39
1455.85 1.491133858642707e+39
1456.22 1.180387237452534e+39
1456.6 1.4768002385901655e+39
1456.98 1.5687689153120823e+39
1457.36 1.3471196455059763e+39
1457.73 1.2096617213762849e+39
1458.11 1.566754961772477e+39
1458.49 1.3478705746365123e+39
1458.87 1.5284290334643457e+39
1459.24 1.0120522673286858e+39
1459.62 1.458276828653584e+39
1460.0 1.5846632304561146e+39
1460.38 1.4779643538034144e+39
1460.76 1.227554863613058e+39
1461.14 1.5668154158388177e+39
1461.52 1.538029740565708e+39
1461.9 1.601701579514994e+39
1462.27 1.4118191128992213e+39
1462.65 1.2051077351789757e+39
1463.03 1.5652462215375308e+39
1463.41 1.6044619680392378e+39
1463.79 1.4429994417784053e+39
1464.17 1.3575720000709614e+39
1464.55 1.4492374696218842e+39
1464.93 1.3470267152713367e+39
1465.31 1.1443604427864315e+39
1465.69 1.5189358698692048e+39
1466.07 1.584915133391766e+39
1466.45 1.409329554291609e+39
1466.83 1.3691123234267536e+39
1467.21 1.5533008247289903e+39
1467.59 1.6058391406067334e+39
1467.97 1.5723835026752258e+39
1468.35 1.5937305259544767e+39
1468.73 1.5810706497508294e+39
1469.11 1.5513065829778358e+39
1469.49 1.5956732599646823e+39
1469.87 1.4120506407983607e+39
1470.25 1.4284220655287e+39
1470.64 1.600118609966007e+39
1471.02 1.5215225733252303e+39
1471.4 1.4957003552129164e+39
1471.78 1.511857180145521e+39
1472.16 1.2777824238545467e+39
1472.54 1.1537269206770387e+39
1472.92 1.5484568799916686e+39
1473.31 1.5493678806847028e+39
1473.69 1.6049096332638878e+39
1474.07 1.6018675082801027e+39
1474.45 1.5985733707907487e+39
1474.83 1.547706224363338e+39
1475.21 1.5556950055911714e+39
1475.6 1.2353491605414341e+39
1475.98 1.5687928400271217e+39
1476.36 1.4670044996038727e+39
1476.74 1.562274221072978e+39
1477.13 1.5576949902881967e+39
1477.51 1.295204037991472e+39
1477.89 1.4731736071760924e+39
1478.28 1.2559981603752375e+39
1478.66 1.5673092225398368e+39
1479.04 1.5733319000899358e+39
1479.43 1.1705105682632673e+39
1479.81 1.552318897014277e+39
1480.19 1.5474496350110353e+39
1480.58 1.5643770320529892e+39
1480.96 1.560044388541146e+39
1481.34 1.5015937558454354e+39
1481.73 1.4992611218422415e+39
1482.11 1.5609993539316878e+39
1482.5 1.5524852889384458e+39
1482.88 1.5291246306062294e+39
1483.27 1.2636232230656624e+39
1483.65 1.5416753741249273e+39
1484.03 1.4277371009578276e+39
1484.42 1.383575546845181e+39
1484.8 1.5355647495042436e+39
1485.19 1.4560380061881418e+39
1485.57 1.540309215264332e+39
1485.96 1.410140662483367e+39
1486.34 1.4700008460632212e+39
1486.73 1.3700993235763088e+39
1487.11 1.5416193292470382e+39
1487.5 1.5396129633569357e+39
1487.89 1.3601159808475593e+39
1488.27 1.531408163105555e+39
1488.66 1.526494651819025e+39
1489.04 1.4602265743425633e+39
1489.43 1.4601400796580437e+39
1489.81 1.2355190026880663e+39
1490.2 1.1896347694313368e+39
1490.59 1.3723593338945794e+39
1490.97 1.499624983571437e+39
1491.36 1.5235152433982576e+39
1491.75 1.489364208311366e+39
1492.13 1.449090999648395e+39
1492.52 1.5085500140747265e+39
1492.91 1.5088419136259493e+39
1493.29 1.51219711595355e+39
1493.68 1.1194440108125852e+39
1494.07 1.4798112380125907e+39
1494.45 1.346018120594812e+39
1494.84 1.387889198648605e+39
1495.23 1.271916664536006e+39
1495.62 1.2893846372143704e+39
1496.01 1.5000174026674562e+39
1496.39 1.4901869261788647e+39
1496.78 1.4850617097021902e+39
1497.17 1.4706462658183155e+39
1497.56 1.282365781735194e+39
1497.94 1.068774947381204e+39
1498.33 1.4569676434923632e+39
1498.72 1.1669802907233735e+39
1499.11 1.2392448075921335e+39
1499.5 1.3434783337129811e+39
1499.89 1.3613324548373236e+39
1500.28 1.2685211200861463e+39
1500.66 1.3991744279390842e+39
1501.05 1.3741220501113126e+39
1501.44 1.2320227591857988e+39
1501.83 1.045736158904876e+39
1502.22 1.2425260195785192e+39
1502.61 1.4869242057337506e+39
1503.0 1.4111466312518458e+39
1503.39 1.364128956243607e+39
1503.78 1.4071120580807137e+39
1504.17 1.348068355340548e+39
1504.56 1.2510224869742686e+39
1504.95 1.4675006108566862e+39
1505.34 1.3910778575452884e+39
1505.73 1.2795420342167184e+39
1506.12 1.4224520964639798e+39
1506.51 1.468759587433598e+39
1506.9 1.391854224467775e+39
1507.29 1.4720642371845425e+39
1507.68 1.4280379355991422e+39
1508.07 1.4595289032378126e+39
1508.46 1.470976137857863e+39
1508.85 1.324672523362e+39
1509.24 1.416091778357285e+39
1509.64 1.406123772073909e+39
1510.03 1.4552793548088198e+39
1510.42 1.4627468069802657e+39
1510.81 1.4523186750902798e+39
1511.2 1.1253941615556424e+39
1511.59 1.3585867236812751e+39
1511.98 1.405788698330193e+39
1512.38 1.3635843243514587e+39
1512.77 1.170239157471283e+39
1513.16 1.3723573882480002e+39
1513.55 1.2315152559680646e+39
1513.94 1.393645575961604e+39
1514.34 1.4205422413865738e+39
1514.73 1.4345861760912883e+39
1515.12 1.430372340577578e+39
1515.52 1.2710739876093574e+39
1515.91 1.3486623629147807e+39
1516.3 1.33313956444207e+39
1516.69 1.0861704163790558e+39
1517.09 1.3868503013381483e+39
1517.48 1.4204039869206803e+39
1517.87 1.318056881634187e+39
1518.27 1.4192068020772815e+39
1518.66 1.3250671863187311e+39
1519.05 1.1043330952724698e+39
1519.45 1.3872397815264972e+39
1519.84 1.413102509886061e+39
1520.23 1.4346493766908027e+39
1520.63 1.1260486048365412e+39
1521.02 1.4118195394676888e+39
1521.42 1.382135095512184e+39
1521.81 1.4318334082701203e+39
1522.21 1.4303876172276023e+39
1522.6 1.4287481583354733e+39
1522.99 1.428129526814981e+39
1523.39 1.38541142542282e+39
1523.79 1.4142295356446887e+39
1524.18 1.3213921894674968e+39
1524.57 1.3340851218672085e+39
1524.97 1.1549803491958634e+39
1525.36 1.1325733700784904e+39
1525.76 1.3073965793144433e+39
1526.16 1.2848969978076114e+39
1526.55 1.3807020919955197e+39
1526.95 1.2878666497123272e+39
1527.34 1.28148200164573e+39
1527.74 1.1082898836841607e+39
1528.14 1.236528694534375e+39
1528.53 1.1208970619207765e+39
1528.93 1.0883447954962862e+39
1529.32 1.1296606010433587e+39
1529.72 1.0607393996046254e+39
1530.12 7.606404032665378e+38
1530.51 7.402540391590344e+38
1530.91 8.886718427551798e+38
1531.31 6.085300454222918e+38
1531.7 6.389006639709805e+38
1532.1 5.73487412096937e+38
1532.5 4.883423757897067e+38
1532.9 4.164903137699898e+38
1533.29 3.909544042067231e+38
1533.69 6.078781711006649e+38
1534.09 5.6028237150292384e+38
1534.48 6.1407028309229114e+38
1534.88 5.1089121566322804e+38
1535.28 6.1095435064818554e+38
1535.68 4.480939291391899e+38
1536.08 6.0918518104192074e+38
1536.47 5.250979424586836e+38
1536.87 5.5962941192328254e+38
1537.27 4.241512173839298e+38
1537.67 6.08598498249071e+38
1538.07 4.891826066241405e+38
1538.47 6.119854675075623e+38
1538.86 4.653952347832551e+38
1539.26 5.846177259541856e+38
1539.66 6.332161725518541e+38
1540.06 4.922457661550879e+38
1540.46 5.3159630364680724e+38
1540.86 6.41758881299965e+38
1541.26 6.960201210654847e+38
1541.66 7.163935612052828e+38
1542.06 5.7656931435096104e+38
1542.46 6.4331154926729915e+38
1542.86 7.231379331205713e+38
1543.26 8.12907089244507e+38
1543.66 7.24653927684079e+38
1544.06 8.237972958392839e+38
1544.46 7.268420518271938e+38
1544.86 7.637473238234073e+38
1545.26 9.728129189398875e+38
1545.66 9.355541496697153e+38
1546.06 1.0634045191896826e+39
1546.46 9.269963965818906e+38
1546.86 1.0744038662188348e+39
1547.26 1.0706488408448877e+39
1547.66 1.049703177899235e+39
1548.06 1.135732215907855e+39
1548.47 1.4012789080374692e+39
1548.87 1.4142101888839135e+39
1549.27 1.474800617773938e+39
1549.67 1.5084906827530173e+39
1550.07 1.475441264854892e+39
1550.47 1.5393280784143738e+39
1550.88 1.638097169376846e+39
1551.28 2.0162708408243675e+39
1551.68 2.0406007938827147e+39
1552.08 1.8461509385705947e+39
1552.48 1.978911315649186e+39
1552.89 1.925726725863035e+39
1553.29 1.660824443815493e+39
1553.69 1.9050780396589933e+39
1554.09 1.7545339892196302e+39
1554.5 1.8454402884824024e+39
1554.9 1.6126456769633816e+39
1555.3 1.6224371726298272e+39
1555.71 1.7604188662911905e+39
1556.11 1.5885280566264572e+39
1556.51 1.5585607596695832e+39
1556.92 1.602181741439995e+39
1557.32 1.3419012895895137e+39
1557.72 1.624386362642623e+39
1558.13 1.446696030323415e+39
1558.53 1.5638532553677756e+39
1558.93 1.4543357490559808e+39
1559.34 1.3828738023590442e+39
1559.74 1.5165305893049514e+39
1560.15 1.2669777474467651e+39
1560.55 1.2875009464175984e+39
1560.96 1.4731443770131086e+39
1561.36 1.1589743554808735e+39
1561.77 1.423972246484954e+39
1562.17 1.3901766298715967e+39
1562.57 1.3278481546359147e+39
1562.98 1.4052578747577573e+39
1563.39 1.3902522677076585e+39
1563.79 1.2459251700570642e+39
1564.19 1.1963004867092525e+39
1564.6 1.1534473588171069e+39
1565.01 1.3409273523344823e+39
1565.41 1.3425284137396727e+39
1565.82 1.2227590896341265e+39
1566.22 1.1321111843544617e+39
1566.63 1.1276035591771231e+39
1567.04 1.1466048287338456e+39
1567.44 1.3196898120824095e+39
1567.85 1.3016647249648793e+39
1568.25 1.0617619996329467e+39
1568.66 1.0844871061831817e+39
1569.07 1.2792386701271904e+39
1569.47 1.2412793721806661e+39
1569.88 1.2810517319738402e+39
1570.29 1.0774664822032502e+39
1570.69 1.2200331884358898e+39
1571.1 1.2604879242858735e+39
1571.51 1.2781025616996245e+39
1571.92 1.1326942414749587e+39
1572.32 1.1432480190357864e+39
1572.73 1.1996578173370103e+39
1573.14 1.2895978208849586e+39
1573.55 1.2880453802557937e+39
1573.95 1.2833904948069179e+39
1574.36 1.2830560704196487e+39
1574.77 1.0502251749088032e+39
1575.18 1.056766858455904e+39
1575.59 1.0570266002890857e+39
1575.99 1.1170778288804766e+39
1576.4 1.0184040265177081e+39
1576.81 1.1674996384300668e+39
1577.22 1.057458599328688e+39
1577.63 1.2270152583248858e+39
1578.04 1.02632882149037e+39
1578.45 1.2546513498492646e+39
1578.86 1.2166049046901932e+39
1579.27 1.1144126656543173e+39
1579.68 9.676816090876696e+38
1580.08 1.2391666774563345e+39
1580.49 1.2410409677576304e+39
1580.9 1.051725688331521e+39
1581.31 1.1313808325955189e+39
1581.72 1.2025001068399746e+39
1582.13 1.2337336268644032e+39
1582.54 1.1610412564771753e+39
1582.95 1.1746645814316923e+39
1583.36 1.1923947839989901e+39
1583.77 1.1036369512462424e+39
1584.18 1.1605193063276416e+39
1584.59 1.1471718419054376e+39
1585.01 1.0181780521349805e+39
1585.42 1.2178387331337164e+39
1585.83 9.64285876333905e+38
1586.24 1.1200097433744317e+39
1586.65 1.2573835303880768e+39
1587.06 1.2579509460136521e+39
1587.47 1.0931748117548578e+39
1587.88 1.2550340206193514e+39
1588.3 1.2471265337103443e+39
1588.71 1.2045264593852686e+39
1589.12 1.2537823198661011e+39
1589.53 1.2231167401321671e+39
1589.94 1.1537817117924505e+39
1590.35 1.2491637228990845e+39
1590.77 1.2301390650512068e+39
1591.18 1.2078134625949621e+39
1591.59 1.0637400077775394e+39
1592.0 1.0308633344753762e+39
1592.42 1.2201573048159498e+39
1592.83 1.246755712815411e+39
1593.24 1.204056541321837e+39
1593.66 1.1322479050784843e+39
1594.07 1.1703532988228741e+39
1594.48 1.2414590917541879e+39
1594.89 9.821726018364536e+38
1595.31 1.171742935929074e+39
1595.72 1.170921253657876e+39
1596.14 1.2413154471761233e+39
1596.55 1.2371644963797597e+39
1596.96 1.2284082055544544e+39
1597.38 1.137226818911156e+39
1597.79 1.232203099527787e+39
1598.2 1.2302049576770177e+39
1598.62 1.0924756618548324e+39
1599.03 1.231251832919349e+39
1599.45 1.2280926433868895e+39
1599.86 1.1352099600073094e+39
1600.28 1.1412751861055399e+39
1600.69 1.1767802782845721e+39
1601.11 1.1572561718517008e+39
1601.52 1.1013477169129937e+39
1601.94 1.0174393315772581e+39
1602.35 1.2134542754792468e+39
1602.77 1.1969263418324999e+39
1603.18 8.111707136296796e+38
1603.6 1.168708529755725e+39
1604.01 1.2183469910552383e+39
1604.43 1.1786500761905133e+39
1604.84 9.776639776063133e+38
1605.26 1.208185028394509e+39
1605.68 1.2065831514936532e+39
1606.09 1.1464678941002844e+39
1606.51 1.1670666169280308e+39
1606.93 1.0629170337549012e+39
1607.34 1.1797878600017036e+39
1607.76 9.986138517905589e+38
1608.18 1.0757496655196662e+39
1608.59 1.1501531982895434e+39
1609.01 8.847677170318525e+38
1609.43 1.0705644442029971e+39
1609.84 9.315736650894537e+38
1610.26 9.556320199516923e+38
1610.68 1.1594022911325755e+39
1611.09 1.0249636357400698e+39
1611.51 1.1707168293795699e+39
1611.93 1.024838038463263e+39
1612.35 1.1765451087165252e+39
1612.77 9.02696793673957e+38
1613.18 1.1764028354149638e+39
1613.6 1.0822044681047772e+39
1614.02 8.805875761283466e+38
1614.44 1.1832479376826456e+39
1614.86 1.0680926577338662e+39
1615.28 9.741191345944453e+38
1615.69 1.0615637221967127e+39
1616.11 1.0375502901489066e+39
1616.53 1.1795115963111298e+39
1616.95 1.1255511731832915e+39
1617.37 1.1927192981643164e+39
1617.79 1.0803418962540375e+39
1618.21 1.1909517371768801e+39
1618.63 1.0660242326858304e+39
1619.05 1.1682881273769094e+39
1619.47 1.1324077178826218e+39
1619.89 1.1687877449986357e+39
1620.31 1.0399882898287914e+39
1620.73 1.0533221585086182e+39
1621.15 9.827973187424801e+38
1621.57 9.709942917957244e+38
1621.99 1.1655458489664518e+39
1622.41 1.0920487309457145e+39
1622.83 1.1792737904029265e+39
1623.25 1.1048091072211668e+39
1623.67 1.0149153387094717e+39
1624.09 9.849005005060938e+38
1624.51 1.1651313060235615e+39
1624.93 9.608317736777737e+38
1625.35 1.0484309005193407e+39
1625.78 1.1150679806392447e+39
1626.2 1.012357124400515e+39
1626.62 1.1419474349877132e+39
1627.04 1.1167049844511906e+39
1627.46 9.791309245174237e+38
1627.88 1.1077532978330081e+39
1628.31 1.052335953076136e+39
1628.73 1.1540553400049704e+39
1629.15 9.031062190433182e+38
1629.57 1.1475483756541838e+39
1629.99 1.1330606147386846e+39
1630.42 1.0282633435683385e+39
1630.84 1.1442908824250434e+39
1631.26 1.1505314447123247e+39
1631.68 8.737969398629282e+38
1632.11 9.46436787196777e+38
1632.53 1.0443199675683503e+39
1632.95 1.1470583818049884e+39
1633.38 1.1495199901581798e+39
1633.8 1.1002678209464313e+39
1634.22 1.1295104847613892e+39
1634.65 9.888062075947058e+38
1635.07 1.1189816946214609e+39
1635.49 1.0951528846789746e+39
1635.92 1.0869400250651445e+39
1636.34 1.0912576306526069e+39
1636.77 1.1297128399324878e+39
1637.19 1.071271916039667e+39
1637.61 1.0061236241628558e+39
1638.04 9.84514303864296e+38
1638.46 8.815634987917971e+38
1638.89 1.1134589876967707e+39
1639.31 8.722394749311237e+38
1639.74 1.0917075266418173e+39
1640.16 8.74052984142556e+38
1640.59 1.0793648435157041e+39
1641.01 1.2035653238970733e+39
1641.44 1.1918733710532604e+39
1641.86 9.786366097731164e+38
1642.29 1.1429095194688635e+39
1642.71 1.0310580907152953e+39
1643.14 1.1569203706598631e+39
1643.57 1.1139450606907309e+39
1643.99 9.780588135379792e+38
1644.42 1.1184207524595939e+39
1644.84 1.0760844580231415e+39
1645.27 1.0367321023582132e+39
1645.7 1.0766305649012183e+39
1646.12 1.1259465163699877e+39
1646.55 1.1344565367293182e+39
1646.98 1.019548600401723e+39
1647.41 1.126725113492213e+39
1647.83 1.13268439406307e+39
1648.26 1.1131377224029923e+39
1648.69 1.0558661202464341e+39
1649.11 1.0609372846179872e+39
1649.54 1.0830776862577274e+39
1649.97 1.021173357819166e+39
1650.4 1.1029080674884301e+39
1650.82 1.0991578277035089e+39
1651.25 1.1191797333442317e+39
1651.68 9.976531725317792e+38
1652.11 1.0863738658505394e+39
1652.54 9.977896665517785e+38
1652.96 9.300356656900265e+38
1653.39 9.299920546856302e+38
1653.82 1.101029217339358e+39
1654.25 1.0407787586740495e+39
1654.68 9.87115490743458e+38
1655.11 1.1021164519352334e+39
1655.54 1.0624218022014775e+39
1655.96 1.0836708151945904e+39
1656.39 1.1057751065725402e+39
1656.82 1.043076620251751e+39
1657.25 1.081896172636928e+39
1657.68 9.51820224675772e+38
1658.11 1.0095649022040202e+39
1658.54 1.0497926551839523e+39
1658.97 9.647011295408317e+38
1659.4 1.0405717113168734e+39
1659.83 1.052522077309838e+39
1660.26 1.0761935486550124e+39
1660.69 1.0414286604257774e+39
1661.12 1.0549907153791093e+39
1661.55 9.284696687383914e+38
1661.98 1.0374729328962291e+39
1662.42 9.414447699139251e+38
1662.85 1.0841361920413828e+39
1663.28 1.0756792959945951e+39
1663.71 1.0819862646216719e+39
1664.14 1.0848024482515054e+39
1664.57 1.0480440503156007e+39
1665.0 1.0090864817577059e+39
1665.43 1.0567377222478699e+39
1665.86 1.0824454127813919e+39
1666.3 1.0815679511276929e+39
1666.73 1.070908942678555e+39
1667.16 1.0633867674021575e+39
1667.59 1.0784746207114016e+39
1668.03 9.254812329421162e+38
1668.46 9.579133724487993e+38
1668.89 1.0711611845563052e+39
1669.32 1.0656225174773664e+39
1669.76 9.452375320039348e+38
1670.19 1.0431805030728228e+39
1670.62 1.0088995697117424e+39
1671.05 8.86229869452163e+38
1671.49 1.0679817561841028e+39
1671.92 9.619050891837049e+38
1672.35 9.658742374652719e+38
1672.79 9.256737414222156e+38
1673.22 1.0486637272856878e+39
1673.65 8.749928810431867e+38
1674.09 1.0621156129890407e+39
1674.52 1.03822147668209e+39
1674.96 1.0585398754542276e+39
1675.39 9.380054901711662e+38
1675.82 9.696020151939073e+38
1676.26 1.02256432076309e+39
1676.69 9.928387215413325e+38
1677.13 9.007531165873886e+38
1677.56 1.0344125646788119e+39
1678.0 1.0574523213261904e+39
1678.43 1.0547966722073092e+39
1678.87 1.0428832681756877e+39
1679.3 1.0489471280625876e+39
1679.74 1.0523991487732532e+39
1680.17 1.0516187699210688e+39
1680.61 1.0367526642748482e+39
1681.04 1.0486316064989779e+39
1681.48 1.0374082938479789e+39
1681.92 8.997802541893472e+38
1682.35 1.0464877651468508e+39
1682.79 1.0444095612530672e+39
1683.22 1.0442355603483604e+39
1683.66 1.017009719986903e+39
1684.1 1.0433300091811136e+39
1684.53 1.031951418596398e+39
1684.97 1.0411799330455906e+39
1685.41 1.0306763159746955e+39
1685.84 9.488766585631739e+38
1686.28 1.0132024055873003e+39
1686.72 8.728158642231557e+38
1687.15 9.947180814057127e+38
1687.59 8.993658089115775e+38
1688.03 1.0149688276502649e+39
1688.47 1.0318557906369627e+39
1688.9 1.0312079960925354e+39
1689.34 1.0315077971605216e+39
1689.78 1.027563640915499e+39
1690.22 9.408598005627739e+38
1690.66 8.971004363797554e+38
1691.09 1.02574212342101e+39
1691.53 1.0236565915771256e+39
1691.97 1.008974881177693e+39
1692.41 9.633550806622448e+38
1692.85 1.0147578052364045e+39
1693.29 1.0219234839122378e+39
1693.72 1.0221516415082694e+39
1694.16 1.0214362140094365e+39
1694.6 8.898711823445044e+38
1695.04 8.931676914134983e+38
1695.48 1.0017257500793275e+39
1695.92 9.762356009786251e+38
1696.36 1.0158285522054164e+39
1696.8 9.651752137438938e+38
1697.24 9.923431498614421e+38
1697.68 1.0153074256788929e+39
1698.12 9.655910233087778e+38
1698.56 1.011809720946637e+39
1699.0 9.242180504572458e+38
1699.44 1.0004836960627142e+39
1699.88 9.523915993690715e+38
1700.32 8.967906407095314e+38
1700.76 8.56301192950152e+38
1701.2 9.29270181781365e+38
1701.64 9.443161679554096e+38
1702.08 9.827721026792362e+38
1702.53 9.679594643516884e+38
1702.97 9.781658716679494e+38
1703.41 9.570349821412153e+38
1703.85 9.72418225747055e+38
1704.29 9.572344905015251e+38
1704.73 9.399690581867884e+38
1705.18 9.39999730950706e+38
1705.62 8.49988186746226e+38
1706.06 8.942274998411425e+38
1706.5 7.980188023154403e+38
1706.94 8.31798623918518e+38
1707.39 6.99201288732156e+38
1707.83 8.6643748899111e+38
1708.27 8.29759476482012e+38
1708.71 8.068767065726668e+38
1709.16 8.483422205092679e+38
1709.6 8.38080971544135e+38
1710.04 8.0982438502316e+38
1710.49 8.297259327508417e+38
1710.93 7.517431427999185e+38
1711.37 6.877874668795657e+38
1711.82 8.21935962222412e+38
1712.26 7.999865892326689e+38
1712.7 7.027605950652514e+38
1713.15 8.482640031342558e+38
1713.59 8.521885107043701e+38
1714.04 8.69879810010486e+38
1714.48 8.80671272193615e+38
1714.93 8.834405844720861e+38
1715.37 8.154585058740143e+38
1715.81 8.85964578905703e+38
1716.26 8.778085102402691e+38
1716.7 9.17052545711494e+38
1717.15 8.062831602294005e+38
1717.59 9.306191073693143e+38
1718.04 8.505410410856156e+38
1718.48 8.430621510945744e+38
1718.93 1.1147124258023226e+39
1719.38 1.0013734265283126e+39
1719.82 1.0713966719600841e+39
1720.27 1.0699499280874064e+39
1720.71 1.005119333479821e+39
1721.16 1.037171867828982e+39
1721.6 9.281001514590053e+38
1722.05 9.878656541024824e+38
1722.5 8.976786558946787e+38
1722.94 9.617117611798435e+38
1723.39 1.0162437346873972e+39
1723.84 9.617912133637396e+38
1724.28 8.517747202880884e+38
1724.73 9.67871299266519e+38
1725.18 9.771257247955576e+38
1725.62 8.352842679874664e+38
1726.07 9.856825733976351e+38
1726.52 9.05648819301717e+38
1726.97 9.72976928790875e+38
1727.41 8.48508664737714e+38
1727.86 9.715808361168368e+38
1728.31 8.688635308057392e+38
1728.76 9.290608677577744e+38
1729.2 9.493750010690815e+38
1729.65 9.617458748804875e+38
1730.1 9.487523029956136e+38
1730.55 8.952932793572503e+38
1731.0 9.456660026667373e+38
1731.45 7.770164232770997e+38
1731.9 9.485333189877752e+38
1732.34 9.290220305998078e+38
1732.79 8.55260366776191e+38
1733.24 9.362259007259145e+38
1733.69 9.190580151488958e+38
1734.14 9.23772804401691e+38
1734.59 9.289180221715626e+38
1735.04 9.448645943965616e+38
1735.49 9.41568092537113e+38
1735.94 9.299377134166262e+38
1736.39 8.387759300993461e+38
1736.84 9.407365728182565e+38
1737.29 8.436067927045352e+38
1737.74 9.331298413491569e+38
1738.19 8.660122978287186e+38
1738.64 8.449208180988386e+38
1739.09 8.201587699173459e+38
1739.54 8.892007618014498e+38
1739.99 9.174062399237246e+38
1740.44 9.33562770350266e+38
1740.9 8.852058143329949e+38
1741.35 9.185356845160591e+38
1741.8 9.300960049525353e+38
1742.25 8.414329130303285e+38
1742.7 9.173417997784878e+38
1743.15 9.277967382145512e+38
1743.6 9.237500404891077e+38
1744.06 9.23985156402827e+38
1744.51 9.21141957277898e+38
1744.96 9.008201776185934e+38
1745.41 8.282274442514545e+38
1745.86 9.021341016085346e+38
1746.32 9.302324266008018e+38
1746.77 9.166486394345266e+38
1747.22 8.593583336414978e+38
1747.68 8.601507601672464e+38
1748.13 8.390269551041074e+38
1748.58 9.163412145833336e+38
1749.04 8.607309416039371e+38
1749.49 8.710812457697269e+38
1749.94 9.130822131960295e+38
1750.4 8.842396561334793e+38
1750.85 9.167715950686503e+38
1751.3 8.0798310648147e+38
1751.76 8.175650100963149e+38
1752.21 9.146888173705086e+38
1752.67 9.123118704528383e+38
1753.12 7.978189369195946e+38
1753.57 8.371153900430755e+38
1754.03 8.920212351983256e+38
1754.48 9.075407208805569e+38
1754.94 8.965529170639662e+38
1755.39 9.084829836254782e+38
1755.85 9.066643607942604e+38
1756.3 9.067078083146482e+38
1756.76 9.056221662910464e+38
1757.21 9.036448892253497e+38
1757.67 9.019603061769347e+38
1758.12 8.725455742273997e+38
1758.58 7.973475962212347e+38
1759.04 8.840304586242015e+38
1759.49 9.002182971003351e+38
1759.95 8.990157820965863e+38
1760.4 8.262050877551233e+38
1760.86 8.068583276518267e+38
1761.32 8.299590722406125e+38
1761.77 8.939992173614835e+38
1762.23 8.663960631927565e+38
1762.69 8.816491070551521e+38
1763.14 8.738283829345443e+38
1763.6 8.578579684031999e+38
1764.06 8.792342603272397e+38
1764.51 8.841681990828008e+38
1764.97 7.709106482361856e+38
1765.43 8.867948626148603e+38
1765.89 8.821090196087871e+38
1766.34 8.853447879361709e+38
1766.8 8.9055648466643e+38
1767.26 8.848720470642245e+38
1767.72 8.64409342387129e+38
1768.18 8.645067693668214e+38
1768.64 8.749179261779496e+38
1769.09 8.849063534393758e+38
1769.55 8.021141378281602e+38
1770.01 8.659742920248563e+38
1770.47 8.045328805652815e+38
1770.93 8.607609715070143e+38
1771.39 8.685029670796882e+38
1771.85 8.662834477112356e+38
1772.31 8.780691047443767e+38
1772.77 8.793815453322657e+38
1773.22 8.546476163830797e+38
1773.68 8.566150060154569e+38
1774.14 8.525193414782536e+38
1774.6 8.336481180680924e+38
1775.06 8.726322875588392e+38
1775.52 8.72347964991003e+38
1775.98 7.716106214382203e+38
1776.44 8.595014480051526e+38
1776.9 8.421413627332748e+38
1777.36 8.719535605293662e+38
1777.82 7.57864706670385e+38
1778.29 8.703398247846667e+38
1778.75 8.144925649413321e+38
1779.21 8.49347402199684e+38
1779.67 8.668891593778733e+38
1780.13 8.617707553431821e+38
1780.59 8.426357924817471e+38
1781.05 8.114056435023485e+38
1781.52 8.617771752712082e+38
1781.98 7.948827083100867e+38
1782.44 8.429097599867846e+38
1782.9 8.280929481207097e+38
1783.36 8.5760451910662e+38
1783.82 8.576992024104936e+38
1784.29 8.573176993403733e+38
1784.75 8.37335831869283e+38
1785.21 8.412935000475158e+38
1785.68 8.527352718336655e+38
1786.14 7.952835978667567e+38
1786.6 8.530014999363069e+38
1787.06 8.409448883191581e+38
1787.53 8.536583823624615e+38
1787.99 8.342030831640294e+38
1788.45 7.948578049722856e+38
1788.92 8.182121562145036e+38
1789.38 8.509097918301165e+38
1789.84 8.436087703433492e+38
1790.31 8.071188329898369e+38
1790.77 8.241475792290542e+38
1791.24 8.284023504858526e+38
1791.7 7.749769226140331e+38
1792.17 7.289958326225194e+38
1792.63 8.425048990850847e+38
1793.09 7.560835605529553e+38
1793.56 8.354606154927386e+38
1794.02 8.420216994091655e+38
1794.49 8.263982909429035e+38
1794.95 7.898900699332798e+38
1795.42 8.426606641828219e+38
1795.89 8.178972696840357e+38
1796.35 8.409998427608257e+38
1796.81 7.916861403208427e+38
1797.28 8.234722912956736e+38
1797.75 8.231422785866242e+38
1798.21 8.195811262306332e+38
1798.68 8.09762773979696e+38
1799.15 8.34859967870437e+38
1799.61 8.30444454871009e+38
1800.08 8.066708424858303e+38
1800.55 8.067558057670571e+38
1801.01 8.016761528874176e+38
1801.48 7.228773979071155e+38
1801.94 7.993582354889758e+38
1802.41 8.304759795924127e+38
1802.88 8.274326762173334e+38
1803.35 7.946542856815155e+38
1803.81 8.292107460565926e+38
1804.28 8.114474971173709e+38
1804.75 8.278580928653299e+38
1805.22 8.021236891529214e+38
1805.68 7.727302581973018e+38
1806.15 8.110605981431918e+38
1806.62 7.944172375258694e+38
1807.09 8.139992127049492e+38
1807.56 7.401492117970661e+38
1808.03 8.058320705952157e+38
1808.49 8.043238558902368e+38
1808.96 8.211191065475177e+38
1809.43 7.142188961209013e+38
1809.9 8.144726118663887e+38
1810.37 7.818827003216396e+38
1810.84 8.16388153096723e+38
1811.31 7.09237604175642e+38
1811.78 7.882369417243882e+38
1812.25 7.45438442975631e+38
1812.72 7.59200975983625e+38
1813.19 7.776276601626473e+38
1813.66 8.11945002119792e+38
1814.13 8.134699159478849e+38
1814.6 8.16180755359688e+38
1815.07 7.690971022217473e+38
1815.54 7.828453393097377e+38
1816.01 7.719172323769755e+38
1816.48 8.04165566040177e+38
1816.95 7.943102744194545e+38
1817.42 7.348604225862858e+38
1817.89 8.08164011524817e+38
1818.36 8.044408687525584e+38
1818.83 7.927727551597735e+38
1819.31 7.214431224727814e+38
1819.78 7.793035036117916e+38
1820.25 8.044353199074083e+38
1820.72 8.044250819303012e+38
1821.19 7.164733599027877e+38
1821.67 6.949015468425469e+38
1822.14 7.810299051833563e+38
1822.61 8.008515466126329e+38
1823.08 7.284610660868318e+38
1823.55 7.985840694789204e+38
1824.03 7.984058761576821e+38
1824.5 7.987630438246133e+38
1824.97 7.140722776915742e+38
1825.44 6.865724197630222e+38
1825.92 7.93084233932e+38
1826.39 7.924346156346822e+38
1826.86 6.919066925974769e+38
1827.34 7.5932973160061e+38
1827.81 7.886320803746852e+38
1828.29 7.726045357785454e+38
1828.76 7.75088386194551e+38
1829.23 7.572254059869965e+38
1829.71 7.909843694185395e+38
1830.18 7.275314809629991e+38
1830.66 7.42035111504041e+38
1831.13 7.821288148154538e+38
1831.61 7.631693006184522e+38
1832.08 7.86746219052289e+38
1832.56 7.72551092200526e+38
1833.03 7.42815444838258e+38
1833.51 7.791003728892883e+38
1833.98 7.796991637794024e+38
1834.46 7.814289491692548e+38
1834.93 7.529273870643988e+38
1835.41 7.765607984096639e+38
1835.88 7.625511905403222e+38
1836.36 7.764461001501394e+38
1836.83 7.407382913785315e+38
1837.31 6.484508231860006e+38
1837.79 7.558911603249887e+38
1838.26 7.087330118487387e+38
1838.74 7.512332880812067e+38
1839.22 7.762595493077058e+38
1839.69 7.758544662375238e+38
1840.17 6.521722831129393e+38
1840.65 7.725104821674945e+38
1841.12 7.732458594874764e+38
1841.6 7.239683624364554e+38
1842.08 7.504150628301015e+38
1842.56 7.013478473208846e+38
1843.03 7.474059913994972e+38
1843.51 7.071123814909494e+38
1843.99 7.142500493085447e+38
1844.47 6.973038880051605e+38
1844.94 7.162672233755651e+38
1845.42 7.236637650942599e+38
1845.9 7.277606124068672e+38
1846.38 6.942409665441109e+38
1846.86 7.280511600913158e+38
1847.34 7.185442685026361e+38
1847.82 7.626497486813351e+38
1848.29 7.561325283157198e+38
1848.77 7.497551632385327e+38
1849.25 7.266260768419245e+38
1849.73 7.369575365503276e+38
1850.21 6.947745797401013e+38
1850.69 7.112877783148037e+38
1851.17 7.173262825668514e+38
1851.65 7.591508999955921e+38
1852.13 7.048544560670641e+38
1852.61 7.066278643099895e+38
1853.09 7.514706772023548e+38
1853.57 7.56228933566755e+38
1854.05 6.801027190286073e+38
1854.53 7.461492443824524e+38
1855.01 6.744455083698428e+38
1855.49 7.276591600767652e+38
1855.97 7.490643110654431e+38
1856.45 7.533038405240091e+38
1856.94 7.51795981203792e+38
1857.42 7.516765761193046e+38
1857.9 7.180124998363694e+38
1858.38 7.127265939215878e+38
1858.86 7.39935550836236e+38
1859.34 7.494364206502525e+38
1859.83 6.870121768207736e+38
1860.31 7.479891136678011e+38
1860.79 7.297533387192655e+38
1861.27 7.376441035639072e+38
1861.76 7.354046917781873e+38
1862.24 7.447441876437062e+38
1862.72 7.377985880193133e+38
1863.2 7.213042451726151e+38
1863.69 7.413407803329307e+38
1864.17 7.385306112637078e+38
1864.65 7.012761716430391e+38
1865.14 6.789353104355105e+38
1865.62 6.89412128629216e+38
1866.1 7.346989414049092e+38
1866.58 6.85030455263256e+38
1867.07 7.309355347402136e+38
1867.55 7.380222983272086e+38
1868.04 7.374772378065075e+38
1868.52 7.349689133166474e+38
1869.01 7.36237692671913e+38
1869.49 7.236829488174329e+38
1869.97 6.876359971072876e+38
1870.46 7.318592950843737e+38
1870.94 6.594134463795676e+38
1871.43 6.970544906204456e+38
1871.91 7.275232509183297e+38
1872.4 7.282085090116715e+38
1872.88 7.14654018069175e+38
1873.37 7.300030134522418e+38
1873.85 6.515604070197272e+38
1874.34 6.730904680137364e+38
1874.83 7.221745261350297e+38
1875.31 6.978661152565503e+38
1875.8 7.19798236030699e+38
1876.29 6.537465571346696e+38
1876.77 7.229017484016421e+38
1877.26 7.244991051758356e+38
1877.74 7.250995850808804e+38
1878.23 7.241794163892429e+38
1878.72 7.236601652815716e+38
1879.2 7.225108682650545e+38
1879.69 7.221257249515959e+38
1880.18 7.2152472740563e+38
1880.67 6.733480285342582e+38
1881.15 6.6481252915784e+38
1881.64 6.455018793773386e+38
1882.13 6.705571492349005e+38
1882.62 6.95030805417615e+38
1883.1 6.6560035127548974e+38
1883.59 7.159484305279649e+38
1884.08 7.112133679796556e+38
1884.57 6.49947161635611e+38
1885.06 5.752361391839107e+38
1885.55 7.034678351389374e+38
1886.04 6.6584370436680664e+38
1886.52 6.789559314276131e+38
1887.01 6.779373821448009e+38
1887.5 6.415603980913299e+38
1887.99 7.104859356571511e+38
1888.48 7.088484489288962e+38
1888.97 7.102500491204331e+38
1889.46 6.5352036025078746e+38
1889.95 7.041852815735647e+38
1890.44 6.90565274096734e+38
1890.93 6.657060419803874e+38
1891.42 6.636211714257968e+38
1891.91 6.700356926313772e+38
1892.4 6.758738045643785e+38
1892.89 6.447973767181358e+38
1893.38 7.027985884544463e+38
1893.87 6.539559120730904e+38
1894.36 6.428594484503323e+38
1894.85 6.961672095277295e+38
1895.34 6.24699368546185e+38
1895.84 6.823658209238028e+38
1896.33 6.437314250907651e+38
1896.82 6.262707483154586e+38
1897.31 6.734409409332383e+38
1897.8 6.989834202110898e+38
1898.29 6.977570047935137e+38
1898.79 6.067087063844465e+38
1899.28 5.6492071481872196e+38
1899.77 6.930183659270814e+38
1900.26 6.952675493547231e+38
1900.76 6.820054805502315e+38
1901.25 6.809026471233757e+38
1901.74 6.83930784097575e+38
1902.23 6.883657488897058e+38
1902.73 6.903908722440023e+38
1903.22 6.099891136402188e+38
1903.71 6.594609734257084e+38
1904.21 6.5178565750494735e+38
1904.7 6.899248014017376e+38
1905.19 6.6909638963557286e+38
1905.69 6.740999568681463e+38
1906.18 6.881469214804863e+38
1906.68 6.504841605095468e+38
1907.17 6.7641548407646365e+38
1907.66 6.3261622631938585e+38
1908.16 6.7293914887755564e+38
1908.65 6.7897303053265734e+38
1909.15 6.846174006041856e+38
1909.64 6.832420793431814e+38
1910.14 6.433539278872806e+38
1910.63 6.8034088786572546e+38
1911.13 6.823573368368739e+38
1911.62 6.207381311449292e+38
1912.12 6.809632262170559e+38
1912.61 6.803465104856606e+38
1913.11 6.797282798196213e+38
1913.61 6.31888551734007e+38
1914.1 5.9008816446339205e+38
1914.6 6.764130758351071e+38
1915.09 6.11727993411017e+38
1915.59 6.639163861190294e+38
1916.09 6.620768326422982e+38
1916.58 6.3684635405218654e+38
1917.08 6.278409132086877e+38
1917.58 6.539800953860178e+38
1918.07 6.447936042974711e+38
1918.57 6.224229260955945e+38
1919.07 6.572043235110002e+38
1919.56 6.161217184894337e+38
1920.06 6.576597934934239e+38
1920.56 6.539974222852822e+38
1921.06 6.3848507898269594e+38
1921.56 6.0972701783291505e+38
1922.05 6.404591063635406e+38
1922.55 6.682454880820229e+38
1923.05 5.671796449977552e+38
1923.55 6.493296122217501e+38
1924.05 6.323823685482894e+38
1924.55 6.085892376812468e+38
1925.05 6.6461288144740525e+38
1925.54 6.639945632342842e+38
1926.04 6.0117228835030555e+38
1926.54 6.638246180374431e+38
1927.04 6.5215034260941166e+38
1927.54 6.3828122625110334e+38
1928.04 6.2973290404514775e+38
1928.54 6.2628307174130914e+38
1929.04 6.169286388276706e+38
1929.54 6.404115578268116e+38
1930.04 6.364779500237777e+38
1930.54 6.3472782272853596e+38
1931.04 6.561629133423714e+38
1931.54 5.886210598649743e+38
1932.04 6.567799467633265e+38
1932.54 6.518444071023031e+38
1933.04 6.562479725562185e+38
1933.55 6.49397567089602e+38
1934.05 6.5479390946519614e+38
1934.55 6.546038825855129e+38
1935.05 6.538114083352213e+38
1935.55 6.486140971592752e+38
1936.05 6.525446667555208e+38
1936.55 6.306582442154116e+38
1937.06 5.900197617467231e+38
1937.56 6.1918486742820005e+38
1938.06 6.1692743191840595e+38
1938.56 6.496325863979314e+38
1939.06 6.2385188731434684e+38
1939.57 6.337001792260104e+38
1940.07 6.001882170505723e+38
1940.57 6.103529840098885e+38
1941.08 6.471028649648768e+38
1941.58 6.013078495710482e+38
1942.08 6.458629857228042e+38
1942.58 6.449319473949034e+38
1943.09 6.414842925551377e+38
1943.59 6.0050892320448936e+38
1944.1 6.433562786840508e+38
1944.6 6.422216262648608e+38
1945.1 6.3840794097064846e+38
1945.61 6.3410367967052505e+38
1946.11 6.376958222133872e+38
1946.62 6.3105252319820404e+38
1947.12 6.380559309715598e+38
1947.63 6.381174612453489e+38
1948.13 6.10089871692488e+38
1948.64 6.244902136234663e+38
1949.14 6.3582670956188584e+38
1949.65 5.963078581487399e+38
1950.15 6.349413448182527e+38
1950.66 6.359387891107494e+38
1951.16 6.1486296493742955e+38
1951.67 6.2952065818238666e+38
1952.17 6.330863506043013e+38
1952.68 5.694748449351449e+38
1953.19 6.0061491293646696e+38
1953.69 6.234031490232831e+38
1954.2 5.689714850320335e+38
1954.7 5.876697370934904e+38
1955.21 6.107658977420574e+38
1955.72 6.166038117839894e+38
1956.22 6.283171980851279e+38
1956.73 6.268307829913193e+38
1957.24 6.104943605899167e+38
1957.75 6.2749889974982074e+38
1958.25 6.264921017210413e+38
1958.76 5.847454568425008e+38
1959.27 5.735589804945394e+38
1959.78 6.157285392000475e+38
1960.29 5.605320570953871e+38
1960.79 6.017317796637053e+38
1961.3 5.836521160411872e+38
1961.81 6.047489902467862e+38
1962.32 6.117954056340249e+38
1962.83 5.957955327224447e+38
1963.33 6.167932310230237e+38
1963.84 6.177753488985394e+38
1964.35 5.788173257225815e+38
1964.86 5.8412049166320495e+38
1965.37 5.738961798219296e+38
1965.88 6.176524915483677e+38
1966.39 6.188209861446583e+38
1966.9 6.142792446308911e+38
1967.41 6.13262800183403e+38
1967.92 6.0388935468350915e+38
1968.43 5.988362725352771e+38
1968.94 6.163519794606116e+38
1969.45 6.100978070811959e+38
1969.96 6.1232234080768655e+38
1970.47 6.149796125542372e+38
1970.98 6.144991751341282e+38
1971.49 5.944178770322451e+38
1972.0 5.8451060169103336e+38
1972.52 6.0738146182289486e+38
1973.03 6.106213809713465e+38
1973.54 6.033543582325763e+38
1974.05 6.125659797765974e+38
1974.56 6.119039625290207e+38
1975.07 6.1658595809356026e+38
1975.58 6.0313421624301686e+38
1976.1 5.6165924233917114e+38
1976.61 6.092326799192082e+38
1977.12 6.0641990140415354e+38
1977.63 5.7932687010605516e+38
1978.15 6.060835583113919e+38
1978.66 5.730238183701181e+38
1979.17 5.412436554372638e+38
1979.69 5.9061104567530085e+38
1980.2 6.010237779633928e+38
1980.71 6.033950123929333e+38
1981.22 6.027701686189176e+38
1981.74 6.019222338133091e+38
1982.25 5.730999432368392e+38
1982.77 5.538458991510436e+38
1983.28 6.005495826280579e+38
1983.79 5.885979802025032e+38
1984.31 5.423095633304824e+38
1984.82 5.709618703570267e+38
1985.34 5.9634220436978514e+38
1985.85 5.955871720374572e+38
1986.36 5.91173689191021e+38
1986.88 5.859134316576155e+38
1987.4 5.481025000095522e+38
1987.91 5.660717255952653e+38
1988.43 5.971036647924869e+38
1988.94 5.9138371700546745e+38
1989.46 5.880951272629034e+38
1989.97 5.456411967501073e+38
1990.49 5.9200492002622724e+38
1991.0 5.964373525776613e+38
1991.52 5.493295253311166e+38
1992.04 5.482530073452759e+38
1992.55 6.1740545067635854e+38
1993.07 5.976383869830181e+38
1993.58 5.950971465174804e+38
1994.1 5.346084743869887e+38
1994.62 5.9013827381572716e+38
1995.14 5.732600770601625e+38
1995.65 5.4653876727067906e+38
1996.17 5.873525168203716e+38
1996.69 5.866872737248117e+38
1997.2 5.848383760217635e+38
1997.72 5.8267131972528564e+38
1998.24 5.756405687275224e+38
1998.76 5.805493164341836e+38
1999.28 5.822464041834026e+38
1999.8 5.618294299762843e+38
2000.31 5.3973865070297545e+38
2000.83 5.727843385312579e+38
2001.35 5.786670090421055e+38
2001.87 5.3960539639249415e+38
2002.39 5.511170133506103e+38
2002.91 5.796039345741879e+38
2003.43 5.7890700480747195e+38
2003.94 5.783458884712157e+38
2004.46 5.768528974768168e+38
2004.98 5.702331712665966e+38
2005.5 5.555969449446419e+38
2006.02 5.409999111645381e+38
2006.54 5.7572423525058576e+38
2007.06 5.7171791654186165e+38
2007.58 5.7181963800431634e+38
2008.1 5.7275158963010686e+38
2008.62 5.568824267377431e+38
2009.14 5.347991354404376e+38
2009.67 5.72633104995816e+38
2010.19 5.273799088957305e+38
2010.71 5.1949417607313156e+38
2011.23 5.570545920797934e+38
2011.75 5.7024936127657625e+38
2012.27 5.386564066766619e+38
2012.79 5.6522169758729e+38
2013.31 5.266181146200339e+38
2013.84 5.623171522083617e+38
2014.36 5.669023352377738e+38
2014.88 5.670418783939466e+38
2015.4 5.415168770947432e+38
2015.93 5.610317308319928e+38
2016.45 5.606401977022977e+38
2016.97 5.6208373120150945e+38
2017.49 5.272514357399329e+38
2018.02 5.254157545984637e+38
2018.54 5.630147767050267e+38
2019.06 5.467344871893266e+38
2019.58 5.624619123767034e+38
2020.11 5.622744264487475e+38
2020.63 5.616877184243813e+38
2021.16 5.602606051315966e+38
2021.68 5.596888173854611e+38
2022.2 5.595683566437383e+38
2022.73 5.270941848398354e+38
2023.25 5.592869548593601e+38
2023.78 5.5586549142975576e+38
2024.3 5.579125434499039e+38
2024.82 5.573429497850771e+38
2025.35 5.551207426861985e+38
2025.88 5.384834651353464e+38
2026.4 5.46636565951333e+38
2026.93 5.554353836762443e+38
2027.45 5.404802112433576e+38
2027.98 5.4400714993473486e+38
2028.5 5.426512532796696e+38
2029.03 5.533699444190197e+38
2029.55 5.522321893641106e+38
2030.08 5.334164708988892e+38
2030.61 5.519263122909736e+38
2031.13 5.496511884383644e+38
2031.66 5.502775507896095e+38
2032.19 5.389225962098394e+38
2032.71 5.449070009918709e+38
2033.24 5.490690104590483e+38
2033.77 5.289948587355381e+38
2034.29 5.434597291518518e+38
2034.82 5.3755367332782744e+38
2035.35 5.058436160228433e+38
2035.88 5.285799510460778e+38
2036.4 5.453263710250991e+38
2036.93 5.451184240248324e+38
2037.46 5.206371993128192e+38
2037.99 5.039175723633431e+38
2038.52 5.441689843109983e+38
2039.04 5.4155113432222094e+38
2039.57 5.106269115100771e+38
2040.1 4.924905518848149e+38
2040.63 5.367623933647672e+38
2041.16 5.020029069268625e+38
2041.69 5.412156635449281e+38
2042.22 5.4043623071674875e+38
2042.74 5.38121026818549e+38
2043.28 5.3972505152040285e+38
2043.8 5.355598747653447e+38
2044.33 5.384458411877159e+38
2044.86 5.18246045183248e+38
2045.39 5.2968776364678966e+38
2045.92 5.3507401205758535e+38
2046.45 4.9887041620497104e+38
2046.98 5.3607013956764635e+38
2047.52 5.2050393831809164e+38
2048.05 5.342786674638024e+38
2048.58 5.34652525569208e+38
2049.11 5.330100349125716e+38
2049.64 5.2410598930194765e+38
2050.17 5.2605703673175244e+38
2050.7 5.416222789758303e+38
2051.23 5.3889006949151534e+38
2051.76 5.188284892325874e+38
2052.3 5.4021418438279865e+38
2052.83 5.297117013869002e+38
2053.36 5.348021254576126e+38
2053.89 5.378939470161672e+38
2054.43 5.380079842198828e+38
2054.96 5.369726945987781e+38
2055.49 5.366061652362043e+38
2056.02 5.278482533527965e+38
2056.55 4.988988401200631e+38
2057.09 5.349268884869289e+38
2057.62 5.0567069185098106e+38
2058.16 5.313609878022296e+38
2058.69 5.190545105190082e+38
2059.22 4.8017135465295745e+38
2059.76 5.1953887938061645e+38
2060.29 4.893293677708156e+38
2060.82 5.321137536246561e+38
2061.36 5.285258248471937e+38
2061.89 5.2911413701879995e+38
2062.43 4.761798811838498e+38
2062.96 5.3015656614866045e+38
2063.5 5.291341243659455e+38
2064.03 5.246852104015865e+38
2064.56 5.2257887551930646e+38
2065.1 4.951005395405572e+38
2065.64 4.7958426268222114e+38
2066.17 5.260752566379126e+38
2066.71 5.2500005490970726e+38
2067.24 5.2460478949613255e+38
2067.78 5.25283396681251e+38
2068.31 5.250570890541683e+38
2068.85 4.785285991453698e+38
2069.39 5.2261184026279605e+38
2069.92 5.2377169259293445e+38
2070.46 5.208267949502461e+38
2071.0 5.2177658982910885e+38
2071.53 5.150593721561076e+38
2072.07 5.1914480772590644e+38
2072.61 5.188952678543219e+38
2073.14 5.2083761349510965e+38
2073.68 5.204553601592888e+38
2074.22 5.199536197074987e+38
2074.76 5.117238999348674e+38
2075.29 5.1892934813162926e+38
2075.83 5.131558431106047e+38
2076.37 5.155019338349484e+38
2076.91 5.020318772983227e+38
2077.45 5.133484613687267e+38
2077.98 4.989013445658899e+38
2078.52 5.100063641064847e+38
2079.06 5.107830672097587e+38
2079.6 4.698804360132954e+38
2080.14 5.0228268790679216e+38
2080.68 5.139714925333186e+38
2081.22 5.117169805136607e+38
2081.76 5.102941633484298e+38
2082.3 5.119426930642969e+38
2082.84 5.118021097632522e+38
2083.38 5.021723197919777e+38
2083.92 4.9723700768780575e+38
2084.46 5.084568395610833e+38
2085.0 4.605690164178163e+38
2085.54 4.9115132390105365e+38
2086.08 5.082599566048699e+38
2086.62 4.936810381391749e+38
2087.16 5.065787568820447e+38
2087.7 4.7762546867094844e+38
2088.24 5.047751371743736e+38
2088.78 5.069188136907922e+38
2089.32 4.82423927464051e+38
2089.87 4.946952857584636e+38
2090.41 5.052521300201678e+38
2090.95 4.705854664183165e+38
2091.49 5.04079276641121e+38
2092.03 4.655315855094273e+38
2092.57 4.464773558020838e+38
2093.12 5.025140647493434e+38
2093.66 4.7123599713198505e+38
2094.2 4.7826507832049266e+38
2094.75 4.969896924538457e+38
2095.29 5.002505169446903e+38
2095.83 4.805047517442317e+38
2096.38 4.783175590897696e+38
2096.92 4.965767901260689e+38
2097.46 4.9897235635629724e+38
2098.0 4.769979704452239e+38
2098.55 4.5733566572879805e+38
2099.09 4.973762792373758e+38
2099.64 4.939279029396175e+38
2100.18 4.961962879956259e+38
2100.73 4.8728377891731865e+38
2101.27 4.9507598145059095e+38
2101.81 4.897920552095298e+38
2102.36 4.945271134394898e+38
2102.9 4.940602793537605e+38
2103.45 4.449879625492132e+38
2103.99 4.8414789486730794e+38
2104.54 4.364116376977423e+38
2105.08 4.915481447009061e+38
2105.63 4.712097727218503e+38
2106.18 4.886101593094908e+38
2106.72 4.8880108389469984e+38
2107.27 4.9017405072515816e+38
2107.81 4.8265847618250995e+38
2108.36 4.75990238328939e+38
2108.91 4.629521775565665e+38
2109.45 4.809010024250828e+38
2110.0 4.881055211343391e+38
2110.55 4.871937790658474e+38
2111.09 4.870473848971913e+38
2111.64 4.861151798443257e+38
2112.19 4.857995703840028e+38
2112.74 4.851935806159778e+38
2113.28 4.810768244745636e+38
2113.83 4.845095132958498e+38
2114.38 4.747228743271107e+38
2114.93 4.698161966925932e+38
2115.48 4.758453039274047e+38
2116.02 4.820533022221609e+38
2116.57 4.826505649015816e+38
2117.12 4.739587572874123e+38
2117.67 4.80704582344452e+38
2118.22 4.67052766460593e+38
2118.77 4.805998295258272e+38
2119.32 4.635656557301803e+38
2119.87 4.7953340938959026e+38
2120.42 4.762296865219957e+38
2120.97 4.5819889289208924e+38
2121.51 4.761930833021299e+38
2122.06 4.733916666949684e+38
2122.61 4.7752719690593665e+38
2123.17 4.7043983661035226e+38
2123.72 4.754244874594266e+38
2124.26 4.535764337576278e+38
2124.82 4.696306051798707e+38
2125.37 4.74005935216087e+38
2125.92 4.693546718777889e+38
2126.47 4.775276110087987e+38
2127.02 4.739317540901659e+38
2127.57 4.723491145119819e+38
2128.12 4.250699270827614e+38
2128.67 4.722561616300902e+38
2129.23 4.705040410289451e+38
2129.78 4.647512482837656e+38
2130.33 4.569700631086965e+38
2130.88 4.7157949382075715e+38
2131.43 4.422950225210199e+38
2131.99 4.545248817489044e+38
2132.54 4.668257004689862e+38
2133.09 4.7049155262856256e+38
2133.65 4.6761385732927224e+38
2134.2 4.659554552899556e+38
2134.75 4.444075276667904e+38
2135.3 4.6648575962979696e+38
2135.86 4.653544192065358e+38
2136.41 4.658442958359543e+38
2136.97 4.506778240129318e+38
2137.52 4.639413522534884e+38
2138.07 4.405548202451436e+38
2138.63 4.553918950436444e+38
2139.18 4.629265892512445e+38
2139.74 4.567277726813546e+38
2140.29 4.619491862500099e+38
2140.84 4.623075331365673e+38
2141.4 4.555081987511753e+38
2141.96 4.535042945294599e+38
2142.51 4.6085903082635425e+38
2143.06 4.559684346809605e+38
2143.62 4.5169982091698705e+38
2144.18 4.361591981266465e+38
2144.73 4.589883338730144e+38
2145.29 4.566954876023592e+38
2145.84 4.6011171275761575e+38
2146.4 4.60021699946489e+38
2146.96 4.482840904170897e+38
2147.51 4.5885960812393994e+38
2148.07 4.560524507066186e+38
2148.63 4.3987546192206344e+38
2149.18 4.070297709717088e+38
2149.74 4.5560771995253394e+38
2150.3 4.3096891975938005e+38
2150.85 4.4902686674057795e+38
2151.41 4.52248526874401e+38
2151.97 4.535362168294805e+38
2152.53 4.286045366698821e+38
2153.08 4.516406822309538e+38
2153.64 4.522179558789343e+38
2154.2 4.517337395941549e+38
2154.76 4.5053365002882835e+38
2155.32 4.507149016439923e+38
2155.88 4.503048028380968e+38
2156.44 4.50009020877409e+38
2156.99 4.4850507739307834e+38
2157.55 4.490885293286865e+38
2158.11 4.4851455346665766e+38
2158.67 4.459858662956708e+38
2159.23 4.30512366067897e+38
2159.79 4.445188115015534e+38
2160.35 4.309973871202788e+38
2160.91 4.4632283712103206e+38
2161.47 4.237635126356737e+38
2162.03 4.3019760647471005e+38
2162.59 4.397971378730394e+38
2163.15 4.357794905670038e+38
2163.71 3.8236766079008764e+38
2164.27 4.423596448698896e+38
2164.83 4.4211965918938296e+38
2165.4 4.424483718298565e+38
2165.96 3.69357468872992e+38
2166.52 4.420293930090454e+38
2167.08 4.409459844500044e+38
2167.64 4.1723392605171604e+38
2168.2 4.4061960466461084e+38
2168.76 4.361119610810599e+38
2169.33 4.397852164067727e+38
2169.89 4.381822355480049e+38
2170.45 4.301093532678585e+38
2171.01 4.385943036442925e+38
2171.58 4.352066593243566e+38
2172.14 4.377030685593294e+38
2172.7 4.371733004276173e+38
2173.27 4.368336785093221e+38
2173.83 4.34260284233397e+38
2174.39 4.327270966338481e+38
2174.96 3.994997508319624e+38
2175.52 4.331920233632241e+38
2176.08 4.315134823686395e+38
2176.65 4.3380717461871714e+38
2177.21 4.330326162395427e+38
2177.78 4.320787711842036e+38
2178.34 3.982417317607874e+38
2178.91 4.327320356070287e+38
2179.47 4.159133366825479e+38
2180.03 4.2857479504399355e+38
2180.6 4.305552070253436e+38
2181.17 4.100728771939762e+38
2181.73 4.302835723839358e+38
2182.3 4.300677979968364e+38
2182.86 4.078407403065769e+38
2183.43 4.251505315231349e+38
2183.99 4.288410676758075e+38
2184.56 4.258125418526029e+38
2185.12 4.278406569438828e+38
2185.69 4.188071557602746e+38
2186.26 4.205969457760065e+38
2186.82 4.259117879085453e+38
2187.39 3.5865892486394684e+38
2187.96 4.007685236864896e+38
2188.53 4.222362809451451e+38
2189.09 4.1891799503662305e+38
2189.66 4.201079697020882e+38
2190.23 4.241239574542091e+38
2190.79 4.110136229827057e+38
2191.36 4.196121578275492e+38
2191.93 4.1278118151112975e+38
2192.5 4.225048487620905e+38
2193.07 4.194435164835811e+38
2193.64 4.209933684778754e+38
2194.21 4.194372572708178e+38
2194.77 4.201170279333984e+38
2195.34 4.2002195943480885e+38
2195.91 4.199075561621249e+38
2196.48 4.123114200880544e+38
2197.05 4.191090310383748e+38
2197.62 4.181851970558513e+38
2198.19 4.166681200180865e+38
2198.76 4.159411343561185e+38
2199.33 4.1009403462124465e+38
2199.9 4.165767364216829e+38
2200.47 4.1683728254306034e+38
2201.04 4.121241648477319e+38
2201.61 4.152786323764351e+38
2202.18 4.117570773892646e+38
2202.75 4.141069708747967e+38
2203.32 4.1369854308037e+38
2203.89 4.063735409997583e+38
2204.46 4.100311363165165e+38
2205.03 4.1351210932185454e+38
2205.61 4.133120374740694e+38
2206.18 4.119546530014223e+38
2206.75 4.1033706987514414e+38
2207.32 4.095077028132663e+38
2207.89 4.11607594716182e+38
2208.47 4.106701238756735e+38
2209.04 4.096702031432666e+38
2209.61 3.870308888501705e+38
2210.18 4.098706869329443e+38
2210.76 4.006143635040011e+38
2211.33 4.0831723584828755e+38
2211.9 4.081491453250761e+38
2212.48 4.069382318356603e+38
2213.05 4.0626521297999725e+38
2213.62 4.07822105441082e+38
2214.2 4.0742747347232314e+38
2214.77 3.996146498779963e+38
2215.34 3.3657548009423304e+38
2215.92 4.009516165982006e+38
2216.49 4.045880085444216e+38
2217.07 4.029141002642079e+38
2217.64 4.052970746926784e+38
2218.22 3.982656891086074e+38
2218.79 4.037047521418272e+38
2219.37 4.00454566684544e+38
2219.94 4.0367716637369025e+38
2220.52 4.005654973392997e+38
2221.09 3.9918520666256656e+38
2221.67 4.026463418552818e+38
2222.25 4.025993409652757e+38
2222.82 4.0173892056019216e+38
2223.4 4.016457499142781e+38
2223.97 4.0130446397966246e+38
2224.55 4.010081728153652e+38
2225.13 3.994040275595332e+38
2225.7 3.989084211011573e+38
2226.28 3.9999299586600206e+38
2226.86 3.996976102654896e+38
2227.43 3.897196163250933e+38
2228.01 3.970739514710108e+38
2228.59 3.952669588415228e+38
2229.17 3.955665959776383e+38
2229.74 3.9774090602084005e+38
2230.32 3.971543495285911e+38
2230.9 3.902369341577842e+38
2231.48 3.97152592823557e+38
2232.06 3.967129859224234e+38
2232.64 3.9600020878655895e+38
2233.21 3.9098128167411396e+38
2233.79 3.944345336465936e+38
2234.37 3.88923226962153e+38
2234.95 3.949597263319236e+38
2235.53 3.945497111735337e+38
2236.11 3.94267183180868e+38
2236.69 3.818559079127173e+38
2237.27 3.935486094536951e+38
2237.85 3.930404371528669e+38
2238.43 3.901450221160269e+38
2239.01 3.893631888386163e+38
2239.59 3.9205201845515935e+38
2240.17 3.8808109082738765e+38
2240.75 3.914003906187647e+38
2241.33 3.909759210347302e+38
2241.91 3.9064183591631196e+38
2242.49 3.893296484877383e+38
2243.07 3.8966929641778354e+38
2243.66 3.894514338720376e+38
2244.24 3.878126628584168e+38
2244.82 3.7920202556549634e+38
2245.4 3.880871795781997e+38
2245.98 3.879162103043993e+38
2246.56 3.86817884372216e+38
2247.15 3.868597716024324e+38
2247.73 3.866982060950795e+38
2248.31 3.834076099089105e+38
2248.89 3.851494523292336e+38
2249.48 3.851112882647202e+38
2250.06 3.851011136868107e+38
2250.64 3.842317824768083e+38
2251.23 3.8464509955701e+38
2251.81 3.8257684809229046e+38
2252.39 3.8319263307435744e+38
2252.98 3.754516559468085e+38
2253.56 3.280593807786416e+38
2254.15 3.821987865208185e+38
2254.73 3.72930334853947e+38
2255.31 3.822487764387163e+38
2255.9 3.808578421645265e+38
2256.48 3.7920256491411264e+38
2257.07 3.806168715938715e+38
2257.65 3.802562581104042e+38
2258.24 3.7282335483100575e+38
2258.82 3.792026960167347e+38
2259.41 3.780055072713126e+38
2260.0 3.7927552970000615e+38
2260.58 3.787242264237675e+38
2261.17 3.7632212707838385e+38
2261.75 3.787197817892883e+38
2262.34 3.635169195911041e+38
2262.93 3.77973414935491e+38
2263.51 3.7701571069964396e+38
2264.1 3.762842537866691e+38
2264.69 3.7496663696625795e+38
2265.27 3.749305077651678e+38
2265.86 3.675423052548627e+38
2266.45 3.7603119591972795e+38
2267.03 3.754412502478728e+38
2267.62 3.752740212753162e+38
2268.21 3.6815016610164496e+38
2268.8 3.745428293063916e+38
2269.39 3.745139156895722e+38
2269.97 3.7385741922995025e+38
2270.56 3.7387157645936866e+38
2271.15 3.733695370614065e+38
2271.74 3.728681602897959e+38
2272.33 3.724017432234148e+38
2272.92 3.7256160618697934e+38
2273.51 3.7224123123676985e+38
2274.09 3.667435028513462e+38
2274.68 3.712092429085597e+38
2275.27 3.712146616544057e+38
2275.86 3.703833432780367e+38
2276.45 3.6997958520944825e+38
2277.04 3.664747539067546e+38
2277.63 3.658056000755315e+38
2278.22 3.656845608280532e+38
2278.81 3.6930304387552396e+38
2279.41 3.590769666908569e+38
2280.0 3.6859020049827905e+38
2280.59 3.6661481338113554e+38
2281.18 3.679139210172886e+38
2281.77 3.675042960330068e+38
2282.36 3.6725575265902875e+38
2282.95 3.623304071072333e+38
2283.54 3.667422494142309e+38
2284.14 3.662060406968155e+38
2284.73 3.652932453685602e+38
2285.32 3.652563438236121e+38
2285.91 3.653540124944381e+38
2286.5 3.645104497566105e+38
2287.1 3.641199557301708e+38
2287.69 3.1975736698925228e+38
2288.28 3.6270757452933604e+38
2288.88 3.636897715707992e+38
2289.47 3.630756550456711e+38
2290.06 3.604733481857342e+38
2290.66 3.627584910555367e+38
2291.25 3.616043067450006e+38
2291.84 3.621592570007392e+38
2292.44 3.608809702490587e+38
2293.03 3.614264691152719e+38
2293.63 3.6048261353776675e+38
2294.22 3.606951259097892e+38
2294.81 3.59406736684578e+38
2295.41 3.590959831414958e+38
2296.0 3.5979611063222155e+38
2296.6 3.507767304039754e+38
2297.2 3.550872477811802e+38
2297.79 3.1281744171969844e+38
2298.39 3.584142249707258e+38
2298.98 3.55165767937558e+38
2299.58 3.537165304001987e+38
2300.17 3.574466222028368e+38
2300.77 3.552183820048372e+38
2301.37 3.56746446002072e+38
2301.96 3.5653770490386986e+38
2302.56 3.5567199155315775e+38
2303.16 3.543430004280092e+38
2303.75 3.4900338266409854e+38
2304.35 3.551270935031984e+38
2304.95 3.548280684490483e+38
2305.54 3.5428577437443905e+38
2306.14 3.5388964414542416e+38
2306.74 3.1881003533573815e+38
2307.34 3.5059531035958705e+38
2307.94 3.531101583168867e+38
2308.53 3.521404451815929e+38
2309.13 3.522897423839663e+38
2309.73 3.5220383227403e+38
2310.33 3.518990921251198e+38
2310.93 3.512223996594976e+38
2311.53 3.511852406902568e+38
2312.13 3.508409638274951e+38
2312.73 3.499808855974964e+38
2313.32 3.489393488140569e+38
2313.93 3.448596299050309e+38
2314.52 3.492432006414756e+38
2315.12 3.474337087066189e+38
2315.72 3.4872729056955955e+38
2316.32 3.4245215981308314e+38
2316.93 3.4476428816465304e+38
2317.52 3.452930445854565e+38
2318.13 3.470165405597517e+38
2318.73 3.5031127331418566e+38
2319.33 3.455238595058815e+38
2319.93 3.3432739307502125e+38
2320.53 3.4570516877439735e+38
2321.13 3.457640011243697e+38
2321.73 3.455124242467861e+38
2322.33 3.421901890713597e+38
2322.94 3.393906144085431e+38
2323.54 3.4436871964503315e+38
2324.14 3.428921599851834e+38
2324.74 3.4276889660446385e+38
2325.35 3.433868395466708e+38
2325.95 3.426789922907494e+38
2326.55 3.4214587426594446e+38
2327.16 3.388547069101562e+38
2327.76 3.399048275703703e+38
2328.36 3.363033047245213e+38
2328.97 3.417144356083264e+38
2329.57 3.413871045505046e+38
2330.17 3.4080102384593144e+38
2330.78 3.4007370887641134e+38
2331.38 3.398339951009592e+38
2331.98 3.3256809043788294e+38
2332.59 3.398307865680857e+38
2333.19 3.329710390603423e+38
2333.8 3.3849993542023857e+38
2334.4 3.385028394971892e+38
2335.01 3.375082786704271e+38
2335.61 3.3727033301702357e+38
2336.22 3.3825968554974772e+38
2336.82 3.3794337579319228e+38
2337.43 3.3244210462648872e+38
2338.03 3.373103803815478e+38
2338.64 3.3311315008613147e+38
2339.25 3.350455402228532e+38
2339.85 3.354497744969204e+38
2340.46 3.350885241362299e+38
2341.07 3.3282167225109886e+38
2341.67 3.3447621603589673e+38
2342.28 3.351021944157272e+38
2342.89 3.3466422977306445e+38
2343.5 3.3402680013981653e+38
2344.1 3.3179889139825064e+38
2344.71 3.3168584303527246e+38
2345.32 3.3326440771387482e+38
2345.93 3.3177291324554713e+38
2346.53 3.3300788683420442e+38
2347.14 3.32503713144987e+38
2347.75 3.2814702689524657e+38
2348.36 3.2042798748083087e+38
2348.97 3.2856583654960544e+38
2349.58 3.1694533308172566e+38
2350.19 3.314105369080956e+38
2350.79 3.313293169574475e+38
2351.4 3.3075148678654448e+38
2352.01 3.291650673764337e+38
2352.62 3.3015331972388665e+38
2353.23 3.2850167789149277e+38
2353.84 3.2966247171774088e+38
2354.45 3.252755528549095e+38
2355.06 3.279618531453163e+38
2355.67 3.270508142316927e+38
2356.28 3.284332611952469e+38
2356.89 3.2790574503778564e+38
2357.5 3.278014829586738e+38
2358.12 3.2707035995346822e+38
2358.73 3.264097084650464e+38
2359.34 3.2680217751534142e+38
2359.95 3.2476319932699878e+38
2360.56 3.2573818794751085e+38
2361.17 3.2499788648202944e+38
2361.78 3.252837686539771e+38
2362.4 3.2458065768598654e+38
2363.01 3.2473154860662877e+38
2363.62 3.24351811081622e+38
2364.24 3.2304762876347535e+38
2364.85 3.2415923076493126e+38
2365.46 3.2066401403145204e+38
2366.07 3.2289554456528725e+38
2366.69 3.2054740623177598e+38
2367.3 3.210658299165365e+38
2367.91 3.2273487936523725e+38
2368.53 3.2248246701235873e+38
2369.14 3.220089310308321e+38
2369.76 3.2162375172893447e+38
2370.37 3.2159546548214823e+38
2370.98 3.2043630573904492e+38
2371.6 3.1685597619729768e+38
2372.21 3.208216706717041e+38
2372.83 3.2036412453884005e+38
2373.44 3.1979057779794902e+38
2374.06 3.199159093811722e+38
2374.67 3.1347839870046723e+38
2375.29 3.1936534513904153e+38
2375.91 3.168603913840206e+38
2376.52 3.18654259333939e+38
2377.14 3.1421715253215204e+38
2377.75 3.1823772221123617e+38
2378.37 3.1795218453873286e+38
2378.99 3.175645141423748e+38
2379.6 3.1663850657702464e+38
2380.22 3.1691578974044307e+38
2380.83 3.160935508788692e+38
2381.45 3.143299621319569e+38
2382.07 3.162612064173248e+38
2382.69 3.136505579583994e+38
2383.3 3.1547708150668956e+38
2383.92 3.132261065573827e+38
2384.54 3.1479519029042734e+38
2385.16 3.0351364664444724e+38
2385.78 3.1084819913797334e+38
2386.4 2.815778491729302e+38
2387.01 2.956924449758691e+38
2387.63 3.1380535999876335e+38
2388.25 3.1332170790174293e+38
2388.87 3.1286041133099977e+38
2389.49 3.1095728638023514e+38
2390.11 3.1115075742219065e+38
2390.73 3.116599426844266e+38
2391.35 3.11975945533046e+38
2391.97 3.116027143507446e+38
2392.59 3.114880242194491e+38
2393.21 3.1113686776498295e+38
2393.83 3.1095790107395707e+38
2394.45 3.097146272002524e+38
2395.07 3.102928989676254e+38
2395.69 3.086398199020295e+38
2396.31 3.0758282168679297e+38
2396.93 3.0954386184291264e+38
2397.55 3.0815719785509954e+38
2398.17 3.0890322059343035e+38
2398.79 2.9526539876897556e+38
2399.42 3.0758210566667417e+38
2400.04 3.052749624133374e+38
2400.66 3.065288159130608e+38
2401.28 3.0758236310173126e+38
2401.91 3.0715666287748445e+38
2402.53 3.052741730263928e+38
2403.15 3.0298434340670348e+38
2403.77 3.0637992927584767e+38
2404.4 3.0417871865542713e+38
2405.02 3.003301634958238e+38
2405.64 2.9999159012213663e+38
2406.27 3.0540602312367395e+38
2406.89 3.049985170373146e+38
2407.51 3.02390302146848e+38
2408.14 3.0409997246171688e+38
2408.76 3.0318416510518713e+38
2409.39 3.0341359758101903e+38
2410.01 3.0110306568285278e+38
2410.64 3.034056792251355e+38
2411.26 3.009635124182995e+38
2411.89 3.0083778261078384e+38
2412.51 3.025676720400136e+38
2413.14 3.023089885163356e+38
2413.76 3.0187087199956794e+38
2414.39 2.9191052240657834e+38
2415.01 3.0148096991705402e+38
2415.64 3.011816092743384e+38
2416.26 3.0097374211736092e+38
2416.89 2.9656996019323994e+38
2417.52 3.0022421120462472e+38
2418.14 3.001759398111195e+38
2418.77 2.9980884289185758e+38
2419.4 2.91596965695461e+38
2420.02 2.9935959032647956e+38
2420.65 2.988764831137457e+38
2421.28 2.9841477082077352e+38
2421.91 2.9410261826622555e+38
2422.53 2.9810487558818843e+38
2423.16 2.8897991630253333e+38
2423.79 2.9733514538987043e+38
2424.42 2.9583859790048274e+38
2425.05 2.9637627029567225e+38
2425.68 2.969354333852092e+38
2426.3 2.9645053287985048e+38
2426.93 2.963540317660826e+38
2427.56 2.9617571719219765e+38
2428.19 2.959089233052264e+38
2428.82 2.953497985924873e+38
2429.45 2.9421533198546497e+38
2430.08 2.939570814361857e+38
2430.71 2.9357059800892336e+38
2431.34 2.945039966198864e+38
2431.97 2.9242185845869342e+38
2432.6 2.9398723780400757e+38
2433.23 2.9365481588474697e+38
2433.86 2.92217204925088e+38
2434.49 2.9311256926630275e+38
2435.12 2.926126567816989e+38
2435.75 2.9094558926097207e+38
2436.39 2.9230002000238186e+38
2437.02 2.917477573253152e+38
2437.65 2.9163941139670658e+38
2438.28 2.913029652322633e+38
2438.91 2.8323935942313087e+38
2439.54 2.904171822525857e+38
2440.18 2.9002097581316108e+38
2440.81 2.8597503730094266e+38
2441.44 2.8906588975856993e+38
2442.07 2.8978478233862255e+38
2442.71 2.8986962077294873e+38
2443.34 2.895552496581503e+38
2443.97 2.887022644828367e+38
2444.61 2.8890651602013685e+38
2445.24 2.860724909219491e+38
2445.88 2.8755654564130082e+38
2446.51 2.8701330650220594e+38
2447.14 2.8682751671089606e+38
2447.78 2.8666719329305207e+38
2448.41 2.8630358718517885e+38
2449.05 2.8414759559779735e+38
2449.68 2.863207316224377e+38
2450.32 2.8208500851822344e+38
2450.95 2.84176938111973e+38
2451.59 2.8631628928591684e+38
2452.22 2.859465734408655e+38
2452.86 2.8572098499122593e+38
2453.49 2.8549663516489223e+38
2454.13 2.852254356206279e+38
2454.76 2.846211201497997e+38
2455.4 2.8357921632682826e+38
2456.04 2.8251511025219565e+38
2456.67 2.8367468227014397e+38
2457.31 2.8322910306730713e+38
2457.95 2.8365156605303634e+38
2458.58 2.8302454929176625e+38
2459.22 2.831401342776176e+38
2459.86 2.821101870653715e+38
2460.5 2.8234240728619966e+38
2461.14 2.8116643007714774e+38
2461.77 2.758305930727295e+38
2462.41 2.8129357025774136e+38
2463.05 2.813501731874894e+38
2463.69 2.7930877363366765e+38
2464.33 2.811266249686764e+38
2464.96 2.8085424485755214e+38
2465.6 2.793884269978128e+38
2466.24 2.803534099485653e+38
2466.88 2.801001124297358e+38
2467.52 2.7831764032232308e+38
2468.16 2.7938828667889925e+38
2468.8 2.7549623340594787e+38
2469.44 2.785884757080222e+38
2470.08 2.7854196770471595e+38
2470.72 2.7848264940122296e+38
2471.36 2.770037545416807e+38
2472.0 2.77864573680612e+38
2472.64 2.775496700006015e+38
2473.28 2.7576443922566217e+38
2473.92 2.7686994803925736e+38
2474.56 2.7681740174223576e+38
2475.21 2.766746491198583e+38
2475.85 2.7573186578827436e+38
2476.49 2.7632778946625163e+38
2477.13 2.7592571570745087e+38
2477.77 2.7584162610358623e+38
2478.42 2.726376586654782e+38
2479.06 2.7511450852962735e+38
2479.7 2.7500535884032908e+38
2480.34 2.7485195566389807e+38
2480.99 2.7341662610230545e+38
2481.63 2.720273804597603e+38
2482.27 2.699667829809699e+38
2482.92 2.724497776970996e+38
2483.56 2.7306384121057498e+38
2484.2 2.733140421898182e+38
2484.85 2.722376020730209e+38
2485.49 2.7284492912812608e+38
2486.14 2.7258507868236856e+38
2486.78 2.724832943004112e+38
2487.42 2.7226241776424477e+38
2488.07 2.7194052364743887e+38
2488.71 2.7050280448513454e+38
2489.36 2.7150512530204146e+38
2490.0 2.712725827885043e+38
2490.65 2.7039720030566476e+38
2491.29 2.678922120923721e+38
2491.94 2.703686951849574e+38
2492.59 2.702170424728757e+38
2493.23 2.694515441046836e+38
2493.88 2.661442188699379e+38
2494.52 2.592119422177866e+38
2495.17 2.694581947672812e+38
2495.82 2.691831064333052e+38
2496.47 2.6602608341202283e+38
2497.11 2.6861004454579567e+38
2497.76 2.6362020844228097e+38
2498.41 2.6795703571157557e+38
2499.05 2.6747502600604734e+38
2499.7 2.6587024454350162e+38
