WAVE FLUX
1000.04 4.0483168485189535e+39
1000.53 4.042158765792685e+39
1001.02 4.025058989478347e+39
1001.51 4.030520572186449e+39
1002.01 3.972824777229163e+39
1002.5 4.0126226900225795e+39
1002.99 4.007165217103894e+39
1003.48 4.00263679846436e+39
1003.97 3.991950331259437e+39
1004.46 3.98294294098143e+39
1004.96 3.976238424370454e+39
1005.45 3.952768633877645e+39
1005.94 3.4256294373307297e+39
1006.43 3.941843517018619e+39
1006.93 3.9295946645613847e+39
1007.42 3.941275323638479e+39
1007.92 3.5085298145925335e+39
1008.41 3.941252063527463e+39
1008.91 3.935071516794028e+39
1009.4 3.943952632913829e+39
1009.9 3.7218608353548777e+39
1010.39 2.951679587436287e+39
1010.89 3.920014497041931e+39
1011.38 3.6652767800219845e+39
1011.88 3.92107598185725e+39
1012.37 3.8840461479564647e+39
1012.87 3.17163268657981e+39
1013.37 3.906532119322538e+39
1013.86 3.8905459938783253e+39
1014.36 3.900938373561491e+39
1014.86 3.725440535245272e+39
1015.36 3.857147017123606e+39
1015.85 3.882088113993657e+39
1016.35 3.875287848305568e+39
1016.85 3.8441697339145955e+39
1017.35 3.676979039927772e+39
1017.85 3.363487081681725e+39
1018.35 3.787114051166304e+39
1018.85 3.7630242346398563e+39
1019.35 3.848182468951334e+39
1019.85 3.8137683370860965e+39
1020.35 3.739839560994989e+39
1020.85 3.8347905148058296e+39
1021.35 3.793502093937545e+39
1021.85 3.80451256058636e+39
1022.35 3.8172247136779647e+39
1022.85 3.770304635404327e+39
1023.35 3.6847257352843e+39
1023.85 3.417070221022974e+39
1024.35 3.226507286198508e+39
1024.86 2.8850329817166797e+39
1025.36 1.1117305752595495e+39
1025.86 7.513777456735888e+38
1026.37 2.1085140159875603e+39
1026.87 1.996665395942085e+39
1027.37 1.912731898703768e+39
1027.88 1.8966286077671573e+39
1028.38 1.9378097079600345e+39
1028.89 2.0182239003248547e+39
1029.39 2.1212321272456428e+39
1029.9 2.1999683609786944e+39
1030.4 2.211033420377127e+39
1030.91 2.1728190849810225e+39
1031.41 2.2162179094798863e+39
1031.92 2.3558668517281767e+39
1032.42 2.523188258959148e+39
1032.93 2.3222445781621677e+39
1033.44 2.2132795471130786e+39
1033.94 2.142127001478211e+39
1034.45 2.1981308918224156e+39
1034.96 2.2787773524136834e+39
1035.46 2.1456104238568684e+39
1035.97 2.714933749311805e+39
1036.48 3.004122324630849e+39
1036.99 2.875848474006461e+39
1037.5 4.033893213860918e+39
1038.01 5.244001477928809e+39
1038.51 5.0898131945391256e+39
1039.02 4.801536915875841e+39
1039.53 4.5504957357397775e+39
1040.04 4.417404423560425e+39
1040.55 4.249869771986773e+39
1041.06 4.1090752368172626e+39
1041.57 3.9692876662839664e+39
1042.08 3.895480786067174e+39
1042.59 3.81504415619653e+39
1043.11 3.753595453798582e+39
1043.62 3.708992779324431e+39
1044.13 3.6806500011540716e+39
1044.64 3.6616182656996955e+39
1045.15 3.647217142586347e+39
1045.67 3.635880234362373e+39
1046.18 3.631099458151816e+39
1046.69 3.624321626852958e+39
1047.2 3.622391005084295e+39
1047.72 3.619872865492159e+39
1048.23 3.614947004452982e+39
1048.75 3.615096936866749e+39
1049.26 3.61300518632551e+39
1049.78 3.610161400257522e+39
1050.29 3.608571185847989e+39
1050.81 3.6043199158459457e+39
1051.32 3.5921297130695223e+39
1051.83 3.5921188734100544e+39
1052.35 3.585574795103479e+39
1052.87 3.5736900499390815e+39
1053.38 3.577137247172373e+39
1053.9 3.572923528243183e+39
1054.42 3.568961386310965e+39
1054.93 3.5645162634203784e+39
1055.45 3.5131666356056265e+39
1055.97 3.493147378328028e+39
1056.49 3.5526717231474324e+39
1057.01 3.5468535756501795e+39
1057.52 3.541294644260092e+39
1058.04 3.533135259996245e+39
1058.56 3.5313313973666793e+39
1059.08 3.530585213935129e+39
1059.6 3.526346067827457e+39
1060.12 3.4567914082690664e+39
1060.64 3.4513692657281603e+39
1061.16 3.474398999884212e+39
1061.68 3.444196853544214e+39
1062.2 3.4412502054670406e+39
1062.72 2.2301524169408376e+39
1063.24 3.481631883017158e+39
1063.76 3.4951930365414204e+39
1064.28 3.490675617818448e+39
1064.81 3.485757897534188e+39
1065.33 3.481733826165179e+39
1065.85 3.4583896589206836e+39
1066.37 3.474019815453214e+39
1066.9 3.469046017587944e+39
1067.42 3.46280829305346e+39
1067.94 3.367571669154695e+39
1068.47 3.457678808856693e+39
1068.99 3.398075837726276e+39
1069.52 3.444457965454767e+39
1070.04 3.369142100524575e+39
1070.56 3.4087706214383643e+39
1071.09 3.434595776472519e+39
1071.61 3.426842162168238e+39
1072.14 3.392672790655499e+39
1072.67 3.3952351656639016e+39
1073.19 3.3842182345758875e+39
1073.72 3.379918798146343e+39
1074.24 3.382554382963552e+39
1074.77 3.3872146090553185e+39
1075.3 3.387666506486553e+39
1075.82 3.393354263021932e+39
1076.35 3.395604958563435e+39
1076.88 3.392463054185904e+39
1077.41 3.3894802256695266e+39
1077.94 3.381668973000674e+39
1078.47 3.378695796290808e+39
1078.99 3.310531342554058e+39
1079.52 3.368028230145073e+39
1080.05 3.367082459912531e+39
1080.58 3.355689678293064e+39
1081.11 3.349576045428742e+39
1081.64 3.291682224546976e+39
1082.17 3.3520151490522935e+39
1082.7 3.3451381123839857e+39
1083.23 3.3246975573152266e+39
1083.77 3.327741966553062e+39
1084.3 3.309540920108964e+39
1084.83 2.8722079297339195e+39
1085.36 3.329231604441792e+39
1085.89 3.3156001510508733e+39
1086.43 3.3194008593211496e+39
1086.96 3.316789153579971e+39
1087.49 3.3125011453143497e+39
1088.02 3.3015221838272484e+39
1088.56 3.286334851018405e+39
1089.09 3.2772533453302e+39
1089.63 3.2519033456258057e+39
1090.16 3.2918940739891223e+39
1090.69 3.2832510014666354e+39
1091.23 3.205691529232038e+39
1091.77 3.28245955955349e+39
1092.3 3.2698486254277267e+39
1092.84 3.26945468956182e+39
1093.37 3.254944641797454e+39
1093.91 3.2689727647919166e+39
1094.44 3.2650482693093615e+39
1094.98 3.2611991621403847e+39
1095.52 3.240671787689361e+39
1096.06 3.251043531907359e+39
1096.59 3.1938986345051257e+39
1097.13 3.2449565464033667e+39
1097.67 3.2013020480549705e+39
1098.21 3.211548090626949e+39
1098.74 3.234169770208645e+39
1099.28 3.230357670467256e+39
1099.82 3.2194999173529486e+39
1100.36 3.2223761603820295e+39
1100.9 3.2179112616953455e+39
1101.44 3.2141186256621026e+39
1101.98 3.1981567768211506e+39
1102.52 3.206546981793229e+39
1103.06 3.1868782749232886e+39
1103.6 3.1980360404668335e+39
1104.15 3.177683561676984e+39
1104.69 3.1912332310164085e+39
1105.23 3.1851981448545645e+39
1105.77 3.1837163845756817e+39
1106.31 3.1795986272857426e+39
1106.85 3.171029184839088e+39
1107.4 3.1707908326238296e+39
1107.94 2.166683880149291e+39
1108.48 2.91389246555586e+39
1109.03 3.1610466547403486e+39
1109.57 3.157758362862514e+39
1110.11 3.147073544007266e+39
1110.66 3.126326325544242e+39
1111.2 3.131355140407351e+39
1111.75 3.11860062363006e+39
1112.29 3.1081917198933635e+39
1112.84 3.1269810913422556e+39
1113.39 3.128475232988465e+39
1113.93 3.1263729800310246e+39
1114.48 3.1221105351096037e+39
1115.02 3.0424704010627665e+39
1115.57 3.110884363250146e+39
1116.12 2.996687002071116e+39
1116.67 3.091212851896488e+39
1117.21 3.0905589849548914e+39
1117.76 3.070255958071414e+39
1118.31 3.076111964488593e+39
1118.86 3.088799404893074e+39
1119.41 3.0800465552372134e+39
1119.95 3.0879869490382824e+39
1120.5 3.081506242770762e+39
1121.05 3.0651424127729204e+39
1121.6 3.0730404232164494e+39
1122.15 3.068145127460729e+39
1122.7 3.0644570140993476e+39
1123.25 3.058800685990568e+39
1123.8 2.195173412105308e+39
1124.36 3.049691510974056e+39
1124.91 2.936456594408136e+39
1125.46 3.045378450022727e+39
1126.01 3.0429089988817975e+39
1126.56 3.040721666398573e+39
1127.11 3.0428768945312845e+39
1127.67 3.036487651366117e+39
1128.22 2.311634953847027e+39
1128.77 2.4494410725376573e+39
1129.33 3.028615651925265e+39
1129.88 3.02100834614633e+39
1130.44 2.9383877955299504e+39
1130.99 2.993345820022869e+39
1131.54 3.0102646961251025e+39
1132.1 3.008928731087717e+39
1132.65 3.005036229141112e+39
1133.21 2.991623581502256e+39
1133.77 2.99781061727951e+39
1134.32 2.979902355052001e+39
1134.88 2.982835467799927e+39
1135.43 2.9873572215833545e+39
1135.99 2.9836264067576665e+39
1136.55 2.979900318535279e+39
1137.1 2.97577180477231e+39
1137.66 2.9723294074989086e+39
1138.22 2.968002495966818e+39
1138.78 2.9658664760005464e+39
1139.34 2.8832940654331065e+39
1139.9 2.863889721484011e+39
1140.45 2.955113976094951e+39
1141.01 2.9520357170967174e+39
1141.57 2.802650797934337e+39
1142.13 2.943719199988173e+39
1142.69 2.941330194738647e+39
1143.25 2.937454793631481e+39
1143.81 2.932233908792467e+39
1144.38 2.8959793430249194e+39
1144.94 2.8587284185810705e+39
1145.5 2.9239527333067216e+39
1146.06 2.9203695140548034e+39
1146.62 2.916857912104293e+39
1147.18 2.9136189381644847e+39
1147.75 2.9103127209135464e+39
1148.31 2.90614416150252e+39
1148.87 2.8945740201746755e+39
1149.44 2.894420297636569e+39
1150.0 2.8840256586849735e+39
1150.0 2.8840256586849735e+39
1150.3 2.894154598631087e+39
1150.6 2.892373244339882e+39
1150.89 2.883351087107393e+39
1151.19 2.886689956888359e+39
1151.49 2.887305634370552e+39
1151.79 2.8853292479520967e+39
1152.09 2.8831550639783e+39
1152.39 2.8801866011269043e+39
1152.69 2.8452029706507223e+39
1152.98 2.8789655153327063e+39
1153.28 2.876597481585522e+39
1153.58 2.874496151925388e+39
1153.88 2.870148516271915e+39
1154.18 2.865543535424676e+39
1154.48 2.8677392116123345e+39
1154.78 2.86643633916179e+39
1155.08 2.8625623171592576e+39
1155.38 2.861788944024143e+39
1155.68 2.861081675329723e+39
1155.98 2.804354503372125e+39
1156.28 2.857035075706134e+39
1156.57 2.8522580353328245e+39
1156.88 2.851418081357787e+39
1157.18 2.8500571367884575e+39
1157.47 2.8460781055086214e+39
1157.78 2.842882495452451e+39
1158.07 2.790565123914431e+39
1158.38 2.8410852319944006e+39
1158.68 2.838552579471348e+39
1158.97 2.828591315033023e+39
1159.28 2.838783760637777e+39
1159.58 2.8305120008690865e+39
1159.88 2.8360095669248e+39
1160.18 2.829960574134677e+39
1160.48 2.78011705094117e+39
1160.78 2.8322121409023007e+39
1161.08 2.8303391686486785e+39
1161.38 2.828532580521077e+39
1161.68 2.826011287272338e+39
1161.98 2.7949664640317575e+39
1162.28 2.823249845438106e+39
1162.58 2.821707726517015e+39
1162.89 2.819578356688076e+39
1163.19 2.7650748229186235e+39
1163.49 2.8140357465911844e+39
1163.79 2.806030160314363e+39
1164.09 2.801141591351029e+39
1164.39 2.783542084682984e+39
1164.7 2.8006571627339466e+39
1165.0 2.756212409809851e+39
1165.3 2.7971478420114576e+39
1165.6 2.743962435288855e+39
1165.9 2.7052095028411187e+39
1166.21 2.7967463149431897e+39
1166.51 2.7954119825205856e+39
1166.81 2.762476377079327e+39
1167.11 2.792295175204547e+39
1167.42 2.761490202223393e+39
1167.72 2.5822974409220423e+39
1168.02 2.7899024968066445e+39
1168.32 2.78837890686051e+39
1168.63 2.7211593843490892e+39
1168.93 1.9965341750259892e+39
1169.23 2.7827200639821377e+39
1169.54 2.7710969390580146e+39
1169.84 2.779294030594927e+39
1170.14 2.774388484333596e+39
1170.44 2.7405015637263695e+39
1170.75 2.7713556580387085e+39
1171.05 2.5936719787713658e+39
1171.35 2.771135989781996e+39
1171.66 2.7652223364066964e+39
1171.96 2.685609410439894e+39
1172.27 2.76512693599264e+39
1172.57 2.755547308782799e+39
1172.87 2.7564535151472734e+39
1173.18 2.7589441151487736e+39
1173.48 2.746918092898646e+39
1173.79 2.7500332558454876e+39
1174.09 2.7514445009311794e+39
1174.4 2.749938606741142e+39
1174.7 2.7409165588444834e+39
1175.0 1.768148078902253e+39
1175.31 1.70561451118651e+39
1175.61 1.6779294871745423e+39
1175.92 1.7741729773964546e+39
1176.22 2.624513367424149e+39
1176.53 2.6951382533564247e+39
1176.83 2.7302592185765496e+39
1177.14 2.7294563064248913e+39
1177.44 2.7276521513228007e+39
1177.75 2.72553180799487e+39
1178.05 2.7254868981598445e+39
1178.36 2.7115422338470856e+39
1178.66 2.726962853461557e+39
1178.97 2.7125109605602735e+39
1179.27 2.7241709382195265e+39
1179.58 2.722680245422741e+39
1179.89 2.7180593011230705e+39
1180.19 2.7193918330165656e+39
1180.5 2.698758861705331e+39
1180.8 2.714669399992665e+39
1181.11 2.7146837615132392e+39
1181.42 2.6946449200507456e+39
1181.72 2.698077490929943e+39
1182.03 2.709360057676234e+39
1182.33 2.7078188204595688e+39
1182.64 2.671602939827744e+39
1182.95 2.2425607953214867e+39
1183.25 2.698901976116802e+39
1183.56 2.698854236163117e+39
1183.87 2.6994280076364732e+39
1184.17 2.692493370766204e+39
1184.48 1.94270549280987e+39
1184.79 2.6736791914237328e+39
1185.09 2.6922302302565732e+39
1185.4 2.6529222945835928e+39
1185.71 2.6893471433294508e+39
1186.02 2.6848449052892643e+39
1186.32 2.6851101927065996e+39
1186.63 2.6611812580263784e+39
1186.94 2.6766821434673017e+39
1187.25 2.6787312842938372e+39
1187.56 2.6767111025254684e+39
1187.86 2.6742648901042488e+39
1188.17 2.6726173173499238e+39
1188.48 2.6564346480351024e+39
1188.79 2.669386726786087e+39
1189.09 2.6661490731224942e+39
1189.4 2.665427008274673e+39
1189.71 2.6651346886440794e+39
1190.02 2.6628182967708463e+39
1190.33 2.6526130711554287e+39
1190.64 2.660150946561198e+39
1190.94 2.6582708387291972e+39
1191.25 2.5163532461294152e+39
1191.56 2.6549355950268675e+39
1191.87 2.6532390187182843e+39
1192.18 2.6511772426936327e+39
1192.49 2.6471049086974463e+39
1192.8 2.6477290844809994e+39
1193.11 2.6287902854668247e+39
1193.42 2.644041934528094e+39
1193.73 2.6333024235427152e+39
1194.04 2.6406031763111562e+39
1194.34 2.639405478782741e+39
1194.65 2.6377796971167254e+39
1194.96 2.6358514506414655e+39
1195.27 2.630712226251451e+39
1195.58 2.6252807727458914e+39
1195.89 2.623603339013468e+39
1196.2 2.420029134728025e+39
1196.51 2.6133827277062177e+39
1196.82 2.611652803917111e+39
1197.13 2.600146796674037e+39
1197.44 2.6054953168521882e+39
1197.75 2.5897791408282792e+39
1198.06 2.6034255496075736e+39
1198.38 2.5891489327500104e+39
1198.69 2.603031787170881e+39
1199.0 2.6074855655701597e+39
1199.31 2.6161603346017135e+39
1199.62 2.6062543844667855e+39
1199.93 2.606329091021234e+39
1200.24 2.583340796759099e+39
1200.55 2.5974318157048086e+39
1200.86 2.5871202280823788e+39
1201.17 2.595069956201236e+39
1201.48 2.591919626737032e+39
1201.8 2.5902007663569523e+39
1202.11 2.3564373235389694e+39
1202.42 2.5881435503255932e+39
1202.73 2.5872049336452993e+39
1203.04 2.584659294413176e+39
1203.35 2.576652064715183e+39
1203.67 2.5831979659253502e+39
1203.98 2.5817855731796705e+39
1204.29 2.5732539710810462e+39
1204.6 2.5790225294369145e+39
1204.92 2.5767189878080216e+39
1205.23 2.5738281526150123e+39
1205.54 2.5563012850812274e+39
1205.85 2.5692391558300213e+39
1206.16 2.5686032532913284e+39
1206.48 1.9361944112631123e+39
1206.79 2.5655557895643964e+39
1207.1 2.5632677078105562e+39
1207.42 2.5580316140967454e+39
1207.73 2.559106827260743e+39
1208.04 2.5558238922647665e+39
1208.35 2.5502540048045888e+39
1208.67 2.5452203627640885e+39
1208.98 2.5506913322837475e+39
1209.29 2.5474779048853033e+39
1209.61 2.5399337213177624e+39
1209.92 2.5411184430148094e+39
1210.23 2.5358142310019003e+39
1210.55 2.525569941322853e+39
1210.86 2.5350815308078513e+39
1211.18 2.5308354047590117e+39
1211.49 2.359806739765091e+39
1211.8 2.5291173173507262e+39
1212.12 2.5270914158303628e+39
1212.43 2.5247797324397724e+39
1212.75 2.508623447841481e+39
1213.06 2.4509137293414218e+39
1213.38 2.5175610530588165e+39
1213.69 2.4964482243766514e+39
1214.0 2.501008211074081e+39
1214.32 2.5033242785233192e+39
1214.63 2.48851160395812e+39
1214.95 2.4543792393655225e+39
1215.26 1.532972034154783e+39
1215.58 1.5019180456525814e+39
1215.89 1.6559179098137794e+39
1216.21 2.533441096968091e+39
1216.52 2.5253023553073285e+39
1216.84 2.484250560299887e+39
1217.15 2.434882304518703e+39
1217.47 2.5129276837787576e+39
1217.79 2.319807832737564e+39
1218.1 2.5071169572458308e+39
1218.42 2.483799976597598e+39
1218.73 2.3433070923943265e+39
1219.05 2.5037515777542814e+39
1219.36 2.5027866444495132e+39
1219.68 2.499918568904977e+39
1220.0 2.4371255256787128e+39
1220.31 2.4652473347153998e+39
1220.63 2.4944944298471774e+39
1220.94 2.3600170607589597e+39
1221.26 2.2827438830284878e+39
1221.58 2.490171367366525e+39
1221.9 2.4818257429160987e+39
1222.21 2.4694708154442528e+39
1222.53 2.4800243923267578e+39
1222.84 2.3533610960299405e+39
1223.16 2.3532096934887207e+39
1223.48 2.4772092324733733e+39
1223.8 2.314433748685995e+39
1224.11 2.4775212020222398e+39
1224.43 2.4763352960321727e+39
1224.75 2.475149970778197e+39
1225.06 2.4744811572866138e+39
1225.38 2.4728411890802128e+39
1225.7 2.424255017528791e+39
1226.02 2.4556155938398972e+39
1226.34 2.4704863823473215e+39
1226.65 2.468965993556129e+39
1226.97 2.467329744865576e+39
1227.29 2.457702339489983e+39
1227.61 2.4631529122694144e+39
1227.93 2.4268529760474287e+39
1228.24 2.450959423392742e+39
1228.56 2.2668783714961325e+39
1228.88 2.4306381974206648e+39
1229.2 2.4126394257698754e+39
1229.52 2.3642561352058943e+39
1229.84 2.3172166006026237e+39
1230.16 2.3365158949792903e+39
1230.47 2.0701004021347147e+39
1230.79 2.2297877376515163e+39
1231.11 2.2224686220943675e+39
1231.43 2.165547706773545e+39
1231.75 2.1036809557695405e+39
1232.07 2.0251257569131763e+39
1232.39 1.967904965375833e+39
1232.71 1.9408691094295603e+39
1233.03 1.9181756629102868e+39
1233.35 1.8953983897570416e+39
1233.67 1.8809300304613358e+39
1233.99 1.8664002138496073e+39
1234.31 1.853475769836661e+39
1234.63 1.816013415763669e+39
1234.95 1.8180724855717585e+39
1235.27 1.7988019027291155e+39
1235.59 1.785276484058629e+39
1235.91 1.7616419059457377e+39
1236.23 1.7340027553770086e+39
1236.55 1.719578220645565e+39
1236.87 1.7212901786075057e+39
1237.19 1.7340684942544614e+39
1237.51 1.7788871866854474e+39
1237.83 1.827471312756145e+39
1238.15 1.8832272585740316e+39
1238.47 1.941265325442166e+39
1238.79 1.716591924404717e+39
1239.11 2.3583009991534908e+39
1239.44 2.2888685402632492e+39
1239.76 2.2307609025159523e+39
1240.08 2.1420776041794598e+39
1240.4 2.1269994574366314e+39
1240.72 2.1001947077196953e+39
1241.04 2.0888234890657644e+39
1241.36 2.103458400034004e+39
1241.69 2.1493916520641546e+39
1242.01 2.2181849123810975e+39
1242.33 2.3164340400825366e+39
1242.65 2.369147671912926e+39
1242.97 3.049680390065659e+39
1243.3 2.988105786173849e+39
1243.62 2.9092977310581227e+39
1243.94 2.838836432179712e+39
1244.26 2.7609756346578395e+39
1244.58 2.7192853319760866e+39
1244.91 2.666345551845268e+39
1245.23 2.6096282343216685e+39
1245.55 2.5834547241856916e+39
1245.88 2.548722268459486e+39
1246.2 2.5138231998200738e+39
1246.52 2.4958986639958792e+39
1246.84 2.4333196836331074e+39
1247.17 2.4584469228956597e+39
1247.49 1.9262961706181354e+39
1247.81 2.3908112358100857e+39
1248.14 2.1575802686827516e+39
1248.46 2.4015365062977828e+39
1248.79 2.401048157518858e+39
1249.11 2.3941045163329196e+39
1249.43 2.3693834092260457e+39
1249.76 2.3831809978183065e+39
1250.08 2.3698958951677342e+39
1250.4 2.2056241690877815e+39
1250.73 2.2458109896387068e+39
1251.05 2.318437806305331e+39
1251.38 2.363453950539172e+39
1251.7 2.3596054820369407e+39
1252.03 2.357062483952635e+39
1252.35 2.351761904691501e+39
1252.68 2.3313906709695067e+39
1253.0 2.3208512917774368e+39
1253.32 2.3483865029232628e+39
1253.65 2.1166121514735254e+39
1253.97 2.280623267465836e+39
1254.3 2.349769510850882e+39
1254.62 2.3478347922951138e+39
1254.95 2.3284089062802828e+39
1255.27 2.284081128240629e+39
1255.6 2.3412255092022394e+39
1255.93 2.3416661138518078e+39
1256.25 2.3403308154810292e+39
1256.58 2.2812295001903378e+39
1256.9 2.3364218702814468e+39
1257.23 2.3319701927396413e+39
1257.55 2.316995992578694e+39
1257.88 2.314232662670898e+39
1258.2 2.331896714173479e+39
1258.53 2.320924701517738e+39
1258.86 2.2139244322699152e+39
1259.18 2.324690231020721e+39
1259.51 2.3225059589232852e+39
1259.84 2.3195224770350388e+39
1260.16 2.3050528578660037e+39
1260.49 2.3142626227594488e+39
1260.82 2.275749183804958e+39
1261.14 2.3120472481763235e+39
1261.47 2.3176532648610547e+39
1261.8 2.2587086957036906e+39
1262.12 2.3148483184977295e+39
1262.45 2.313046179062757e+39
1262.78 2.3116180120941417e+39
1263.11 2.3098184088625272e+39
1263.43 2.3059514595095137e+39
1263.76 2.30675745855702e+39
1264.09 2.3049085977051246e+39
1264.42 2.28184155190231e+39
1264.74 2.298993878075802e+39
1265.07 2.299691579925325e+39
1265.4 2.2948345371641985e+39
1265.73 2.2488120598622722e+39
1266.06 2.1613990082324648e+39
1266.38 2.1926397742235822e+39
1266.71 2.2877000306329718e+39
1267.04 2.2906085110369748e+39
1267.37 2.275111386891858e+39
1267.7 2.2886767620817304e+39
1268.03 2.2884754508632085e+39
1268.35 2.2872235254556935e+39
1268.68 2.28475907552766e+39
1269.01 2.27589496383207e+39
1269.34 2.2718728442234478e+39
1269.67 2.2815281312928044e+39
1270.0 2.2689641681730205e+39
1270.33 2.241193988558981e+39
1270.66 2.1778163915714154e+39
1270.99 2.266381818484718e+39
1271.32 2.27145896073417e+39
1271.65 2.2664007944217794e+39
1271.97 2.2070343147084496e+39
1272.31 2.2731618439439878e+39
1272.63 2.2587737557871598e+39
1272.96 2.2687391203041038e+39
1273.29 2.2474311097998098e+39
1273.62 2.221765499763327e+39
1273.95 2.2606329370262303e+39
1274.28 2.2463730751335463e+39
1274.61 2.2615891975574306e+39
1274.94 2.260193174036708e+39
1275.28 2.2583271122814105e+39
1275.61 2.2570370600513755e+39
1275.94 2.2550207044439318e+39
1276.27 2.2521244168611723e+39
1276.6 2.2444721780363767e+39
1276.93 1.9852082688118773e+39
1277.26 2.2353623218335405e+39
1277.59 2.2484321117459098e+39
1277.92 2.245802876782407e+39
1278.25 2.102003768335671e+39
1278.58 2.2464944425187125e+39
1278.92 2.1994629921511737e+39
1279.25 2.2433576704554242e+39
1279.58 2.2417149327152942e+39
1279.91 2.24053767172452e+39
1280.24 2.238742365473123e+39
1280.57 2.2337573116383872e+39
1280.91 2.235925396033174e+39
1281.24 2.206272651821506e+39
1281.57 2.225978966594343e+39
1281.9 2.2163734179787152e+39
1282.23 2.188642413297185e+39
1282.57 2.2290311726520626e+39
1282.9 2.2194124807633765e+39
1283.23 2.223002277261225e+39
1283.56 2.2223466000613664e+39
1283.9 2.1893900062766887e+39
1284.23 2.131056775777809e+39
1284.56 2.211601679870793e+39
1284.9 2.2137483728680147e+39
1285.23 2.197607604954899e+39
1285.56 2.2127484509877428e+39
1285.9 2.106654884810213e+39
1286.23 2.1466206077720828e+39
1286.56 2.2112976056242965e+39
1286.9 2.205863072476792e+39
1287.23 2.2111614556534018e+39
1287.56 2.1816363536684425e+39
1287.9 2.206702169399196e+39
1288.23 2.1420797322059316e+39
1288.56 2.2047408243811217e+39
1288.9 2.1903771956384204e+39
1289.23 2.1959923586287788e+39
1289.57 2.1995923146577344e+39
1289.9 2.19712169428624e+39
1290.23 2.1976879792883942e+39
1290.57 2.1962279135954983e+39
1290.9 2.1947210591275812e+39
1291.24 2.1660611285311112e+39
1291.57 2.1786759330725545e+39
1291.91 2.1909073751350764e+39
1292.24 2.1873382521223465e+39
1292.58 2.1881008396586496e+39
1292.91 2.1865996125588294e+39
1293.25 2.174105702340964e+39
1293.58 2.1834969645900426e+39
1293.92 2.1771281052600864e+39
1294.25 2.1796959890259067e+39
1294.59 1.870713671864317e+39
1294.92 2.1761020812262916e+39
1295.26 2.1326552834319455e+39
1295.59 2.1635284493861292e+39
1295.93 2.172171005619137e+39
1296.27 2.0215077755900624e+39
1296.6 2.065748131100571e+39
1296.94 2.1203071393389534e+39
1297.28 2.1684538540174084e+39
1297.61 2.095280358372822e+39
1297.95 2.165676350809264e+39
1298.28 2.1647887116169022e+39
1298.62 2.163450336817383e+39
1298.96 1.7226948184590563e+39
1299.29 2.1605300586560488e+39
1299.63 2.1590949093805656e+39
1299.97 2.1581575986959655e+39
1300.3 2.1522619407826e+39
1300.64 2.1016798069242037e+39
1300.98 2.0374078669175022e+39
1301.32 2.1494107054852978e+39
1301.65 2.1429961178424448e+39
1301.99 2.1501700906681296e+39
1302.33 2.1480987887641395e+39
1302.67 2.1466719704843194e+39
1303.0 2.1437674311238194e+39
1303.34 1.7897777606647783e+39
1303.68 2.142251954026962e+39
1304.02 2.1413713585314163e+39
1304.35 2.1400995656401654e+39
1304.69 2.138382659433111e+39
1305.03 2.1372083914821273e+39
1305.37 2.130091792872161e+39
1305.71 2.0895355724603426e+39
1306.05 1.8851296341552202e+39
1306.38 2.1316368491799504e+39
1306.72 2.1146313862300043e+39
1307.06 2.1286591709293805e+39
1307.4 1.923966864188627e+39
1307.74 2.1248048428001122e+39
1308.08 2.1222693820696855e+39
1308.42 2.1169079366637033e+39
1308.76 2.0794258347848692e+39
1309.09 2.11916828697987e+39
1309.43 2.113279370025182e+39
1309.77 2.1074068252233558e+39
1310.11 2.0770638760716423e+39
1310.45 2.1139821920493197e+39
1310.79 2.1127728043844153e+39
1311.13 2.036874508398404e+39
1311.47 2.1099674205519666e+39
1311.81 1.8999283693160996e+39
1312.15 2.1085247695052625e+39
1312.49 2.1029075889463067e+39
1312.83 2.1058220599770907e+39
1313.17 2.1040359454866402e+39
1313.51 2.0999291427253058e+39
1313.85 2.101919735283664e+39
1314.19 2.10037875362491e+39
1314.53 2.035818734845358e+39
1314.88 2.093968065041229e+39
1315.22 2.0960978242715557e+39
1315.56 2.072922387085199e+39
1315.9 2.0801973462064973e+39
1316.24 2.0913948565884823e+39
1316.58 2.0914502325215955e+39
1316.92 2.0864550617080815e+39
1317.26 2.088048285078884e+39
1317.6 2.0839247889921384e+39
1317.94 2.082445027535877e+39
1318.29 2.0099928298501744e+39
1318.63 2.0726502162992694e+39
1318.97 2.082032600297146e+39
1319.31 2.0305282503704003e+39
1319.65 2.074247370980008e+39
1320.0 2.0777415188354375e+39
1320.34 1.9650926592517834e+39
1320.68 2.0143946058661633e+39
1321.02 2.073796168411032e+39
1321.36 1.7704659839727346e+39
1321.71 2.071183436362635e+39
1322.05 2.0698557801471935e+39
1322.39 2.0685289816385173e+39
1322.74 2.067057661687888e+39
1323.08 2.0583258016669223e+39
1323.42 2.0639807661593216e+39
1323.76 2.0616606178021486e+39
1324.11 2.0582027891124256e+39
1324.45 2.0240428120187868e+39
1324.79 2.0551391269205285e+39
1325.14 2.0575586301848273e+39
1325.48 2.0562871207444935e+39
1325.82 1.988452828659033e+39
1326.17 2.0534601946473495e+39
1326.51 1.9987930416076606e+39
1326.85 2.04220516570482e+39
1327.2 2.0430564687972667e+39
1327.54 2.0464065380707186e+39
1327.89 2.0459401139946254e+39
1328.23 2.0430286852677805e+39
1328.58 2.0406356521745453e+39
1328.92 2.0374971953620404e+39
1329.27 2.02977560182097e+39
1329.61 2.0399502694802088e+39
1329.95 2.0363439458473843e+39
1330.3 2.022097750987274e+39
1330.64 2.0342939259047242e+39
1330.99 1.9569274151979362e+39
1331.33 1.962936615928486e+39
1331.68 1.8410148602407555e+39
1332.02 2.0303403957838268e+39
1332.37 2.020923508578023e+39
1332.71 2.0283431974738113e+39
1333.06 2.0259674473942723e+39
1333.41 2.0242935316848216e+39
1333.75 2.024254228909141e+39
1334.1 2.0202544975519262e+39
1334.44 1.9050555884488792e+39
1334.79 2.019382936915892e+39
1335.13 2.0148385665335357e+39
1335.48 2.0170714736013087e+39
1335.83 1.947521769540062e+39
1336.17 1.9477082221412356e+39
1336.52 2.0088380861028785e+39
1336.86 1.9416748834346698e+39
1337.21 2.0050608233440817e+39
1337.56 2.0007304934274918e+39
1337.91 2.0042395713071622e+39
1338.25 1.9918710361643277e+39
1338.6 1.078455575985193e+39
1338.94 2.0060596691319326e+39
1339.29 2.003756263312137e+39
1339.64 1.9099673369319193e+39
1339.99 2.0004467203710794e+39
1340.33 1.9777827296482868e+39
1340.68 1.9976970639844074e+39
1341.03 1.98527504564236e+39
1341.38 1.99384657770263e+39
1341.72 1.9917431548406842e+39
1342.07 1.9883571221243837e+39
1342.42 1.9659182141540402e+39
1342.77 1.9726793790556055e+39
1343.11 1.8326017862440978e+39
1343.46 1.0667905657080447e+39
1343.81 1.986233160593733e+39
1344.16 1.9828108714225766e+39
1344.51 1.983181012543832e+39
1344.86 1.980174307303617e+39
1345.21 1.9795409394515385e+39
1345.55 1.8666637629653178e+39
1345.9 1.977047782421558e+39
1346.25 1.9716881934871935e+39
1346.6 1.9747826693433568e+39
1346.95 1.974060141392413e+39
1347.3 1.933131747817361e+39
1347.65 1.966674687194301e+39
1348.0 1.9578688826152683e+39
1348.35 1.9704012803218828e+39
1348.7 1.96872818659155e+39
1349.05 1.965924515698283e+39
1349.4 1.9655220438838137e+39
1349.74 1.964579196960355e+39
1350.09 1.9387000592736417e+39
1350.44 1.956328164329326e+39
1350.8 1.9609307266199855e+39
1351.15 1.9288716840265764e+39
1351.49 1.716544098543242e+39
1351.84 1.9549968103502327e+39
1352.2 1.9561700351993563e+39
1352.55 1.954284071732125e+39
1352.9 1.9419980241967453e+39
1353.25 1.9523149329980047e+39
1353.6 1.950747098618917e+39
1353.95 1.9498089709174378e+39
1354.3 1.9477946105475102e+39
1354.65 1.947306244366546e+39
1355.0 1.944130233921103e+39
1355.35 1.931285380408013e+39
1355.7 1.9358315012575746e+39
1356.06 1.8875919371682353e+39
1356.41 1.9382027947731208e+39
1356.76 1.9395023866409317e+39
1357.11 1.8125976903239574e+39
1357.46 1.9366561850818936e+39
1357.81 1.890225567090864e+39
1358.17 1.932832414208171e+39
1358.52 1.8461428737358443e+39
1358.87 1.927730937041563e+39
1359.22 1.8950362723982e+39
1359.57 1.9290728911381966e+39
1359.93 1.9243728023375536e+39
1360.28 1.9264614513935845e+39
1360.63 1.92362953734631e+39
1360.98 1.923590182500523e+39
1361.34 1.870178793690116e+39
1361.69 1.7235911080735194e+39
1362.04 1.921123845622836e+39
1362.4 1.9193577996119323e+39
1362.75 1.9141988963542125e+39
1363.1 1.590956048534069e+39
1363.46 1.8912492299537158e+39
1363.81 1.8585741251472633e+39
1364.16 1.9078358707034002e+39
1364.52 1.9042396116769998e+39
1364.87 1.820508538821374e+39
1365.22 1.8915326687114713e+39
1365.58 1.5468721990536072e+39
1365.93 1.864728301118496e+39
1366.29 1.8716996187349956e+39
1366.64 1.8612610180662584e+39
1366.99 1.84258873756376e+39
1367.35 1.83150877911015e+39
1367.7 1.811298957534123e+39
1368.06 1.7822996894539323e+39
1368.41 1.7428574436231598e+39
1368.77 1.7046784134352204e+39
1369.12 1.6758826219726542e+39
1369.48 1.6574643475832006e+39
1369.83 1.6542278685254067e+39
1370.19 1.664661489523888e+39
1370.54 1.691558695367415e+39
1370.9 1.6601130872717844e+39
1371.25 1.5088942872986292e+39
1371.61 2.0479974772364194e+39
1371.96 1.8193680341738025e+39
1372.32 1.9807568418907208e+39
1372.67 1.8814050657305365e+39
1373.03 1.9283813181111358e+39
1373.39 1.915682459305705e+39
1373.74 1.639625520562406e+39
1374.1 1.5879809140296734e+39
1374.45 1.8848918067919457e+39
1374.81 1.7410331372974902e+39
1375.17 1.8816881438388907e+39
1375.52 1.8758961807575952e+39
1375.88 1.8720584837607015e+39
1376.23 1.8233102118976904e+39
1376.59 1.863035707754863e+39
1376.95 1.8685804216517484e+39
1377.31 1.86785177834618e+39
1377.66 1.8161577382854456e+39
1378.02 1.8393915333056653e+39
1378.38 1.8638235783316812e+39
1378.73 1.8461456400499192e+39
1379.09 1.745285895097899e+39
1379.45 1.8566378483831644e+39
1379.81 1.8595498313752746e+39
1380.16 1.648841771546458e+39
1380.52 1.8548961684312722e+39
1380.88 1.8554541530020777e+39
1381.24 1.8488890570161123e+39
1381.6 1.80136399111261e+39
1381.95 1.8524762167918182e+39
1382.31 1.8497935781643438e+39
1382.67 1.8495407082446854e+39
1383.03 1.8488621106331302e+39
1383.39 1.8471201710251916e+39
1383.75 1.842323026354781e+39
1384.1 1.7413535200709716e+39
1384.46 1.841270430481385e+39
1384.82 1.839196831240855e+39
1385.18 1.838141083761031e+39
1385.54 1.8366206989082626e+39
1385.9 1.831766481414065e+39
1386.26 1.810592602848416e+39
1386.62 1.8327843859174017e+39
1386.98 1.8257529520188967e+39
1387.34 1.7851004002566084e+39
1387.7 1.8291245714562873e+39
1388.06 1.7586277468037932e+39
1388.42 1.8145316956212675e+39
1388.78 1.8261447416046408e+39
1389.14 1.8252646212780948e+39
1389.49 1.824765298582788e+39
1389.85 1.8236758775715137e+39
1390.21 1.8227130136809738e+39
1390.58 1.822545578210328e+39
1390.94 1.74541635025761e+39
1391.3 1.8212924298489063e+39
1391.66 1.8199955477918846e+39
1392.02 1.8184902181192852e+39
1392.38 1.8055587054705663e+39
1392.74 1.8141460952008363e+39
1393.1 1.6775014480172917e+39
1393.46 1.8101457695225152e+39
1393.82 1.0530868655062876e+39
1394.18 1.7714334578342828e+39
1394.55 1.7839182690364318e+39
1394.91 1.8074055069937232e+39
1395.27 1.8054948326739338e+39
1395.63 1.8072860606223315e+39
1395.99 1.7768777476126247e+39
1396.35 1.8048794440514812e+39
1396.72 1.8037166403759875e+39
1397.08 1.6839491114957123e+39
1397.44 1.7895326016289858e+39
1397.8 1.764738119772915e+39
1398.16 1.5785593666511416e+39
1398.53 1.798212595078042e+39
1398.89 1.7692601217022446e+39
1399.25 1.7959421483662963e+39
1399.61 1.7945393978359572e+39
1399.98 1.744548770315464e+39
1400.34 1.7639804616540544e+39
1400.7 1.739700251832452e+39
1401.07 1.757618217464232e+39
1401.43 1.7880316504772168e+39
1401.79 1.7874168976636885e+39
1402.16 1.7858541183036517e+39
1402.52 1.780929130488371e+39
1402.88 1.2061388214929338e+39
1403.25 1.6738533960326113e+39
1403.61 1.782165684301783e+39
1403.97 1.776964439127922e+39
1404.34 1.7612412949092375e+39
1404.7 1.7756996948205716e+39
1405.06 1.777215862618422e+39
1405.43 1.7673815009046484e+39
1405.79 1.773948332505547e+39
1406.16 1.7670184793681937e+39
1406.52 1.7617397511841594e+39
1406.89 1.5317993441637252e+39
1407.25 1.3398079249130063e+39
1407.62 1.767309730331738e+39
1407.98 1.766539416884797e+39
1408.35 1.7661738865194044e+39
1408.71 1.686219563593635e+39
1409.08 1.4864635059674888e+39
1409.44 1.2343687445014116e+39
1409.81 1.5683935395591458e+39
1410.17 1.7537824120112072e+39
1410.54 1.7603370889855608e+39
1410.9 1.759164715723107e+39
1411.27 1.7533016243701236e+39
1411.64 1.6619454506352277e+39
1412.0 1.754314415926708e+39
1412.37 1.7545169273544102e+39
1412.73 1.753631065163658e+39
1413.1 1.7524609979679402e+39
1413.46 1.7514148572530634e+39
1413.83 1.750246270907859e+39
1414.2 1.742004581115252e+39
1414.56 1.708322896627326e+39
1414.93 1.742890465242631e+39
1415.3 1.7121437567211372e+39
1415.67 1.7424100175360466e+39
1416.03 1.7427336991341324e+39
1416.4 1.7422126484901132e+39
1416.77 1.7410101210447667e+39
1417.13 1.734730308520526e+39
1417.5 1.7376491818473638e+39
1417.87 1.737529689704229e+39
1418.23 1.707862510544459e+39
1418.6 1.734255337586577e+39
1418.97 1.7334574046434754e+39
1419.34 1.7322210394845256e+39
1419.71 1.726209268720409e+39
1420.07 1.578389256604384e+39
1420.44 1.529869024526538e+39
1420.81 1.7188753636029236e+39
1421.18 1.636004607892208e+39
1421.55 1.7234736912103884e+39
1421.92 1.7214911492137877e+39
1422.28 1.7214541780500743e+39
1422.65 1.71003737766805e+39
1423.02 1.720583443315346e+39
1423.39 1.7202670695663267e+39
1423.76 1.71975274918232e+39
1424.13 1.7189614967986538e+39
1424.5 1.6730013279828888e+39
1424.87 1.7145747451574653e+39
1425.23 1.7162363504064035e+39
1425.6 1.7149332991201336e+39
1425.97 1.707998048866957e+39
1426.34 1.65214251575843e+39
1426.71 1.704424014373035e+39
1427.08 1.71067607604769e+39
1427.45 1.6141649733201192e+39
1427.82 1.583062482065529e+39
1428.19 1.624606527315611e+39
1428.56 1.6607655642518468e+39
1428.93 1.5823715597766993e+39
1429.3 1.6805003457367417e+39
1429.68 1.698158435654682e+39
1430.05 1.6962831354987648e+39
1430.42 1.6467151529078285e+39
1430.79 1.5984115879103053e+39
1431.16 1.696167575698614e+39
1431.53 1.692111177947852e+39
1431.9 1.65664338952679e+39
1432.27 1.6949979190047336e+39
1432.64 1.6938669985458538e+39
1433.01 1.672936451920706e+39
1433.38 1.6912179582345384e+39
1433.76 1.6888815139258378e+39
1434.13 1.68876538792436e+39
1434.5 1.6665926283316223e+39
1434.87 1.68585257520297e+39
1435.24 1.635459262338034e+39
1435.61 1.6841465026424083e+39
1435.99 1.6832532739264785e+39
1436.36 1.682323860834068e+39
1436.73 1.6796536631166677e+39
1437.1 1.6751738236249265e+39
1437.48 1.6630659728436596e+39
1437.85 1.6763689733166033e+39
1438.22 1.676794151448174e+39
1438.59 1.6720139121630758e+39
1438.97 1.659241058371384e+39
1439.34 1.6740160664697032e+39
1439.71 1.660962233276303e+39
1440.09 1.6719733714774186e+39
1440.46 1.373281254471025e+39
1440.83 1.5271075603215456e+39
1441.21 1.651502462250066e+39
1441.58 1.6677823004718445e+39
1441.95 1.6668230415465767e+39
1442.33 1.6510456948489492e+39
1442.7 1.6524534248897048e+39
1443.07 1.6494128049609827e+39
1443.45 1.639754981585378e+39
1443.82 1.6618778246041837e+39
1444.2 1.658015894347643e+39
1444.57 1.6596970534524458e+39
1444.95 1.624569963055088e+39
1445.32 1.6572520015182144e+39
1445.69 1.6218051864673656e+39
1446.07 1.654696241647762e+39
1446.44 1.634174437282306e+39
1446.82 1.636507529230025e+39
1447.19 1.647965590833612e+39
1447.57 1.6385048602680338e+39
1447.94 1.6415641732287242e+39
1448.32 1.6491017747475355e+39
1448.69 1.6464084625523132e+39
1449.07 1.6111544791765223e+39
1449.45 1.6396334738082985e+39
1449.82 1.598184468479022e+39
1450.2 1.6278954082319084e+39
1450.57 1.639444153335403e+39
1450.95 1.635333069240906e+39
1451.33 1.6316455108150684e+39
1451.7 1.63721584288654e+39
1452.08 1.6353304719223554e+39
1452.45 1.615532341759033e+39
1452.83 1.6187330977064898e+39
1453.21 1.635026651876317e+39
1453.58 1.3509054776904374e+39
1453.96 1.6038529657347568e+39
1454.34 1.617946437232634e+39
1454.71 1.3474549844446487e+39
1455.09 1.6297232185358866e+39
1455.47 1.506723077850305e+39
1455.85 1.6255226566156065e+39
1456.22 1.3670775478419165e+39
1456.6 1.6226047267171797e+39
1456.98 1.6246219714439926e+39
1457.36 1.5969521649827958e+39
1457.73 1.3866984478838448e+39
1458.11 1.62106942156544e+39
1458.49 1.593129932771377e+39
1458.87 1.619275633814839e+39
1459.24 1.3707583529299578e+39
1459.62 1.615847919496202e+39
1460.0 1.616590660054054e+39
1460.38 1.6064959932783114e+39
1460.76 1.3487430743620173e+39
1461.14 1.60949194700258e+39
1461.52 1.608786406306432e+39
1461.9 1.6114913079187568e+39
1462.27 1.5935954592745603e+39
1462.65 1.2457120399310963e+39
1463.03 1.6084487953529583e+39
1463.41 1.6072995275452492e+39
1463.79 1.5904733401504307e+39
1464.17 1.545951873549407e+39
1464.55 1.6002047143113057e+39
1464.93 1.5324457907049665e+39
1465.31 1.4853017578288598e+39
1465.69 1.6007159371439853e+39
1466.07 1.6003458287186867e+39
1466.45 1.5913415958989825e+39
1466.83 1.582388022572926e+39
1467.21 1.5944193578359767e+39
1467.59 1.594895120588947e+39
1467.97 1.5919216884158054e+39
1468.35 1.5912604519332078e+39
1468.73 1.5904896168679688e+39
1469.11 1.5786665490105336e+39
1469.49 1.5877055918069525e+39
1469.87 1.571410104460627e+39
1470.25 1.569528144586856e+39
1470.64 1.584594469430103e+39
1471.02 1.580766417034969e+39
1471.4 1.5684737879700296e+39
1471.78 1.577708731110417e+39
1472.16 1.4300011672129992e+39
1472.54 1.2933794438312437e+39
1472.92 1.580794862696744e+39
1473.31 1.5798815918007415e+39
1473.69 1.5801346588463395e+39
1474.07 1.5791873574130107e+39
1474.45 1.5782042813302083e+39
1474.83 1.5771854981060488e+39
1475.21 1.5747163343820262e+39
1475.6 1.3668515540905246e+39
1475.98 1.5763073718527274e+39
1476.36 1.568991033063694e+39
1476.74 1.574417889164341e+39
1477.13 1.5752483416199718e+39
1477.51 1.5328815029439177e+39
1477.89 1.556783197262632e+39
1478.28 1.49096396926776e+39
1478.66 1.5703147086129066e+39
1479.04 1.5688313093055944e+39
1479.43 1.3039329452646132e+39
1479.81 1.5638489618141878e+39
1480.19 1.5620119535046908e+39
1480.58 1.5618645252940602e+39
1480.96 1.5609640679611636e+39
1481.34 1.5572288837067763e+39
1481.73 1.5546815894276247e+39
1482.11 1.5582279796983483e+39
1482.5 1.5572918176156582e+39
1482.88 1.556178972105717e+39
1483.27 1.4731553394027743e+39
1483.65 1.553739058329144e+39
1484.03 1.5443567175720775e+39
1484.42 1.5409786451517138e+39
1484.8 1.5505870647903323e+39
1485.19 1.5360139276320992e+39
1485.57 1.548262832130625e+39
1485.96 1.5237849616599325e+39
1486.34 1.545230301118957e+39
1486.73 1.5320827009646853e+39
1487.11 1.5454741297721912e+39
1487.5 1.5445100222212017e+39
1487.89 1.5284798607877857e+39
1488.27 1.5425855139085882e+39
1488.66 1.5416231976412664e+39
1489.04 1.5370845689154495e+39
1489.43 1.5373641471226783e+39
1489.81 1.4907206672284964e+39
1490.2 1.400281194980313e+39
1490.59 1.5299042089792672e+39
1490.97 1.5358321700969456e+39
1491.36 1.5348386997473548e+39
1491.75 1.5332455779210454e+39
1492.13 1.5306335854910076e+39
1492.52 1.5316524011178968e+39
1492.91 1.5305911313193097e+39
1493.29 1.5300608646901416e+39
1493.68 1.441875230808606e+39
1494.07 1.5265346078561116e+39
1494.45 1.5084682228689952e+39
1494.84 1.514171741401902e+39
1495.23 1.4990430547804658e+39
1495.62 1.4863225790259936e+39
1496.01 1.522797106115404e+39
1496.39 1.5215686392306076e+39
1496.78 1.5204793061903576e+39
1497.17 1.5193557640630862e+39
1497.56 1.4938549849896667e+39
1497.94 1.405717145058474e+39
1498.33 1.5163061705616372e+39
1498.72 1.4689799278866236e+39
1499.11 1.486876233759355e+39
1499.5 1.5088767847628392e+39
1499.89 1.5076229234851035e+39
1500.28 1.4925596157979462e+39
1500.66 1.509771349416245e+39
1501.05 1.5099763026505036e+39
1501.44 1.502377539653973e+39
1501.83 1.0501661892590086e+39
1502.22 1.4926809147391194e+39
1502.61 1.5057952642616e+39
1503.0 1.503089609388166e+39
1503.39 1.502359325065918e+39
1503.78 1.4980377585911856e+39
1504.17 1.497861650780596e+39
1504.56 1.457104308306858e+39
1504.95 1.498199271134211e+39
1505.34 1.4934425449708376e+39
1505.73 1.4751882882417178e+39
1506.12 1.4941231368603e+39
1506.51 1.4946356085645294e+39
1506.9 1.4885871210862252e+39
1507.29 1.4924616774029532e+39
1507.68 1.4906720828736567e+39
1508.07 1.489707644966095e+39
1508.46 1.4891209495930018e+39
1508.85 1.4774707750764533e+39
1509.24 1.4857229205508656e+39
1509.64 1.4853411253104525e+39
1510.03 1.484482653403811e+39
1510.42 1.4835221912101618e+39
1510.81 1.482391669113582e+39
1511.2 1.4564711374938765e+39
1511.59 1.473637954170534e+39
1511.98 1.477303452135442e+39
1512.38 1.4734251709387122e+39
1512.77 1.4359753870385185e+39
1513.16 1.4729089661655656e+39
1513.55 1.4589312076046216e+39
1513.94 1.4694463049929527e+39
1514.34 1.4724890898793488e+39
1514.73 1.4714346863813826e+39
1515.12 1.4697717371674912e+39
1515.52 1.4618009902480815e+39
1515.91 1.4656732143868226e+39
1516.3 1.460380579157404e+39
1516.69 1.4077156704442835e+39
1517.09 1.4644120663176458e+39
1517.48 1.463936340714252e+39
1517.87 1.4528844762038407e+39
1518.27 1.461737646451043e+39
1518.66 1.458237695675372e+39
1519.05 1.311194767630916e+39
1519.45 1.458429872945685e+39
1519.84 1.45745258563847e+39
1520.23 1.4562747421784658e+39
1520.63 1.3723713911424524e+39
1521.02 1.4531168369522954e+39
1521.42 1.4507376109916442e+39
1521.81 1.451903479438185e+39
1522.21 1.4507950937559483e+39
1522.6 1.4497561190819028e+39
1522.99 1.448651168594137e+39
1523.39 1.4460794291183792e+39
1523.79 1.446040556385009e+39
1524.18 1.4386970037021664e+39
1524.57 1.4411799218195063e+39
1524.97 1.427468466334198e+39
1525.36 1.3916351308152496e+39
1525.76 1.4354025067482683e+39
1526.16 1.428966393734828e+39
1526.55 1.4368150570153883e+39
1526.95 1.430537285858052e+39
1527.34 1.427933668261232e+39
1527.74 1.3934979732391002e+39
1528.14 1.4259839825836378e+39
1528.53 1.4116384978580395e+39
1528.93 1.4210906960593478e+39
1529.32 1.431662465629168e+39
1529.72 1.430470604537905e+39
1530.12 1.3152770263696502e+39
1530.51 1.396870262844072e+39
1530.91 1.4277572201638537e+39
1531.31 1.4011113663271183e+39
1531.7 1.4161246690551644e+39
1532.1 1.4094503303018784e+39
1532.5 1.3848669829759214e+39
1532.9 1.3066411907715712e+39
1533.29 1.3200037636620556e+39
1533.69 1.4129716534608016e+39
1534.09 1.4159950237674382e+39
1534.48 1.4164803237391043e+39
1534.88 1.4011312522367768e+39
1535.28 1.4148392264717364e+39
1535.68 1.3916671059624565e+39
1536.08 1.4118014716334224e+39
1536.47 1.4045992743533147e+39
1536.87 1.4016536227584515e+39
1537.27 1.3469422195809262e+39
1537.67 1.3954594662641695e+39
1538.07 1.3790356207113672e+39
1538.47 1.383419013616469e+39
1538.86 1.3448769121943966e+39
1539.26 1.3651198762843122e+39
1539.66 1.3535959307014678e+39
1540.06 1.3255535832324681e+39
1540.46 1.3169992690441853e+39
1540.86 1.3236518706083231e+39
1541.26 1.3232808252195755e+39
1541.66 1.3230621918791042e+39
1542.06 1.298669068425634e+39
1542.46 1.3081475498650884e+39
1542.86 1.3059452360232035e+39
1543.26 1.312088704268932e+39
1543.66 1.305573798837981e+39
1544.06 1.3095125132022509e+39
1544.46 1.2226942717052066e+39
1544.86 1.2160070706701647e+39
1545.26 1.3264299539778835e+39
1545.66 1.32587486938527e+39
1546.06 1.3368748563489723e+39
1546.46 1.303613860038013e+39
1546.86 1.3352948716407829e+39
1547.26 1.3225600214747027e+39
1547.66 1.2909029642509438e+39
1548.06 9.060909719869843e+38
1548.47 1.455725404951923e+39
1548.87 1.4303346577807684e+39
1549.27 1.4166607464199882e+39
1549.67 1.4006642906078384e+39
1550.07 1.3761705210351873e+39
1550.47 1.3138035840439234e+39
1550.88 9.553622714899595e+38
1551.28 1.4451278594655907e+39
1551.68 1.429994800473606e+39
1552.08 1.402628441240155e+39
1552.48 1.4115323019230156e+39
1552.89 1.4051363002225335e+39
1553.29 1.3252463874156263e+39
1553.69 1.3955159424668682e+39
1554.09 1.3845638017742214e+39
1554.5 1.3872048416694634e+39
1554.9 1.346073461758084e+39
1555.3 1.3674357376401034e+39
1555.71 1.3758926205398206e+39
1556.11 1.359229214349247e+39
1556.51 1.354038013694275e+39
1556.92 1.3641070866722732e+39
1557.32 1.268547158803222e+39
1557.72 1.361710437571711e+39
1558.13 1.3256606556116728e+39
1558.53 1.357439590676859e+39
1558.93 1.3494868397312654e+39
1559.34 1.3391408146899269e+39
1559.74 1.3524287173484009e+39
1560.15 1.3216972063127532e+39
1560.55 1.32418939134325e+39
1560.96 1.348551968153641e+39
1561.36 1.2905231942428439e+39
1561.77 1.3461808003970716e+39
1562.17 1.3433881541697024e+39
1562.57 1.3409100139706976e+39
1562.98 1.3428181546807327e+39
1563.39 1.3416362116625277e+39
1563.79 1.3162636370487659e+39
1564.19 1.317167460207529e+39
1564.6 1.2964284494066813e+39
1565.01 1.3372299956329118e+39
1565.41 1.3359315655011887e+39
1565.82 1.3252620542866952e+39
1566.22 1.2787624049698653e+39
1566.63 1.2868780878169689e+39
1567.04 1.3097697311308633e+39
1567.44 1.3317510207266256e+39
1567.85 1.3303642827041499e+39
1568.25 1.1676929548773822e+39
1568.66 1.2865485887711075e+39
1569.07 1.3276503759737477e+39
1569.47 1.3247740065565757e+39
1569.88 1.3262619889139005e+39
1570.29 1.3112238636272028e+39
1570.69 1.3206110046688078e+39
1571.1 1.322124728593011e+39
1571.51 1.3220258333966706e+39
1571.92 1.2795211008862139e+39
1572.32 1.298989105775161e+39
1572.73 1.3060596544960585e+39
1573.14 1.3179547998788402e+39
1573.55 1.3171887582030754e+39
1573.95 1.3162429586853995e+39
1574.36 1.3152053131414159e+39
1574.77 1.2335337757079e+39
1575.18 1.2365695087825715e+39
1575.59 1.2537069072395664e+39
1575.99 1.2903693835301326e+39
1576.4 1.2662268821271795e+39
1576.81 1.2935374472698368e+39
1577.22 1.2484078169929933e+39
1577.63 1.3036888463548793e+39
1578.04 1.243115316931676e+39
1578.45 1.305085252951969e+39
1578.86 1.3027057919182076e+39
1579.27 1.2961456385818775e+39
1579.68 1.1656851358565573e+39
1580.08 1.3008561108551568e+39
1580.49 1.3000399889705686e+39
1580.9 1.2669928330309633e+39
1581.31 1.2858834362772902e+39
1581.72 1.2955346798499357e+39
1582.13 1.295825377256663e+39
1582.54 1.2903986964848586e+39
1582.95 1.2918180470130846e+39
1583.36 1.2925244768254048e+39
1583.77 1.2759574789524897e+39
1584.18 1.2864224911197805e+39
1584.59 1.2680636226023146e+39
1585.01 1.2130198549587079e+39
1585.42 1.2878204666260357e+39
1585.83 1.2126982000912273e+39
1586.24 1.2737381012808216e+39
1586.65 1.285338582073597e+39
1587.06 1.2842658808507175e+39
1587.47 1.2636661218337603e+39
1587.88 1.2820936139429656e+39
1588.3 1.2809924701047546e+39
1588.71 1.2792751537091342e+39
1589.12 1.2782368983449524e+39
1589.53 1.2771406604205162e+39
1589.94 1.2606545928249389e+39
1590.35 1.2760376417046872e+39
1590.77 1.2744426766358989e+39
1591.18 1.272880621989819e+39
1591.59 1.2636157797283308e+39
1592.0 1.1806533482548078e+39
1592.42 1.2701915230670478e+39
1592.83 1.2699205934961916e+39
1593.24 1.2670504823193904e+39
1593.66 1.2522490630806454e+39
1594.07 1.2619671831560593e+39
1594.48 1.2651889907225086e+39
1594.89 1.2419460873391438e+39
1595.31 1.2575044393712053e+39
1595.72 1.2593222007797944e+39
1596.14 1.2621577435859549e+39
1596.55 1.2610460965091131e+39
1596.96 1.2596163373177433e+39
1597.38 1.2499569364803519e+39
1597.79 1.2580629335276677e+39
1598.2 1.2568969703935719e+39
1598.62 1.2376744769954299e+39
1599.03 1.2551734400789442e+39
1599.45 1.2541529081604104e+39
1599.86 1.2400459789119028e+39
1600.28 1.2496676575051578e+39
1600.69 1.2493721535442974e+39
1601.11 1.248471280949921e+39
1601.52 1.2391555934404121e+39
1601.94 1.224228735049771e+39
1602.35 1.2471820368349799e+39
1602.77 1.2461105340427486e+39
1603.18 1.0606298324691814e+39
1603.6 1.241968415661343e+39
1604.01 1.243219505864915e+39
1604.43 1.239922444179767e+39
1604.84 1.1686427746071597e+39
1605.26 1.2402478329493463e+39
1605.68 1.2378703816939629e+39
1606.09 1.2364097410295027e+39
1606.51 1.2360302669816322e+39
1606.93 1.2244915413600297e+39
1607.34 1.2350741294105761e+39
1607.76 1.2164932438875282e+39
1608.18 1.2280226412647187e+39
1608.59 1.2314409703015529e+39
1609.01 1.1006526001009304e+39
1609.43 1.2276566633901282e+39
1609.84 1.1047757655637733e+39
1610.26 1.1645303001352393e+39
1610.68 1.227601592802956e+39
1611.09 1.2119219343772889e+39
1611.51 1.2257200450532711e+39
1611.93 1.2060017204365277e+39
1612.35 1.2237552342790608e+39
1612.77 1.1842440014723629e+39
1613.18 1.2216825691621368e+39
1613.6 1.2131513923933365e+39
1614.02 1.0998200195635734e+39
1614.44 1.2188723816267219e+39
1614.86 1.2112529517384862e+39
1615.28 1.1505392961995695e+39
1615.69 1.200103265831513e+39
1616.11 1.19427741065909e+39
1616.53 1.2135895109360961e+39
1616.95 1.2058364472312258e+39
1617.37 1.2120903538743111e+39
1617.79 1.2016045924306313e+39
1618.21 1.2102306846795527e+39
1618.63 1.1982425474579723e+39
1619.05 1.208067801010064e+39
1619.47 1.2040593032576018e+39
1619.89 1.2054367904915386e+39
1620.31 1.1594739686477132e+39
1620.73 1.1698160058572837e+39
1621.15 1.0933371668023962e+39
1621.57 1.0793459347951643e+39
1621.99 1.2018138497570715e+39
1622.41 1.1947684475074512e+39
1622.83 1.1999697031181345e+39
1623.25 1.1937869121244585e+39
1623.67 1.1735006685305587e+39
1624.09 1.1548613988385797e+39
1624.51 1.1959867966613671e+39
1624.93 1.121870946149125e+39
1625.35 1.168205946456359e+39
1625.78 1.1917779903982302e+39
1626.2 1.1747402898169162e+39
1626.62 1.1911552329247906e+39
1627.04 1.1889808447943241e+39
1627.46 1.1471265952834789e+39
1627.88 1.1875662187215619e+39
1628.31 1.1820987487198248e+39
1628.73 1.1866160976691035e+39
1629.15 1.0993771586595986e+39
1629.57 1.1852041928315822e+39
1629.99 1.1836945406568769e+39
1630.42 1.1703763713529766e+39
1630.84 1.1826112391661162e+39
1631.26 1.1814312512390817e+39
1631.68 1.0870384424768634e+39
1632.11 1.10230248386625e+39
1632.53 1.1705156526574467e+39
1632.95 1.1785110555572276e+39
1633.38 1.1779301303623237e+39
1633.8 1.1749677795667123e+39
1634.22 1.1743900949288348e+39
1634.65 1.151856125120421e+39
1635.07 1.1744773602801608e+39
1635.49 1.1723331851152827e+39
1635.92 1.1707573733514225e+39
1636.34 1.1714757471835076e+39
1636.77 1.1716263643819909e+39
1637.19 1.1684376085976483e+39
1637.61 1.1319100454823197e+39
1638.04 1.1555207122791813e+39
1638.46 1.0900442103159313e+39
1638.89 1.1628666716588273e+39
1639.31 1.1324167712627488e+39
1639.74 1.1446747278542089e+39
1640.16 9.733711157694126e+38
1640.59 9.618209827737923e+38
1641.01 1.1749532809011441e+39
1641.44 1.1689512013644391e+39
1641.86 1.0670695415712198e+39
1642.29 1.1628628533474134e+39
1642.71 1.1452355753749396e+39
1643.14 1.160167232063489e+39
1643.57 1.1583141317860624e+39
1643.99 1.1388923450675848e+39
1644.42 1.1554959412962033e+39
1644.84 1.1523508702227694e+39
1645.27 1.143537668830943e+39
1645.7 1.1448700947700149e+39
1646.12 1.1513901428126322e+39
1646.55 1.15026586969298e+39
1646.98 1.1372447891175812e+39
1647.41 1.1480470118583715e+39
1647.83 1.146927456568984e+39
1648.26 1.1455700660241263e+39
1648.69 1.1401640921720544e+39
1649.11 1.1401280282250547e+39
1649.54 1.138542679013085e+39
1649.97 1.1316314349942956e+39
1650.4 1.1402778442318401e+39
1650.82 1.1389559553322393e+39
1651.25 1.1390495138387855e+39
1651.68 1.1271151084651261e+39
1652.11 1.1366687877851184e+39
1652.54 1.1218624013300186e+39
1652.96 1.0622232737886069e+39
1653.39 1.0634607393347017e+39
1653.82 1.1334623657924375e+39
1654.25 1.1287369531467175e+39
1654.68 1.1150090104460174e+39
1655.11 1.1308734431957478e+39
1655.54 1.128910802812811e+39
1655.96 1.1277837026778047e+39
1656.39 1.1282917896893779e+39
1656.82 1.1252707661455655e+39
1657.25 1.1258813874686666e+39
1657.68 1.10720550875066e+39
1658.11 1.1201181412219502e+39
1658.54 1.1217069715618833e+39
1658.97 1.1040659138958872e+39
1659.4 1.120548296745286e+39
1659.83 1.1164162582673812e+39
1660.26 1.1198032405818535e+39
1660.69 1.1181943211001917e+39
1661.12 1.1174621952557382e+39
1661.55 1.0780239052829607e+39
1661.98 1.1142276675467218e+39
1662.42 1.0931478653105036e+39
1662.85 1.1153070496505804e+39
1663.28 1.1146024115462694e+39
1663.71 1.113693036471581e+39
1664.14 1.1128868858516914e+39
1664.57 1.1104181200638775e+39
1665.0 1.1063487516517644e+39
1665.43 1.1095517301092519e+39
1665.86 1.1093869540919342e+39
1666.3 1.1085058227416171e+39
1666.73 1.107499318119624e+39
1667.16 1.1061880205718002e+39
1667.59 1.1058454341067512e+39
1668.03 1.0742350824418858e+39
1668.46 1.0906987083828582e+39
1668.89 1.103139056073617e+39
1669.32 1.1022642383218341e+39
1669.76 1.0855769108949341e+39
1670.19 1.0995020501619194e+39
1670.62 1.0961032964009877e+39
1671.05 1.0286246292063841e+39
1671.49 1.0977963357017627e+39
1671.92 1.0882964206402954e+39
1672.35 1.0876836976793492e+39
1672.79 1.0712663431866317e+39
1673.22 1.0940139707594862e+39
1673.65 1.0094812808362692e+39
1674.09 1.092705412790154e+39
1674.52 1.0911349964610279e+39
1674.96 1.0910214729690623e+39
1675.39 1.0768337979554707e+39
1675.82 1.0845611719009059e+39
1676.26 1.0879748299218996e+39
1676.69 1.0840123029342446e+39
1677.13 1.0510635989266929e+39
1677.56 1.0859362918103653e+39
1678.0 1.0850983928879802e+39
1678.43 1.0842375920126229e+39
1678.87 1.0831016615277332e+39
1679.3 1.0825913463864433e+39
1679.74 1.0817310625778112e+39
1680.17 1.0809226536647156e+39
1680.61 1.0800387977956272e+39
1681.04 1.0792067752561782e+39
1681.48 1.0783491230045488e+39
1681.92 1.0515359133266796e+39
1682.35 1.0766620341196902e+39
1682.79 1.0757815892699932e+39
1683.22 1.0750022796203118e+39
1683.66 1.0738016871517323e+39
1684.1 1.0732941760539286e+39
1684.53 1.0724178473979761e+39
1684.97 1.0716394971322671e+39
1685.41 1.0707877269848799e+39
1685.84 1.0626460383968785e+39
1686.28 1.0688168415384281e+39
1686.72 1.0209346489246326e+39
1687.15 1.0666530226873697e+39
1687.59 1.0442099118313757e+39
1688.03 1.0654239325829014e+39
1688.47 1.0647976373051227e+39
1688.9 1.0639525999549555e+39
1689.34 1.063082328033324e+39
1689.78 1.0622372115938412e+39
1690.22 1.0544988673637429e+39
1690.66 1.038892755402744e+39
1691.09 1.0597072102012732e+39
1691.53 1.0588403361493733e+39
1691.97 1.0578767176183416e+39
1692.41 1.0560138997177082e+39
1692.85 1.0560736433607872e+39
1693.29 1.0554526803557591e+39
1693.72 1.054663466616381e+39
1694.16 1.0538006283453185e+39
1694.6 1.0315564472417746e+39
1695.04 1.0422155198442157e+39
1695.48 1.0510952369054636e+39
1695.92 1.0487128603665053e+39
1696.36 1.049593453377265e+39
1696.8 1.0437959954328562e+39
1697.24 1.0478041956406922e+39
1697.68 1.0471156091574626e+39
1698.12 1.0457289415505435e+39
1698.56 1.0453786242439699e+39
1699.0 1.0391017993172646e+39
1699.44 1.0435002846339607e+39
1699.88 1.0429105012940647e+39
1700.32 1.027996184425547e+39
1700.76 1.0098246286610401e+39
1701.2 1.02775691595101e+39
1701.64 1.0384721424520907e+39
1702.08 1.0381002302305268e+39
1702.53 1.0377509418208822e+39
1702.97 1.0370687781094066e+39
1703.41 1.0360530094859838e+39
1703.85 1.035419612721634e+39
1704.29 1.0344292467834665e+39
1704.73 1.0337015999121174e+39
1705.18 1.0329254957649947e+39
1705.62 1.0298960239836871e+39
1706.06 1.0309266326447425e+39
1706.5 1.021532363781596e+39
1706.94 1.023402550301326e+39
1707.39 9.919282749582505e+38
1707.83 1.0279798958269404e+39
1708.27 1.0263109579186743e+39
1708.71 1.0253055398061573e+39
1709.16 1.0255268888151886e+39
1709.6 1.02468735394063e+39
1710.04 1.021564269203433e+39
1710.49 1.0228675988508028e+39
1710.93 1.0161170208649888e+39
1711.37 9.198945037841648e+38
1711.82 1.0203560191261123e+39
1712.26 1.0147896169207225e+39
1712.7 9.502552823938719e+38
1713.15 1.0176629850828876e+39
1713.59 1.0172044286876139e+39
1714.04 1.0162765727672626e+39
1714.48 1.015608120134579e+39
1714.93 1.0145181534052922e+39
1715.37 1.0108903692631177e+39
1715.81 1.0127407583202772e+39
1716.26 1.0100710544519554e+39
1716.7 1.0106857480910098e+39
1717.15 9.73239584210756e+38
1717.59 1.0079151348368377e+39
1718.04 9.970285058013236e+38
1718.48 6.494440817450458e+38
1718.93 1.0079879909039202e+39
1719.38 9.971005257573033e+38
1719.82 1.0057571124947806e+39
1720.27 1.0044462124400175e+39
1720.71 1.0021687094491267e+39
1721.16 1.003238978608106e+39
1721.6 9.886180524963668e+38
1722.05 1.0013181327448454e+39
1722.5 9.262444480017158e+38
1722.94 9.983888812710423e+38
1723.39 9.995240729042067e+38
1723.84 9.975088867447941e+38
1724.28 9.50847502534833e+38
1724.73 9.951862587909221e+38
1725.18 9.9590488836028e+38
1725.62 9.075319830744429e+38
1726.07 9.94684654717987e+38
1726.52 9.899400373689175e+38
1726.97 9.928927812715323e+38
1727.41 9.533149409735778e+38
1727.86 9.914021327049697e+38
1728.31 9.787759523423874e+38
1728.76 9.891604076612413e+38
1729.2 9.891012308333091e+38
1729.65 9.883577266933598e+38
1730.1 9.865238152126445e+38
1730.55 9.856233379354114e+38
1731.0 9.859715310561445e+38
1731.45 9.578946877031325e+38
1731.9 9.844442953182046e+38
1732.34 9.833205440652244e+38
1732.79 9.760644150210902e+38
1733.24 9.820234060066816e+38
1733.69 9.810591459769884e+38
1734.14 9.80186089919437e+38
1734.59 9.792235996470853e+38
1735.04 9.789831130304161e+38
1735.49 9.781343750238403e+38
1735.94 9.772638530226151e+38
1736.39 9.637294740753333e+38
1736.84 9.757721974266206e+38
1737.29 9.643434393765856e+38
1737.74 9.741705876260079e+38
1738.19 9.712215009878124e+38
1738.64 9.682144406350053e+38
1739.09 9.589916271916052e+38
1739.54 9.598824854695323e+38
1739.99 9.702000921965516e+38
1740.44 9.6944806462272e+38
1740.9 9.67647505929181e+38
1741.35 9.678552322696121e+38
1741.8 9.670827015938635e+38
1742.25 9.578484924576214e+38
1742.7 9.654727425993906e+38
1743.15 9.647242747035206e+38
1743.6 9.639541734713983e+38
1744.06 9.63138991970832e+38
1744.51 9.623701208871814e+38
1744.96 9.612476441361303e+38
1745.41 9.462119707744294e+38
1745.86 9.59713446863101e+38
1746.32 9.59321364729629e+38
1746.77 9.584671712415361e+38
1747.22 9.551253240938342e+38
1747.68 9.546910961562909e+38
1748.13 9.53928828636593e+38
1748.58 9.553864277335927e+38
1749.04 9.520539402608799e+38
1749.49 9.521264547863144e+38
1749.94 9.531202606637757e+38
1750.4 9.516563813150163e+38
1750.85 9.516630714211865e+38
1751.3 9.191497261704413e+38
1751.76 8.889527950402052e+38
1752.21 9.493617466997293e+38
1752.67 9.485148820172858e+38
1753.12 9.344308356971747e+38
1753.57 9.426493351356662e+38
1754.03 9.434579780120363e+38
1754.48 9.454434313811963e+38
1754.94 9.44752234374924e+38
1755.39 9.439541469726239e+38
1755.85 9.431119780290951e+38
1756.3 9.423803353223186e+38
1756.76 9.416479386436984e+38
1757.21 9.407874120788267e+38
1757.67 9.400562165001259e+38
1758.12 9.386782323104316e+38
1758.58 9.32929997438609e+38
1759.04 9.376297092973379e+38
1759.49 9.368806205253445e+38
1759.95 9.361092584326317e+38
1760.4 9.271274072082477e+38
1760.86 9.307685221598432e+38
1761.32 9.297237952620145e+38
1761.77 9.32903666663376e+38
1762.23 9.315776095716457e+38
1762.69 9.294398192884073e+38
1763.14 9.298954073457362e+38
1763.6 9.29365011749227e+38
1764.06 9.289418420760362e+38
1764.51 9.28263614467806e+38
1764.97 9.022429908262677e+38
1765.43 9.266926049601823e+38
1765.89 9.256735808918189e+38
1766.34 9.252958981852826e+38
1766.8 9.245337954486219e+38
1767.26 9.236234189745071e+38
1767.72 9.225439654733204e+38
1768.18 9.22038806120341e+38
1768.64 9.215126855566295e+38
1769.09 9.207760912668246e+38
1769.55 9.170143558634907e+38
1770.01 9.193020451660163e+38
1770.47 9.152090563538514e+38
1770.93 9.17640098124438e+38
1771.39 9.170530241060252e+38
1771.85 9.160443554548873e+38
1772.31 9.156269134148815e+38
1772.77 9.148935948876548e+38
1773.22 9.136150051495809e+38
1773.68 9.131565599816916e+38
1774.14 9.123411295101131e+38
1774.6 9.112116323752519e+38
1775.06 9.112787591520818e+38
1775.52 9.104439841484063e+38
1775.98 8.987009578679996e+38
1776.44 9.07438433549469e+38
1776.9 9.067115020882528e+38
1777.36 9.074883771868666e+38
1777.82 8.96526247082804e+38
1778.29 9.0601278531992e+38
1778.75 9.043910272180077e+38
1779.21 9.038121062185746e+38
1779.67 9.037744391800569e+38
1780.13 9.03029514830616e+38
1780.59 9.015790815559847e+38
1781.05 9.002760543364623e+38
1781.52 9.007970391296812e+38
1781.98 8.951767694750857e+38
1782.44 8.992297103089024e+38
1782.9 8.980747418518287e+38
1783.36 8.978304024543454e+38
1783.82 8.970902227651597e+38
1784.29 8.963700081496568e+38
1784.75 8.950949643911668e+38
1785.21 8.948513578087514e+38
1785.68 8.94132880751152e+38
1786.14 8.909100012692056e+38
1786.6 8.925562456065846e+38
1787.06 8.919845720322227e+38
1787.53 8.911862318138886e+38
1787.99 8.904308508806052e+38
1788.45 8.884478064470248e+38
1788.92 8.883273135055956e+38
1789.38 8.883103395279916e+38
1789.84 8.875573178631064e+38
1790.31 8.860892663527396e+38
1790.77 8.850731140681557e+38
1791.24 8.853198366586568e+38
1791.7 8.830429923254257e+38
1792.17 8.580505527104689e+38
1792.63 8.831704083773224e+38
1793.09 8.735668259243214e+38
1793.56 8.816112640060087e+38
1794.02 8.809651627956397e+38
1794.49 8.778689977757287e+38
1794.95 8.783170166768949e+38
1795.42 8.788449348789425e+38
1795.89 8.773506476931462e+38
1796.35 8.77414397147751e+38
1796.81 8.723008623103227e+38
1797.28 8.757642620088873e+38
1797.75 8.74979998103832e+38
1798.21 8.744191112251689e+38
1798.68 8.729322273563329e+38
1799.15 8.730344943143554e+38
1799.61 8.723542659335205e+38
1800.08 8.71392353981132e+38
1800.55 8.698704749892201e+38
1801.01 8.691926517371662e+38
1801.48 8.584339222756872e+38
1801.94 8.676974213434556e+38
1802.41 8.681786694240439e+38
1802.88 8.673610295342713e+38
1803.35 8.657862597519e+38
1803.81 8.66108068548159e+38
1804.28 8.648540979457434e+38
1804.75 8.647560324133473e+38
1805.22 8.629871767449776e+38
1805.68 8.565558729008694e+38
1806.15 8.622762387395963e+38
1806.62 8.612259944396231e+38
1807.09 8.612868771439766e+38
1807.56 8.371408220049566e+38
1808.03 8.598232801304584e+38
1808.49 8.589156041554005e+38
1808.96 8.586400691537488e+38
1809.43 8.373977686384845e+38
1809.9 8.571808039489344e+38
1810.37 8.554666107521226e+38
1810.84 8.558815798487473e+38
1811.31 8.359384184124691e+38
1811.78 8.539941191997255e+38
1812.25 8.480187685043302e+38
1812.72 8.517968658318011e+38
1813.19 8.516999084888313e+38
1813.66 8.517402144161745e+38
1814.13 8.510747268215722e+38
1814.6 8.504489018746703e+38
1815.07 8.46893392688327e+38
1815.54 8.48651246995164e+38
1816.01 8.47168408056292e+38
1816.48 8.476962062920648e+38
1816.95 8.470922653027401e+38
1817.42 8.394236137598242e+38
1817.89 8.45729807006614e+38
1818.36 8.450882850212587e+38
1818.83 8.443888981818298e+38
1819.31 8.396770972270137e+38
1819.78 8.425830512543632e+38
1820.25 8.424480304881781e+38
1820.72 8.418088917517717e+38
1821.19 8.310628848853222e+38
1821.67 8.160816716456218e+38
1822.14 8.394870102000587e+38
1822.61 8.390045688134809e+38
1823.08 8.345736336633843e+38
1823.55 8.37789635705292e+38
1824.03 8.371719409383198e+38
1824.5 8.364788507037455e+38
1824.97 8.311229117420947e+38
1825.44 7.999733762917378e+38
1825.92 8.345746108169065e+38
1826.39 8.338643846272684e+38
1826.86 8.217801945023592e+38
1827.34 8.309698582603803e+38
1827.81 8.316593867151515e+38
1828.29 8.309503427257838e+38
1828.76 8.291541359789955e+38
1829.23 8.290208635481743e+38
1829.71 8.292109022278301e+38
1830.18 8.24945332550229e+38
1830.66 8.262180709344872e+38
1831.13 8.270558408682546e+38
1831.61 8.263695952032136e+38
1832.08 8.259322997722474e+38
1832.56 8.252089388967695e+38
1833.03 8.219095403500732e+38
1833.51 8.239549582304121e+38
1833.98 8.23291338507988e+38
1834.46 8.226649092735749e+38
1834.93 8.215292386760973e+38
1835.41 8.213389672632303e+38
1835.88 8.198463295762776e+38
1836.36 8.199206720553545e+38
1836.83 8.189772575761381e+38
1837.31 7.914276109529393e+38
1837.79 8.175617064628314e+38
1838.26 8.129999377752598e+38
1838.74 8.162248870187409e+38
1839.22 8.16092037519054e+38
1839.69 8.154344895369322e+38
1840.17 7.92936410796158e+38
1840.65 8.141185170841609e+38
1841.12 8.134250328728118e+38
1841.6 8.110110693036972e+38
1842.08 8.113458479980867e+38
1842.56 8.045726068039787e+38
1843.03 8.104665508706972e+38
1843.51 8.070757449146706e+38
1843.99 8.068698422959986e+38
1844.47 8.059770196450284e+38
1844.94 8.056241291413281e+38
1845.42 8.059936435504225e+38
1845.9 8.019933294359869e+38
1846.38 7.977556397198174e+38
1846.86 8.046907292549383e+38
1847.34 8.034671041374472e+38
1847.82 8.043354139879118e+38
1848.29 8.036129244540565e+38
1848.77 8.030747638895258e+38
1849.25 8.017796554935508e+38
1849.73 8.012980268493323e+38
1850.21 7.94974323982493e+38
1850.69 7.989546310655423e+38
1851.17 7.982356545877836e+38
1851.65 7.99171732276573e+38
1852.13 7.945277918677558e+38
1852.61 7.953129602580193e+38
1853.09 7.972545635511689e+38
1853.57 7.966103698930903e+38
1854.05 7.935145322446962e+38
1854.53 7.953601018371194e+38
1855.01 7.892829212989476e+38
1855.49 7.934537136140836e+38
1855.97 7.934333958951827e+38
1856.45 7.928104073457668e+38
1856.94 7.922049421069027e+38
1857.42 7.915464187810965e+38
1857.9 7.905788954962452e+38
1858.38 7.853875858361336e+38
1858.86 7.895921743042257e+38
1859.34 7.890083979063064e+38
1859.83 7.83375081226859e+38
1860.31 7.877320530563546e+38
1860.79 7.867328225407524e+38
1861.27 7.865675191969136e+38
1861.76 7.858761037065447e+38
1862.24 7.852949356092667e+38
1862.72 7.846780375892845e+38
1863.2 7.836464762224553e+38
1863.69 7.834264088756976e+38
1864.17 7.828109088665545e+38
1864.65 7.784765199969501e+38
1865.14 7.778636922127283e+38
1865.62 7.786317766285933e+38
1866.1 7.802086011380279e+38
1866.58 7.767107765635641e+38
1867.07 7.7889203085546e+38
1867.55 7.784233080866346e+38
1868.04 7.778461996760011e+38
1868.52 7.771811865474693e+38
1869.01 7.766764823344739e+38
1869.49 7.75815895339583e+38
1869.97 7.732629088134453e+38
1870.46 7.74773958027248e+38
1870.94 7.644577602022788e+38
1871.43 7.721671158896264e+38
1871.91 7.72964867589073e+38
1872.4 7.72284888229431e+38
1872.88 7.710915835634034e+38
1873.37 7.711231076951125e+38
1873.85 7.620300837563794e+38
1874.34 7.66548864115055e+38
1874.83 7.69196958234848e+38
1875.31 7.686274979234705e+38
1875.8 7.678804379229495e+38
1876.29 7.579338029825789e+38
1876.77 7.668132269337037e+38
1877.26 7.661913431348943e+38
1877.74 7.655534762432529e+38
1878.23 7.648973401098522e+38
1878.72 7.643121343914072e+38
1879.2 7.637109300395014e+38
1879.69 7.630563002777866e+38
1880.18 7.62454873860844e+38
1880.67 7.594893588322767e+38
1881.15 7.576696490917428e+38
1881.64 7.561490507268125e+38
1882.13 7.574167724229404e+38
1882.62 7.608558965820646e+38
1883.1 7.565202427041312e+38
1883.59 7.581026558313189e+38
1884.08 7.572956616639043e+38
1884.57 7.50348304555079e+38
1885.06 7.200129840011313e+38
1885.55 7.554534981838654e+38
1886.04 7.516317739116602e+38
1886.52 7.534478133561431e+38
1887.01 7.525589811080496e+38
1887.5 7.430326453461997e+38
1887.99 7.525671077573457e+38
1888.48 7.519215924314919e+38
1888.97 7.513458044515766e+38
1889.46 7.453446880028953e+38
1889.95 7.500227578772439e+38
1890.44 7.478796355987657e+38
1890.93 7.472724303707263e+38
1891.42 7.466313090361352e+38
1891.91 7.459220079594258e+38
1892.4 7.462436178587913e+38
1892.89 7.42399762882406e+38
1893.38 7.4589037781319e+38
1893.87 7.434849306104486e+38
1894.36 7.398085083177361e+38
1894.85 7.439375129811322e+38
1895.34 7.32543772792784e+38
1895.84 7.42506085211602e+38
1896.33 7.401114281928105e+38
1896.82 7.314323908029395e+38
1897.31 7.405276051920078e+38
1897.8 7.404543724560979e+38
1898.29 7.398868978591724e+38
1898.79 7.300316410073107e+38
1899.28 6.825094813441701e+38
1899.77 7.378968892563688e+38
1900.26 7.375690006172596e+38
1900.76 7.365274581675745e+38
1901.25 7.361831762953617e+38
1901.74 7.35754318698441e+38
1902.23 7.351225360555683e+38
1902.73 7.345408668712509e+38
1903.22 7.175676481885332e+38
1903.71 7.322337160857044e+38
1904.21 7.316037167779866e+38
1904.7 7.322219528971147e+38
1905.19 7.313740934818415e+38
1905.69 7.306942805029287e+38
1906.18 7.30453383841826e+38
1906.68 7.290521746209108e+38
1907.17 7.290971103382438e+38
1907.66 7.260760796836542e+38
1908.16 7.27156997481744e+38
1908.65 7.264653585747278e+38
1909.15 7.268937544614381e+38
1909.64 7.262859272358556e+38
1910.14 7.244420081994968e+38
1910.63 7.250872812918262e+38
1911.13 7.245131174021352e+38
1911.62 7.17518137801775e+38
1912.12 7.233338983179218e+38
1912.61 7.227288958976551e+38
1913.11 7.22106612901689e+38
1913.61 7.188151299069227e+38
1914.1 7.030622249422657e+38
1914.6 7.203268785053243e+38
1915.09 7.046543613464432e+38
1915.59 7.189554317590393e+38
1916.09 7.184520333299084e+38
1916.58 7.166122959370726e+38
1917.08 7.147761176754659e+38
1917.58 7.164828426409137e+38
1918.07 7.156360763767287e+38
1918.57 7.12160621642186e+38
1919.07 7.148973219128684e+38
1919.56 7.11229979345426e+38
1920.06 7.137822384635661e+38
1920.56 7.123794834950014e+38
1921.06 7.118804292734986e+38
1921.56 7.06631003022582e+38
1922.05 7.109171544920079e+38
1922.55 7.110245502782745e+38
1923.05 6.869579954231277e+38
1923.55 7.092767969814849e+38
1924.05 7.081598605055665e+38
1924.55 7.031643505207623e+38
1925.05 7.081289766087041e+38
1925.54 7.075197402756658e+38
1926.04 6.987053214385334e+38
1926.54 7.064306342659645e+38
1927.04 7.055129356582336e+38
1927.54 7.047586607552697e+38
1928.04 7.032922730069683e+38
1928.54 7.031714897409317e+38
1929.04 7.01627569080957e+38
1929.54 7.027033446783137e+38
1930.04 7.019681046038943e+38
1930.54 7.01104447204369e+38
1931.04 7.012422069655519e+38
1931.54 6.895144268357286e+38
1932.04 7.001299407987055e+38
1932.54 6.995422137895438e+38
1933.04 6.989871423876682e+38
1933.55 6.983670417216214e+38
1934.05 6.978449853267202e+38
1934.55 6.972751248663438e+38
1935.05 6.96673619402449e+38
1935.55 6.96136719823117e+38
1936.05 6.955841907828082e+38
1936.55 6.945841143362289e+38
1937.06 6.898573182234309e+38
1937.56 6.924754572828827e+38
1938.06 6.921806892533464e+38
1938.56 6.927308924949327e+38
1939.06 6.915436778586834e+38
1939.57 6.913913774935575e+38
1940.07 6.884445796983476e+38
1940.57 6.891662391460706e+38
1941.08 6.899351732573487e+38
1941.58 6.873584265635662e+38
1942.08 6.88823919241144e+38
1942.58 6.882609995645874e+38
1943.09 6.87649899247987e+38
1943.59 6.84529692332045e+38
1944.1 6.865568093610105e+38
1944.6 6.86027226399079e+38
1945.1 6.854348913516591e+38
1945.61 6.848261628750361e+38
1946.11 6.842978340052731e+38
1946.62 6.834697000098108e+38
1947.12 6.831625535841675e+38
1947.63 6.826343194365339e+38
1948.13 6.812599705363286e+38
1948.64 6.812506060266536e+38
1949.14 6.808189254910478e+38
1949.65 6.783684085104246e+38
1950.15 6.797203904941478e+38
1950.66 6.79194652204514e+38
1951.16 6.784360337376972e+38
1951.67 6.7805173337724005e+38
1952.17 6.7752830675552705e+38
1952.68 6.675615785837127e+38
1953.19 6.75204306271483e+38
1953.69 6.756779786539825e+38
1954.2 6.662597839527749e+38
1954.7 6.73004744735257e+38
1955.21 6.732896293126595e+38
1955.72 6.730474854225861e+38
1956.22 6.73023423738149e+38
1956.73 6.7245608002892714e+38
1957.24 6.7164169896560555e+38
1957.75 6.712918279379254e+38
1958.25 6.708350766704447e+38
1958.76 6.679738110809031e+38
1959.27 6.656609647677046e+38
1959.78 6.690471519552837e+38
1960.29 6.585220844947434e+38
1960.79 6.668753393767931e+38
1961.3 6.656228762674762e+38
1961.81 6.667020688741701e+38
1962.32 6.6633917653793176e+38
1962.83 6.653939907720955e+38
1963.33 6.6536982025107506e+38
1963.84 6.6483915441697444e+38
1964.35 6.618812221937626e+38
1964.86 6.622676072708707e+38
1965.37 6.6043023623408355e+38
1965.88 6.6267466079617856e+38
1966.39 6.6217649724656854e+38
1966.9 6.615568054438205e+38
1967.41 6.607094249552409e+38
1967.92 6.6033428096231554e+38
1968.43 6.5933657457425325e+38
1968.94 6.5940232228303675e+38
1969.45 6.58860935339201e+38
1969.96 6.583502820401655e+38
1970.47 6.578097022592465e+38
1970.98 6.572846724003975e+38
1971.49 6.5615541339965805e+38
1972.0 6.547867894449369e+38
1972.52 6.556051558778248e+38
1973.03 6.55111940125703e+38
1973.54 6.542272821582565e+38
1974.05 6.5403617175134195e+38
1974.56 6.5351395518492884e+38
1975.07 6.531124238692659e+38
1975.58 6.526660247250343e+38
1976.1 6.462987592242456e+38
1976.61 6.513078974831408e+38
1977.12 6.507427637058826e+38
1977.63 6.481004628304994e+38
1978.15 6.496875888334721e+38
1978.66 6.480037455382435e+38
1979.17 6.3591701128096554e+38
1979.69 6.478770902280865e+38
1980.2 6.4747873741578304e+38
1980.71 6.4694651871535575e+38
1981.22 6.463998249326735e+38
1981.74 6.458227385980906e+38
1982.25 6.364087514285116e+38
1982.77 6.398058480430992e+38
1983.28 6.442745522303806e+38
1983.79 6.435521283594564e+38
1984.31 6.356466082154432e+38
1984.82 6.419607092541511e+38
1985.34 6.420523079881673e+38
1985.85 6.415833527201475e+38
1986.36 6.409523476473594e+38
1986.88 6.402766238937531e+38
1987.4 6.3537413261385904e+38
1987.91 6.384282952547096e+38
1988.43 6.388133306128158e+38
1988.94 6.383465683032112e+38
1989.46 6.376881276441994e+38
1989.97 6.319036293730965e+38
1990.49 6.367260423508816e+38
1991.0 6.361581448654706e+38
1991.52 6.302267239576192e+38
1992.04 6.291562534318825e+38
1992.55 6.525006324021012e+38
1993.07 6.340632744794413e+38
1993.58 6.337018556562684e+38
1994.1 6.2301227088619905e+38
1994.62 6.3240923306344016e+38
1995.14 6.3164022959780076e+38
1995.65 6.282783325202593e+38
1996.17 6.308609165211332e+38
1996.69 6.3028234495911945e+38
1997.2 6.297343476641483e+38
1997.72 6.2922918870590846e+38
1998.24 6.286086004573497e+38
1998.76 6.28219996579678e+38
1999.28 6.276581507253722e+38
1999.8 6.268080552131884e+38
2000.31 6.2352904349415635e+38
2000.83 6.259621051204198e+38
2001.35 6.255893931850716e+38
2001.87 6.222726167358601e+38
2002.39 6.237664080784374e+38
2002.91 6.2402681865812226e+38
2003.43 6.234971973246702e+38
2003.94 6.2301209996393584e+38
2004.46 6.22454614765558e+38
2004.98 6.219262385520163e+38
2005.5 6.21226605907684e+38
2006.02 6.1981373248256744e+38
2006.54 6.204150436164949e+38
2007.06 6.198740056103118e+38
2007.58 6.193476702562479e+38
2008.1 6.188217517984844e+38
2008.62 6.1805427171055994e+38
2009.14 6.154285405603251e+38
2009.67 6.1730228121029405e+38
2010.19 6.058412775128676e+38
2010.71 6.004955814388335e+38
2011.23 6.155038183295969e+38
2011.75 6.152217285198692e+38
2012.27 6.135112889736292e+38
2012.79 6.141344077044694e+38
2013.31 6.107370686600253e+38
2013.84 6.130478247037332e+38
2014.36 6.1259741937101956e+38
2014.88 6.12090936581054e+38
2015.4 6.1096553669295416e+38
2015.93 6.110499335066352e+38
2016.45 6.105586977360625e+38
2016.97 6.100818742301481e+38
2017.49 6.049072649024788e+38
2018.02 6.079931696711303e+38
2018.54 6.085823251808416e+38
2019.06 6.073093233652434e+38
2019.58 6.075479224751346e+38
2020.11 6.070302752000346e+38
2020.63 6.065559954095977e+38
2021.16 6.060112226654333e+38
2021.68 6.054958504859902e+38
2022.2 6.049808863803804e+38
2022.73 6.0386707953617795e+38
2023.25 6.039928437036438e+38
2023.78 6.034502180866813e+38
2024.3 6.0296463872396376e+38
2024.82 6.024378034732424e+38
2025.35 6.0197964270808275e+38
2025.88 6.0107874453996e+38
2026.4 6.009269442023456e+38
2026.93 6.004145360121654e+38
2027.45 5.9991740262522635e+38
2027.98 5.9918500437184825e+38
2028.5 5.9890943363617766e+38
2029.03 5.9834350920602125e+38
2029.55 5.978755009250109e+38
2030.08 5.970079889348543e+38
2030.61 5.968696618384973e+38
2031.13 5.963340548345546e+38
2031.66 5.958390024421377e+38
2032.19 5.952209674900802e+38
2032.71 5.948236952982604e+38
2033.24 5.943298028194302e+38
2033.77 5.933988952938469e+38
2034.29 5.932758978218168e+38
2034.82 5.9264671886155434e+38
2035.35 5.887962566337333e+38
2035.88 5.915673183376434e+38
2036.4 5.912947926245679e+38
2036.93 5.908172149403762e+38
2037.46 5.8963357419217035e+38
2037.99 5.865178648238703e+38
2038.52 5.892780465820505e+38
2039.04 5.887894632426456e+38
2039.57 5.870823178198672e+38
2040.1 5.831468681527452e+38
2040.63 5.8728224538728125e+38
2041.16 5.8389636566412086e+38
2041.69 5.862929192888321e+38
2042.22 5.858055782188982e+38
2042.74 5.8529270343704944e+38
2043.28 5.84791618691995e+38
2043.8 5.843333861265205e+38
2044.33 5.8378033385791915e+38
2044.86 5.829055588097385e+38
2045.39 5.827025379856722e+38
2045.92 5.819365014491144e+38
2046.45 5.792076165983224e+38
2046.98 5.8127668792789676e+38
2047.52 5.805247537830586e+38
2048.05 5.803090409964042e+38
2048.58 5.797728937272587e+38
2049.11 5.793172401720222e+38
2049.64 5.788086002741154e+38
2050.17 5.902737552880529e+38
2050.7 5.899727447397504e+38
2051.23 5.894953716091092e+38
2051.76 5.8789372745177665e+38
2052.3 5.884728682777103e+38
2052.83 5.878341638572042e+38
2053.36 5.874530695309387e+38
2053.89 5.8696405705940775e+38
2054.43 5.864608526240616e+38
2054.96 5.859591081943228e+38
2055.49 5.854442800329879e+38
2056.02 5.838668267300641e+38
2056.55 5.817709217265506e+38
2057.09 5.840088206351322e+38
2057.62 5.822474125837747e+38
2058.16 5.830085362671551e+38
2058.69 5.8220110502728906e+38
2059.22 5.74170814041797e+38
2059.76 5.813241758417164e+38
2060.29 5.766687573975505e+38
2060.82 5.805163246362989e+38
2061.36 5.800048615059796e+38
2061.89 5.795215611282132e+38
2062.43 5.71750752785881e+38
2062.96 5.785283695725866e+38
2063.5 5.780451434257e+38
2064.03 5.7761654261348934e+38
2064.56 5.766966971430309e+38
2065.1 5.728283252594862e+38
2065.64 5.5939873515809615e+38
2066.17 5.7561121477126276e+38
2066.71 5.7511698169208784e+38
2067.24 5.746241949837652e+38
2067.78 5.74143962276408e+38
2068.31 5.736915712584031e+38
2068.85 5.643198308464068e+38
2069.39 5.727197098006148e+38
2069.92 5.7218928552976694e+38
2070.46 5.717372486360702e+38
2071.0 5.7124607328373224e+38
2071.53 5.7061179437339996e+38
2072.07 5.702659398439078e+38
2072.61 5.6976280795191274e+38
2073.14 5.692873549293192e+38
2073.68 5.6878501916602565e+38
2074.22 5.683223496579234e+38
2074.76 5.677685016811021e+38
2075.29 5.672945802959081e+38
2075.83 5.6681997028379305e+38
2076.37 5.663457233498157e+38
2076.91 5.655592132664145e+38
2077.45 5.653332274466003e+38
2077.98 5.642891806816023e+38
2078.52 5.6428447500338476e+38
2079.06 5.638900792870159e+38
2079.6 5.538482398951236e+38
2080.14 5.619751081195144e+38
2080.68 5.6243631342059916e+38
2081.22 5.619136731507764e+38
2081.76 5.614561207984896e+38
2082.3 5.609859896331432e+38
2082.84 5.604775003130448e+38
2083.38 5.5994365087983444e+38
2083.92 5.595004494154015e+38
2084.46 5.590833108128875e+38
2085.0 5.50988570947551e+38
2085.54 5.576974080171769e+38
2086.08 5.575895618025827e+38
2086.62 5.5341460657063366e+38
2087.16 5.566555883273305e+38
2087.7 5.549482708777953e+38
2088.24 5.556718612871669e+38
2088.78 5.5518059870441045e+38
2089.32 5.539621982680348e+38
2089.87 5.540706353032476e+38
2090.41 5.537081667511824e+38
2090.95 5.5068937504133994e+38
2091.49 5.527928775530241e+38
2092.03 5.496777442704689e+38
2092.57 5.366409885965836e+38
2093.12 5.513389570669896e+38
2093.66 5.492933151011135e+38
2094.2 5.497306100968524e+38
2094.75 5.4988854970711354e+38
2095.29 5.494399428246356e+38
2095.83 5.484736312711347e+38
2096.38 5.4784843617818865e+38
2096.92 5.480067354305089e+38
2097.46 5.4752170368241125e+38
2098.0 5.464579580279446e+38
2098.55 5.416033189759903e+38
2099.09 5.461308098487008e+38
2099.64 5.455583207936205e+38
2100.18 5.451631468022808e+38
2100.73 5.446543037720947e+38
2101.27 5.442095896142402e+38
2101.81 5.43715123981437e+38
2102.36 5.432950890241459e+38
2102.9 5.428388818340324e+38
2103.45 5.366180251854718e+38
2103.99 5.418765650137286e+38
2104.54 5.3372140674241e+38
2105.08 5.408659966402295e+38
2105.63 5.399752760842328e+38
2106.18 5.3999289154878176e+38
2106.72 5.395516386999548e+38
2107.27 5.3906002450876066e+38
2107.81 5.385450567984329e+38
2108.36 5.378808689592727e+38
2108.91 5.375144240566907e+38
2109.45 5.371492280191197e+38
2110.0 5.36696698713256e+38
2110.55 5.362568626362935e+38
2111.09 5.35793710796684e+38
2111.64 5.352805872630478e+38
2112.19 5.348418055129499e+38
2112.74 5.343787381616467e+38
2113.28 5.336589598030798e+38
2113.83 5.334670152023917e+38
2114.38 5.3273509656452105e+38
2114.93 5.3249436611856315e+38
2115.48 5.321801802617455e+38
2116.02 5.3156109719859835e+38
2116.57 5.311128516467067e+38
2117.12 5.3056720528416195e+38
2117.67 5.301807622709128e+38
2118.22 5.2974577137003105e+38
2118.77 5.292867265199566e+38
2119.32 5.2849937457364575e+38
2119.87 5.2835755666095526e+38
2120.42 5.2789960764251474e+38
2120.97 5.265440697355666e+38
2121.51 5.2696155418516014e+38
2122.06 5.26456217991306e+38
2122.61 5.259755521538856e+38
2123.17 5.2554266304732504e+38
2123.72 5.251111214531552e+38
2124.26 5.238841712836843e+38
2124.82 5.241645016104906e+38
2125.37 5.236978074125544e+38
2125.92 5.232435409405382e+38
2126.47 5.234762307272019e+38
2127.02 5.223120285370667e+38
2127.57 5.218828898588641e+38
2128.12 5.0893938399548805e+38
2128.67 5.210015690242779e+38
2129.23 5.2050045898954445e+38
2129.78 5.192589942879819e+38
2130.33 5.193700583266213e+38
2130.88 5.1911043623769096e+38
2131.43 5.148047923889378e+38
2131.99 5.172666914215158e+38
2132.54 5.1769893795426586e+38
2133.09 5.172970531245287e+38
2133.65 5.167278202955227e+38
2134.2 5.162790637492616e+38
2134.75 5.0905786661640934e+38
2135.3 5.154182145641509e+38
2135.86 5.149694651364619e+38
2136.41 5.145457868526107e+38
2136.97 5.13825532014458e+38
2137.52 5.13615554228847e+38
2138.07 5.122720059873719e+38
2138.63 5.125924255619221e+38
2139.18 5.12300263703161e+38
2139.74 5.1152407364973376e+38
2140.29 5.1125599195423074e+38
2140.84 5.10964483503595e+38
2141.4 5.1034294825550306e+38
2141.96 5.100156359268717e+38
2142.51 5.095956367129946e+38
2143.06 5.087774802987243e+38
2143.62 5.08392527468132e+38
2144.18 5.072714322057883e+38
2144.73 5.077997597897866e+38
2145.29 5.0731029348933765e+38
2145.84 5.068806334315655e+38
2146.4 5.06450283090018e+38
2146.96 5.057989298495416e+38
2147.51 5.0553337916482114e+38
2148.07 5.0512732296427994e+38
2148.63 5.0436141321009565e+38
2149.18 4.482018956732302e+38
2149.74 5.037726868639764e+38
2150.3 5.009628418009862e+38
2150.85 5.0267496421450755e+38
2151.41 5.023750796542721e+38
2151.97 5.019828594748848e+38
2152.53 5.0029902426085224e+38
2153.08 5.01084848782307e+38
2153.64 5.0063588348176704e+38
2154.2 5.001872830910343e+38
2154.76 4.99750554361423e+38
2155.32 4.9930267258390064e+38
2155.88 4.988551548314324e+38
2156.44 4.984309538719949e+38
2156.99 4.979278270565507e+38
2157.55 4.974814301933815e+38
2158.11 4.970353961432435e+38
2158.67 4.966125939385538e+38
2159.23 4.956876597799915e+38
2159.79 4.956994679111756e+38
2160.35 4.914267189500107e+38
2160.91 4.948220513007715e+38
2161.47 4.891243596620139e+38
2162.03 4.935594896318266e+38
2162.59 4.935256028270509e+38
2163.15 4.9217532402418495e+38
2163.71 4.646542898974074e+38
2164.27 4.921528827500963e+38
2164.83 4.916998574962665e+38
2165.4 4.9124620185044515e+38
2165.96 4.042119864481784e+38
2166.52 4.904097963730857e+38
2167.08 4.899695071993008e+38
2167.64 4.885049127578698e+38
2168.2 4.890562180791273e+38
2168.76 4.885720306427855e+38
2169.33 4.882334009539355e+38
2169.89 4.877387218340388e+38
2170.45 4.873006057762584e+38
2171.01 4.868740563386259e+38
2171.58 4.8640203399109025e+38
2172.14 4.8595381597523154e+38
2172.7 4.85584234123773e+38
2173.27 4.851468587832039e+38
2173.83 4.84666203626131e+38
2174.39 4.84241734352251e+38
2174.96 4.7207473619847886e+38
2175.52 4.833705318789358e+38
2176.08 4.8294708423501706e+38
2176.65 4.8256740870707984e+38
2177.21 4.820557827897944e+38
2177.78 4.816434590170024e+38
2178.34 4.6974796564013625e+38
2178.91 4.808207571277877e+38
2179.47 4.748674271203786e+38
2180.03 4.799229512308762e+38
2180.6 4.795233009646019e+38
2181.17 4.784073855764289e+38
2181.73 4.786597515511674e+38
2182.3 4.781949675881459e+38
2182.86 4.744866174404036e+38
2183.43 4.773665546676713e+38
2183.99 4.7695882158879296e+38
2184.56 4.765065069419889e+38
2185.12 4.760775079606953e+38
2185.69 4.756697607119387e+38
2186.26 4.751966683533308e+38
2186.82 4.747687346011736e+38
2187.39 3.900676054927995e+38
2187.96 4.723322742550036e+38
2188.53 4.735494356851071e+38
2189.09 4.729703408743173e+38
2189.66 4.7269557681989856e+38
2190.23 4.722795419321925e+38
2190.79 4.718213758100892e+38
2191.36 4.714385977816581e+38
2191.93 4.708934223775584e+38
2192.5 4.705871628076401e+38
2193.07 4.703135503970448e+38
2193.64 4.6971547798987554e+38
2194.21 4.692909884696862e+38
2194.77 4.6891102822611585e+38
2195.34 4.684656142472266e+38
2195.91 4.6805291517545585e+38
2196.48 4.666616947729326e+38
2197.05 4.671854590518019e+38
2197.62 4.6667705001246064e+38
2198.19 4.6626577070432994e+38
2198.76 4.6588699604023666e+38
2199.33 4.654548994703825e+38
2199.9 4.6503387229050735e+38
2200.47 4.64655981328334e+38
2201.04 4.6394707410119104e+38
2201.61 4.639223671863724e+38
2202.18 4.6352391577460105e+38
2202.75 4.631364314900675e+38
2203.32 4.628025110775587e+38
2203.89 4.62404904306222e+38
2204.46 4.620501544589534e+38
2205.03 4.616743762738515e+38
2205.61 4.612766263465144e+38
2206.18 4.6091201112716265e+38
2206.75 4.605582496039561e+38
2207.32 4.601941239715828e+38
2207.89 4.598196592086981e+38
2208.47 4.594127291722822e+38
2209.04 4.5903882126074165e+38
2209.61 4.576629652193905e+38
2210.18 4.583129062833145e+38
2210.76 4.5775956170040866e+38
2211.33 4.57597525029992e+38
2211.9 4.571933152688067e+38
2212.48 4.568305033638181e+38
2213.05 4.564689324612404e+38
2213.62 4.5610760850554515e+38
2214.2 4.557350440157337e+38
2214.77 4.54871201683729e+38
2215.34 3.731336544206673e+38
2215.92 4.5462091821834445e+38
2216.49 4.542608597730244e+38
2217.07 4.539000542779195e+38
2217.64 4.5356137433399605e+38
2218.22 4.531906085761206e+38
2218.79 4.527898191908265e+38
2219.37 4.5243002096497275e+38
2219.94 4.520506421786134e+38
2220.52 4.516809501865761e+38
2221.09 4.51416442472198e+38
2221.67 4.5097449405385944e+38
2222.25 4.505744351152071e+38
2222.82 4.502171466936672e+38
2223.4 4.498591104986644e+38
2223.97 4.495126602177596e+38
2224.55 4.491447614200425e+38
2225.13 4.4878745654723755e+38
2225.7 4.4840041104684664e+38
2226.28 4.480642511377674e+38
2226.86 4.476973755371589e+38
2227.43 4.4736265222995415e+38
2228.01 4.470168556290539e+38
2228.59 4.466301474414882e+38
2229.17 4.463053880721158e+38
2229.74 4.4592020445360015e+38
2230.32 4.455958803538279e+38
2230.9 4.4497452046049296e+38
2231.48 4.448965935458451e+38
2232.06 4.445728914225417e+38
2232.64 4.44218697332203e+38
2233.21 4.438350748048761e+38
2233.79 4.4353244810481785e+38
2234.37 4.4307692705197504e+38
2234.95 4.4280532235139925e+38
2235.53 4.424625209287163e+38
2236.11 4.420690459414979e+38
2236.69 4.416148643652078e+38
2237.27 4.414049704978616e+38
2237.85 4.410427783271459e+38
2238.43 4.406605487477854e+38
2239.01 4.402988855024295e+38
2239.59 4.399577384405197e+38
2240.17 4.395965700742541e+38
2240.75 4.392558852153403e+38
2241.33 4.388952110406112e+38
2241.91 4.385650859597595e+38
2242.49 4.3819480707208856e+38
2243.07 4.3784496282239574e+38
2243.66 4.3750444184771455e+38
2244.24 4.371248694476888e+38
2244.82 4.3677575566669696e+38
2245.4 4.364168306624878e+38
2245.98 4.36058159540876e+38
2246.56 4.357298402313613e+38
2247.15 4.353706633433598e+38
2247.73 4.350227448109909e+38
2248.31 4.346750632099522e+38
2248.89 4.343476203623057e+38
2249.48 4.339494450120187e+38
2250.06 4.336024972661533e+38
2250.64 4.332258585622835e+38
2251.23 4.329182909492789e+38
2251.81 4.3257204359253595e+38
2252.39 4.3219617592209164e+38
2252.98 4.31690366565e+38
2253.56 3.615719615400832e+38
2254.15 4.311675792492899e+38
2254.73 4.2866537171520506e+38
2255.31 4.304876182573973e+38
2255.9 4.3011232680872275e+38
2256.48 4.297482019149491e+38
2257.07 4.2942290684266606e+38
2257.65 4.290790418473287e+38
2258.24 4.2871468081775476e+38
2258.82 4.283712997929367e+38
2259.41 4.280468779203354e+38
2260.0 4.277029621471703e+38
2260.58 4.273602663672205e+38
2261.17 4.269873213435064e+38
2261.75 4.2666476392606196e+38
2262.34 4.259096989907863e+38
2262.93 4.259496233028185e+38
2263.51 4.2561792424968265e+38
2264.1 4.2528545629807704e+38
2264.69 4.249434204960953e+38
2265.27 4.245928260408263e+38
2265.86 4.234314808708907e+38
2266.45 4.239392146358775e+38
2267.03 4.2359907694436386e+38
2267.62 4.2324843951502716e+38
2268.21 4.228201559963755e+38
2268.8 4.225770963703772e+38
2269.39 4.2220773271496094e+38
2269.97 4.2187848884274686e+38
2270.56 4.215387687764734e+38
2271.15 4.211895810631275e+38
2271.74 4.208503300750287e+38
2272.33 4.205209922177775e+38
2272.92 4.201821940465826e+38
2273.51 4.198532933187756e+38
2274.09 4.19535251958327e+38
2274.68 4.191778158169342e+38
2275.27 4.188302851120507e+38
2275.86 4.185408191805426e+38
2276.45 4.181744726952513e+38
2277.04 4.178468872895592e+38
2277.63 4.173176757799342e+38
2278.22 4.171539343016435e+38
2278.81 4.167982272156621e+38
2279.41 4.151110663053949e+38
2280.0 4.161536805988952e+38
2280.59 4.157986968892989e+38
2281.18 4.154918055064284e+38
2281.77 4.151564186502993e+38
2282.36 4.148403631769171e+38
2282.95 4.14686798307055e+38
2283.54 4.141611600640265e+38
2284.14 4.138352205263713e+38
2284.73 4.135009553606316e+38
2285.32 4.131764307678269e+38
2285.91 4.1281409447391544e+38
2286.5 4.1249952089862696e+38
2287.1 4.121556888062318e+38
2287.69 4.008022387946471e+38
2288.28 4.1149914141666994e+38
2288.88 4.1116547840165036e+38
2289.47 4.1081410541127685e+38
2290.06 4.104913443426297e+38
2290.66 4.1014892218725615e+38
2291.25 4.097699810518778e+38
2291.84 4.094479103078241e+38
2292.44 4.091062263306397e+38
2293.03 4.087657655022595e+38
2293.63 4.0843396673159516e+38
2294.22 4.0811277220075536e+38
2294.81 4.077730080104768e+38
2295.41 4.074418827187388e+38
2296.0 4.0711196398755476e+38
2296.6 4.066408139076745e+38
2297.2 4.064695519594726e+38
2297.79 3.736681433334942e+38
2298.39 4.058102685316099e+38
2298.98 4.054814530492182e+38
2299.58 4.051425498567231e+38
2300.17 4.048421527618847e+38
2300.77 4.044850675631152e+38
2301.37 4.041840888255578e+38
2301.96 4.038563728503434e+38
2302.56 4.0352789750457625e+38
2303.16 4.032089286747389e+38
2303.75 4.028169404801873e+38
2304.35 4.025355180377145e+38
2304.95 4.022264616283782e+38
2305.54 4.0187230937602415e+38
2306.14 4.015359352507994e+38
2306.74 3.635387466014728e+38
2307.34 4.0054096904744616e+38
2307.94 4.006020194355017e+38
2308.53 4.002490781606888e+38
2309.13 3.9994146566867996e+38
2309.73 3.996064399397729e+38
2310.33 3.992624565246878e+38
2310.93 3.989554678022992e+38
2311.53 3.986211335077581e+38
2312.13 3.982870345000737e+38
2312.73 3.979806611929829e+38
2313.32 3.976571463239673e+38
2313.93 3.972678522480134e+38
2314.52 3.9701795518849254e+38
2315.12 3.9658451499852834e+38
2315.72 3.9634310564621464e+38
2316.32 3.959194286607e+38
2316.93 3.955771476441167e+38
2317.52 3.951369816072311e+38
2318.13 3.949589485535771e+38
2318.73 3.9549160161328695e+38
2319.33 3.942779805838477e+38
2319.93 3.9364771231684396e+38
2320.53 3.936070699544032e+38
2321.13 3.93267447713851e+38
2321.73 3.9292807351097944e+38
2322.33 3.9254375129336725e+38
2322.94 3.92176840752807e+38
2323.54 3.918833866882762e+38
2324.14 3.914909360855652e+38
2324.74 3.911888976850952e+38
2325.35 3.9086806766420706e+38
2325.95 3.9059339931387535e+38
2326.55 3.9027394437678445e+38
2327.16 3.8998964438330866e+38
2327.76 3.896616199791994e+38
2328.36 3.89342791238978e+38
2328.97 3.8910382602956986e+38
2329.57 3.888032673936072e+38
2330.17 3.884939502878114e+38
2330.78 3.881838550619356e+38
2331.38 3.878838709967494e+38
2331.98 3.875216074636609e+38
2332.59 3.872924013241267e+38
2333.19 3.869038718522097e+38
2333.8 3.867105542064321e+38
2334.4 3.864025842935192e+38
2335.01 3.861205066798562e+38
2335.61 3.857773824773165e+38
2336.22 3.854424140677149e+38
2336.82 3.851352719233196e+38
2337.43 3.8473875079512375e+38
2338.03 3.844763401093455e+38
2338.64 3.8416885264299486e+38
2339.25 3.838704031486571e+38
2339.85 3.835377907326915e+38
2340.46 3.832132663523422e+38
2341.07 3.828625216372542e+38
2341.67 3.8257468829047955e+38
2342.28 3.822420377156526e+38
2342.89 3.8190962955465194e+38
2343.5 3.816038229787103e+38
2344.1 3.8130797257913934e+38
2344.71 3.810113278771124e+38
2345.32 3.806885691425866e+38
2345.93 3.8039231260958976e+38
2346.53 3.8006221139461675e+38
2347.14 3.797750938735079e+38
2347.75 3.7940077603329324e+38
2348.36 3.7608836355133554e+38
2348.97 3.788362454926231e+38
2349.58 3.738377012914594e+38
2350.19 3.7824623813032306e+38
2350.79 3.779611896275408e+38
2351.4 3.776492443400752e+38
2352.01 3.77337509542944e+38
2352.62 3.7702598509267935e+38
2353.23 3.767146708459356e+38
2353.84 3.76403566659484e+38
2354.45 3.7606669372606646e+38
2355.06 3.758166002891971e+38
2355.67 3.7550609682829974e+38
2356.28 3.752303612771942e+38
2356.89 3.749116153697789e+38
2357.5 3.7460171859833414e+38
2358.12 3.7426519883399735e+38
2358.73 3.739557415232934e+38
2359.34 3.736464930082192e+38
2359.95 3.733374531466892e+38
2360.56 3.730114435894038e+38
2361.17 3.727028348214534e+38
2361.78 3.72394434271892e+38
2362.4 3.7208526428562404e+38
2363.01 3.717687193946234e+38
2363.62 3.714523966678844e+38
2364.24 3.711267729935357e+38
2364.85 3.708279783252469e+38
2365.46 3.705123139452697e+38
2366.07 3.702565446056953e+38
2366.69 3.699402950458773e+38
2367.3 3.696422663818708e+38
2367.91 3.6935293518605045e+38
2368.53 3.690628059338446e+38
2369.14 3.6873986937861155e+38
2369.76 3.684501249597699e+38
2370.37 3.681445826188351e+38
2370.98 3.678392464122566e+38
2371.6 3.6747390447072165e+38
2372.21 3.672282147178192e+38
2372.83 3.669225190114437e+38
2373.44 3.666433319645793e+38
2374.06 3.663464616185274e+38
2374.67 3.659496303223936e+38
2375.29 3.6574585076181266e+38
2375.91 3.654579762871462e+38
2376.52 3.651208098448593e+38
2377.14 3.647913298080943e+38
2377.75 3.645134309066393e+38
2378.37 3.6419278773619915e+38
2378.99 3.6391427247106996e+38
2379.6 3.636201524931874e+38
2380.22 3.6332524597146085e+38
2380.83 3.629813553644312e+38
2381.45 3.627035725908119e+38
2382.07 3.623842300038463e+38
2382.69 3.6209846857965815e+38
2383.3 3.617805375043086e+38
2383.92 3.614701846481673e+38
2384.54 3.611766814513345e+38
2385.16 3.621653246987157e+38
2385.78 3.6021680599326015e+38
2386.4 3.1722763708357217e+38
2387.01 3.5743673182181286e+38
2387.63 3.597212620106067e+38
2388.25 3.5943716233074756e+38
2388.87 3.5911189129280896e+38
2389.49 3.588446998094833e+38
2390.11 3.5856940157496894e+38
2390.73 3.5825301766513136e+38
2391.35 3.5799456107057424e+38
2391.97 3.576868221371279e+38
2392.59 3.574122159823892e+38
2393.21 3.571048794189763e+38
2393.83 3.56822405554645e+38
2394.45 3.56499060137034e+38
2395.07 3.5624157464911e+38
2395.69 3.5590226698955644e+38
2396.31 3.5565330334676406e+38
2396.93 3.553635495630957e+38
2397.55 3.5504945584336795e+38
2398.17 3.5476009564390475e+38
2398.79 3.530698352692853e+38
2399.42 3.541891138133636e+38
2400.04 3.538921576442449e+38
2400.66 3.535791179001115e+38
2401.28 3.53290709418483e+38
2401.91 3.5298525450841285e+38
2402.53 3.526891100735285e+38
2403.15 3.523525963839884e+38
2403.77 3.52097418586617e+38
2404.4 3.518008949331036e+38
2405.02 3.507859434256478e+38
2405.64 3.5082243887245115e+38
2406.27 3.509387100041525e+38
2406.89 3.506520106130155e+38
2407.51 3.503654960897865e+38
2408.14 3.500862509103294e+38
2408.76 3.498162084352318e+38
2409.39 3.494970602700711e+38
2410.01 3.492193315782144e+38
2410.64 3.489166946560796e+38
2411.26 3.486232725230352e+38
2411.89 3.483451129661679e+38
2412.51 3.480600861922606e+38
2413.14 3.477742668676769e+38
2413.76 3.474816063827562e+38
2414.39 3.4506818079369406e+38
2415.01 3.469118750009297e+38
2415.64 3.466188148663752e+38
2416.26 3.463508517364139e+38
2416.89 3.460581641873469e+38
2417.52 3.457815963262254e+38
2418.14 3.4549026398077725e+38
2418.77 3.451822546450909e+38
2419.4 3.447950676245118e+38
2420.02 3.446234245975274e+38
2420.65 3.443477496832788e+38
2421.28 3.440722441119346e+38
2421.91 3.437731599485188e+38
2422.53 3.434910788567527e+38
2423.16 3.4305018645329805e+38
2423.79 3.42933405694528e+38
2424.42 3.426508869791628e+38
2425.05 3.423527834809724e+38
2425.68 3.42078517216625e+38
2426.3 3.417817855639845e+38
2426.93 3.415078750697278e+38
2427.56 3.41218418763353e+38
2428.19 3.409370067841912e+38
2428.82 3.4066361957550794e+38
2429.45 3.4037472508190786e+38
2430.08 3.4008602426431518e+38
2430.71 3.398131656071077e+38
2431.34 3.3950920313770934e+38
2431.97 3.3913517405446328e+38
2432.6 3.3894095947200618e+38
2433.23 3.386532184628389e+38
2433.86 3.3835787928858238e+38
2434.49 3.380860996538548e+38
2435.12 3.377911523345993e+38
2435.75 3.3751972516094507e+38
2436.39 3.3722419288632706e+38
2437.02 3.369531176779089e+38
2437.65 3.3668996142118443e+38
2438.28 3.3639597459758356e+38
2438.91 3.359938639387264e+38
2439.54 3.3583181419427084e+38
2440.18 3.355760785094185e+38
2440.81 3.3504361788600776e+38
2441.44 3.348587393401149e+38
2442.07 3.3475098170309744e+38
2442.71 3.3447275384717253e+38
2443.34 3.342033758086754e+38
2443.97 3.339034081234011e+38
2444.61 3.3364877380604723e+38
2445.24 3.3334920002858764e+38
2445.88 3.3307954355811868e+38
2446.51 3.3281102857484064e+38
2447.14 3.325426784641968e+38
2447.78 3.321740699126222e+38
2448.41 3.319825624336494e+38
2449.05 3.3168319758109333e+38
2449.68 3.3140791797766638e+38
2450.32 3.3107847076077474e+38
2450.95 3.3061321794299693e+38
2451.59 3.305964106133663e+38
2452.22 3.303294310003617e+38
2452.86 3.300540386992314e+38
2453.49 3.2977979937988752e+38
2454.13 3.2950475946750978e+38
2454.76 3.2923087233895056e+38
2455.4 3.2894103571819176e+38
2456.04 3.2867410408372016e+38
2456.67 3.2840075068087067e+38
2457.31 3.2811904075232056e+38
2457.95 3.2784506788381383e+38
2458.58 3.2757224716444595e+38
2459.22 3.2729108861504285e+38
2459.86 3.2700258833397502e+38
2460.5 3.2673685830227562e+38
2461.14 3.2644122300006493e+38
2461.77 3.2598911061602575e+38
2462.41 3.2590409627112475e+38
2463.05 3.256165524698513e+38
2463.69 3.253217179603278e+38
2464.33 3.2507948929648036e+38
2464.96 3.2480096817820447e+38
2465.6 3.2453660207601632e+38
2466.24 3.2426493102868312e+38
2466.88 3.239859736906386e+38
2467.52 3.237146564748773e+38
2468.16 3.2344351287986687e+38
2468.8 3.2223629492663773e+38
2469.44 3.2288687627382167e+38
2470.08 3.226311227052655e+38
2470.72 3.2236809519389467e+38
2471.36 3.2209039531842798e+38
2472.0 3.218202911106059e+38
2472.64 3.2155035974525998e+38
2473.28 3.2126580593379454e+38
2473.92 3.2101101509880577e+38
2474.56 3.207489870296431e+38
2475.21 3.2046400427877806e+38
2475.85 3.2020231448718955e+38
2476.49 3.1994078465712458e+38
2477.13 3.1967205388394776e+38
2477.77 3.1939614062050858e+38
2478.42 3.1963420898480055e+38
2479.06 3.1886591557575085e+38
2479.7 3.1859053606953672e+38
2480.34 3.1832999989100107e+38
2480.99 3.180759694345336e+38
2481.63 3.177791578391641e+38
2482.27 3.174752591655289e+38
2482.92 3.1727288030920927e+38
2483.56 3.1702045085493887e+38
2484.2 3.167462875522054e+38
2484.85 3.164640429617191e+38
2485.49 3.1621209469085758e+38
2486.14 3.1595204026467155e+38
2486.78 3.1567858394032203e+38
2487.42 3.1540531036905714e+38
2488.07 3.151457544291911e+38
2488.71 3.14865583304925e+38
2489.36 3.145991171290953e+38
2490.0 3.1433379853639388e+38
2490.65 3.1406767196262896e+38
2491.29 3.1380991846074304e+38
2491.94 3.1353690539843372e+38
2492.59 3.1327128740078476e+38
2493.23 3.1299960940537758e+38
2493.88 3.1266953398280126e+38
2494.52 3.091424317272991e+38
2495.17 3.121980856412663e+38
2495.82 3.119476907038856e+38
2496.47 3.116759102568884e+38
2497.11 3.114268006410148e+38
2497.76 3.1117685791561394e+38
2498.41 3.1091990068816038e+38
2499.05 3.106497717441688e+38
2499.7 3.1039313899387864e+38
