WAVE FLUX
1000.04 4.410147619725773e+39
1000.53 4.767808616432737e+39
1001.02 4.7385400718923894e+39
1001.51 4.659618460208968e+39
1002.01 3.7752305237180094e+39
1002.5 3.835742006185982e+39
1002.99 3.322961868238977e+39
1003.48 3.480578097184158e+39
1003.97 3.491543557795341e+39
1004.46 3.6450509398683325e+39
1004.96 3.868539768617818e+39
1005.45 3.666091643856686e+39
1005.94 2.5376377414060828e+39
1006.43 4.3567835960066997e+39
1006.93 3.871414601011716e+39
1007.42 4.779210523993835e+39
1007.92 4.303085474014501e+39
1008.41 4.9366980501425907e+39
1008.91 4.1665873622619486e+39
1009.4 4.079502450575511e+39
1009.9 3.693866898690505e+39
1010.39 3.417102945324553e+39
1010.89 4.82405469833742e+39
1011.38 4.145044125857925e+39
1011.88 4.2371460665286706e+39
1012.37 3.8292214655942245e+39
1012.87 2.89497540955686e+39
1013.37 3.9472018208010377e+39
1013.86 3.582008021929799e+39
1014.36 3.612360830717411e+39
1014.86 3.200853180963421e+39
1015.36 3.4508051919629884e+39
1015.85 3.574932904022671e+39
1016.35 3.4075536410908716e+39
1016.85 3.461685160697025e+39
1017.35 3.064308535444409e+39
1017.85 2.885808277033043e+39
1018.35 2.8160639818444314e+39
1018.85 3.3683531674703444e+39
1019.35 4.055951772640456e+39
1019.85 3.90947107027503e+39
1020.35 3.816482581221123e+39
1020.85 3.478553000944822e+39
1021.35 3.5033540114502204e+39
1021.85 4.029484449046846e+39
1022.35 3.0221429497857643e+39
1022.85 2.293932220281418e+39
1023.35 2.5869987544928106e+39
1023.85 2.2968462116822514e+39
1024.35 2.4479789267026116e+39
1024.86 2.337495637512475e+39
1025.36 1.3220768088014369e+39
1025.86 1.2417455862763791e+39
1026.37 1.9412253016555095e+39
1026.87 1.9146614881054794e+39
1027.37 1.8120831432763935e+39
1027.88 1.8848709583265362e+39
1028.38 1.8412292369920232e+39
1028.89 1.8177388463237538e+39
1029.39 1.8257774929505015e+39
1029.9 1.5532150808365783e+39
1030.4 1.7221385179216537e+39
1030.91 1.3893189316109064e+39
1031.41 1.9186181863099788e+39
1031.92 2.1018056435524514e+39
1032.42 1.808378263948287e+39
1032.93 1.9882610249078905e+39
1033.44 2.1985056338270717e+39
1033.94 2.4155414280910996e+39
1034.45 2.449451236456871e+39
1034.96 2.099196861161381e+39
1035.46 1.9096345299042357e+39
1035.97 3.1720115028299e+39
1036.48 3.5869829382742746e+39
1036.99 3.612300998146709e+39
1037.5 4.8693233397495406e+39
1038.01 5.026473069228768e+39
1038.51 5.945670245877165e+39
1039.02 5.794496295076882e+39
1039.53 5.482020092356045e+39
1040.04 5.634243591285975e+39
1040.55 5.622904128858369e+39
1041.06 5.496874242273806e+39
1041.57 4.8682288620033544e+39
1042.08 4.9486442640219574e+39
1042.59 4.824602607238052e+39
1043.11 4.840545235634952e+39
1043.62 4.665838714831124e+39
1044.13 4.6686920109563673e+39
1044.64 4.421308209809567e+39
1045.15 4.472768489923956e+39
1045.67 4.358223310041511e+39
1046.18 4.333165094904787e+39
1046.69 4.348215465241237e+39
1047.2 4.371263031093229e+39
1047.72 4.323846414545894e+39
1048.23 4.3794167076770325e+39
1048.75 4.358125383166705e+39
1049.26 4.198516464888771e+39
1049.78 4.0539598322363786e+39
1050.29 4.075451315417717e+39
1050.81 4.106382694451445e+39
1051.32 3.926863612675845e+39
1051.83 3.5997494826898686e+39
1052.35 3.3158599970240576e+39
1052.87 3.146445103989501e+39
1053.38 3.684824539635602e+39
1053.9 3.7374975594497196e+39
1054.42 4.093220013439907e+39
1054.93 4.336026588062614e+39
1055.45 3.824161625631922e+39
1055.97 3.78599998680092e+39
1056.49 3.8126333592683054e+39
1057.01 3.392966293597734e+39
1057.52 3.1567247652242686e+39
1058.04 3.2381827200487266e+39
1058.56 3.0222894209085764e+39
1059.08 3.0829097948214284e+39
1059.6 3.283036043511713e+39
1060.12 2.787921560744253e+39
1060.64 3.007222187709178e+39
1061.16 2.6940803863951105e+39
1061.68 2.939650164781972e+39
1062.2 3.403931536556532e+39
1062.72 1.4697587346169717e+39
1063.24 2.9906208027873826e+39
1063.76 3.8423481829334385e+39
1064.28 3.8623546631921723e+39
1064.81 3.2874947308829265e+39
1065.33 3.370936986534871e+39
1065.85 3.1699781595276315e+39
1066.37 3.978890365682028e+39
1066.9 3.57384046453565e+39
1067.42 3.77208091145694e+39
1067.94 3.773174623205103e+39
1068.47 3.4677701204358144e+39
1068.99 3.385215656348088e+39
1069.52 4.0797154601245434e+39
1070.04 3.979385841340892e+39
1070.56 3.47570007850015e+39
1071.09 3.983786301661657e+39
1071.61 3.513843484502637e+39
1072.14 3.6381139007526247e+39
1072.67 3.6051242753345366e+39
1073.19 3.2388200849740726e+39
1073.72 3.553373923876153e+39
1074.24 3.832901252259198e+39
1074.77 4.2025400068587615e+39
1075.3 4.122077496681966e+39
1075.82 4.1414562412395506e+39
1076.35 4.083170469451334e+39
1076.88 4.119760950338385e+39
1077.41 4.141012981270225e+39
1077.94 3.773299146027807e+39
1078.47 3.678543981293653e+39
1078.99 3.0799473272927713e+39
1079.52 2.8176571289214394e+39
1080.05 2.825290240871771e+39
1080.58 2.766547077346362e+39
1081.11 2.6592742650898456e+39
1081.64 2.6840973732110202e+39
1082.17 2.808623166779854e+39
1082.7 2.7457990535356263e+39
1083.23 2.4696425477166703e+39
1083.77 2.821934819696937e+39
1084.3 3.0723625903797537e+39
1084.83 2.7960055498776984e+39
1085.36 3.322030844018113e+39
1085.89 3.157470941298912e+39
1086.43 3.1409614273160605e+39
1086.96 3.623668391169022e+39
1087.49 4.178826720843449e+39
1088.02 3.943123224423549e+39
1088.56 4.148908715277908e+39
1089.09 3.826308729537454e+39
1089.63 3.127185794606566e+39
1090.16 3.494217679131762e+39
1090.69 3.8699584275471817e+39
1091.23 3.744382387669083e+39
1091.77 3.2139873386770386e+39
1092.3 3.016134609240526e+39
1092.84 2.949068320310581e+39
1093.37 2.7087662878968968e+39
1093.91 3.0906213166825474e+39
1094.44 2.990560832920449e+39
1094.98 3.017081537732439e+39
1095.52 2.853786816653299e+39
1096.06 3.505710757603711e+39
1096.59 3.359953100558014e+39
1097.13 3.975831001854276e+39
1097.67 3.4996345082536156e+39
1098.21 3.415840147855539e+39
1098.74 3.422827100546687e+39
1099.28 3.7063801138500786e+39
1099.82 3.724646203346957e+39
1100.36 3.5466650039954214e+39
1100.9 3.368335846383527e+39
1101.44 3.62285271863273e+39
1101.98 3.6799849684739897e+39
1102.52 3.2661150952334615e+39
1103.06 3.176559534707439e+39
1103.6 3.534781618568335e+39
1104.15 2.9612547059996743e+39
1104.69 3.2759065368336124e+39
1105.23 3.452131381281121e+39
1105.77 3.393463663825061e+39
1106.31 3.6286841288719014e+39
1106.85 3.717536160676805e+39
1107.4 3.5872267857838595e+39
1107.94 2.7526755198438957e+39
1108.48 2.9202584008024596e+39
1109.03 3.7076193778098523e+39
1109.57 3.587331865083603e+39
1110.11 3.501773418997736e+39
1110.66 3.523239226583862e+39
1111.2 3.4856900754324135e+39
1111.75 3.421944915948054e+39
1112.29 3.2697142679376527e+39
1112.84 3.4076438685093506e+39
1113.39 3.334253964458945e+39
1113.93 3.0364469052013314e+39
1114.48 3.179730561828136e+39
1115.02 2.992178427588887e+39
1115.57 3.075617129904415e+39
1116.12 2.5848606330684015e+39
1116.67 2.6599414150314397e+39
1117.21 2.7850278462609264e+39
1117.76 2.4566010612592013e+39
1118.31 2.800720732293325e+39
1118.86 2.8826708420973324e+39
1119.41 2.623858328465675e+39
1119.95 3.205001473947743e+39
1120.5 3.385896784870005e+39
1121.05 2.7873998635138165e+39
1121.6 2.839454487213053e+39
1122.15 3.052464539236998e+39
1122.7 3.003837405007675e+39
1123.25 2.87814250118859e+39
1123.8 1.605196642071688e+39
1124.36 2.765233664588829e+39
1124.91 2.0910669748794274e+39
1125.46 2.7038595511890937e+39
1126.01 2.7055800819066753e+39
1126.56 2.629461010154238e+39
1127.11 2.524487101945087e+39
1127.67 2.4325805424925405e+39
1128.22 1.7022518210488384e+39
1128.77 2.1134913011774535e+39
1129.33 5.1312689467039585e+39
1129.88 6.340764062839152e+39
1130.44 6.359252482325291e+39
1130.99 6.874213907345273e+39
1131.54 7.019078420118351e+39
1132.1 6.793049988908345e+39
1132.65 5.978772407225501e+39
1133.21 5.2550505619056985e+39
1133.77 4.962286763998228e+39
1134.32 4.310020221646378e+39
1134.88 3.6689722620559424e+39
1135.43 3.4673049300499096e+39
1135.99 3.256246842815178e+39
1136.55 3.3023468334461916e+39
1137.1 3.172199786416466e+39
1137.66 2.659537128280089e+39
1138.22 2.6837475778176225e+39
1138.78 2.5957170817213498e+39
1139.34 2.048345096351789e+39
1139.9 2.014461537787057e+39
1140.45 2.58545693465303e+39
1141.01 2.8609701314406766e+39
1141.57 2.7330616061756925e+39
1142.13 3.520023806572939e+39
1142.69 3.569618979810375e+39
1143.25 3.6543337214645546e+39
1143.81 3.5457215830329167e+39
1144.38 2.862587400344295e+39
1144.94 3.0289028681034317e+39
1145.5 3.621779611798746e+39
1146.06 3.506943547250732e+39
1146.62 3.452197330474163e+39
1147.18 3.392520901511211e+39
1147.75 3.3934945787289446e+39
1148.31 3.446071192650502e+39
1148.87 3.4208293776503525e+39
1149.44 3.45427010185449e+39
1150.0 3.3306088184704445e+39
1150.0 3.3306088184704445e+39
1150.3 3.348209238597096e+39
1150.6 3.3617203012457564e+39
1150.89 3.1614255064597225e+39
1151.19 3.320564998827855e+39
1151.49 3.459083473570583e+39
1151.79 3.430442329704151e+39
1152.09 3.27732285456672e+39
1152.39 3.142884015243723e+39
1152.69 2.9910075230909185e+39
1152.98 3.3858603430991067e+39
1153.28 3.460256065217564e+39
1153.58 3.4156822277873145e+39
1153.88 3.2283952913431046e+39
1154.18 3.191728738732928e+39
1154.48 3.2647901134406475e+39
1154.78 3.265236051229802e+39
1155.08 3.215317933544278e+39
1155.38 3.215091124021588e+39
1155.68 3.253888551006814e+39
1155.98 2.837801963748678e+39
1156.28 3.3267603729013416e+39
1156.57 3.3185115169304316e+39
1156.88 3.381586183949614e+39
1157.18 3.3024782527115893e+39
1157.47 3.113234573093704e+39
1157.78 2.973096800433548e+39
1158.07 2.6283970661777617e+39
1158.38 3.204927633011237e+39
1158.68 3.266162982034667e+39
1158.97 3.2215126822887996e+39
1159.28 3.2836523656111356e+39
1159.58 3.148885498297849e+39
1159.88 3.183952562181033e+39
1160.18 2.9205613396009574e+39
1160.48 3.121160480011768e+39
1160.78 3.270964948583883e+39
1161.08 3.317612854477509e+39
1161.38 3.233966699889377e+39
1161.68 3.1887128068978073e+39
1161.98 3.046809437895099e+39
1162.28 3.093464967724137e+39
1162.58 3.127988415131077e+39
1162.89 3.1425540727004517e+39
1163.19 2.68864053118602e+39
1163.49 3.162661758404314e+39
1163.79 3.013372198234678e+39
1164.09 3.118048245307324e+39
1164.39 2.969428743785438e+39
1164.7 3.083689768795447e+39
1165.0 2.770070394637123e+39
1165.3 3.2480369073406954e+39
1165.6 2.9727003142021684e+39
1165.9 2.8082859452705344e+39
1166.21 3.233249522763083e+39
1166.51 3.074181240403997e+39
1166.81 2.6026138572147545e+39
1167.11 2.9927471879273284e+39
1167.42 2.73758760933307e+39
1167.72 2.954053583217076e+39
1168.02 3.040876165934648e+39
1168.32 2.896737386377607e+39
1168.63 2.6747747769376808e+39
1168.93 2.1452981467568893e+39
1169.23 2.8415030065685796e+39
1169.54 2.950912210092944e+39
1169.84 3.144827295500268e+39
1170.14 3.078203552615769e+39
1170.44 2.745920085153534e+39
1170.75 2.5751122382515887e+39
1171.05 1.5652610203197317e+39
1171.35 2.3441068358291977e+39
1171.66 2.2602982323390808e+39
1171.96 1.8009697789494803e+39
1172.27 2.3872880248379016e+39
1172.57 2.3266740604268175e+39
1172.87 2.2316511163073143e+39
1173.18 2.4261339197605067e+39
1173.48 2.23869830697807e+39
1173.79 2.4580691172297287e+39
1174.09 2.472663056585404e+39
1174.4 2.5949769832596622e+39
1174.7 2.566577653127186e+39
1175.0 1.8960742097477945e+39
1175.31 1.989087902454073e+39
1175.61 2.064500285119196e+39
1175.92 2.2345168943987272e+39
1176.22 2.739773510908811e+39
1176.53 3.221984213300003e+39
1176.83 3.6457297887458616e+39
1177.14 3.768280933732778e+39
1177.44 3.816316546796106e+39
1177.75 3.660608104396807e+39
1178.05 3.6381818511261743e+39
1178.36 3.445270297592473e+39
1178.66 3.608814133913647e+39
1178.97 3.4563957494240297e+39
1179.27 3.354167342660617e+39
1179.58 3.1281943263562257e+39
1179.89 2.784150754381669e+39
1180.19 2.6789467733821073e+39
1180.5 2.3643575798948804e+39
1180.8 2.5290915185572515e+39
1181.11 2.6157345546073995e+39
1181.42 2.3809091259580324e+39
1181.72 2.3979177345555917e+39
1182.03 2.6275650723701256e+39
1182.33 2.6525586127352293e+39
1182.64 2.5952801213924596e+39
1182.95 1.8699221113342926e+39
1183.25 2.7172218592701873e+39
1183.56 2.7567312351711833e+39
1183.87 2.784157374250293e+39
1184.17 2.9078060548122195e+39
1184.48 2.1828547599826296e+39
1184.79 3.00216300853186e+39
1185.09 3.436972044545665e+39
1185.4 3.2033580182565865e+39
1185.71 3.617053939376938e+39
1186.02 3.538298893099991e+39
1186.32 3.501195370845197e+39
1186.63 3.159627808988301e+39
1186.94 3.2514384353925477e+39
1187.25 3.1859955778548274e+39
1187.56 3.0360213957206085e+39
1187.86 2.961943572345189e+39
1188.17 2.958737869580601e+39
1188.48 2.932352837858354e+39
1188.79 2.987417957953019e+39
1189.09 2.987707235947952e+39
1189.4 2.9837872300051516e+39
1189.71 3.0827456152802e+39
1190.02 3.071832650940634e+39
1190.33 2.9629712778643213e+39
1190.64 3.1142778484638354e+39
1190.94 3.107560246750142e+39
1191.25 2.4232572623241457e+39
1191.56 3.108561862724268e+39
1191.87 3.087873724478613e+39
1192.18 3.0819073259542983e+39
1192.49 3.0802760860813824e+39
1192.8 3.0485950420250385e+39
1193.11 2.8621333199654945e+39
1193.42 3.040464983070205e+39
1193.73 2.8970112269627206e+39
1194.04 2.935150511323912e+39
1194.34 2.903841118714074e+39
1194.65 2.9808017976933986e+39
1194.96 2.955652513710052e+39
1195.27 2.911948398030613e+39
1195.58 2.899973311038052e+39
1195.89 2.947028618027299e+39
1196.2 2.4088775893837615e+39
1196.51 2.9704697573011824e+39
1196.82 3.024374480548427e+39
1197.13 3.015268706279334e+39
1197.44 2.9985859508393567e+39
1197.75 2.9940359394832936e+39
1198.06 3.058986373121988e+39
1198.38 2.9650079472562155e+39
1198.69 3.074159859366524e+39
1199.0 3.0303100007271836e+39
1199.31 3.162333702699526e+39
1199.62 3.115360864550181e+39
1199.93 3.092922580277159e+39
1200.24 2.9778976316457375e+39
1200.55 2.993370714030019e+39
1200.86 2.7883113868085724e+39
1201.17 2.9084531007697886e+39
1201.48 2.8517594138529744e+39
1201.8 2.759824705779828e+39
1202.11 1.9966059890006076e+39
1202.42 2.726862671147149e+39
1202.73 2.7039844514864264e+39
1203.04 2.7137831345759692e+39
1203.35 2.735244252715083e+39
1203.67 2.9286325824652357e+39
1203.98 2.979929006058024e+39
1204.29 2.950713007937494e+39
1204.6 2.979669193489045e+39
1204.92 2.8749277470778883e+39
1205.23 2.815451606006298e+39
1205.54 2.764389438563574e+39
1205.85 2.928939555904272e+39
1206.16 2.956457358636009e+39
1206.48 2.1309371357515362e+39
1206.79 2.9450447673193134e+39
1207.1 2.825095866790997e+39
1207.42 2.726668176407649e+39
1207.73 2.858206688015716e+39
1208.04 2.87306200470048e+39
1208.35 2.8450925106395526e+39
1208.67 2.8675143518232354e+39
1208.98 2.977673299420349e+39
1209.29 2.9522186474699275e+39
1209.61 2.911439757266822e+39
1209.92 2.924013231310093e+39
1210.23 2.712194836119266e+39
1210.55 2.332546204470325e+39
1210.86 2.44332849192561e+39
1211.18 2.0713871819728943e+39
1211.49 1.9688967468826265e+39
1211.8 2.0500508068119604e+39
1212.12 2.0774669858029763e+39
1212.43 2.1630465547274114e+39
1212.75 2.283733527637909e+39
1213.06 2.5174868841410134e+39
1213.38 2.901127610314356e+39
1213.69 2.9668710711860667e+39
1214.0 3.4274453727907967e+39
1214.32 3.8804334431468595e+39
1214.63 4.0766381040573365e+39
1214.95 4.476328099502002e+39
1215.26 4.144421183747474e+39
1215.58 4.275369860987258e+39
1215.89 4.448726612665113e+39
1216.21 5.3216410677434745e+39
1216.52 5.205922020658068e+39
1216.84 4.366541321961529e+39
1217.15 3.644095138635415e+39
1217.47 4.112819759536762e+39
1217.79 3.498723932159157e+39
1218.1 4.155773678720126e+39
1218.42 3.902760862031342e+39
1218.73 3.202316156617109e+39
1219.05 3.692532396294166e+39
1219.36 3.4937886744836957e+39
1219.68 3.3042035630797116e+39
1220.0 2.70120152044493e+39
1220.31 3.0296285440523074e+39
1220.63 3.09499269975052e+39
1220.94 2.6281616900600816e+39
1221.26 2.277206319081199e+39
1221.58 2.92141132136024e+39
1221.9 2.566628801859206e+39
1222.21 2.553969002372985e+39
1222.53 2.853093683102039e+39
1222.84 2.902810222093553e+39
1223.16 2.4118989523814445e+39
1223.48 3.019809881222248e+39
1223.8 2.3117992722094253e+39
1224.11 2.9742867834846413e+39
1224.43 2.954155942782083e+39
1224.75 2.8831950286154765e+39
1225.06 2.866466160697515e+39
1225.38 2.8892656714013815e+39
1225.7 2.802258297723588e+39
1226.02 2.655576873939894e+39
1226.34 2.91587981780358e+39
1226.65 2.859186949295595e+39
1226.97 2.866509264378576e+39
1227.29 2.7678603507303984e+39
1227.61 2.7067305652670294e+39
1227.93 2.4570042500946237e+39
1228.24 2.2880682506437254e+39
1228.56 2.2929781184089862e+39
1228.88 2.331046160491962e+39
1229.2 2.2729080406053523e+39
1229.52 2.0478723590204544e+39
1229.84 1.9697627999044215e+39
1230.16 2.2631065746117342e+39
1230.47 2.0828033227887876e+39
1230.79 1.9773310759656755e+39
1231.11 2.159586230458624e+39
1231.43 2.1029635030905747e+39
1231.75 2.0218221463062772e+39
1232.07 1.918731436238402e+39
1232.39 1.8615532366183606e+39
1232.71 1.88294120019579e+39
1233.03 1.8641381039635943e+39
1233.35 1.8877280852165928e+39
1233.67 1.925798387009797e+39
1233.99 1.9038039693788014e+39
1234.31 1.860731309351611e+39
1234.63 1.7718017673886185e+39
1234.95 1.814289653097883e+39
1235.27 1.7328387254247664e+39
1235.59 1.7305322379805386e+39
1235.91 1.696568000126353e+39
1236.23 1.608173407399641e+39
1236.55 1.6065139811187524e+39
1236.87 1.5275174159052568e+39
1237.19 1.4390896825980537e+39
1237.51 1.3682629794754652e+39
1237.83 1.3400818390083208e+39
1238.15 1.3980190669969188e+39
1238.47 1.4388479275987897e+39
1238.79 1.5251295107176505e+39
1239.11 1.8182708721697894e+39
1239.44 1.870890365219283e+39
1239.76 1.940038070038496e+39
1240.08 2.0403383575648046e+39
1240.4 2.1409383622310182e+39
1240.72 2.0713627504537193e+39
1241.04 2.0624726013994633e+39
1241.36 2.0983128579450988e+39
1241.69 2.1149017758176204e+39
1242.01 2.2409507536812404e+39
1242.33 2.4316129724437708e+39
1242.65 2.6585609328640088e+39
1242.97 3.2044892096364697e+39
1243.3 3.2336195284048956e+39
1243.62 3.2079764458971776e+39
1243.94 3.01247499567414e+39
1244.26 2.85762843595343e+39
1244.58 2.828642712301409e+39
1244.91 2.747061269235042e+39
1245.23 2.640041409322897e+39
1245.55 2.7249790014312264e+39
1245.88 2.7381894864779633e+39
1246.2 2.648475603079041e+39
1246.52 2.722503726401757e+39
1246.84 2.805052648997293e+39
1247.17 2.8496496725056364e+39
1247.49 2.18264981852095e+39
1247.81 2.6261327938806086e+39
1248.14 2.6566064703851828e+39
1248.46 2.863979482923608e+39
1248.79 2.896546496431753e+39
1249.11 2.886777008639887e+39
1249.43 2.772975287858767e+39
1249.76 2.798702198679693e+39
1250.08 2.6640937737352026e+39
1250.4 2.4039883251846226e+39
1250.73 2.4333979159272568e+39
1251.05 2.5196837522465068e+39
1251.38 2.5988240188064332e+39
1251.7 2.5399772852118816e+39
1252.03 2.527090109938803e+39
1252.35 2.504054321850401e+39
1252.68 2.4443573660074155e+39
1253.0 2.4984333897659447e+39
1253.32 2.5507087881344884e+39
1253.65 2.2693522921133222e+39
1253.97 2.4157115785668945e+39
1254.3 2.497388927744657e+39
1254.62 2.409513696806688e+39
1254.95 2.2413545409262227e+39
1255.27 2.1036516918360795e+39
1255.6 2.5603247405799367e+39
1255.93 2.469825678840043e+39
1256.25 2.3050994254280143e+39
1256.58 1.9707474362798198e+39
1256.9 2.36627049328876e+39
1257.23 2.4473481513867104e+39
1257.55 2.4600233545225356e+39
1257.88 2.42097695739392e+39
1258.2 2.5910404214834117e+39
1258.53 2.368457919353288e+39
1258.86 2.2796973146765876e+39
1259.18 2.5567649630637462e+39
1259.51 2.5344421341943948e+39
1259.84 2.537195798860845e+39
1260.16 2.522131280672195e+39
1260.49 2.5502887268505052e+39
1260.82 2.5079047835373824e+39
1261.14 2.5163140063949625e+39
1261.47 2.512502986631516e+39
1261.8 2.413172504381034e+39
1262.12 2.6113329325756484e+39
1262.45 2.6381779523178988e+39
1262.78 2.6457935734942627e+39
1263.11 2.6352866254999163e+39
1263.43 2.6143386942693845e+39
1263.76 2.568584222639031e+39
1264.09 2.522120315395666e+39
1264.42 2.3896143636207516e+39
1264.74 2.3480748045984157e+39
1265.07 2.2761663956393226e+39
1265.4 2.232009897846192e+39
1265.73 2.272470504390195e+39
1266.06 2.3874837473966117e+39
1266.38 2.2741791672887928e+39
1266.71 2.3420000758881905e+39
1267.04 2.495394208416021e+39
1267.37 2.4472111955096077e+39
1267.7 2.5011732128711725e+39
1268.03 2.4900388143261213e+39
1268.35 2.5478305669250728e+39
1268.68 2.4963929695486127e+39
1269.01 2.2330342694108923e+39
1269.34 2.144953369921213e+39
1269.67 1.964356700513191e+39
1270.0 1.869617996936967e+39
1270.33 2.0803932561605263e+39
1270.66 2.0396141896193324e+39
1270.99 2.4136297050386717e+39
1271.32 2.4456442838058477e+39
1271.65 2.4201147980072217e+39
1271.97 2.332602375261865e+39
1272.31 2.4483945970739928e+39
1272.63 2.2638425429137647e+39
1272.96 2.4439314148170237e+39
1273.29 2.4038194278510282e+39
1273.62 2.1105453957549663e+39
1273.95 2.4824332801852795e+39
1274.28 2.3772809050227085e+39
1274.61 2.2720791125022432e+39
1274.94 2.2157279008512946e+39
1275.28 2.3162605165657677e+39
1275.61 2.4309747194486903e+39
1275.94 2.3766405945802677e+39
1276.27 2.4414431126241377e+39
1276.6 2.407962603688264e+39
1276.93 2.2111229717892718e+39
1277.26 2.4709621064394653e+39
1277.59 2.4131777041871684e+39
1277.92 2.4495288173025237e+39
1278.25 2.341670754796784e+39
1278.58 2.455212808946454e+39
1278.92 2.0572186878325285e+39
1279.25 2.3630005952067785e+39
1279.58 2.2435059793390574e+39
1279.91 2.1875130963383913e+39
1280.24 2.1694224110555463e+39
1280.57 2.2443346416988378e+39
1280.91 2.3660783386707826e+39
1281.24 2.2918314319971106e+39
1281.57 2.2844215755866826e+39
1281.9 2.26021558533399e+39
1282.23 2.0383253580097613e+39
1282.57 2.1492412641816272e+39
1282.9 2.2564664126201073e+39
1283.23 2.4194831776118404e+39
1283.56 2.429608903290157e+39
1283.9 2.423305445652659e+39
1284.23 2.273275037072929e+39
1284.56 2.5452815989149732e+39
1284.9 2.6052998816056584e+39
1285.23 2.5154265223659467e+39
1285.56 2.5730935841363283e+39
1285.9 2.37092359094139e+39
1286.23 2.5425620783076315e+39
1286.56 2.451182248523538e+39
1286.9 2.2078912226180983e+39
1287.23 2.1235464821115893e+39
1287.56 1.977633911368734e+39
1287.9 2.274982523841441e+39
1288.23 2.2287032936049774e+39
1288.56 2.440318290922799e+39
1288.9 2.2960890822341218e+39
1289.23 2.2046670683974594e+39
1289.57 2.47340558172278e+39
1289.9 2.5601751581007496e+39
1290.23 2.3893185347176678e+39
1290.57 2.268592373661759e+39
1290.9 2.384684351762071e+39
1291.24 2.4294802936291484e+39
1291.57 2.5862343524348973e+39
1291.91 2.8353744267648695e+39
1292.24 2.9315342639465895e+39
1292.58 3.068298301539327e+39
1292.91 3.113954034180262e+39
1293.25 2.9843851185244855e+39
1293.58 3.14731016859344e+39
1293.92 3.0658596961470166e+39
1294.25 2.953296268591789e+39
1294.59 2.270282027688907e+39
1294.92 2.900511641439506e+39
1295.26 3.005228304106986e+39
1295.59 3.1466057615569584e+39
1295.93 3.0998112800534475e+39
1296.27 2.6178105109223992e+39
1296.6 2.825290847535466e+39
1296.94 3.0174923558624355e+39
1297.28 2.8493068792779145e+39
1297.61 2.464644437399413e+39
1297.95 2.5385597261157984e+39
1298.28 2.706278547691133e+39
1298.62 2.73769882375882e+39
1298.96 2.2329493694091312e+39
1299.29 2.7450109266363227e+39
1299.63 2.705000484269145e+39
1299.97 2.6967497611530213e+39
1300.3 2.5447548050022235e+39
1300.64 2.444158174682287e+39
1300.98 2.322965206965655e+39
1301.32 2.476886660113504e+39
1301.65 2.4934550981722887e+39
1301.99 2.5187498882990367e+39
1302.33 2.4570193041413217e+39
1302.67 2.402824907244956e+39
1303.0 2.3265246938018265e+39
1303.34 1.7362461119966822e+39
1303.68 2.2724531482673427e+39
1304.02 2.3458412669527246e+39
1304.35 2.345709825465412e+39
1304.69 2.3052500181609237e+39
1305.03 2.2926186096625642e+39
1305.37 2.15459488585664e+39
1305.71 2.1443687425431382e+39
1306.05 1.8495383619861464e+39
1306.38 2.2849631192255766e+39
1306.72 2.2468451038397984e+39
1307.06 2.2972438859132953e+39
1307.4 1.9988541551666422e+39
1307.74 2.317582177386432e+39
1308.08 2.355261915481276e+39
1308.42 2.337832053820617e+39
1308.76 2.0792534958258772e+39
1309.09 2.3004009578931585e+39
1309.43 2.248369754579936e+39
1309.77 2.2262398954042463e+39
1310.11 2.1181476009745895e+39
1310.45 2.2623537367090176e+39
1310.79 2.2364275541807956e+39
1311.13 2.0492700347671286e+39
1311.47 2.1233108406887743e+39
1311.81 1.7122138140511136e+39
1312.15 2.0214474147930602e+39
1312.49 1.986949969925391e+39
1312.83 2.22926371849454e+39
1313.17 2.2506398067680712e+39
1313.51 2.265846974024393e+39
1313.85 2.2806318667684077e+39
1314.19 2.2657387523618802e+39
1314.53 2.1287002407196363e+39
1314.88 2.25038745470138e+39
1315.22 2.287346926065765e+39
1315.56 2.2327331150465445e+39
1315.9 2.2541438099669466e+39
1316.24 2.2257503886649545e+39
1316.58 2.2785120419651752e+39
1316.92 2.191826788663904e+39
1317.26 2.1815801089635003e+39
1317.6 2.1637452718986104e+39
1317.94 2.1315775165406668e+39
1318.29 1.988356490927293e+39
1318.63 2.105762151250237e+39
1318.97 2.2425101204313213e+39
1319.31 2.0814191217997066e+39
1319.65 2.13046645564724e+39
1320.0 2.140020766221968e+39
1320.34 1.8155290961466568e+39
1320.68 1.9405662384126983e+39
1321.02 2.080337326161146e+39
1321.36 1.7410012528144305e+39
1321.71 2.1188125524396527e+39
1322.05 2.140809013581191e+39
1322.39 2.1272735698014107e+39
1322.74 2.033840532012447e+39
1323.08 1.8660891292854167e+39
1323.42 2.021612433654752e+39
1323.76 2.0665858393590556e+39
1324.11 2.1523710219988906e+39
1324.45 2.0583193217423696e+39
1324.79 2.1868973457750793e+39
1325.14 2.2581988659215293e+39
1325.48 2.243716061710994e+39
1325.82 2.017407545912372e+39
1326.17 2.111482706031274e+39
1326.51 2.0362136199483892e+39
1326.85 2.143626807554223e+39
1327.2 2.1750195636380416e+39
1327.54 2.1926992822448323e+39
1327.89 2.2664864642343207e+39
1328.23 2.25625978029973e+39
1328.58 2.218928070903239e+39
1328.92 2.195226120673709e+39
1329.27 2.1908036275763932e+39
1329.61 2.183280591169386e+39
1329.95 2.1326308575843145e+39
1330.3 2.014976469366864e+39
1330.64 2.1710817613950515e+39
1330.99 2.1228071230823785e+39
1331.33 2.0422401103436878e+39
1331.68 1.9321072320393605e+39
1332.02 2.2015449486422183e+39
1332.37 2.1581520966497428e+39
1332.71 2.2515336628239436e+39
1333.06 2.217445749191126e+39
1333.41 2.2209439400014002e+39
1333.75 2.2052310098031392e+39
1334.1 2.163459407815049e+39
1334.44 1.76650678900203e+39
1334.79 2.0717628361537426e+39
1335.13 2.009678856336757e+39
1335.48 2.0530118590989348e+39
1335.83 1.700694420251553e+39
1336.17 1.8215160836698494e+39
1336.52 1.986496967288106e+39
1336.86 1.9678169412979565e+39
1337.21 2.0406553326823666e+39
1337.56 2.0171800104832708e+39
1337.91 1.9404823070797355e+39
1338.25 1.890325564292685e+39
1338.6 1.5256738636252522e+39
1338.94 2.1888635643099885e+39
1339.29 2.208736245496589e+39
1339.64 1.967655473985854e+39
1339.99 2.2412189830360064e+39
1340.33 2.157850782783918e+39
1340.68 2.199108772324246e+39
1341.03 2.1154465003177547e+39
1341.38 2.0835667397859528e+39
1341.72 2.0206200823514202e+39
1342.07 1.947422134352028e+39
1342.42 1.695022911352115e+39
1342.77 1.869739392180283e+39
1343.11 1.782208285768933e+39
1343.46 1.5329360258618742e+39
1343.81 2.1705492138628525e+39
1344.16 2.128360928859592e+39
1344.51 2.154472487272787e+39
1344.86 2.080159618467829e+39
1345.21 2.168664669097042e+39
1345.55 1.952630261678909e+39
1345.9 2.2608712218232037e+39
1346.25 2.2650702193627124e+39
1346.6 2.2525142570800844e+39
1346.95 2.202284696784411e+39
1347.3 1.937400500464471e+39
1347.65 2.1152192407168695e+39
1348.0 2.015493505822158e+39
1348.35 2.1377526431986674e+39
1348.7 2.098956968999605e+39
1349.05 2.1233894356711033e+39
1349.4 2.1463265786050937e+39
1349.74 2.1603982250585656e+39
1350.09 2.131670280407293e+39
1350.44 2.1032760811893472e+39
1350.8 2.1539754538226912e+39
1351.15 2.094966447165531e+39
1351.49 1.8048256131151074e+39
1351.84 2.1273631625656962e+39
1352.2 2.1109903205765048e+39
1352.55 2.0098919014189152e+39
1352.9 1.9484496726042914e+39
1353.25 1.9265741074705577e+39
1353.6 1.8695723646886936e+39
1353.95 1.8692994345762134e+39
1354.3 1.824296829990415e+39
1354.65 1.8607677328823275e+39
1355.0 1.881433460693676e+39
1355.35 1.80857113324139e+39
1355.7 1.952640802274819e+39
1356.06 1.648342112355961e+39
1356.41 1.9868459196065302e+39
1356.76 2.0282480046191447e+39
1357.11 1.6832474302753198e+39
1357.46 2.0984319834310838e+39
1357.81 1.9857376395877345e+39
1358.17 2.114594379962983e+39
1358.52 1.8769993134899482e+39
1358.87 2.0323625705615305e+39
1359.22 1.7955119354831203e+39
1359.57 2.0705486483347026e+39
1359.93 2.0408017640490586e+39
1360.28 2.0451164060337176e+39
1360.63 1.9503622321066967e+39
1360.98 1.923723092487889e+39
1361.34 1.8102897056448132e+39
1361.69 1.6460591257756504e+39
1362.04 1.919078827317989e+39
1362.4 1.9399406511566825e+39
1362.75 1.9025053909538457e+39
1363.1 1.6778896013112338e+39
1363.46 1.7429668148785414e+39
1363.81 1.764886065161573e+39
1364.16 1.8346121436027507e+39
1364.52 1.7782798441540462e+39
1364.87 1.6079693450861466e+39
1365.22 1.710706312649426e+39
1365.58 1.5521775809597e+39
1365.93 1.7632308207090126e+39
1366.29 1.7922359650233883e+39
1366.64 1.7825963768877466e+39
1366.99 1.636518371165742e+39
1367.35 1.672118341655007e+39
1367.7 1.659529379559652e+39
1368.06 1.645739687024462e+39
1368.41 1.631094585586024e+39
1368.77 1.6560193770089723e+39
1369.12 1.6696040406544357e+39
1369.48 1.6336530439073437e+39
1369.83 1.7144624134840035e+39
1370.19 1.731986006184381e+39
1370.54 1.7872799773029898e+39
1370.9 1.7950604216766225e+39
1371.25 1.8870236879851415e+39
1371.61 2.090951235827444e+39
1371.96 1.9366549673832496e+39
1372.32 2.191587818491824e+39
1372.67 1.9884162174334017e+39
1373.03 1.9567889687732028e+39
1373.39 1.9632731280489265e+39
1373.74 1.7726346947159207e+39
1374.1 1.6897639763010182e+39
1374.45 2.0467492472009883e+39
1374.81 1.831730228255833e+39
1375.17 2.0269751369337972e+39
1375.52 1.9221493004250343e+39
1375.88 1.9381353293907988e+39
1376.23 1.7490928464300708e+39
1376.59 1.8988467472421192e+39
1376.95 1.9225471625510768e+39
1377.31 1.9542680230783815e+39
1377.66 1.7202954097259554e+39
1378.02 1.6835663047147495e+39
1378.38 1.7790471393443164e+39
1378.73 1.696392971804762e+39
1379.09 1.6913121401194215e+39
1379.45 1.825160679628767e+39
1379.81 1.8623807660735865e+39
1380.16 1.6693124242845507e+39
1380.52 1.9019323727821978e+39
1380.88 1.9900892398374444e+39
1381.24 1.9258394042800144e+39
1381.6 1.7884121903060145e+39
1381.95 2.0266882221308242e+39
1382.31 2.0014952681600394e+39
1382.67 1.9638677022490012e+39
1383.03 1.9087538405889182e+39
1383.39 1.87459587074253e+39
1383.75 1.8276179894908217e+39
1384.1 1.7001802056537376e+39
1384.46 1.90244799945832e+39
1384.82 1.8736163606951613e+39
1385.18 1.8560453410989274e+39
1385.54 1.8206083432475856e+39
1385.9 1.7401412895021806e+39
1386.26 1.677384135771136e+39
1386.62 1.842937412914901e+39
1386.98 1.7962164854378494e+39
1387.34 1.6527486281160798e+39
1387.7 1.8305220671867106e+39
1388.06 1.7511895949663892e+39
1388.42 1.8870412923520135e+39
1388.78 1.888076883125176e+39
1389.14 1.8328544671700825e+39
1389.49 1.743203294338606e+39
1389.85 1.7484226196686564e+39
1390.21 1.7249830454574447e+39
1390.58 1.6137697562127377e+39
1390.94 1.4047532951016423e+39
1391.3 1.552703682129106e+39
1391.66 1.6092634304788052e+39
1392.02 1.6817279329456677e+39
1392.38 1.6987691641505732e+39
1392.74 1.761663825560331e+39
1393.1 1.603399485476214e+39
1393.46 1.7146302415360018e+39
1393.82 1.2885143352314197e+39
1394.18 1.617923808662646e+39
1394.55 1.626017498914837e+39
1394.91 1.7035076937998153e+39
1395.27 1.6360742886683013e+39
1395.63 1.7502576151531733e+39
1395.99 1.5491767415242708e+39
1396.35 1.805967773489132e+39
1396.72 1.8119131141365813e+39
1397.08 1.638500089488763e+39
1397.44 1.7894336772482016e+39
1397.8 1.8326299491062714e+39
1398.16 1.4773179972915568e+39
1398.53 1.9806673677293057e+39
1398.89 1.7628721971091836e+39
1399.25 1.91964157113655e+39
1399.61 1.8391599461589516e+39
1399.98 1.5602249079899762e+39
1400.34 1.691128597313933e+39
1400.7 1.5628096934527015e+39
1401.07 1.667953407337091e+39
1401.43 1.788971617661795e+39
1401.79 1.7611365160823738e+39
1402.16 1.7410087444154835e+39
1402.52 1.77300759844045e+39
1402.88 1.3270896960154936e+39
1403.25 1.5407363166098916e+39
1403.61 1.922242046474291e+39
1403.97 1.8701561155390966e+39
1404.34 1.8562480730492387e+39
1404.7 1.8768340668226356e+39
1405.06 1.8566745127354534e+39
1405.43 1.7929329208671748e+39
1405.79 1.7447130613916425e+39
1406.16 1.6255949933425428e+39
1406.52 1.581839429080649e+39
1406.89 1.3095763159882528e+39
1407.25 1.3270611293910458e+39
1407.62 1.6266324015334912e+39
1407.98 1.6309836527025015e+39
1408.35 1.66321415842227e+39
1408.71 1.3293472312559838e+39
1409.08 1.4347197455379032e+39
1409.44 1.4222548066636313e+39
1409.81 1.4483920254735614e+39
1410.17 1.770135584269034e+39
1410.54 1.8663595882515426e+39
1410.9 1.9566169100087212e+39
1411.27 1.9099177592631902e+39
1411.64 1.8618880704837647e+39
1412.0 2.0298977365641388e+39
1412.37 2.0497133814901905e+39
1412.73 2.0029670231764194e+39
1413.1 1.9324704022818666e+39
1413.46 1.865965399793195e+39
1413.83 1.8441350111452045e+39
1414.2 1.7275549788593105e+39
1414.56 1.54754299085131e+39
1414.93 1.7376486280999103e+39
1415.3 1.6863636756309712e+39
1415.67 1.6944960229658705e+39
1416.03 1.699540605876585e+39
1416.4 1.7437368078618286e+39
1416.77 1.7292204485024306e+39
1417.13 1.6066506849551775e+39
1417.5 1.688616255698428e+39
1417.87 1.6491513166694893e+39
1418.23 1.6778058963664747e+39
1418.6 1.7506177641100344e+39
1418.97 1.8352743026687046e+39
1419.34 1.863333852446195e+39
1419.71 1.8378091204393744e+39
1420.07 1.6479035754700298e+39
1420.44 1.6813634369296823e+39
1420.81 1.998119415215971e+39
1421.18 1.6808591334481352e+39
1421.55 2.0501764227974095e+39
1421.92 1.970793807702103e+39
1422.28 1.8897867621027237e+39
1422.65 1.7332564750806683e+39
1423.02 1.8032788871361048e+39
1423.39 1.7781688682896008e+39
1423.76 1.7520364806855055e+39
1424.13 1.6934926841532257e+39
1424.5 1.4124840185785707e+39
1424.87 1.7445113462069958e+39
1425.23 1.7877043836899205e+39
1425.6 1.7927760235403097e+39
1425.97 1.7139036488332543e+39
1426.34 1.4717593691637768e+39
1426.71 1.723761802535767e+39
1427.08 1.7544368238559898e+39
1427.45 1.3645148087197963e+39
1427.82 1.4060436722109025e+39
1428.19 1.4604927482291063e+39
1428.56 1.4982698401911828e+39
1428.93 1.3250452438508509e+39
1429.3 1.5851173351743395e+39
1429.68 1.7635613012440272e+39
1430.05 1.781358558970137e+39
1430.42 1.4899516210063798e+39
1430.79 1.672796175918898e+39
1431.16 1.857906801897391e+39
1431.53 1.8306059101410008e+39
1431.9 1.7824437498835064e+39
1432.27 1.8755422170555075e+39
1432.64 1.8487913174130295e+39
1433.01 1.7563820063429553e+39
1433.38 1.8212103229218697e+39
1433.76 1.773820523118151e+39
1434.13 1.7874375444862558e+39
1434.5 1.6104309710741218e+39
1434.87 1.7723659177286872e+39
1435.24 1.5196539513808335e+39
1435.61 1.799973266652771e+39
1435.99 1.7704181792549216e+39
1436.36 1.7730757420500845e+39
1436.73 1.6844136553510666e+39
1437.1 1.664218159552076e+39
1437.48 1.6355364143946033e+39
1437.85 1.6996981329703925e+39
1438.22 1.719742461833679e+39
1438.59 1.6782825123335212e+39
1438.97 1.6011985433388995e+39
1439.34 1.646443824416565e+39
1439.71 1.4851102181826325e+39
1440.09 1.5889817908088135e+39
1440.46 1.31301825889148e+39
1440.83 1.4058294865296848e+39
1441.21 1.4939050636879297e+39
1441.58 1.6395511054547914e+39
1441.95 1.6519502157022502e+39
1442.33 1.66608603099209e+39
1442.7 1.6402479212726712e+39
1443.07 1.7083293665181146e+39
1443.45 1.6631529545529884e+39
1443.82 1.7968605687771713e+39
1444.2 1.782071159614014e+39
1444.57 1.8196476661970427e+39
1444.95 1.5647971499253767e+39
1445.32 1.7359227132837e+39
1445.69 1.599273578664825e+39
1446.07 1.6150412564065256e+39
1446.44 1.5085373725355126e+39
1446.82 1.5062845120571718e+39
1447.19 1.516001181361975e+39
1447.57 1.4749270977893686e+39
1447.94 1.53597150891627e+39
1448.32 1.602818155307081e+39
1448.69 1.5605832256872756e+39
1449.07 1.4361443890979007e+39
1449.45 1.5859858809227264e+39
1449.82 1.4047275912577546e+39
1450.2 1.5193345079033033e+39
1450.57 1.574694367286004e+39
1450.95 1.5703904344084967e+39
1451.33 1.6622220841076854e+39
1451.7 1.6943847529229098e+39
1452.08 1.7181201040728688e+39
1452.45 1.578979830262988e+39
1452.83 1.7000752519958738e+39
1453.21 1.7551318522907876e+39
1453.58 1.469545120992363e+39
1453.96 1.6359295824134284e+39
1454.34 1.6552604026221455e+39
1454.71 1.513281133774749e+39
1455.09 1.750335962291645e+39
1455.47 1.4620534621856883e+39
1455.85 1.722959744893806e+39
1456.22 1.529919483709428e+39
1456.6 1.7297388135454864e+39
1456.98 1.7767753701100644e+39
1457.36 1.5487258936764462e+39
1457.73 1.5156822235704284e+39
1458.11 1.7252827068020483e+39
1458.49 1.499278871824329e+39
1458.87 1.68761979949411e+39
1459.24 1.2725895782364339e+39
1459.62 1.5958447209926382e+39
1460.0 1.6750699197158888e+39
1460.38 1.5840733505814004e+39
1460.76 1.4491310937893424e+39
1461.14 1.697892156123643e+39
1461.52 1.6671035192034658e+39
1461.9 1.7017081311595055e+39
1462.27 1.532742256260689e+39
1462.65 1.418540417026662e+39
1463.03 1.6848620069232147e+39
1463.41 1.6767063133817666e+39
1463.79 1.5329207445244107e+39
1464.17 1.416127780924352e+39
1464.55 1.489893492562573e+39
1464.93 1.5005070605281922e+39
1465.31 1.4002026740846093e+39
1465.69 1.6515578917217707e+39
1466.07 1.6447759220918982e+39
1466.45 1.4672351317482803e+39
1466.83 1.441626424625507e+39
1467.21 1.6129681451718216e+39
1467.59 1.6880639146525066e+39
1467.97 1.6867938975772867e+39
1468.35 1.6764677197025007e+39
1468.73 1.6570606687934622e+39
1469.11 1.6684441067210534e+39
1469.49 1.688748415841692e+39
1469.87 1.4926510346347336e+39
1470.25 1.540074242239074e+39
1470.64 1.6714507290310115e+39
1471.02 1.604157587037528e+39
1471.4 1.6115378850807382e+39
1471.78 1.579552440632483e+39
1472.16 1.495573004712624e+39
1472.54 1.4297536875477116e+39
1472.92 1.7210158595176894e+39
1473.31 1.7538283154558202e+39
1473.69 1.7834905156422246e+39
1474.07 1.748213904640341e+39
1474.45 1.7010159086870793e+39
1474.83 1.6583730055075352e+39
1475.21 1.6132664551108963e+39
1475.6 1.4228481427585072e+39
1475.98 1.6473751652287867e+39
1476.36 1.59289268181842e+39
1476.74 1.6728251863651328e+39
1477.13 1.68338389729295e+39
1477.51 1.5144930673297698e+39
1477.89 1.6480160994523703e+39
1478.28 1.409205020095402e+39
1478.66 1.6409993966560376e+39
1479.04 1.60399385563066e+39
1479.43 1.3238096837176718e+39
1479.81 1.5712305402107273e+39
1480.19 1.5598552876401788e+39
1480.58 1.578073708864216e+39
1480.96 1.5729747863705646e+39
1481.34 1.5296648149139943e+39
1481.73 1.5521703165639617e+39
1482.11 1.596224487887543e+39
1482.5 1.6263991814142372e+39
1482.88 1.648624773545104e+39
1483.27 1.4940154233871437e+39
1483.65 1.6839137172513294e+39
1484.03 1.5958594059229816e+39
1484.42 1.5543471042282166e+39
1484.8 1.645897860026567e+39
1485.19 1.5975937123803005e+39
1485.57 1.621254871148727e+39
1485.96 1.5361542872489475e+39
1486.34 1.5806651119862876e+39
1486.73 1.56312421983422e+39
1487.11 1.631580859876995e+39
1487.5 1.6317826370231034e+39
1487.89 1.4822315547545397e+39
1488.27 1.6046905068733227e+39
1488.66 1.6010139330311767e+39
1489.04 1.5663557991738038e+39
1489.43 1.5929580116663126e+39
1489.81 1.4167059419742694e+39
1490.2 1.498662035301259e+39
1490.59 1.6384671445616457e+39
1490.97 1.6435512199055947e+39
1491.36 1.6365050714037277e+39
1491.75 1.5936080282975094e+39
1492.13 1.5732840286712682e+39
1492.52 1.6110587144879327e+39
1492.91 1.6140450192066744e+39
1493.29 1.6158140785243046e+39
1493.68 1.2306250307456137e+39
1494.07 1.5925759091155018e+39
1494.45 1.5123280402934592e+39
1494.84 1.588950920861471e+39
1495.23 1.4084291418650994e+39
1495.62 1.499821458571487e+39
1496.01 1.60732671975081e+39
1496.39 1.5885109967379246e+39
1496.78 1.6154923579454825e+39
1497.17 1.6300826732648328e+39
1497.56 1.471141325590746e+39
1497.94 1.3718310081609653e+39
1498.33 1.681455817723946e+39
1498.72 1.4333107102466127e+39
1499.11 1.514904560207179e+39
1499.5 1.6148799432242697e+39
1499.89 1.6156424269172813e+39
1500.28 1.467101964973936e+39
1500.66 1.562308503473588e+39
1501.05 1.5343764591459312e+39
1501.44 1.4799842644198018e+39
1501.83 1.2827508462203812e+39
1502.22 1.4733216225237193e+39
1502.61 1.632611518577356e+39
1503.0 1.576805734563497e+39
1503.39 1.5893647108869962e+39
1503.78 1.5856195146110627e+39
1504.17 1.5944629754538457e+39
1504.56 1.4421483480048195e+39
1504.95 1.695920443186674e+39
1505.34 1.6582540041802157e+39
1505.73 1.541795148501722e+39
1506.12 1.6778082889733604e+39
1506.51 1.691289829539605e+39
1506.9 1.6018571337567737e+39
1507.29 1.6429319024176678e+39
1507.68 1.6079235154730858e+39
1508.07 1.603176179395434e+39
1508.46 1.5851747892654542e+39
1508.85 1.4509521913177515e+39
1509.24 1.5338365750030897e+39
1509.64 1.536468756936466e+39
1510.03 1.5565741103988462e+39
1510.42 1.563312904043706e+39
1510.81 1.5676245755441367e+39
1511.2 1.3521293954387717e+39
1511.59 1.490439961854434e+39
1511.98 1.581542106568041e+39
1512.38 1.5149060363288148e+39
1512.77 1.360792951089122e+39
1513.16 1.5433642865721662e+39
1513.55 1.4147342984485268e+39
1513.94 1.5800519248763163e+39
1514.34 1.5721591433752143e+39
1514.73 1.5731968377953177e+39
1515.12 1.577319470622197e+39
1515.52 1.437821378786813e+39
1515.91 1.5340574302620212e+39
1516.3 1.496919137936799e+39
1516.69 1.2978219158969208e+39
1517.09 1.522476309734902e+39
1517.48 1.529281337064314e+39
1517.87 1.4748378476208203e+39
1518.27 1.5262997732791523e+39
1518.66 1.4636148500994015e+39
1519.05 1.3365149323645111e+39
1519.45 1.5054956558296485e+39
1519.84 1.5056589039081518e+39
1520.23 1.496593061064353e+39
1520.63 1.1845940426768209e+39
1521.02 1.4353134572746087e+39
1521.42 1.398693825637657e+39
1521.81 1.4132856593279016e+39
1522.21 1.3937854842005902e+39
1522.6 1.3848518435620637e+39
1522.99 1.3883876127692896e+39
1523.39 1.3626579071051513e+39
1523.79 1.40777417355591e+39
1524.18 1.362669494123644e+39
1524.57 1.3886030470635195e+39
1524.97 1.3392892783638901e+39
1525.36 1.2553997974661307e+39
1525.76 1.4275075579518332e+39
1526.16 1.4081691343457083e+39
1526.55 1.456607715416188e+39
1526.95 1.362853250353214e+39
1527.34 1.3605576894914982e+39
1527.74 1.2340806228233581e+39
1528.14 1.3938631851368548e+39
1528.53 1.404617702183925e+39
1528.93 1.3871225614625628e+39
1529.32 1.4377815522052982e+39
1529.72 1.4125365322712828e+39
1530.12 1.0842926474256665e+39
1530.51 1.2424093385086528e+39
1530.91 1.426729413531984e+39
1531.31 1.2281702260357417e+39
1531.7 1.33905027108744e+39
1532.1 1.3496896429962605e+39
1532.5 1.2663127834494057e+39
1532.9 1.1508748755517468e+39
1533.29 1.148091733719622e+39
1533.69 1.3947417190779784e+39
1534.09 1.3252598334131094e+39
1534.48 1.2916642475018807e+39
1534.88 1.1684952893468117e+39
1535.28 1.2507898125274947e+39
1535.68 1.1166363128533895e+39
1536.08 1.2998678451563305e+39
1536.47 1.2276597259572323e+39
1536.87 1.2337738069221986e+39
1537.27 1.0442226885102492e+39
1537.67 1.180648845007548e+39
1538.07 1.0378830278879918e+39
1538.47 1.0671270183420558e+39
1538.86 8.808565122230825e+38
1539.26 9.496923907850994e+38
1539.66 9.507597533240564e+38
1540.06 8.50998240911194e+38
1540.46 8.948836585354275e+38
1540.86 9.858129858952518e+38
1541.26 1.0159036811349941e+39
1541.66 1.0139127288937983e+39
1542.06 8.740145422567242e+38
1542.46 8.921477490773439e+38
1542.86 8.962412970720455e+38
1543.26 9.262605357767175e+38
1543.66 7.648062218026427e+38
1544.06 7.842412931210202e+38
1544.46 6.386281254133795e+38
1544.86 6.619213944324278e+38
1545.26 8.618562547040741e+38
1545.66 8.841446004600337e+38
1546.06 1.0205911597039867e+39
1546.46 9.405899785695957e+38
1546.86 1.112036223759283e+39
1547.26 1.1189677329889013e+39
1547.66 1.1441849579962943e+39
1548.06 1.2556105228299562e+39
1548.47 1.5483973546193617e+39
1548.87 1.6096120629666136e+39
1549.27 1.6946891831241914e+39
1549.67 1.7592960944945885e+39
1550.07 1.7797863087198376e+39
1550.47 1.8675267289283586e+39
1550.88 1.9365760593948618e+39
1551.28 2.2905174676689384e+39
1551.68 2.3182629758344474e+39
1552.08 2.1352160843856265e+39
1552.48 2.2663188292118112e+39
1552.89 2.2025661194336712e+39
1553.29 1.8838148398989053e+39
1553.69 2.0910649126376208e+39
1554.09 1.9454803896452487e+39
1554.5 1.9684526704817003e+39
1554.9 1.684319219064695e+39
1555.3 1.7501443611939837e+39
1555.71 1.795775829821617e+39
1556.11 1.6202486755343697e+39
1556.51 1.5733352391392967e+39
1556.92 1.62509834467917e+39
1557.32 1.433208341322057e+39
1557.72 1.6387739353667563e+39
1558.13 1.518614544072053e+39
1558.53 1.5548817275714577e+39
1558.93 1.447228833578084e+39
1559.34 1.3652929335834218e+39
1559.74 1.4532012849581743e+39
1560.15 1.2397796268522543e+39
1560.55 1.2446421669434145e+39
1560.96 1.430287419249211e+39
1561.36 1.1492471028009276e+39
1561.77 1.4025950830500242e+39
1562.17 1.3663516799196657e+39
1562.57 1.313387018962356e+39
1562.98 1.3664122368898873e+39
1563.39 1.3430148332086923e+39
1563.79 1.240769645533478e+39
1564.19 1.1103542330750104e+39
1564.6 1.0365989097361167e+39
1565.01 1.2472398730022246e+39
1565.41 1.2442295314447598e+39
1565.82 1.1541169770246808e+39
1566.22 1.0418625606971414e+39
1566.63 1.0797913456574423e+39
1567.04 1.1539295532560882e+39
1567.44 1.3476279965274072e+39
1567.85 1.3616627732176166e+39
1568.25 1.0697452741353164e+39
1568.66 1.1978708648082462e+39
1569.07 1.42899158279129e+39
1569.47 1.421446795600139e+39
1569.88 1.457170475544233e+39
1570.29 1.3659668536552172e+39
1570.69 1.380261025291105e+39
1571.1 1.3605706814263413e+39
1571.51 1.3487176311391229e+39
1571.92 1.2405692291143905e+39
1572.32 1.2344463976537022e+39
1572.73 1.2682132669178064e+39
1573.14 1.3035941136119925e+39
1573.55 1.30458545629638e+39
1573.95 1.3144495807966146e+39
1574.36 1.3337491618860124e+39
1574.77 1.0912755626963024e+39
1575.18 1.1199141802478528e+39
1575.59 1.143444528055718e+39
1575.99 1.3432495686006958e+39
1576.4 1.2331251398747338e+39
1576.81 1.3494215363790528e+39
1577.22 1.2115132421270792e+39
1577.63 1.434361887015446e+39
1578.04 1.2161281784188288e+39
1578.45 1.4663579871393948e+39
1578.86 1.446973940828297e+39
1579.27 1.3700027961792787e+39
1579.68 1.2731578154233212e+39
1580.08 1.4294016166231322e+39
1580.49 1.414474559571225e+39
1580.9 1.1936199131909556e+39
1581.31 1.3034879277926785e+39
1581.72 1.329835781114128e+39
1582.13 1.345392671805005e+39
1582.54 1.3024472541001398e+39
1582.95 1.3422124845548542e+39
1583.36 1.344257433125137e+39
1583.77 1.2563876595628436e+39
1584.18 1.3607392761373477e+39
1584.59 1.4149992887968063e+39
1585.01 1.2333785165682675e+39
1585.42 1.4978480812890538e+39
1585.83 1.24904820113228e+39
1586.24 1.4144274360626803e+39
1586.65 1.4632960098032213e+39
1587.06 1.4328929555715826e+39
1587.47 1.2506775367949315e+39
1587.88 1.3710301155021358e+39
1588.3 1.3243339244413059e+39
1588.71 1.2629589518461166e+39
1589.12 1.2767063240016334e+39
1589.53 1.2846736796567421e+39
1589.94 1.270734104629611e+39
1590.35 1.3468728174528685e+39
1590.77 1.3630047251149344e+39
1591.18 1.3895985426192437e+39
1591.59 1.3490914228289772e+39
1592.0 1.2148802027200468e+39
1592.42 1.498146914249941e+39
1592.83 1.5161653395857453e+39
1593.24 1.4791382464767373e+39
1593.66 1.4370763687837403e+39
1594.07 1.4098474942804523e+39
1594.48 1.4287112622281135e+39
1594.89 1.2482076562784342e+39
1595.31 1.3616268244462655e+39
1595.72 1.306804311179098e+39
1596.14 1.2939631339185984e+39
1596.55 1.2611433352000542e+39
1596.96 1.264523886812154e+39
1597.38 1.2207550053639455e+39
1597.79 1.2924126138291648e+39
1598.2 1.2896263697800423e+39
1598.62 1.1988242307169604e+39
1599.03 1.2570666797338771e+39
1599.45 1.2435407185055415e+39
1599.86 1.2084617222186805e+39
1600.28 1.2126198747349625e+39
1600.69 1.2651372880385616e+39
1601.11 1.265171869770341e+39
1601.52 1.2335381536168579e+39
1601.94 1.1515546293660027e+39
1602.35 1.3517852113536443e+39
1602.77 1.3509203295193437e+39
1603.18 1.0557059472877458e+39
1603.6 1.3606458521937316e+39
1604.01 1.3746382317471614e+39
1604.43 1.3099075336833203e+39
1604.84 1.0268666319112838e+39
1605.26 1.2359085895786984e+39
1605.68 1.1878967763557395e+39
1606.09 1.1593437739098487e+39
1606.51 1.1672252519441847e+39
1606.93 1.1180910197040623e+39
1607.34 1.233902425617788e+39
1607.76 1.114585502816626e+39
1608.18 1.2461950048413569e+39
1608.59 1.3181954037657009e+39
1609.01 1.0508784745742407e+39
1609.43 1.3112492227895304e+39
1609.84 1.0701364547804959e+39
1610.26 1.1187730426583483e+39
1610.68 1.3490712025058914e+39
1611.09 1.2171634845039274e+39
1611.51 1.3276141739261865e+39
1611.93 1.1533865693512819e+39
1612.35 1.265924903547805e+39
1612.77 1.0138671246600359e+39
1613.18 1.214745496369508e+39
1613.6 1.1305206041863226e+39
1614.02 9.277729586532622e+38
1614.44 1.2271707137464013e+39
1614.86 1.2230051853843758e+39
1615.28 1.0494256096672663e+39
1615.69 1.1774600231501254e+39
1616.11 1.1447736318366925e+39
1616.53 1.2695596411785536e+39
1616.95 1.240842448674609e+39
1617.37 1.263369011299071e+39
1617.79 1.167895114659705e+39
1618.21 1.2642923417008335e+39
1618.63 1.162468561719109e+39
1619.05 1.2602159425568351e+39
1619.47 1.2586319908092257e+39
1619.89 1.3201175551068677e+39
1620.31 1.2069144594974544e+39
1620.73 1.2394254742180477e+39
1621.15 1.0986627229043398e+39
1621.57 1.0296708173995608e+39
1621.99 1.2376346586027398e+39
1622.41 1.1142857200219933e+39
1622.83 1.1394905047209194e+39
1623.25 1.0772212197717212e+39
1623.67 9.911494232674749e+38
1624.09 9.793623604492013e+38
1624.51 1.1815380950610454e+39
1624.93 9.833589887530825e+38
1625.35 1.186851816205113e+39
1625.78 1.2133884730953718e+39
1626.2 1.080996678691059e+39
1626.62 1.1742184438320663e+39
1627.04 1.1246657749548707e+39
1627.46 9.363497612223153e+38
1627.88 1.0788045570634211e+39
1628.31 1.0380694405549936e+39
1628.73 1.143407830528873e+39
1629.15 9.118973662885635e+38
1629.57 1.1909425279571053e+39
1629.99 1.2226881125129355e+39
1630.42 1.161393915283371e+39
1630.84 1.3226182767936764e+39
1631.26 1.3704384544117257e+39
1631.68 1.1635755749875993e+39
1632.11 1.2371963521887614e+39
1632.53 1.435402763709611e+39
1632.95 1.5502401068274096e+39
1633.38 1.5603899220001477e+39
1633.8 1.5221533730376953e+39
1634.22 1.4999740137735374e+39
1634.65 1.3264107618322158e+39
1635.07 1.305159067244073e+39
1635.49 1.1965997173504609e+39
1635.92 1.1243805667721337e+39
1636.34 1.0995598389676602e+39
1636.77 1.1306895882886725e+39
1637.19 1.116860722986702e+39
1637.61 1.1399208212380773e+39
1638.04 1.1357149520062836e+39
1638.46 1.1535996044104847e+39
1638.89 1.3262941207516484e+39
1639.31 1.2105024877697369e+39
1639.74 1.409907176771778e+39
1640.16 1.232668930826588e+39
1640.59 1.427385804987792e+39
1641.01 1.5669581182715236e+39
1641.44 1.5553294706649335e+39
1641.86 1.2430211066407137e+39
1642.29 1.402631552105761e+39
1642.71 1.2124387064877029e+39
1643.14 1.2796022119234625e+39
1643.57 1.2203382291702692e+39
1643.99 1.1347665753454319e+39
1644.42 1.1856646122023905e+39
1644.84 1.177818205545681e+39
1645.27 1.1806024336324058e+39
1645.7 1.2899388710294645e+39
1646.12 1.3443602564894817e+39
1646.55 1.3528237186450287e+39
1646.98 1.2272323583286535e+39
1647.41 1.3035041888180531e+39
1647.83 1.2641224357477803e+39
1648.26 1.2071044772326418e+39
1648.69 1.1374979607834485e+39
1649.11 1.0952605986133243e+39
1649.54 1.1248207476833413e+39
1649.97 1.0598861496747774e+39
1650.4 1.1687326046004473e+39
1650.82 1.1991739077615585e+39
1651.25 1.223033072561028e+39
1651.68 1.11479311117632e+39
1652.11 1.1906398003811526e+39
1652.54 1.156156326253629e+39
1652.96 9.674617111179777e+38
1653.39 9.466513045643561e+38
1653.82 1.1503667849537437e+39
1654.25 1.0985571975602593e+39
1654.68 1.0977641867442384e+39
1655.11 1.1507089396557595e+39
1655.54 1.1371610086082374e+39
1655.96 1.1338340313115871e+39
1656.39 1.1488571944626306e+39
1656.82 1.1010642267503849e+39
1657.25 1.1396704857728182e+39
1657.68 1.0500887221329865e+39
1658.11 1.0735016866447212e+39
1658.54 1.1029339676112759e+39
1658.97 9.936337562827204e+38
1659.4 1.096208603556677e+39
1659.83 1.1025292483698377e+39
1660.26 1.1170357601681654e+39
1660.69 1.1066086936304763e+39
1661.12 1.1440397722988496e+39
1661.55 1.0024395940321857e+39
1661.98 1.1774848958807416e+39
1662.42 1.0661824426294447e+39
1662.85 1.2274074311420335e+39
1663.28 1.2375022978250036e+39
1663.71 1.2446674251794097e+39
1664.14 1.241825795658907e+39
1664.57 1.2058077590468775e+39
1665.0 1.1475602992429624e+39
1665.43 1.1582251732666882e+39
1665.86 1.1478906761146799e+39
1666.3 1.1306732416039356e+39
1666.73 1.1187028159064498e+39
1667.16 1.1113795259556946e+39
1667.59 1.1123465089851776e+39
1668.03 9.447499160202964e+38
1668.46 9.8940626163156e+38
1668.89 1.099543690315565e+39
1669.32 1.0963276577198325e+39
1669.76 9.997175489794272e+38
1670.19 1.1211024034258169e+39
1670.62 1.1100519267846611e+39
1671.05 9.500388162816016e+38
1671.49 1.1873765682539648e+39
1671.92 1.1209767811130182e+39
1672.35 1.1462380034547067e+39
1672.79 1.1011641456727677e+39
1673.22 1.2467240468234347e+39
1673.65 1.0317361643809059e+39
1674.09 1.2633568708884054e+39
1674.52 1.2563031589190109e+39
1674.96 1.2696439116812137e+39
1675.39 1.2321410511896411e+39
1675.82 1.2283693265549441e+39
1676.26 1.282261431972927e+39
1676.69 1.2569708412173519e+39
1677.13 1.1402049160491533e+39
1677.56 1.2998152261765688e+39
1678.0 1.2891676988665257e+39
1678.43 1.2467466603835348e+39
1678.87 1.2040543698133549e+39
1679.3 1.1843634150992645e+39
1679.74 1.1705311011348674e+39
1680.17 1.1664655847964977e+39
1680.61 1.1743566000331072e+39
1681.04 1.1944254610770376e+39
1681.48 1.1780323165558695e+39
1681.92 9.509669012626577e+38
1682.35 1.0030777379662292e+39
1682.79 9.899035409540835e+38
1683.22 1.035004302274634e+39
1683.66 1.055967445993894e+39
1684.1 1.089429043813774e+39
1684.53 1.0934233830305664e+39
1684.97 1.1060553615098366e+39
1685.41 1.1126419196632928e+39
1685.84 1.0497719314998472e+39
1686.28 1.0761271737082229e+39
1686.72 8.112828294004932e+38
1687.15 9.373935324067219e+38
1687.59 8.4422989604463e+38
1688.03 1.0681187694507607e+39
1688.47 1.1592267939940602e+39
1688.9 1.148995301384971e+39
1689.34 1.0700577207491683e+39
1689.78 1.0499925113976105e+39
1690.22 1.0496517712985231e+39
1690.66 1.1234256329044943e+39
1691.09 1.3486969878199233e+39
1691.53 1.3812222361075445e+39
1691.97 1.3839894503731907e+39
1692.41 1.3494973696609207e+39
1692.85 1.374520905490089e+39
1693.29 1.3459554987590668e+39
1693.72 1.31416839759427e+39
1694.16 1.2967326876236558e+39
1694.6 1.1492114439838944e+39
1695.04 1.1700097206364225e+39
1695.48 1.2628129941931484e+39
1695.92 1.2283967491819746e+39
1696.36 1.2284523602270168e+39
1696.8 1.1881958299871875e+39
1697.24 1.2027843616494567e+39
1697.68 1.2090313605910221e+39
1698.12 1.1792541228385912e+39
1698.56 1.2181682743324272e+39
1699.0 1.1626719903873431e+39
1699.44 1.2475764830013621e+39
1699.88 1.2493588375603356e+39
1700.32 1.1598377790432229e+39
1700.76 1.1132875500219119e+39
1701.2 1.230431661493051e+39
1701.64 1.1944492094542664e+39
1702.08 1.1841532757821158e+39
1702.53 1.1409780661200823e+39
1702.97 1.1277883859359876e+39
1703.41 1.088975186175279e+39
1703.85 1.0126010972918889e+39
1704.29 9.240359059952147e+38
1704.73 9.049182451741814e+38
1705.18 9.605035834947295e+38
1705.62 9.833080063814264e+38
1706.06 1.01807601244268e+39
1706.5 9.461954996127144e+38
1706.94 1.0145222937847067e+39
1707.39 8.535156017019884e+38
1707.83 1.0445573016684461e+39
1708.27 1.030013976728671e+39
1708.71 1.0275761366178619e+39
1709.16 1.0407203782427712e+39
1709.6 9.877909405775713e+38
1710.04 9.679792829356224e+38
1710.49 1.0245572841445431e+39
1710.93 1.0354457667166158e+39
1711.37 9.500326080747107e+38
1711.82 1.1846193680481198e+39
1712.26 1.1563786682093969e+39
1712.7 9.059857308613825e+38
1713.15 1.0124691722058665e+39
1713.59 9.298292037876254e+38
1714.04 8.722555123797536e+38
1714.48 8.68810745825485e+38
1714.93 9.062036638073683e+38
1715.37 8.884180267529063e+38
1715.81 9.875724220979914e+38
1716.26 9.835574155136843e+38
1716.7 9.912687061132149e+38
1717.15 8.940920810867568e+38
1717.59 1.0676625621063959e+39
1718.04 1.0601930571097079e+39
1718.48 1.0232147895253844e+39
1718.93 1.1991619487958651e+39
1719.38 1.069347638322038e+39
1719.82 1.1371844131953392e+39
1720.27 1.1364806940905414e+39
1720.71 1.0709868369034756e+39
1721.16 1.1009443980006357e+39
1721.6 1.0030152661866894e+39
1722.05 1.1084315645146341e+39
1722.5 1.019037745546795e+39
1722.94 1.1408342688581305e+39
1723.39 1.2092442550752043e+39
1723.84 1.190379809558975e+39
1724.28 1.0641870496351252e+39
1724.73 1.198642237158868e+39
1725.18 1.1979569988878924e+39
1725.62 1.0243627479974669e+39
1726.07 1.243441954681898e+39
1726.52 1.1839062176534497e+39
1726.97 1.1861213701018954e+39
1727.41 9.83924672635923e+38
1727.86 1.0577761436539254e+39
1728.31 9.799540891504018e+38
1728.76 1.0599069387381593e+39
1729.2 1.083703880073318e+39
1729.65 1.094920839712601e+39
1730.1 1.099169982421701e+39
1730.55 1.073116917848306e+39
1731.0 1.1307309193333946e+39
1731.45 1.044868263871066e+39
1731.9 1.1425201101518215e+39
1732.34 1.0684816004322905e+39
1732.79 9.695036531111101e+38
1733.24 1.066551659809698e+39
1733.69 1.1221072956347653e+39
1734.14 1.1543750197533301e+39
1734.59 1.156350515687994e+39
1735.04 1.1483707459680726e+39
1735.49 1.1364878227954775e+39
1735.94 1.1195860970640825e+39
1736.39 1.0076744587736508e+39
1736.84 1.0875094728891597e+39
1737.29 9.881341079424252e+38
1737.74 1.0737885676949655e+39
1738.19 1.009117424354272e+39
1738.64 9.93538448308009e+38
1739.09 9.969140002188506e+38
1739.54 1.0669418629635188e+39
1739.99 1.078136774650953e+39
1740.44 1.085118100120431e+39
1740.9 1.0081598130725321e+39
1741.35 9.785040281200298e+38
1741.8 9.93609871269731e+38
1742.25 9.745389929357784e+38
1742.7 1.0635369606495067e+39
1743.15 1.012735415405997e+39
1743.6 9.634062317326292e+38
1744.06 9.534812070410863e+38
1744.51 9.75316741532337e+38
1744.96 1.0073705814372277e+39
1745.41 9.877405697561263e+38
1745.86 1.1051890249821545e+39
1746.32 1.114549785087837e+39
1746.77 1.0844342647169624e+39
1747.22 1.004632060869649e+39
1747.68 1.0017978059569684e+39
1748.13 9.975713453202833e+38
1748.58 1.0739842154723578e+39
1749.04 1.064513256958085e+39
1749.49 1.1147182058975445e+39
1749.94 1.1776036881514405e+39
1750.4 1.177151786344938e+39
1750.85 1.2219308117780598e+39
1751.3 1.1271476473707562e+39
1751.76 1.1581485039416928e+39
1752.21 1.299416958133479e+39
1752.67 1.304193587606723e+39
1753.12 1.185704387816602e+39
1753.57 1.2166925149954087e+39
1754.03 1.225644438625804e+39
1754.48 1.1677207425415432e+39
1754.94 1.117693552796229e+39
1755.39 1.1263084128147748e+39
1755.85 1.1342039810700032e+39
1756.3 1.1279655502992889e+39
1756.76 1.1036459230780455e+39
1757.21 1.0856617024793088e+39
1757.67 1.0799124138703907e+39
1758.12 1.0339591344292493e+39
1758.58 8.89421201537325e+38
1759.04 9.051522295784435e+38
1759.49 9.431843708831542e+38
1759.95 1.0276869250499599e+39
1760.4 1.0252880298561342e+39
1760.86 1.0534167271120607e+39
1761.32 1.0606072160169876e+39
1761.77 1.0331176052508953e+39
1762.23 9.398189922830033e+38
1762.69 9.56398125310738e+38
1763.14 9.555953539734073e+38
1763.6 8.666597271709852e+38
1764.06 8.501650475874655e+38
1764.51 8.762916791232588e+38
1764.97 8.317511407577646e+38
1765.43 1.0228646423375927e+39
1765.89 1.0624364737090593e+39
1766.34 1.1151122442972339e+39
1766.8 1.1687280746582078e+39
1767.26 1.1840455569639606e+39
1767.72 1.1571066571034986e+39
1768.18 1.1426373492067375e+39
1768.64 1.1710447270643761e+39
1769.09 1.2027333454642381e+39
1769.55 1.1379010692487313e+39
1770.01 1.1739502775743398e+39
1770.47 1.0690424330040582e+39
1770.93 1.121166798441592e+39
1771.39 1.1491204577489068e+39
1771.85 1.170876064499066e+39
1772.31 1.1865781400374911e+39
1772.77 1.1880146653540702e+39
1773.22 1.1734593596792486e+39
1773.68 1.1634925259056399e+39
1774.14 1.1422447895074917e+39
1774.6 1.1108740373611656e+39
1775.06 1.1289910298104406e+39
1775.52 1.1187323821949721e+39
1775.98 1.0136358685903186e+39
1776.44 1.0837466657839955e+39
1776.9 1.0315816821890496e+39
1777.36 1.0332597506551251e+39
1777.82 9.673540316137264e+38
1778.29 1.0887813762540052e+39
1778.75 1.0495344641996661e+39
1779.21 1.0636353632344004e+39
1779.67 1.060373522489425e+39
1780.13 1.0444196269607228e+39
1780.59 1.0055906282438874e+39
1781.05 9.462751880440166e+38
1781.52 9.706507591555264e+38
1781.98 9.430382770285631e+38
1782.44 1.0137612474489894e+39
1782.9 1.0067278738924958e+39
1783.36 1.0224416765621419e+39
1783.82 1.0260890120093156e+39
1784.29 1.0302932291354481e+39
1784.75 1.0151668443198281e+39
1785.21 9.931481709124862e+38
1785.68 9.480254307515303e+38
1786.14 9.02291145363568e+38
1786.6 9.655915264467087e+38
1787.06 9.890545357484243e+38
1787.53 1.008919123376839e+39
1787.99 1.0022203865026944e+39
1788.45 9.60395582455594e+38
1788.92 9.378349199826272e+38
1789.38 9.473782419131293e+38
1789.84 9.824952405168855e+38
1790.31 9.922402303107823e+38
1790.77 1.0223602743645607e+39
1791.24 1.0357153892870066e+39
1791.7 9.959731919126269e+38
1792.17 9.24834877125823e+38
1792.63 1.0453735420368356e+39
1793.09 9.647590270068995e+38
1793.56 1.0422587051908202e+39
1794.02 1.0417007163364176e+39
1794.49 1.0356660257947263e+39
1794.95 9.926068003755558e+38
1795.42 1.0340084783516743e+39
1795.89 1.0149648379833853e+39
1796.35 1.0286050230398299e+39
1796.81 1.000475196951937e+39
1797.28 1.0304889819125435e+39
1797.75 1.0199301319434105e+39
1798.21 1.0092487843133372e+39
1798.68 1.0014410528594824e+39
1799.15 1.0085851978456068e+39
1799.61 9.96622136560209e+38
1800.08 9.656901785233132e+38
1800.55 9.550258852572777e+38
1801.01 9.424606112034551e+38
1801.48 8.614114153422737e+38
1801.94 9.49836319656154e+38
1802.41 9.590169248136998e+38
1802.88 9.476191193388493e+38
1803.35 9.040478142528792e+38
1803.81 9.287519056630348e+38
1804.28 9.26802910770169e+38
1804.75 9.41857289458259e+38
1805.22 9.244062232488694e+38
1805.68 8.999354202389738e+38
1806.15 9.264653635066748e+38
1806.62 9.079189330923389e+38
1807.09 9.169697323867544e+38
1807.56 8.825980657161827e+38
1808.03 9.266612121015005e+38
1808.49 9.458226723766995e+38
1808.96 9.686520866757863e+38
1809.43 8.675329105719191e+38
1809.9 9.879481275655497e+38
1810.37 9.918873885700156e+38
1810.84 1.0247563943927777e+39
1811.31 9.464309804084383e+38
1811.78 1.0506965387160507e+39
1812.25 1.0231650518922229e+39
1812.72 1.0542512776797032e+39
1813.19 1.0569212186503891e+39
1813.66 1.040018680453065e+39
1814.13 1.004800183027131e+39
1814.6 9.849366844602236e+38
1815.07 9.313157835818063e+38
1815.54 9.437688859682957e+38
1816.01 9.054498265495974e+38
1816.48 9.277760694920965e+38
1816.95 9.252348551530765e+38
1817.42 8.76417106232627e+38
1817.89 9.603946860453711e+38
1818.36 9.846654351751134e+38
1818.83 1.009782127635512e+39
1819.31 9.659308788663098e+38
1819.78 1.0305880945743292e+39
1820.25 1.0423275919699287e+39
1820.72 1.0204069063212719e+39
1821.19 9.097091985458827e+38
1821.67 8.460794962789159e+38
1822.14 9.20810900212851e+38
1822.61 9.03440955440974e+38
1823.08 8.249148823410541e+38
1823.55 8.780081450965857e+38
1824.03 8.768944930910475e+38
1824.5 8.88273759167085e+38
1824.97 8.4330827920969e+38
1825.44 8.08473774871622e+38
1825.92 9.653724598620548e+38
1826.39 9.993889922894858e+38
1826.86 9.41486852126962e+38
1827.34 1.036748355637419e+39
1827.81 1.071921881703825e+39
1828.29 1.0601133835887052e+39
1828.76 1.0611876374823927e+39
1829.23 1.0338370394636465e+39
1829.71 1.0587938145616847e+39
1830.18 1.0138212368228132e+39
1830.66 1.0185228506517532e+39
1831.13 1.0422954659734841e+39
1831.61 1.0106954853626186e+39
1832.08 1.0076749911742499e+39
1832.56 9.8260742578042e+38
1833.03 9.768104091875822e+38
1833.51 1.0115326953958085e+39
1833.98 1.0179823411527499e+39
1834.46 9.930245249033259e+38
1834.93 9.32481826248659e+38
1835.41 9.189887404046877e+38
1835.88 9.019878226748826e+38
1836.36 9.070695169676438e+38
1836.83 8.979478982400986e+38
1837.31 8.031027625872095e+38
1837.79 9.087849863324896e+38
1838.26 8.7458461394493e+38
1838.74 9.365305310609066e+38
1839.22 9.788408587165865e+38
1839.69 1.0039750063882934e+39
1840.17 9.244280905152147e+38
1840.65 1.0900173441408318e+39
1841.12 1.1236326308887217e+39
1841.6 1.1012722611737386e+39
1842.08 1.1546891891663109e+39
1842.56 1.1351298412569538e+39
1843.03 1.1947488974740033e+39
1843.51 1.1179365680264958e+39
1843.99 1.0685570840905027e+39
1844.47 1.0483790532171071e+39
1844.94 1.0517913504441121e+39
1845.42 1.0790219628946847e+39
1845.9 1.0903125617710608e+39
1846.38 1.0530082854346363e+39
1846.86 1.0526708636791837e+39
1847.34 1.026203420840101e+39
1847.82 1.0695087818814208e+39
1848.29 1.05326074486676e+39
1848.77 1.0135072903930879e+39
1849.25 9.670699688470697e+38
1849.73 1.0058864507508021e+39
1850.21 1.012814850678875e+39
1850.69 1.0741407781992531e+39
1851.17 1.087007120441759e+39
1851.65 1.1621805815520392e+39
1852.13 1.1575369989260293e+39
1852.61 1.159834944096318e+39
1853.09 1.1873466683704862e+39
1853.57 1.1679625768773339e+39
1854.05 1.0855263203882968e+39
1854.53 1.1210418596623845e+39
1855.01 1.0338162195992379e+39
1855.49 1.0659943293269714e+39
1855.97 1.0535775015755258e+39
1856.45 1.0270181582482672e+39
1856.94 1.0040127025020099e+39
1857.42 9.87440472320881e+38
1857.9 9.663015597673927e+38
1858.38 9.713248012607832e+38
1858.86 9.948699557256241e+38
1859.34 1.0200893042254826e+39
1859.83 9.690351441658776e+38
1860.31 1.0078397604246207e+39
1860.79 9.826152225117191e+38
1861.27 1.0167531538953313e+39
1861.76 1.0644298071877217e+39
1862.24 1.1012328276090878e+39
1862.72 1.1118374823286853e+39
1863.2 1.0774906562287616e+39
1863.69 1.0052293879988205e+39
1864.17 9.388743179435944e+38
1864.65 9.10541578950645e+38
1865.14 8.87710934682232e+38
1865.62 9.072855056297237e+38
1866.1 9.72627212089113e+38
1866.58 9.665824357246234e+38
1867.07 1.0476129296515052e+39
1867.55 1.0768703344212002e+39
1868.04 1.0859890489713426e+39
1868.52 1.0838971875126919e+39
1869.01 1.0807374569520565e+39
1869.49 1.0735268901561814e+39
1869.97 1.026894174902077e+39
1870.46 1.0574940356699968e+39
1870.94 9.737798179796589e+38
1871.43 9.96490326162791e+38
1871.91 9.809254655499051e+38
1872.4 9.565295870863391e+38
1872.88 9.766780102566817e+38
1873.37 1.0432632026598648e+39
1873.85 1.0190065379274604e+39
1874.34 1.0762657773067017e+39
1874.83 1.1176662382441341e+39
1875.31 1.0897712144592818e+39
1875.8 1.0706758673639761e+39
1876.29 9.573059018699943e+38
1876.77 1.0175928688602266e+39
1877.26 1.0234976681929036e+39
1877.74 1.0220220237084725e+39
1878.23 9.995468098354427e+38
1878.72 9.64330850190865e+38
1879.2 9.463233922107068e+38
1879.69 9.587879752522434e+38
1880.18 9.56677636643931e+38
1880.67 8.61923467883986e+38
1881.15 8.202427065401177e+38
1881.64 8.23769181856362e+38
1882.13 8.850111527617719e+38
1882.62 9.991759839546666e+38
1883.1 1.0435321048406398e+39
1883.59 1.1074372750893064e+39
1884.08 1.0837085494766146e+39
1884.57 9.575377436332224e+38
1885.06 8.705612732002387e+38
1885.55 1.0220986754840153e+39
1886.04 1.0314218965405637e+39
1886.52 1.0896084119217833e+39
1887.01 1.1385550854477836e+39
1887.5 1.1257648568582307e+39
1887.99 8.845275542721818e+38
1888.48 6.787894521156928e+38
1888.97 6.371164864277816e+38
1889.46 5.657214436344682e+38
1889.95 6.250524732947953e+38
1890.44 6.360340327214761e+38
1890.93 6.649274620578094e+38
1891.42 8.442833505399407e+38
1891.91 1.0649083174633951e+39
1892.4 1.2871117423352165e+39
1892.89 1.4181113234078478e+39
1893.38 1.59703500818928e+39
1893.87 1.6974171539830884e+39
1894.36 1.833043520992549e+39
1894.85 1.9888727834972594e+39
1895.34 1.9729281620480243e+39
1895.84 2.0492033363876943e+39
1896.33 2.0413590573691948e+39
1896.82 2.000385899551349e+39
1897.31 2.0231971653110883e+39
1897.8 2.0067010123338832e+39
1898.29 1.9529322187301837e+39
1898.79 1.8000774449493868e+39
1899.28 1.6952578678103265e+39
1899.77 1.7254420807291443e+39
1900.26 1.524948021885967e+39
1900.76 1.2596190457164784e+39
1901.25 1.1609244330463787e+39
1901.74 1.1124454466220058e+39
1902.23 1.1108963304830762e+39
1902.73 1.1511127571037724e+39
1903.22 1.1279315730775823e+39
1903.71 1.1864451855435906e+39
1904.21 1.1793484229343447e+39
1904.7 1.1892061110410541e+39
1905.19 1.1519196106395573e+39
1905.69 1.133122181674124e+39
1906.18 1.1123510202984386e+39
1906.68 7.744377329048993e+38
1907.17 6.7504340333580815e+38
1907.66 6.0238885472556995e+38
1908.16 6.3976678932601596e+38
1908.65 6.4139710952200896e+38
1909.15 6.777380048883191e+38
1909.64 7.666324928789935e+38
1910.14 8.907424321969718e+38
1910.63 1.100671191479911e+39
1911.13 1.264132496386999e+39
1911.62 1.3092968697595785e+39
1912.12 1.4290361089160265e+39
1912.61 1.4805013646189785e+39
1913.11 1.5680646416146612e+39
1913.61 1.6439899212764825e+39
1914.1 1.7095227047496915e+39
1914.6 1.884647524878372e+39
1915.09 1.8462305619819604e+39
1915.59 1.894441843068613e+39
1916.09 1.7222518410973948e+39
1916.58 1.4514182098561932e+39
1917.08 1.2962179277093352e+39
1917.58 1.2808064866195363e+39
1918.07 1.2745871632878994e+39
1918.57 1.1331701105246351e+39
1919.07 7.91499635663745e+38
1919.56 6.234431431235971e+38
1920.06 6.193591199537563e+38
1920.56 6.066361113563496e+38
1921.06 5.967659278815602e+38
1921.56 6.0683387678058356e+38
1922.05 8.049448692014888e+38
1922.55 1.0083284238121131e+39
1923.05 1.0940770818248542e+39
1923.55 1.2846767653888008e+39
1924.05 1.2393953319705065e+39
1924.55 1.1793314500211413e+39
1925.05 1.2564116136775681e+39
1925.54 1.2975333202904837e+39
1926.04 1.3057939599911282e+39
1926.54 1.4861095639091412e+39
1927.04 1.6015003585099825e+39
1927.54 1.6896754291566906e+39
1928.04 1.745780244112343e+39
1928.54 1.7834703665492507e+39
1929.04 1.7890490925239412e+39
1929.54 1.7917963829500924e+39
1930.04 1.7262555594049113e+39
1930.54 1.543659684815781e+39
1931.04 1.2757867013485767e+39
1931.54 1.0147396178529745e+39
1932.04 1.0582571205450797e+39
1932.54 1.0644807668272607e+39
1933.04 1.0717030715590396e+39
1933.55 1.0750798026766683e+39
1934.05 1.0838955509901562e+39
1934.55 1.1016514263782575e+39
1935.05 1.128810408183779e+39
1935.55 1.1511922198860755e+39
1936.05 1.1700777556613726e+39
1936.55 1.1461240790462994e+39
1937.06 1.0203005630017848e+39
1937.56 9.605613623414495e+38
1938.06 9.558332570673575e+38
1938.56 1.0217842336085168e+39
1939.06 9.959700830739696e+38
1939.57 9.878772149070384e+38
1940.07 9.820873971746863e+38
1940.57 1.0486180843698629e+39
1941.08 1.1219516195723658e+39
1941.58 1.0974415727855455e+39
1942.08 1.1410869062795218e+39
1942.58 1.1450279078794649e+39
1943.09 1.1398376702495328e+39
1943.59 1.0719151968518113e+39
1944.1 1.0450508808835055e+39
1944.6 9.531141784491826e+38
1945.1 9.041541088105037e+38
1945.61 9.103734375980022e+38
1946.11 9.22374269883307e+38
1946.62 8.825399427025317e+38
1947.12 8.60561759886431e+38
1947.63 8.633150408053772e+38
1948.13 8.678747484469167e+38
1948.64 9.272874642439746e+38
1949.14 9.989234421495533e+38
1949.65 1.0338787615052099e+39
1950.15 1.1463770979768568e+39
1950.66 1.2116159518034936e+39
1951.16 1.2361265676896078e+39
1951.67 1.230185189323137e+39
1952.17 1.1539806401251315e+39
1952.68 1.020154966532444e+39
1953.19 1.0411751875734128e+39
1953.69 1.0793242742208511e+39
1954.2 1.0334980885785311e+39
1954.7 1.0857701118506843e+39
1955.21 1.1466363019912118e+39
1955.72 1.2008355261867799e+39
1956.22 1.2528002685907153e+39
1956.73 1.2606941847043108e+39
1957.24 1.2365101825110291e+39
1957.75 1.2004267937165158e+39
1958.25 1.161459659067704e+39
1958.76 1.1279560657209268e+39
1959.27 1.1597657354906497e+39
1959.78 1.2586309264821018e+39
1960.29 1.2228313364436716e+39
1960.79 1.2786308623147338e+39
1961.3 1.2681581398106821e+39
1961.81 1.3027217970173212e+39
1962.32 1.3080970951524594e+39
1962.83 1.288333554045921e+39
1963.33 1.2877071690900929e+39
1963.84 1.267463670355282e+39
1964.35 1.210497679627938e+39
1964.86 1.1986777327289449e+39
1965.37 1.1628426418427973e+39
1965.88 1.1720860456088391e+39
1966.39 1.1382773041003537e+39
1966.9 1.1074055420204703e+39
1967.41 1.0855887732391309e+39
1967.92 1.0489481680390071e+39
1968.43 1.0064049146157825e+39
1968.94 9.714747196979858e+38
1969.45 9.017586000106263e+38
1969.96 8.298490794612574e+38
1970.47 7.973114018889866e+38
1970.98 8.019492162228943e+38
1971.49 8.038329309456987e+38
1972.0 7.858411295319418e+38
1972.52 7.911035604638462e+38
1973.03 7.974296311932769e+38
1973.54 8.028999550553522e+38
1974.05 8.18107797418056e+38
1974.56 8.28685355959797e+38
1975.07 8.412572705267596e+38
1975.58 8.304204408374389e+38
1976.1 7.64146904244762e+38
1976.61 7.840723275984099e+38
1977.12 7.770973513333147e+38
1977.63 7.681300661466393e+38
1978.15 7.903577749697598e+38
1978.66 7.816334444619784e+38
1979.17 7.896462384466475e+38
1979.69 8.698645644620125e+38
1980.2 8.897154745442602e+38
1980.71 8.231532217132688e+38
1981.22 7.635021312800639e+38
1981.74 7.71097790638606e+38
1982.25 8.12641687389308e+38
1982.77 8.663001121396547e+38
1983.28 9.863205368496729e+38
1983.79 1.0102475696160446e+39
1984.31 9.722482930421957e+38
1984.82 9.634229647676426e+38
1985.34 9.115834606818131e+38
1985.85 8.998006615772803e+38
1986.36 9.402778640021805e+38
1986.88 9.897049801801837e+38
1987.4 9.609600500040871e+38
1987.91 9.67843942463683e+38
1988.43 9.936764123463404e+38
1988.94 9.972752695358886e+38
1989.46 9.840218928185768e+38
1989.97 9.395175456370769e+38
1990.49 1.012615738151481e+39
1991.0 1.0774692194100063e+39
1991.52 1.1170039697640242e+39
1992.04 1.1907335604581559e+39
1992.55 1.2842657226965248e+39
1993.07 1.2400375460533677e+39
1993.58 1.1775387202968795e+39
1994.1 1.0904988355283005e+39
1994.62 1.1774846351067515e+39
1995.14 1.206383321740853e+39
1995.65 1.182158788776311e+39
1996.17 1.2186134195961573e+39
1996.69 1.2306261242748098e+39
1997.2 1.2322723883525305e+39
1997.72 1.1898081958833925e+39
1998.24 1.1442666166024112e+39
1998.76 1.135945595809708e+39
1999.28 1.1250915655999032e+39
1999.8 1.0847964077360371e+39
2000.31 1.0355689418611102e+39
2000.83 1.0591548288970637e+39
2001.35 1.0565496650745155e+39
2001.87 9.894649508538552e+38
2002.39 9.58762293797016e+38
2002.91 9.531505627757817e+38
2003.43 9.5319576392448e+38
2003.94 9.626382251843022e+38
2004.46 9.615984652010468e+38
2004.98 9.486684380394585e+38
2005.5 9.237728080837888e+38
2006.02 8.918584440819706e+38
2006.54 8.84742143043961e+38
2007.06 8.744954059788445e+38
2007.58 8.798494801044717e+38
2008.1 8.878697563427582e+38
2008.62 8.751654726775671e+38
2009.14 8.392109067387429e+38
2009.67 8.66805642060723e+38
2010.19 8.184887924790169e+38
2010.71 8.037736707203721e+38
2011.23 8.386772181368917e+38
2011.75 8.39722804011202e+38
2012.27 8.09668194832741e+38
2012.79 8.314348865871396e+38
2013.31 7.879332686040636e+38
2013.84 8.245942512228955e+38
2014.36 8.2495747068323e+38
2014.88 8.179049709822763e+38
2015.4 7.869627326397715e+38
2015.93 7.931679507454773e+38
2016.45 7.816755685918179e+38
2016.97 7.727658998573261e+38
2017.49 7.365621391449191e+38
2018.02 7.273785801856453e+38
2018.54 7.522843224239514e+38
2019.06 7.370611917408551e+38
2019.58 7.31602379185178e+38
2020.11 7.13323201135539e+38
2020.63 7.08056599506981e+38
2021.16 7.197791759276666e+38
2021.68 7.315448610142598e+38
2022.2 7.348059762399934e+38
2022.73 7.132209228242898e+38
2023.25 7.331213233621343e+38
2023.78 7.310672148774285e+38
2024.3 7.318956143719447e+38
2024.82 7.340590734283629e+38
2025.35 7.365505520705066e+38
2025.88 7.279878621389071e+38
2026.4 7.389687867561914e+38
2026.93 7.457576796823792e+38
2027.45 7.400307229419502e+38
2027.98 7.361926044856338e+38
2028.5 7.200017059639207e+38
2029.03 7.106492236151428e+38
2029.55 7.081535228575461e+38
2030.08 6.980222084365361e+38
2030.61 7.069864514350575e+38
2031.13 7.045037571106595e+38
2031.66 7.054970853260413e+38
2032.19 7.070940197200911e+38
2032.71 7.225858859697923e+38
2033.24 7.34854696281324e+38
2033.77 7.308588385695907e+38
2034.29 7.586402852669172e+38
2034.82 7.723034754132509e+38
2035.35 7.613951519125102e+38
2035.88 8.223605242494911e+38
2036.4 8.548201832777743e+38
2036.93 8.692545522866565e+38
2037.46 8.587153161800446e+38
2037.99 8.37050140798293e+38
2038.52 8.621717085258102e+38
2039.04 8.454470714508476e+38
2039.57 8.139144817829108e+38
2040.1 8.020494708798173e+38
2040.63 8.502244041801286e+38
2041.16 8.258401728357117e+38
2041.69 8.720240703678693e+38
2042.22 8.707850601452032e+38
2042.74 8.618740881110314e+38
2043.28 8.43832112164964e+38
2043.8 8.177281706986659e+38
2044.33 8.044176111015461e+38
2044.86 7.752543452980093e+38
2045.39 7.794295675806099e+38
2045.92 7.929386236169765e+38
2046.45 7.663237701127441e+38
2046.98 8.043499689371933e+38
2047.52 7.877664947308374e+38
2048.05 7.892240569056666e+38
2048.58 7.846268258071112e+38
2049.11 7.781010792278096e+38
2049.64 7.533363283676686e+38
2050.17 7.160969637108468e+38
2050.7 7.066018682261559e+38
2051.23 7.121930941253768e+38
2051.76 7.175146332584719e+38
2052.3 7.44446469933843e+38
2052.83 7.365572948008497e+38
2053.36 7.540490945258763e+38
2053.89 7.581283511041285e+38
2054.43 6.2033396777658346e+38
2054.96 5.257614420014658e+38
2055.49 5.152783914890086e+38
2056.02 5.177440959647589e+38
2056.55 5.0405555698445564e+38
2057.09 6.470701571805509e+38
2057.62 8.657344049239473e+38
2058.16 1.1366001162828886e+39
2058.69 1.329079798082439e+39
2059.22 1.4365953099898357e+39
2059.76 1.60611835670194e+39
2060.29 1.6560024963941715e+39
2060.82 1.4361984546904404e+39
2061.36 8.551998941216984e+38
2061.89 7.028637736729414e+38
2062.43 6.0819717367742665e+38
2062.96 6.594896320984617e+38
2063.5 6.855060060286345e+38
2064.03 8.267893845199845e+38
2064.56 1.0638454630055008e+39
2065.1 1.2641305240877334e+39
2065.64 1.4814442660123054e+39
2066.17 1.698318147392501e+39
2066.71 1.865831852784376e+39
2067.24 2.0064405119215525e+39
2067.78 2.1233901271797356e+39
2068.31 2.2049748021847693e+39
2068.85 2.1927402537354175e+39
2069.39 2.2502500207746893e+39
2069.92 2.2222079100751288e+39
2070.46 2.1649522727849395e+39
2071.0 2.0594060791398287e+39
2071.53 1.4838021029741194e+39
2072.07 8.353523487782118e+38
2072.61 6.489383496898074e+38
2073.14 5.763516069558444e+38
2073.68 5.5173597450803146e+38
2074.22 5.5649993944109226e+38
2074.76 6.818344914433632e+38
2075.29 9.355847547020076e+38
2075.83 1.1763512893336133e+39
2076.37 1.3840155031644877e+39
2076.91 1.5270557851870096e+39
2077.45 1.6258065762223468e+39
2077.98 1.6094710551529195e+39
2078.52 1.541690493254842e+39
2079.06 1.5342327299208874e+39
2079.6 1.5503341644372445e+39
2080.14 1.6969514491897852e+39
2080.68 1.7541775219655366e+39
2081.22 1.7240414033197715e+39
2081.76 1.6622711444000997e+39
2082.3 1.6154594662824737e+39
2082.84 1.5730056769604004e+39
2083.38 1.483592192727989e+39
2083.92 1.2899379300781245e+39
2084.46 1.1027653503313483e+39
2085.0 9.133083642504262e+38
2085.54 9.392512522330585e+38
2086.08 9.772960758218588e+38
2086.62 9.68123030290345e+38
2087.16 9.599861610537826e+38
2087.7 9.231014167936934e+38
2088.24 9.56717871913895e+38
2088.78 9.666703105995492e+38
2089.32 9.498890860107806e+38
2089.87 9.686729073163721e+38
2090.41 9.675684953035782e+38
2090.95 8.475519133684765e+38
2091.49 7.657216421815756e+38
2092.03 6.894702939473101e+38
2092.57 7.154680093430959e+38
2093.12 8.05183044364269e+38
2093.66 8.28741961929589e+38
2094.2 8.689485459980703e+38
2094.75 9.036048095087809e+38
2095.29 9.272424645203878e+38
2095.83 9.409533973137137e+38
2096.38 9.506543920359337e+38
2096.92 9.302667696561218e+38
2097.46 8.847333114365119e+38
2098.0 8.524860363602824e+38
2098.55 8.642749237335e+38
2099.09 9.180510956182576e+38
2099.64 9.57726575262996e+38
2100.18 9.93588428790887e+38
2100.73 9.792222137936165e+38
2101.27 9.312285646295364e+38
2101.81 9.012833409217418e+38
2102.36 9.266935594270182e+38
2102.9 9.699319031498055e+38
2103.45 9.715297212898116e+38
2103.99 1.0295589916013717e+39
2104.54 9.79143010589754e+38
2105.08 1.0003715159956324e+39
2105.63 9.528757068748823e+38
2106.18 9.399639881637135e+38
2106.72 8.902797005715164e+38
2107.27 7.82801188232346e+38
2107.81 6.832297614030842e+38
2108.36 6.415076291715568e+38
2108.91 6.359264628797062e+38
2109.45 6.880219011004264e+38
2110.0 7.467364987067913e+38
2110.55 7.315811679268803e+38
2111.09 6.575487365017622e+38
2111.64 6.1864731115698305e+38
2112.19 6.451761932445246e+38
2112.74 6.962633889373281e+38
2113.28 7.300104471714268e+38
2113.83 7.452883702337361e+38
2114.38 7.378696291602815e+38
2114.93 7.405509567414513e+38
2115.48 7.414302159922192e+38
2116.02 7.403138978741351e+38
2116.57 7.36921586904711e+38
2117.12 7.320937110969207e+38
2117.67 7.400517584069947e+38
2118.22 7.302264079416491e+38
2118.77 7.3348797060068e+38
2119.32 7.114567066133445e+38
2119.87 7.15853216236463e+38
2120.42 7.063655403514892e+38
2120.97 6.845182774495928e+38
2121.51 6.814137241445726e+38
2122.06 6.642880835182594e+38
2122.61 6.497885703168442e+38
2123.17 6.334136721598981e+38
2123.72 6.286125983719644e+38
2124.26 5.981760337963698e+38
2124.82 6.0533312002083436e+38
2125.37 6.006066612994101e+38
2125.92 5.9394451080236845e+38
2126.47 5.979868329217114e+38
2127.02 5.9541173474348515e+38
2127.57 5.912119149966375e+38
2128.12 5.433116107731848e+38
2128.67 5.808377227849308e+38
2129.23 5.778038144012429e+38
2129.78 5.7555425918812464e+38
2130.33 5.686724112081798e+38
2130.88 5.753048904731339e+38
2131.43 5.562294661855994e+38
2131.99 5.6910143645442994e+38
2132.54 5.8178918893951925e+38
2133.09 5.870858740048121e+38
2133.65 5.859052368484564e+38
2134.2 5.652927328187135e+38
2134.75 5.189427440486981e+38
2135.3 5.181977278594252e+38
2135.86 5.548828866043815e+38
2136.41 5.926351808351523e+38
2136.97 5.8992023583596536e+38
2137.52 5.7338909603008664e+38
2138.07 5.298776289690644e+38
2138.63 5.703763451642576e+38
2139.18 6.159248092009364e+38
2139.74 6.3813660433048975e+38
2140.29 6.3319851186130196e+38
2140.84 6.18737063949385e+38
2141.4 6.202433938200935e+38
2141.96 6.407788683915425e+38
2142.51 6.5446207122866594e+38
2143.06 6.609837788595339e+38
2143.62 6.797776637191469e+38
2144.18 6.755741094328623e+38
2144.73 7.034437419118802e+38
2145.29 6.97036489166343e+38
2145.84 6.903382255428936e+38
2146.4 6.876352014084801e+38
2146.96 6.835090953652117e+38
2147.51 6.906543619299953e+38
2148.07 6.808900557875749e+38
2148.63 6.579808313270997e+38
2149.18 6.278411178692838e+38
2149.74 6.5529377109202184e+38
2150.3 6.395026411422304e+38
2150.85 6.432783078477089e+38
2151.41 6.306599381098559e+38
2151.97 6.180471360396106e+38
2152.53 5.873648725934602e+38
2153.08 6.1092036369640766e+38
2153.64 6.122672181232846e+38
2154.2 6.099685307752221e+38
2154.76 6.023013950191836e+38
2155.32 5.940326628363541e+38
2155.88 5.908630041555082e+38
2156.44 5.9119845152542086e+38
2156.99 5.900380715473379e+38
2157.55 5.902371723974227e+38
2158.11 5.903955782843608e+38
2158.67 5.879489937722291e+38
2159.23 5.710395954644814e+38
2159.79 5.78819042728154e+38
2160.35 5.625218734501881e+38
2160.91 5.6755249129283254e+38
2161.47 5.5400370634312796e+38
2162.03 5.5930579867112305e+38
2162.59 5.6899177626065455e+38
2163.15 5.651225962755327e+38
2163.71 5.134632575250787e+38
2164.27 5.5573287186089245e+38
2164.83 5.446441161949258e+38
2165.4 5.448278824612663e+38
2165.96 5.0113655860789504e+38
2166.52 5.609483341438666e+38
2167.08 5.649885599197075e+38
2167.64 5.377450988654517e+38
2168.2 5.463655179760837e+38
2168.76 5.355871135320302e+38
2169.33 5.4820972568424555e+38
2169.89 5.6525394572299615e+38
2170.45 5.7196635636518426e+38
2171.01 5.812023744005866e+38
2171.58 5.808768341250508e+38
2172.14 5.846298449892816e+38
2172.7 5.8554182465977905e+38
2173.27 5.8633341187223846e+38
2173.83 5.8307122800785734e+38
2174.39 5.8037486296526165e+38
2174.96 5.634888914690571e+38
2175.52 5.876143186919163e+38
2176.08 5.8696120131220836e+38
2176.65 5.848927019718699e+38
2177.21 5.809693958738698e+38
2177.78 5.7643466643210585e+38
2178.34 5.607214520188402e+38
2178.91 5.685308495344524e+38
2179.47 5.560081313985694e+38
2180.03 5.641417795177179e+38
2180.6 5.665459886633642e+38
2181.17 5.4786314655219105e+38
2181.73 5.622497211971724e+38
2182.3 5.5675765146155966e+38
2182.86 5.42941929270731e+38
2183.43 5.470667930113234e+38
2183.99 5.4574223791257105e+38
2184.56 5.405857156868742e+38
2185.12 5.376650478289697e+38
2185.69 5.2839515815954825e+38
2186.26 5.264605906609533e+38
2186.82 5.332159647911729e+38
2187.39 4.874950460563479e+38
2187.96 5.306122623745533e+38
2188.53 5.3879600933244366e+38
2189.09 5.347634264311119e+38
2189.66 5.338002960272684e+38
2190.23 5.3357556838583716e+38
2190.79 5.275131604549255e+38
2191.36 5.293591797063501e+38
2191.93 5.214679369994904e+38
2192.5 5.254420003823936e+38
2193.07 5.241456313973195e+38
2193.64 5.24093976459732e+38
2194.21 5.231019969469559e+38
2194.77 5.218237283748533e+38
2195.34 5.194587382910311e+38
2195.91 5.176763214598635e+38
2196.48 5.121716750478241e+38
2197.05 5.1551680139615326e+38
2197.62 5.157510286055216e+38
2198.19 5.170200588235189e+38
2198.76 5.174694244304385e+38
2199.33 5.13975012825864e+38
2199.9 5.175464443532609e+38
2200.47 5.1735263257360094e+38
2201.04 5.1409574374132334e+38
2201.61 5.142228416774196e+38
2202.18 5.086847645146291e+38
2202.75 5.0945532658724656e+38
2203.32 5.152802475775643e+38
2203.89 5.1797749703135735e+38
2204.46 5.234657856476656e+38
2205.03 5.253705439004578e+38
2205.61 5.244848255072265e+38
2206.18 5.233839090757661e+38
2206.75 5.230314639826947e+38
2207.32 5.2276352090386714e+38
2207.89 5.2438799787352705e+38
2208.47 5.241553246228866e+38
2209.04 5.231274270321804e+38
2209.61 4.9968347613034784e+38
2210.18 5.194724208945323e+38
2210.76 5.121884649676558e+38
2211.33 5.1548652814973595e+38
2211.9 5.149497544769139e+38
2212.48 5.151363325806659e+38
2213.05 5.143511744183956e+38
2213.62 5.1083106363425505e+38
2214.2 5.039119445645513e+38
2214.77 5.03109170793091e+38
2215.34 4.610625241474224e+38
2215.92 5.123387501223949e+38
2216.49 5.178032972639538e+38
2217.07 5.16906757916745e+38
2217.64 5.160001576316298e+38
2218.22 5.102784762137854e+38
2218.79 5.086802674417305e+38
2219.37 4.799238396019378e+38
2219.94 4.403114517585782e+38
2220.52 4.359909051881596e+38
2221.09 4.7512195950029325e+38
2221.67 5.2484681811704435e+38
2222.25 5.478605660926192e+38
2222.82 5.5463559618960835e+38
2223.4 5.5861838877333216e+38
2223.97 5.615041107415899e+38
2224.55 5.573531298936634e+38
2225.13 5.426476869564772e+38
2225.7 5.401018820602973e+38
2226.28 5.4950698501677315e+38
2226.86 5.474579304044128e+38
2227.43 5.365849743879191e+38
2228.01 5.516657929085571e+38
2228.59 5.4492108273913566e+38
2229.17 5.12650249655366e+38
2229.74 5.1475308334535936e+38
2230.32 5.546979139359458e+38
2230.9 5.754453900897683e+38
2231.48 5.909649238927159e+38
2232.06 6.1738958708482765e+38
2232.64 6.408212469094515e+38
2233.21 6.530323935881394e+38
2233.79 6.618389766085115e+38
2234.37 6.5759720829773705e+38
2234.95 6.5757847393439886e+38
2235.53 6.574991885245222e+38
2236.11 6.602415631023163e+38
2236.69 6.352292758705605e+38
2237.27 5.997747190584984e+38
2237.85 5.826876486848538e+38
2238.43 6.154651610986417e+38
2239.01 6.57932200069683e+38
2239.59 6.75614271253038e+38
2240.17 6.725374811357829e+38
2240.75 6.61308608994581e+38
2241.33 6.4717519768799305e+38
2241.91 6.3804242752967414e+38
2242.49 6.331363633086318e+38
2243.07 6.28441650937403e+38
2243.66 6.1618689462862514e+38
2244.24 5.835931294742416e+38
2244.82 5.4024143228166124e+38
2245.4 5.447730443994919e+38
2245.98 5.768771501114757e+38
2246.56 6.064305452339837e+38
2247.15 6.1683440891977214e+38
2247.73 6.13657902874526e+38
2248.31 6.079446979645308e+38
2248.89 6.032006806015887e+38
2249.48 5.982729444736931e+38
2250.06 5.92089171870575e+38
2250.64 5.706040869643211e+38
2251.23 5.479392738806856e+38
2251.81 5.531337986010396e+38
2252.39 5.817922962574411e+38
2252.98 5.999920954373729e+38
2253.56 5.7281358004428465e+38
2254.15 6.101419345605313e+38
2254.73 5.966211677207941e+38
2255.31 5.909849807022895e+38
2255.9 6.009440262330094e+38
2256.48 6.118455620617475e+38
2257.07 6.151335273831949e+38
2257.65 6.118954107274156e+38
2258.24 6.003641978773e+38
2258.82 6.019807284269275e+38
2259.41 5.995151782486721e+38
2260.0 5.920491745293472e+38
2260.58 5.8372136515592686e+38
2261.17 5.772224197354176e+38
2261.75 5.756930743041687e+38
2262.34 5.5888005435202175e+38
2262.93 5.642820275427191e+38
2263.51 5.558582267186645e+38
2264.1 5.509620029579495e+38
2264.69 5.468513160939766e+38
2265.27 5.384397153511365e+38
2265.86 5.201692820029203e+38
2266.45 5.117199150393831e+38
2267.03 5.01268192217074e+38
2267.62 4.9771160503722284e+38
2268.21 4.928620601471615e+38
2268.8 4.951913044546866e+38
2269.39 4.9068257154755734e+38
2269.97 4.837249250414494e+38
2270.56 4.78978577980643e+38
2271.15 4.783587421680516e+38
2271.74 4.7921603416480654e+38
2272.33 4.788604471315723e+38
2272.92 4.771628161145102e+38
2273.51 4.750006671776425e+38
2274.09 4.711748013364992e+38
2274.68 4.736087123980999e+38
2275.27 4.734861825932418e+38
2275.86 4.7305859389469226e+38
2276.45 4.726205085122293e+38
2277.04 4.703597917373266e+38
2277.63 4.687138809107312e+38
2278.22 4.66504073898034e+38
2278.81 4.65492904659211e+38
2279.41 4.611906351461595e+38
2280.0 4.655197419465302e+38
2280.59 4.65367152781007e+38
2281.18 4.610556491856029e+38
2281.77 4.5727869562258246e+38
2282.36 4.566028183225214e+38
2282.95 4.5799022206493276e+38
2283.54 4.599745709958947e+38
2284.14 4.630855490098635e+38
2284.73 4.6894168833825876e+38
2285.32 4.756159989354463e+38
2285.91 4.810321082257105e+38
2286.5 4.846203811913118e+38
2287.1 4.869104236518876e+38
2287.69 4.54429667931341e+38
2288.28 4.9126325343309645e+38
2288.88 4.9349376589029285e+38
2289.47 4.934342251786778e+38
2290.06 4.7977417314569034e+38
2290.66 4.454246517972796e+38
2291.25 4.088479649858147e+38
2291.84 3.9641440632928686e+38
2292.44 3.990679081597841e+38
2293.03 4.079194257573177e+38
2293.63 4.180630235812649e+38
2294.22 4.3117079272840634e+38
2294.81 4.463102986220776e+38
2295.41 4.6459471849569106e+38
2296.0 4.8525703013467155e+38
2296.6 5.0028696702263075e+38
2297.2 5.245495743282614e+38
2297.79 5.0400413076247256e+38
2298.39 5.7716692851069125e+38
2298.98 5.871228565322332e+38
2299.58 5.8011797480730826e+38
2300.17 5.71062791317648e+38
2300.77 5.564820883443312e+38
2301.37 5.438867918104665e+38
2301.96 5.3173597187015614e+38
2302.56 5.213787836735077e+38
2303.16 5.1175331346962516e+38
2303.75 5.004355792742837e+38
2304.35 4.9691885787569064e+38
2304.95 4.901655366169167e+38
2305.54 4.837714941528161e+38
2306.14 4.8463810619869176e+38
2306.74 4.625991584266809e+38
2307.34 4.734587122525088e+38
2307.94 4.6531749493724804e+38
2308.53 4.739438117513532e+38
2309.13 4.885107386737231e+38
2309.73 4.937775805019332e+38
2310.33 4.913360316534771e+38
2310.93 4.840228389144022e+38
2311.53 4.680509050436792e+38
2312.13 4.450105613022915e+38
2312.73 4.420460769656081e+38
2313.32 4.6084509575863966e+38
2313.93 4.7775139856000805e+38
2314.52 4.904778326036207e+38
2315.12 4.933402859152967e+38
2315.72 4.9422393215595715e+38
2316.32 4.91825401940043e+38
2316.93 4.915842033794563e+38
2317.52 4.744880756150768e+38
2318.13 4.5480188043836305e+38
2318.73 4.653175229034424e+38
2319.33 4.9115272289961546e+38
2319.93 4.953745574344274e+38
2320.53 5.084296054037979e+38
2321.13 5.071751397425023e+38
2321.73 5.05481279651305e+38
2322.33 5.0182487750999145e+38
2322.94 4.9547195285893445e+38
2323.54 4.9246590763438505e+38
2324.14 4.8560512070776334e+38
2324.74 4.8123846931255564e+38
2325.35 4.8841297418588416e+38
2325.95 4.992456096364871e+38
2326.55 5.023903725874371e+38
2327.16 4.9639584516816925e+38
2327.76 4.912190201743481e+38
2328.36 4.903229288012965e+38
2328.97 4.975984343822961e+38
2329.57 4.9852393613659926e+38
2330.17 4.965043027616206e+38
2330.78 4.949026640682444e+38
2331.38 4.9361321066717574e+38
2331.98 4.825960330117008e+38
2332.59 4.8599353747343815e+38
2333.19 4.87289943343278e+38
2333.8 4.956146959142767e+38
2334.4 4.9668507544554025e+38
2335.01 4.947181198450223e+38
2335.61 4.9171644412769404e+38
2336.22 4.899044890347783e+38
2336.82 4.883917437837674e+38
2337.43 4.843786354638189e+38
2338.03 4.871602598211157e+38
2338.64 4.817242375171402e+38
2339.25 4.717752263944049e+38
2339.85 4.5768004120215385e+38
2340.46 4.599690240463313e+38
2341.07 4.722535012543571e+38
2341.67 4.814065509237657e+38
2342.28 4.815025307081669e+38
2342.89 4.771722077357101e+38
2343.5 4.729352618323757e+38
2344.1 4.689088831412282e+38
2344.71 4.665895330847748e+38
2345.32 4.6698347450758655e+38
2345.93 4.665390709120061e+38
2346.53 4.660953149384507e+38
2347.14 4.635656222414081e+38
2347.75 4.575385516340093e+38
2348.36 4.55149586225908e+38
2348.97 4.526063043302589e+38
2349.58 4.498078526425198e+38
2350.19 4.502393557353343e+38
2350.79 4.480537182270211e+38
2351.4 4.4487344346608465e+38
2352.01 4.40618638546766e+38
2352.62 4.385602177519767e+38
2353.23 4.374471487550933e+38
2353.84 4.3771550749524e+38
2354.45 4.324125227595654e+38
2355.06 4.289973196139151e+38
2355.67 4.232343236154583e+38
2356.28 4.210049184615886e+38
2356.89 4.200910647322935e+38
2357.5 4.19913372141617e+38
2358.12 4.194553383783893e+38
2358.73 4.187086743290079e+38
2359.34 4.182039939397263e+38
2359.95 4.184507779662917e+38
2360.56 4.205625222506919e+38
2361.17 4.2071378576673864e+38
2361.78 4.202937217956273e+38
2362.4 4.1893709831206995e+38
2363.01 4.174985293709117e+38
2363.62 4.151653164322291e+38
2364.24 4.135584855287609e+38
2364.85 4.16622787480078e+38
2365.46 4.181856144277091e+38
2366.07 4.206347441702686e+38
2366.69 4.186884214975699e+38
2367.3 4.1515184542364164e+38
2367.91 4.115598296721e+38
2368.53 4.1582322196224685e+38
2369.14 4.254364666698704e+38
2369.76 4.310428451042701e+38
2370.37 4.325799459304172e+38
2370.98 4.323070391678924e+38
2371.6 4.3051469958558445e+38
2372.21 4.336145799838065e+38
2372.83 4.337799958423322e+38
2373.44 4.3407560437122035e+38
2374.06 4.346913396822938e+38
2374.67 4.2975091712447e+38
2375.29 4.329147535683154e+38
2375.91 4.318152177820784e+38
2376.52 4.3463401902156525e+38
2377.14 4.326126725238809e+38
2377.75 4.345252061926205e+38
2378.37 4.3311224243633665e+38
2378.99 4.311177727550419e+38
2379.6 4.282147381310224e+38
2380.22 4.261642758670712e+38
2380.83 4.230314819672016e+38
2381.45 4.204342446825843e+38
2382.07 4.203813662035341e+38
2382.69 4.163598210742296e+38
2383.3 4.154840791704326e+38
2383.92 4.120592852977344e+38
2384.54 4.110314033269242e+38
2385.16 4.1172788685955265e+38
2385.78 4.191172572458979e+38
2386.4 3.991175121849472e+38
2387.01 4.069642341869999e+38
2387.63 4.283822272660409e+38
2388.25 4.275398750047858e+38
2388.87 4.255511684825075e+38
2389.49 4.2289926333026325e+38
2390.11 4.211066014648324e+38
2390.73 4.201817160109381e+38
2391.35 4.18284942098444e+38
2391.97 4.167899998838144e+38
2392.59 4.1626733184096485e+38
2393.21 4.162146356337463e+38
2393.83 4.1608527327136396e+38
2394.45 4.147508847659792e+38
2395.07 4.140781137739946e+38
2395.69 4.127121080521244e+38
2396.31 4.104234086043554e+38
2396.93 4.109008257892551e+38
2397.55 4.104987922165036e+38
2398.17 4.1244565384969805e+38
2398.79 3.989987707658528e+38
2399.42 4.130723417115276e+38
2400.04 4.1193709172829395e+38
2400.66 4.136810797397834e+38
2401.28 4.1613131210646525e+38
2401.91 4.176715214436574e+38
2402.53 4.17676034227406e+38
2403.15 4.166527249088456e+38
2403.77 4.185707473961078e+38
2404.4 4.16757332602613e+38
2405.02 4.150666604511076e+38
2405.64 4.119575141421789e+38
2406.27 4.0699280763891384e+38
2406.89 4.001301397383757e+38
2407.51 4.098696621196339e+38
2408.14 4.298827394785689e+38
2408.76 4.401234092151252e+38
2409.39 4.4168093553844604e+38
2410.01 4.362978438288579e+38
2410.64 4.2262696547962766e+38
2411.26 4.0123754815414715e+38
2411.89 4.1064416426634115e+38
2412.51 4.5476807672199154e+38
2413.14 4.945543300696498e+38
2413.76 5.113382432808468e+38
2414.39 5.074254698454953e+38
2415.01 5.132825256371739e+38
2415.64 5.132280874357125e+38
2416.26 5.140845861731934e+38
2416.89 5.139353232434797e+38
2417.52 5.177884131935453e+38
2418.14 5.207825432356424e+38
2418.77 5.229621120363003e+38
2419.4 5.150080380015185e+38
2420.02 5.149772223490852e+38
2420.65 5.085126362314355e+38
2421.28 5.018517600308733e+38
2421.91 4.919592458180992e+38
2422.53 4.817625482952722e+38
2423.16 4.661295733300207e+38
2423.79 4.583954014853535e+38
2424.42 4.458038552322609e+38
2425.05 4.401871496951831e+38
2425.68 4.3866286715740955e+38
2426.3 4.306600836754163e+38
2426.93 4.162345039019037e+38
2427.56 3.992928269610205e+38
2428.19 3.887361333846119e+38
2428.82 3.854857111726073e+38
2429.45 3.838323991266014e+38
2430.08 3.797737545422702e+38
2430.71 3.709951544369628e+38
2431.34 3.74508343841784e+38
2431.97 3.9328259786407766e+38
2432.6 4.11185634325997e+38
2433.23 4.174659970025035e+38
2433.86 4.167391032924181e+38
2434.49 4.1630091854460175e+38
2435.12 4.1673545999395596e+38
2435.75 4.1754521754199e+38
2436.39 4.197167219244467e+38
2437.02 4.206968598336101e+38
2437.65 4.220386632043265e+38
2438.28 4.2336522001041624e+38
2438.91 4.173285399349556e+38
2439.54 4.215032857749037e+38
2440.18 4.190284788252889e+38
2440.81 4.1338656490274095e+38
2441.44 4.13741557586145e+38
2442.07 4.1230813311783874e+38
2442.71 4.1011377170840704e+38
2443.34 4.0653416360546334e+38
2443.97 4.013744391797099e+38
2444.61 3.9934851023496566e+38
2445.24 3.976533722833633e+38
2445.88 3.973625763806008e+38
2446.51 3.9168730956891645e+38
2447.14 3.836736798605794e+38
2447.78 3.770545657476109e+38
2448.41 3.7608554959687265e+38
2449.05 3.731631738624497e+38
2449.68 3.732339634184741e+38
2450.32 3.7174336217740136e+38
2450.95 3.7389145187500205e+38
2451.59 3.739706644555019e+38
2452.22 3.737573865437372e+38
2452.86 3.745516526000112e+38
2453.49 3.747692073870885e+38
2454.13 3.743568346206519e+38
2454.76 3.737127223244745e+38
2455.4 3.728976800953464e+38
2456.04 3.721529328929438e+38
2456.67 3.723518035990479e+38
2457.31 3.719248170229954e+38
2457.95 3.7221752723537265e+38
2458.58 3.7227916734578405e+38
2459.22 3.7276087842279576e+38
2459.86 3.7326037164571396e+38
2460.5 3.746652433811359e+38
2461.14 3.761013515274834e+38
2461.77 3.7300670295902155e+38
2462.41 3.7642464830524665e+38
2463.05 3.741445598488876e+38
2463.69 3.708094390613676e+38
2464.33 3.701025613639467e+38
2464.96 3.6614546350691636e+38
2465.6 3.6126417466982045e+38
2466.24 3.6324203373695e+38
2466.88 3.677877538963094e+38
2467.52 3.695033619162573e+38
2468.16 3.7070589064093395e+38
2468.8 3.685195595898623e+38
2469.44 3.7032374776081554e+38
2470.08 3.705548871962903e+38
2470.72 3.711021675043473e+38
2471.36 3.6993412845170196e+38
2472.0 3.662395739816282e+38
2472.64 3.6310823932160806e+38
2473.28 3.6855889703375655e+38
2473.92 3.776049317179198e+38
2474.56 3.785108893260902e+38
2475.21 3.696908983010014e+38
2475.85 3.608522372771791e+38
2476.49 3.6660637086576025e+38
2477.13 3.784692286740743e+38
2477.77 3.84831934483223e+38
2478.42 3.859591035101428e+38
2479.06 3.858617591161593e+38
2479.7 3.8640447907950604e+38
2480.34 3.8754534534313175e+38
2480.99 3.874472222086612e+38
2481.63 3.863961992047892e+38
2482.27 3.8412546652655774e+38
2482.92 3.854455239529151e+38
2483.56 3.849933091996709e+38
2484.2 3.836836717346759e+38
2484.85 3.8192061577410574e+38
2485.49 3.799471200751178e+38
2486.14 3.781489156881842e+38
2486.78 3.771228381514809e+38
2487.42 3.760129197160332e+38
2488.07 3.741729141350689e+38
2488.71 3.7068259822139426e+38
2489.36 3.68775188862376e+38
2490.0 3.6748656310188066e+38
2490.65 3.6615154913617765e+38
2491.29 3.6365583728962275e+38
2491.94 3.61101997440857e+38
2492.59 3.578484790568842e+38
2493.23 3.5585144814541345e+38
2493.88 3.5371048800679186e+38
2494.52 3.5041074529517205e+38
2495.17 3.541331068912282e+38
2495.82 3.5357829773162766e+38
2496.47 3.52902413228732e+38
2497.11 3.52869348656683e+38
2497.76 3.503828789742533e+38
2498.41 3.525102697112684e+38
2499.05 3.5215264332740954e+38
2499.7 3.511880764747718e+38
