WAVE FLUX
1000.04 1.895886154476551e+39
1000.53 1.5643048674158548e+39
1001.02 1.1265502316726907e+39
1001.51 1.8834311490322475e+39
1002.01 1.3857303825661822e+39
1002.5 1.4027425564268113e+39
1002.99 1.3709045864745257e+39
1003.48 1.760785725701464e+39
1003.97 1.7218123205001538e+39
1004.46 1.7855217145369488e+39
1004.96 1.7986400808385778e+39
1005.45 1.072071221881224e+39
1005.94 5.540807118989969e+38
1006.43 1.7782894378142303e+39
1006.93 1.0382493628941056e+39
1007.42 1.874222451740046e+39
1007.92 1.6597031081521438e+39
1008.41 1.8101306247868418e+39
1008.91 1.1552586637936719e+39
1009.4 1.787717077561464e+39
1009.9 7.27860503924223e+38
1010.39 8.651028730933773e+38
1010.89 1.903562611443624e+39
1011.38 1.709609067033757e+39
1011.88 1.815249270673477e+39
1012.37 8.46166764285273e+38
1012.87 9.522817651579998e+38
1013.37 1.7641072996281994e+39
1013.86 1.74054300425698e+39
1014.36 1.7537768513644592e+39
1014.86 1.5931399648340495e+39
1015.36 1.6840832435952003e+39
1015.85 1.4259142443753405e+39
1016.35 1.2092137486937586e+39
1016.85 1.6902960200354158e+39
1017.35 1.1420693720256147e+39
1017.85 1.423712257663435e+39
1018.35 5.6948460344161966e+38
1018.85 1.6881528771902868e+39
1019.35 1.436486612803031e+39
1019.85 7.77770409199651e+38
1020.35 1.6359546956438853e+39
1020.85 1.6252910825756166e+39
1021.35 1.5640875382615608e+39
1021.85 1.753117328492147e+39
1022.35 1.732690253737896e+39
1022.85 7.370567127676575e+38
1023.35 1.5693178066496732e+39
1023.85 1.3237650864488692e+39
1024.35 1.23052648607888e+39
1024.86 1.1959164347848096e+39
1025.36 5.8127403599152456e+38
1025.86 2.2119791970224805e+38
1026.37 8.165090038176364e+38
1026.87 6.80959273817538e+38
1027.37 1.1537489603730113e+39
1027.88 1.2281780578959384e+39
1028.38 1.083032688832965e+39
1028.89 1.2811253486136047e+39
1029.39 1.1807063582594714e+39
1029.9 5.680440420333891e+38
1030.4 7.668180613689762e+38
1030.91 4.1691976890607464e+38
1031.41 7.506938528554932e+38
1031.92 1.0776632229937851e+39
1032.42 8.068884149778672e+38
1032.93 1.2400629446702684e+39
1033.44 9.933539071810082e+38
1033.94 6.1463104476339665e+38
1034.45 1.1119232574691832e+39
1034.96 9.733861441773345e+38
1035.46 3.842958709177305e+38
1035.97 1.2862817604846621e+39
1036.48 1.2734342562571847e+39
1036.99 7.325832246574155e+38
1037.5 1.1086320625388487e+39
1038.01 1.1192263430174414e+39
1038.51 1.9750978767665153e+39
1039.02 1.6574451241340035e+39
1039.53 1.287803848221966e+39
1040.04 1.716762833158372e+39
1040.55 1.7052611990431128e+39
1041.06 1.9996387404944616e+39
1041.57 1.4987603581900428e+39
1042.08 1.890788172328651e+39
1042.59 1.8015801168113495e+39
1043.11 1.9215607776243098e+39
1043.62 1.8704447167842004e+39
1044.13 1.8906261112047473e+39
1044.64 1.7953802783418977e+39
1045.15 1.6965523799173343e+39
1045.67 1.7466180327377407e+39
1046.18 1.7121775961996975e+39
1046.69 1.7778687817928968e+39
1047.2 1.7840647887004544e+39
1047.72 1.7975516823698023e+39
1048.23 1.8013676178706363e+39
1048.75 1.8349877282075937e+39
1049.26 1.756362587165066e+39
1049.78 1.6181360700854265e+39
1050.29 1.7337085857277826e+39
1050.81 1.562165383643706e+39
1051.32 1.2744069129657172e+39
1051.83 1.6803093764613156e+39
1052.35 1.5147125839230828e+39
1052.87 1.3002032298970749e+39
1053.38 1.6411279589207273e+39
1053.9 1.7150765143834793e+39
1054.42 1.7629280175388994e+39
1054.93 1.8193902170288487e+39
1055.45 8.685743170307152e+38
1055.97 1.5534172957370693e+39
1056.49 1.689582152948084e+39
1057.01 1.6200205176805375e+39
1057.52 1.2939929474453239e+39
1058.04 1.6268711552562628e+39
1058.56 1.0375151168128611e+39
1059.08 1.2664724054713925e+39
1059.6 1.5820749507147763e+39
1060.12 1.0602747069109036e+39
1060.64 1.3791762589589653e+39
1061.16 6.094402987193962e+38
1061.68 5.784190502125781e+38
1062.2 1.148190718909854e+39
1062.72 5.376943838066314e+38
1063.24 9.484555731383108e+38
1063.76 1.689812465351826e+39
1064.28 1.4959257927219308e+39
1064.81 1.614289616909435e+39
1065.33 1.6237645028502947e+39
1065.85 8.331719816752503e+38
1066.37 1.5400197652044055e+39
1066.9 1.6721213678246198e+39
1067.42 1.426361090628668e+39
1067.94 1.3468250767961575e+39
1068.47 1.4475139908371673e+39
1068.99 6.4296084983544446e+38
1069.52 1.2220139253805682e+39
1070.04 1.5870037857057628e+39
1070.56 7.791297625331192e+38
1071.09 1.5881864779780195e+39
1071.61 1.5625120467169075e+39
1072.14 1.2484039186160632e+39
1072.67 1.2970206689440062e+39
1073.19 1.442443629695666e+39
1073.72 1.3080389400911397e+39
1074.24 1.3800114014378053e+39
1074.77 1.66078933277273e+39
1075.3 1.4322751064036423e+39
1075.82 1.6762489460349978e+39
1076.35 1.659053778450229e+39
1076.88 1.6748751341790606e+39
1077.41 1.6928732036704458e+39
1077.94 1.3198253058344942e+39
1078.47 1.6636750221346063e+39
1078.99 1.531654162905993e+39
1079.52 1.0812417575160386e+39
1080.05 1.4776273758664902e+39
1080.58 1.4885967695157506e+39
1081.11 1.4095135018243468e+39
1081.64 1.493383790874788e+39
1082.17 1.5037431107552732e+39
1082.7 1.374915135268539e+39
1083.23 6.6649693943016885e+38
1083.77 1.2136970756746394e+39
1084.3 1.369060441500478e+39
1084.83 9.238999907095723e+38
1085.36 1.3084505924342304e+39
1085.89 1.2433394628851247e+39
1086.43 1.2046253265285603e+39
1086.96 1.4651241572707845e+39
1087.49 1.6225081727712935e+39
1088.02 9.861418310064774e+38
1088.56 1.364588645543059e+39
1089.09 8.043670854495259e+38
1089.63 6.04319646052777e+38
1090.16 1.168151847488243e+39
1090.69 1.4456125558390687e+39
1091.23 1.5797719878450096e+39
1091.77 1.3302305915671562e+39
1092.3 1.2291350880818415e+39
1092.84 1.372815547830912e+39
1093.37 8.834763407890764e+38
1093.91 1.5460642793836162e+39
1094.44 1.4830654921893297e+39
1094.98 1.5222746048208816e+39
1095.52 6.397726938690664e+38
1096.06 1.2797596789719086e+39
1096.59 6.718793678178302e+38
1097.13 1.631902010868242e+39
1097.67 7.296034439990439e+38
1098.21 7.480483998116264e+38
1098.74 1.5326489021805222e+39
1099.28 1.5920091191060564e+39
1099.82 1.413638774091409e+39
1100.36 1.5896128742395054e+39
1100.9 1.5709209053797564e+39
1101.44 1.3694535052653982e+39
1101.98 1.585806850950443e+39
1102.52 1.545088330607846e+39
1103.06 1.1791969853266653e+39
1103.6 1.4150423340073068e+39
1104.15 7.365672466464398e+38
1104.69 1.3613366159835313e+39
1105.23 1.5091370238459424e+39
1105.77 1.4488447340156674e+39
1106.31 1.5427481855598165e+39
1106.85 1.395655613940688e+39
1107.4 1.3670090489667233e+39
1107.94 1.063395117792168e+39
1108.48 5.222133373757444e+38
1109.03 1.4522492417542893e+39
1109.57 1.4028928632817653e+39
1110.11 1.2318217787208566e+39
1110.66 1.5090066483030852e+39
1111.2 1.2535872760806112e+39
1111.75 1.4510684556383325e+39
1112.29 1.0879310535748149e+39
1112.84 1.4298969832034457e+39
1113.39 1.3735300080460876e+39
1113.93 1.1909724053953714e+39
1114.48 1.2754256650247794e+39
1115.02 1.240534219760468e+39
1115.57 1.2639568622394538e+39
1116.12 1.0795823633218696e+39
1116.67 7.623411018275555e+38
1117.21 1.0701952817384529e+39
1117.76 1.3353546923844442e+39
1118.31 1.40601601415592e+39
1118.86 1.5432416044710386e+39
1119.41 8.551604442058356e+38
1119.95 1.4922838020848695e+39
1120.5 1.4951857747201613e+39
1121.05 1.1666186457247568e+39
1121.6 1.3511784049439522e+39
1122.15 1.351968282543309e+39
1122.7 1.4505754930054863e+39
1123.25 1.3409858463870802e+39
1123.8 4.505863980713531e+38
1124.36 1.1448323042588952e+39
1124.91 3.9399962636398815e+38
1125.46 1.1865055378527209e+39
1126.01 1.177534809641348e+39
1126.56 1.0897773176266695e+39
1127.11 1.015785009745726e+39
1127.67 1.1063581822137375e+39
1128.22 5.4861772893636494e+38
1128.77 5.264461440469321e+38
1129.33 1.6013931955145275e+39
1129.88 1.4917709322904623e+39
1130.44 1.0378777981782263e+39
1130.99 1.938386757196696e+39
1131.54 1.9691312815309598e+39
1132.1 2.0026212936986977e+39
1132.65 1.8140243712581274e+39
1133.21 1.7001894896154728e+39
1133.77 1.6722898838143805e+39
1134.32 1.3535550584169704e+39
1134.88 1.1684233111710668e+39
1135.43 1.4486205004461475e+39
1135.99 1.463655822979503e+39
1136.55 1.4204414226248228e+39
1137.1 1.4350195512969128e+39
1137.66 1.3370333279194675e+39
1138.22 1.3613715596515796e+39
1138.78 1.2826587845350405e+39
1139.34 4.803033678296765e+38
1139.9 5.522810598188808e+38
1140.45 1.2429818587552284e+39
1141.01 1.3991341558426875e+39
1141.57 5.717207476812541e+38
1142.13 1.5029293748414412e+39
1142.69 1.521049046889666e+39
1143.25 1.514809043877141e+39
1143.81 1.405117316252207e+39
1144.38 6.630514269956218e+38
1144.94 6.4380146736969584e+38
1145.5 1.5121913025283466e+39
1146.06 1.515345051236711e+39
1146.62 1.489588667535998e+39
1147.18 1.4369816083476122e+39
1147.75 1.4336264135762492e+39
1148.31 1.459657272346153e+39
1148.87 1.440176838629015e+39
1149.44 1.505291760592924e+39
1150.0 1.2775433994755048e+39
1150.0 1.2775433994755048e+39
1150.3 1.4167818434221992e+39
1150.6 1.4769313527662597e+39
1150.89 1.076186979393367e+39
1151.19 1.2237003237514916e+39
1151.49 1.5053324505711106e+39
1151.79 1.493171802654516e+39
1152.09 1.443600897749286e+39
1152.39 1.4166889750752143e+39
1152.69 1.1018992617772834e+39
1152.98 1.413479012270789e+39
1153.28 1.4325729831460795e+39
1153.58 1.275980848490806e+39
1153.88 1.0012477720062912e+39
1154.18 1.0602272850054271e+39
1154.48 1.4090499789603418e+39
1154.78 1.398085804769127e+39
1155.08 1.1357984242592992e+39
1155.38 1.2075599609592564e+39
1155.68 1.4178691550672293e+39
1155.98 6.742696504666502e+38
1156.28 1.416547286906579e+39
1156.57 1.239306228971515e+39
1156.88 1.3646334965532826e+39
1157.18 1.3210933715168622e+39
1157.47 1.2757661956913014e+39
1157.78 1.2744080541613827e+39
1158.07 6.0491742983487e+38
1158.38 1.3614557494659498e+39
1158.68 1.3268781804937528e+39
1158.97 1.1850554287557722e+39
1159.28 1.2309094857011794e+39
1159.58 9.902928929624033e+38
1159.88 1.4158955382689453e+39
1160.18 9.801640539517814e+38
1160.48 1.4269091954582293e+39
1160.78 1.373864523694396e+39
1161.08 1.463933971209253e+39
1161.38 1.2975349830075493e+39
1161.68 1.3773574733317238e+39
1161.98 1.262944514641361e+39
1162.28 1.4113732415965327e+39
1162.58 1.4322192111276976e+39
1162.89 1.417382408824364e+39
1163.19 8.066119809778845e+38
1163.49 1.3970833140607698e+39
1163.79 9.159883499600994e+38
1164.09 1.375458848837281e+39
1164.39 1.1184208643339152e+39
1164.7 1.1048488003316853e+39
1165.0 7.397935178274817e+38
1165.3 1.3625994270245527e+39
1165.6 9.610497928776838e+38
1165.9 8.156682995570828e+38
1166.21 1.3639900721087612e+39
1166.51 1.3231190378599803e+39
1166.81 5.560919837164588e+38
1167.11 1.2638174802536317e+39
1167.42 8.627043996130489e+38
1167.72 1.3010373088165862e+39
1168.02 1.2822050870317183e+39
1168.32 1.2419818453655553e+39
1168.63 1.2764768183971167e+39
1168.93 1.0002549254999703e+39
1169.23 1.2566909056092424e+39
1169.54 1.2555562637704532e+39
1169.84 1.2652722029033708e+39
1170.14 9.474619158607874e+38
1170.44 7.583148560721401e+38
1170.75 9.347108859537145e+38
1171.05 4.2022812671352885e+38
1171.35 9.90770212194161e+38
1171.66 7.714196539643179e+38
1171.96 5.092587943508249e+38
1172.27 9.858397173548148e+38
1172.57 8.59734121197393e+38
1172.87 6.399882829537133e+38
1173.18 9.803921348158703e+38
1173.48 7.032142979216805e+38
1173.79 9.381353538112376e+38
1174.09 8.699481941881823e+38
1174.4 9.708479461301821e+38
1174.7 8.589128867079256e+38
1175.0 5.518830151262029e+38
1175.31 5.927135771635765e+38
1175.61 6.301918750014413e+38
1175.92 6.806450048865073e+38
1176.22 6.887610824486342e+38
1176.53 9.240734165525389e+38
1176.83 1.488964794526919e+39
1177.14 1.476428163499218e+39
1177.44 1.4442430548559277e+39
1177.75 1.2646728469407757e+39
1178.05 1.3844783706181322e+39
1178.36 1.0759797461514834e+39
1178.66 1.4414915196146698e+39
1178.97 1.3634525472757406e+39
1179.27 1.3560885130579054e+39
1179.58 1.3868707472233227e+39
1179.89 1.0969174513289237e+39
1180.19 1.3156548679901373e+39
1180.5 8.666224788260087e+38
1180.8 1.0330420385847445e+39
1181.11 1.2961819891989145e+39
1181.42 8.792329948988722e+38
1181.72 8.307341122417788e+38
1182.03 1.2927961609645967e+39
1182.33 1.292969066206966e+39
1182.64 1.2656573890629433e+39
1182.95 5.093357857787207e+38
1183.25 1.1017226877385936e+39
1183.56 1.1551020092375077e+39
1183.87 1.1437691884350751e+39
1184.17 1.0165681920822963e+39
1184.48 5.527446975781081e+38
1184.79 7.472443861207502e+38
1185.09 1.4164485558115822e+39
1185.4 9.116515955200878e+38
1185.71 1.4167296862824546e+39
1186.02 1.3785581798052022e+39
1186.32 1.429562913609077e+39
1186.63 9.79628458067913e+38
1186.94 1.293330501893146e+39
1187.25 1.3675324950600183e+39
1187.56 1.3268315713796802e+39
1187.86 1.3174495875896563e+39
1188.17 1.3280124987675424e+39
1188.48 1.2719508400410082e+39
1188.79 1.3294392538234695e+39
1189.09 1.306702539950612e+39
1189.4 1.1747485596082824e+39
1189.71 1.3343295822415922e+39
1190.02 1.301311642010319e+39
1190.33 1.2612742322167835e+39
1190.64 1.3523768833601097e+39
1190.94 1.3187607674788904e+39
1191.25 6.472979751886373e+38
1191.56 1.3574457613563379e+39
1191.87 1.3487166855498835e+39
1192.18 1.3203193323589666e+39
1192.49 1.3225047533969865e+39
1192.8 1.1857837878494747e+39
1193.11 9.44329990278356e+38
1193.42 1.3030829540005462e+39
1193.73 1.0594497245177837e+39
1194.04 1.1862566182093049e+39
1194.34 1.1393233715096152e+39
1194.65 1.3373199296791523e+39
1194.96 1.3325810546154032e+39
1195.27 1.1724435983148265e+39
1195.58 1.288013135473957e+39
1195.89 1.2897294947759777e+39
1196.2 8.172350391750687e+38
1196.51 1.2629185235446282e+39
1196.82 1.227025801024381e+39
1197.13 1.2173965420168246e+39
1197.44 1.1717917609099788e+39
1197.75 1.2535706737859674e+39
1198.06 1.2658644820242179e+39
1198.38 1.0894707154460909e+39
1198.69 1.2592268248601499e+39
1199.0 1.2263441950848825e+39
1199.31 1.2935427908722027e+39
1199.62 1.260982987712011e+39
1199.93 1.2138573775365756e+39
1200.24 1.1373289769089346e+39
1200.55 1.0500127039851879e+39
1200.86 8.333606889136677e+38
1201.17 1.1593951359391828e+39
1201.48 9.747425962245069e+38
1201.8 9.87321000283096e+38
1202.11 4.332682454095674e+38
1202.42 1.1519015256990957e+39
1202.73 1.196668485241272e+39
1203.04 1.1090786917292835e+39
1203.35 1.2098481821944106e+39
1203.67 1.2728855338121045e+39
1203.98 1.3051122929878954e+39
1204.29 1.3060999629291444e+39
1204.6 1.3160577928354226e+39
1204.92 1.1537015224737188e+39
1205.23 1.2739196143357487e+39
1205.54 1.2744141660655372e+39
1205.85 1.298820585911817e+39
1206.16 1.1834440861845463e+39
1206.48 3.568586973776301e+38
1206.79 1.2863669719608716e+39
1207.1 1.1899082702558355e+39
1207.42 1.097392651434295e+39
1207.73 1.3157720733916633e+39
1208.04 1.2144210558056247e+39
1208.35 1.0936488979703154e+39
1208.67 1.097403937821711e+39
1208.98 1.3431829181170084e+39
1209.29 1.2162526877718717e+39
1209.61 1.3062383498660398e+39
1209.92 1.2855562900033745e+39
1210.23 1.2525058770618089e+39
1210.55 8.161846295696279e+38
1210.86 1.1812371610184453e+39
1211.18 9.581990935460089e+38
1211.49 1.116668999307049e+39
1211.8 1.0107021057416784e+39
1212.12 1.0160658324379578e+39
1212.43 1.1155539363211677e+39
1212.75 1.1219907200702287e+39
1213.06 1.1329950304452122e+39
1213.38 1.2205531949131213e+39
1213.69 8.827250809647364e+38
1214.0 1.0681548779183826e+39
1214.32 1.3700075399518115e+39
1214.63 1.1085154066630154e+39
1214.95 1.4633913300236038e+39
1215.26 9.672289087763852e+38
1215.58 8.383937410281217e+38
1215.89 7.108808784613234e+38
1216.21 1.6385722914928665e+39
1216.52 1.6220507054162124e+39
1216.84 1.0511464189737944e+39
1217.15 8.581674721909746e+38
1217.47 1.4327844284105335e+39
1217.79 7.777314552900369e+38
1218.1 1.4523072990571688e+39
1218.42 1.1679314313562013e+39
1218.73 7.41696477536154e+38
1219.05 1.3864846238084384e+39
1219.36 1.3622409837435815e+39
1219.68 1.3367580191565867e+39
1220.0 7.538095957971604e+38
1220.31 1.2944359554758231e+39
1220.63 1.2681465546890967e+39
1220.94 7.38564394193393e+38
1221.26 5.8102826505184e+38
1221.58 1.2660946117590441e+39
1221.9 8.213061383465437e+38
1222.21 8.728588470792595e+38
1222.53 1.1456525896823162e+39
1222.84 1.2481359861879445e+39
1223.16 6.225881390528333e+38
1223.48 1.2608684794747546e+39
1223.8 5.825037702088917e+38
1224.11 1.2153398358752805e+39
1224.43 1.2593507371969697e+39
1224.75 1.2543700490703768e+39
1225.06 1.2474831545887291e+39
1225.38 1.199343758940263e+39
1225.7 1.1860218134351253e+39
1226.02 6.307854706257686e+38
1226.34 1.2839576328931288e+39
1226.65 1.269959126703378e+39
1226.97 1.2604881591377086e+39
1227.29 1.0354945192827342e+39
1227.61 1.2652223244131135e+39
1227.93 1.2318728834736959e+39
1228.24 1.0761058229355519e+39
1228.56 1.1750708293975478e+39
1228.88 1.2090468126914049e+39
1229.2 1.125543269120837e+39
1229.52 7.641546871396113e+38
1229.84 7.073109391664089e+38
1230.16 1.0625747116091558e+39
1230.47 9.900077902145462e+38
1230.79 7.085291583054919e+38
1231.11 1.0931930213385751e+39
1231.43 1.0805030099356137e+39
1231.75 1.0910762914097532e+39
1232.07 1.0781377782099151e+39
1232.39 1.0067309415748586e+39
1232.71 1.0590649050432789e+39
1233.03 9.076987642513012e+38
1233.35 9.549066526914289e+38
1233.67 1.0532466857954107e+39
1233.99 1.0325932715343905e+39
1234.31 1.0375248031740598e+39
1234.63 9.499433178444026e+38
1234.95 1.0169671014756994e+39
1235.27 8.928039910026568e+38
1235.59 1.0048132411477024e+39
1235.91 9.784183366597549e+38
1236.23 8.027934574759782e+38
1236.55 9.879229467159279e+38
1236.87 9.716779083442444e+38
1237.19 8.095647542190328e+38
1237.51 9.43019911411418e+38
1237.83 9.427795219893385e+38
1238.15 9.63805556982716e+38
1238.47 8.827113657614746e+38
1238.79 9.397839388181318e+38
1239.11 1.1155712821344605e+39
1239.44 1.0819485746411539e+39
1239.76 1.1038395263718624e+39
1240.08 1.102466167551631e+39
1240.4 1.0895937602531025e+39
1240.72 1.0816430188787013e+39
1241.04 1.0677591531439208e+39
1241.36 1.0741938502706242e+39
1241.69 1.0470851684837151e+39
1242.01 1.0891592434125169e+39
1242.33 1.0820585534811024e+39
1242.65 1.1724927082780045e+39
1242.97 1.3234865920804245e+39
1243.3 1.1208795096395556e+39
1243.62 1.3063162829405349e+39
1243.94 1.1954949825582683e+39
1244.26 1.2029212100556603e+39
1244.58 1.2164005686597307e+39
1244.91 1.1999856052378986e+39
1245.23 1.0403164915055943e+39
1245.55 1.1039640655649683e+39
1245.88 1.1295471958281464e+39
1246.2 8.367271295212153e+38
1246.52 1.0079832759243342e+39
1246.84 1.0602854696034592e+39
1247.17 9.36854796155683e+38
1247.49 3.921857254592916e+38
1247.81 6.552715123890531e+38
1248.14 1.1192337172463732e+39
1248.46 1.0915919010528017e+39
1248.79 1.2178668724154646e+39
1249.11 1.242050779714201e+39
1249.43 1.2157349263988074e+39
1249.76 1.2326461641131524e+39
1250.08 1.1874845967909707e+39
1250.4 1.1140316990738091e+39
1250.73 1.1185801446396033e+39
1251.05 1.140976459930691e+39
1251.38 1.1313220634075561e+39
1251.7 1.081099956353265e+39
1252.03 1.1458438482613198e+39
1252.35 1.1543434551145035e+39
1252.68 1.0312753748375989e+39
1253.0 1.1385556680302526e+39
1253.32 1.1498571733102384e+39
1253.65 8.414019690359842e+38
1253.97 1.0883865538600514e+39
1254.3 1.1471568636391816e+39
1254.62 1.1061205635584806e+39
1254.95 7.851671503209798e+38
1255.27 6.492348053576177e+38
1255.6 1.1692879236687494e+39
1255.93 1.1572072398112536e+39
1256.25 1.1442234308315836e+39
1256.58 7.03526611191815e+38
1256.9 1.0239299319975973e+39
1257.23 1.068316525165365e+39
1257.55 1.0720367414654644e+39
1257.88 9.38554275748334e+38
1258.2 1.1951959992104263e+39
1258.53 6.582621261181066e+38
1258.86 7.780878131152525e+38
1259.18 1.1730549950555946e+39
1259.51 1.0735150393767519e+39
1259.84 1.1248067153195639e+39
1260.16 1.1731611759908476e+39
1260.49 1.1365995101737434e+39
1260.82 1.153738152596869e+39
1261.14 1.1639841266552358e+39
1261.47 1.1623230826082595e+39
1261.8 1.0900506414100281e+39
1262.12 1.1717811298178971e+39
1262.45 1.1794141311706152e+39
1262.78 1.1866049660357584e+39
1263.11 1.1696232795422064e+39
1263.43 1.1736696052396542e+39
1263.76 1.1654287153671385e+39
1264.09 1.168626093053313e+39
1264.42 1.1334319505395194e+39
1264.74 1.1057713511136317e+39
1265.07 1.0610484627200395e+39
1265.4 8.472569004634634e+38
1265.73 1.0492404287945778e+39
1266.06 1.1167730509362614e+39
1266.38 1.101120490416382e+39
1266.71 8.81525273660928e+38
1267.04 1.080673991603657e+39
1267.37 1.1210491101099925e+39
1267.7 1.1063552078229855e+39
1268.03 1.0603629341005475e+39
1268.35 1.167735546045951e+39
1268.68 1.077269759536156e+39
1269.01 7.032252313116813e+38
1269.34 1.1043695606698827e+39
1269.67 9.788686474009978e+38
1270.0 7.917980295771473e+38
1270.33 1.0836634414336914e+39
1270.66 8.308152033063906e+38
1270.99 1.1181098041826503e+39
1271.32 1.1486678966885257e+39
1271.65 1.1552727211402955e+39
1271.97 1.1326208703845218e+39
1272.31 1.1462374968272764e+39
1272.63 8.875741946018778e+38
1272.96 1.1122047145325172e+39
1273.29 1.0959854881250086e+39
1273.62 6.860486011631321e+38
1273.95 1.1434968431219071e+39
1274.28 1.1219798676466284e+39
1274.61 1.1063566886041212e+39
1274.94 1.1033550186122482e+39
1275.28 1.1226267715175197e+39
1275.61 1.1470583710038103e+39
1275.94 1.0380198293614571e+39
1276.27 1.1571663302327503e+39
1276.6 1.1455813497123693e+39
1276.93 1.0337037409841605e+39
1277.26 1.1480115268600474e+39
1277.59 1.0890464828567945e+39
1277.92 1.1342965004352608e+39
1278.25 1.1536571842530441e+39
1278.58 1.1543219791117235e+39
1278.92 5.385142110239482e+38
1279.25 1.1340635016877473e+39
1279.58 1.0629126745454536e+39
1279.91 1.047171479494615e+39
1280.24 1.0909831229377773e+39
1280.57 1.10156027681825e+39
1280.91 1.1335965499310583e+39
1281.24 1.1056273275833963e+39
1281.57 9.20935089730997e+38
1281.9 1.1019433910627878e+39
1282.23 1.0493238777316464e+39
1282.57 1.0722099726142083e+39
1282.9 1.086526011993817e+39
1283.23 1.1088439239137478e+39
1283.56 9.195402022638581e+38
1283.9 1.0828568254770768e+39
1284.23 6.582204231521467e+38
1284.56 1.1179996708827397e+39
1284.9 1.139388981766463e+39
1285.23 1.083184289643465e+39
1285.56 1.1026119544127558e+39
1285.9 1.0632687723742048e+39
1286.23 1.0793776423846524e+39
1286.56 9.821182569079816e+38
1286.9 1.0785099826864257e+39
1287.23 1.0566825856966546e+39
1287.56 7.982059088910238e+38
1287.9 1.0537688244779662e+39
1288.23 9.039319743720244e+38
1288.56 1.1081694129070283e+39
1288.9 1.0686527036945199e+39
1289.23 8.223127301139711e+38
1289.57 1.0889738693005027e+39
1289.9 1.1116239574280078e+39
1290.23 1.0862213745318554e+39
1290.57 1.0756693947152199e+39
1290.9 1.0296254605392119e+39
1291.24 6.479324871088893e+38
1291.57 7.687236307288431e+38
1291.91 1.1739530519820901e+39
1292.24 1.0976938209101478e+39
1292.58 1.2175638133194226e+39
1292.91 1.2305017536664323e+39
1293.25 9.244698769298903e+38
1293.58 1.2103564363289048e+39
1293.92 1.069605990455732e+39
1294.25 1.2031349988404099e+39
1294.59 4.409048925250531e+38
1294.92 1.17895021619315e+39
1295.26 1.1891483535923634e+39
1295.59 1.2189519930881665e+39
1295.93 1.0992011882993181e+39
1296.27 7.070461864482415e+38
1296.6 8.45042144456604e+38
1296.94 1.192144717589845e+39
1297.28 1.1577894721337426e+39
1297.61 1.0606209533022162e+39
1297.95 1.0587924479472598e+39
1298.28 1.1299818188776238e+39
1298.62 9.823180019490463e+38
1298.96 4.815515195993047e+38
1299.29 1.0302043996972841e+39
1299.63 1.0411518371732061e+39
1299.97 1.0880898192327592e+39
1300.3 8.841081847326134e+38
1300.64 1.060195857429681e+39
1300.98 1.0298804219644156e+39
1301.32 9.824207101014824e+38
1301.65 1.0977620230452988e+39
1301.99 1.1029324738974811e+39
1302.33 1.1002963012524408e+39
1302.67 1.0946880813161352e+39
1303.0 1.0325976009153667e+39
1303.34 3.802260457414338e+38
1303.68 1.0280225042099016e+39
1304.02 1.089089041267846e+39
1304.35 1.0728626812308137e+39
1304.69 1.0312047857773049e+39
1305.03 1.0727924497421542e+39
1305.37 6.796675010026472e+38
1305.71 1.0387171626613938e+39
1306.05 7.463252210511956e+38
1306.38 1.0794410064766969e+39
1306.72 1.063554471182808e+39
1307.06 1.0791966052862806e+39
1307.4 9.692848189560095e+38
1307.74 1.0673141287635982e+39
1308.08 1.0675865990155047e+39
1308.42 1.0568271848677791e+39
1308.76 6.106675545830723e+38
1309.09 1.0537454139065645e+39
1309.43 1.0137166553999462e+39
1309.77 1.0025533071398233e+39
1310.11 8.604356049359498e+38
1310.45 1.0424837162227645e+39
1310.79 1.039322176243944e+39
1311.13 9.873954360288293e+38
1311.47 9.436089344732356e+38
1311.81 8.91749717670598e+38
1312.15 9.9679057764117e+38
1312.49 6.522361638587884e+38
1312.83 1.0315394300393522e+39
1313.17 1.0373535534104141e+39
1313.51 1.039459976673647e+39
1313.85 1.0376448913985162e+39
1314.19 1.0394407527297043e+39
1314.53 9.585410907559403e+38
1314.88 1.0250422510938047e+39
1315.22 1.0294204151180863e+39
1315.56 1.0135234325663417e+39
1315.9 9.732509101411556e+38
1316.24 8.672530789615534e+38
1316.58 1.0553509113781406e+39
1316.92 1.0459668871021074e+39
1317.26 1.0152406295860094e+39
1317.6 1.0478039970498893e+39
1317.94 1.0314807305312757e+39
1318.29 9.854673194391282e+38
1318.63 8.268054100814035e+38
1318.97 1.0475732500901998e+39
1319.31 9.063699488315272e+38
1319.65 8.527988436592511e+38
1320.0 1.0326133795006171e+39
1320.34 9.494866603928067e+38
1320.68 9.824715759143165e+38
1321.02 1.0242857452894071e+39
1321.36 8.84488662190356e+38
1321.71 1.0281901828383869e+39
1322.05 1.0383998317543098e+39
1322.39 1.043435894526488e+39
1322.74 1.0179278056968816e+39
1323.08 8.440888350590628e+38
1323.42 1.0035507529654588e+39
1323.76 9.396162817566205e+38
1324.11 9.962808183570972e+38
1324.45 8.722540126103006e+38
1324.79 8.557249414863361e+38
1325.14 1.0116154371615442e+39
1325.48 1.0317314685101176e+39
1325.82 9.053320874227184e+38
1326.17 9.418661594111428e+38
1326.51 9.751702510997631e+38
1326.85 8.81864178904278e+38
1327.2 8.153479892104245e+38
1327.54 8.403772306258733e+38
1327.89 1.0286688634258766e+39
1328.23 9.973024398690844e+38
1328.58 9.771207003515424e+38
1328.92 9.787674444870853e+38
1329.27 1.026977344189579e+39
1329.61 1.0158560676962568e+39
1329.95 9.158693011416155e+38
1330.3 8.33805723331776e+38
1330.64 9.956718059881961e+38
1330.99 1.0215216938506103e+39
1331.33 9.836915624721317e+38
1331.68 9.273855948467618e+38
1332.02 9.80960934073523e+38
1332.37 8.227788636460386e+38
1332.71 1.0378020103656477e+39
1333.06 9.863383895622022e+38
1333.41 1.0240174876946591e+39
1333.75 1.030691693851223e+39
1334.1 1.0280641799124041e+39
1334.44 3.415164636551896e+38
1334.79 8.238973595442383e+38
1335.13 7.546829572028239e+38
1335.48 1.0042365494201052e+39
1335.83 3.617574736428052e+38
1336.17 7.305819955141974e+38
1336.52 8.488099630109786e+38
1336.86 9.131916588928075e+38
1337.21 1.0074266933450944e+39
1337.56 1.0028246011204029e+39
1337.91 9.59503387603724e+38
1338.25 9.794403882978361e+38
1338.6 5.537701680107215e+38
1338.94 1.0069805144565185e+39
1339.29 1.0189963517774993e+39
1339.64 8.162518881491278e+38
1339.99 1.0300914349021539e+39
1340.33 9.212283940753813e+38
1340.68 1.0282741239926323e+39
1341.03 1.0178423254160935e+39
1341.38 9.460674771460893e+38
1341.72 1.0048093807105125e+39
1342.07 9.6564012184281e+38
1342.42 5.178415940055698e+38
1342.77 9.625395135316086e+38
1343.11 8.805624530533925e+38
1343.46 5.644582356785789e+38
1343.81 9.955967539911242e+38
1344.16 9.204816546834758e+38
1344.51 9.873174438361841e+38
1344.86 7.680482258630071e+38
1345.21 9.843061028642749e+38
1345.55 8.758542146497853e+38
1345.9 9.940621232097096e+38
1346.25 9.847709653869443e+38
1346.6 9.559979307520716e+38
1346.95 9.979727348814751e+38
1347.3 7.066272929078458e+38
1347.65 9.673244083959022e+38
1348.0 7.786528767884444e+38
1348.35 1.0070375063922885e+39
1348.7 9.778616327317509e+38
1349.05 9.539797905206385e+38
1349.4 9.985755997780953e+38
1349.74 9.819348670073014e+38
1350.09 9.765949431148874e+38
1350.44 9.471663667550602e+38
1350.8 1.0015626581159122e+39
1351.15 9.863247609093643e+38
1351.49 8.732361432787083e+38
1351.84 9.918215242671949e+38
1352.2 9.97873328720208e+38
1352.55 8.391261507782697e+38
1352.9 9.570598644923925e+38
1353.25 9.580561417473435e+38
1353.6 9.556807142358232e+38
1353.95 9.65505366155525e+38
1354.3 8.221793580491254e+38
1354.65 9.438184295924673e+38
1355.0 9.468263701690051e+38
1355.35 7.075909078861182e+38
1355.7 9.59255173026095e+38
1356.06 5.1656635700632165e+38
1356.41 9.163007429211591e+38
1356.76 9.664512822348328e+38
1357.11 5.82749489473786e+38
1357.46 9.882432212894146e+38
1357.81 8.440842438558872e+38
1358.17 9.826476192527309e+38
1358.52 8.771821194180587e+38
1358.87 9.555463142627924e+38
1359.22 6.462695889706422e+38
1359.57 9.609166216869388e+38
1359.93 8.805778470790173e+38
1360.28 9.409352870023086e+38
1360.63 8.856084732497848e+38
1360.98 9.22282095343095e+38
1361.34 8.649795841553134e+38
1361.69 7.022599254309245e+38
1362.04 8.497671184637396e+38
1362.4 8.997917852114689e+38
1362.75 9.3418754862606e+38
1363.1 8.132913105233605e+38
1363.46 5.284552978163823e+38
1363.81 8.72409383727448e+38
1364.16 9.496911862870356e+38
1364.52 9.423333329250557e+38
1364.87 7.820178158905426e+38
1365.22 7.590820958228892e+38
1365.58 8.13993461146744e+38
1365.93 9.255993294844439e+38
1366.29 9.255613573281469e+38
1366.64 9.634237402661228e+38
1366.99 6.977815472246343e+38
1367.35 9.222139458131062e+38
1367.7 9.559910717125645e+38
1368.06 9.489122561460232e+38
1368.41 9.126373138301919e+38
1368.77 9.573273261486462e+38
1369.12 9.428500646814931e+38
1369.48 7.500235228997873e+38
1369.83 9.444676306660638e+38
1370.19 9.224850612918322e+38
1370.54 9.261931186322806e+38
1370.9 8.413638117008827e+38
1371.25 8.595795023937795e+38
1371.61 6.6072135508903034e+38
1371.96 8.210707486856237e+38
1372.32 9.00270227547412e+38
1372.67 8.808564498766537e+38
1373.03 6.234870837626494e+38
1373.39 8.270652820291636e+38
1373.74 7.649130365653481e+38
1374.1 6.696292364867377e+38
1374.45 8.256513459489807e+38
1374.81 7.145934843615889e+38
1375.17 9.2051616223881e+38
1375.52 7.018652258099019e+38
1375.88 9.080423549388056e+38
1376.23 8.312629572882486e+38
1376.59 9.116976242277702e+38
1376.95 6.991385115461169e+38
1377.31 7.765611065028715e+38
1377.66 7.43272363983754e+38
1378.02 6.979758715129206e+38
1378.38 8.949171714010507e+38
1378.73 6.864283507306839e+38
1379.09 8.442239301609283e+38
1379.45 8.653067902662179e+38
1379.81 9.159306082936846e+38
1380.16 8.310075541089401e+38
1380.52 7.868599604467518e+38
1380.88 8.275417796831016e+38
1381.24 7.112338510080236e+38
1381.6 6.405970221092394e+38
1381.95 9.408867441507763e+38
1382.31 9.312791099079458e+38
1382.67 8.723532423673719e+38
1383.03 9.09274277126711e+38
1383.39 9.014620289817657e+38
1383.75 7.341756535016629e+38
1384.1 7.76966788152514e+38
1384.46 8.478031181441113e+38
1384.82 7.840207758206154e+38
1385.18 7.622723031836961e+38
1385.54 6.989928225470023e+38
1385.9 4.355272165152842e+38
1386.26 5.0289566298066545e+38
1386.62 6.118718706639072e+38
1386.98 6.5278939888243826e+38
1387.34 4.834657413303647e+38
1387.7 6.311002097197249e+38
1388.06 5.898219777139071e+38
1388.42 6.329998173993126e+38
1388.78 6.4278572831916304e+38
1389.14 6.4129650589369166e+38
1389.49 6.449431805812185e+38
1389.85 6.562119232869253e+38
1390.21 6.153139858101489e+38
1390.58 6.774067774364951e+38
1390.94 6.652152874033413e+38
1391.3 7.148664448698854e+38
1391.66 7.440251400244586e+38
1392.02 7.723431791158082e+38
1392.38 6.583745397858352e+38
1392.74 8.177597808497671e+38
1393.1 7.795760238700735e+38
1393.46 8.84873537262969e+38
1393.82 6.780222535294255e+38
1394.18 8.643839535564692e+38
1394.55 8.164122783114929e+38
1394.91 7.551135958408658e+38
1395.27 5.202176215205151e+38
1395.63 7.239654412677658e+38
1395.99 4.871252244912526e+38
1396.35 6.844841711906257e+38
1396.72 6.509479817747211e+38
1397.08 6.316683103149616e+38
1397.44 5.884667127205035e+38
1397.8 6.784294944393563e+38
1398.16 4.098241496034226e+38
1398.53 7.23686478329563e+38
1398.89 5.548598477344186e+38
1399.25 7.509069874205655e+38
1399.61 7.197289963433528e+38
1399.98 5.549603311956144e+38
1400.34 6.587411735083397e+38
1400.7 5.8586517656196925e+38
1401.07 7.036726108117053e+38
1401.43 7.59422634116644e+38
1401.79 8.251187070023268e+38
1402.16 8.612305320302784e+38
1402.52 8.691852117476986e+38
1402.88 6.2299598302918325e+38
1403.25 6.49708057014216e+38
1403.61 1.0952447607487388e+39
1403.97 1.017101098066878e+39
1404.34 1.0399612345151317e+39
1404.7 1.0126050846506795e+39
1405.06 9.837688425154383e+38
1405.43 9.60541455226378e+38
1405.79 9.219111910160768e+38
1406.16 7.139407162662932e+38
1406.52 8.67731050975683e+38
1406.89 5.207007661875326e+38
1407.25 7.553030156583718e+38
1407.62 8.775347255052283e+38
1407.98 8.642458985498286e+38
1408.35 8.615498955284293e+38
1408.71 5.10591362872359e+38
1409.08 7.15841026691331e+38
1409.44 6.667294353859206e+38
1409.81 5.186122426781476e+38
1410.17 6.269109024140358e+38
1410.54 7.332954199797425e+38
1410.9 8.675051150764907e+38
1411.27 7.050748251704101e+38
1411.64 7.118498204022797e+38
1412.0 7.947883131041674e+38
1412.37 7.951602436308419e+38
1412.73 8.915131728004691e+38
1413.1 8.845471030506501e+38
1413.46 8.726982092719147e+38
1413.83 8.651617270754348e+38
1414.2 6.662704010213234e+38
1414.56 5.593757840005818e+38
1414.93 7.67409015236315e+38
1415.3 8.265519208061477e+38
1415.67 6.897685507366306e+38
1416.03 8.040194560636867e+38
1416.4 8.493170098809887e+38
1416.77 8.473309953919148e+38
1417.13 5.18186724760459e+38
1417.5 8.326444046695188e+38
1417.87 6.861717915675469e+38
1418.23 8.09386712667596e+38
1418.6 7.67766885930414e+38
1418.97 8.104993864611104e+38
1419.34 7.881629416411654e+38
1419.71 7.333635806953397e+38
1420.07 6.026741769369667e+38
1420.44 5.351258432553728e+38
1420.81 8.779287555189934e+38
1421.18 5.0997939571184e+38
1421.55 8.932561048622082e+38
1421.92 8.54396308192071e+38
1422.28 7.713343084388165e+38
1422.65 6.048616265011876e+38
1423.02 8.379332501577367e+38
1423.39 8.324589410592214e+38
1423.76 8.168385532143463e+38
1424.13 7.43668934023179e+38
1424.5 3.728748219245145e+38
1424.87 8.410977772531705e+38
1425.23 8.457847021709524e+38
1425.6 8.257398915687545e+38
1425.97 6.592751604252476e+38
1426.34 4.722697917791671e+38
1426.71 7.512658167202532e+38
1427.08 8.360785791711016e+38
1427.45 4.439668789772198e+38
1427.82 4.886794248499256e+38
1428.19 5.268142856356197e+38
1428.56 5.517991655125669e+38
1428.93 4.348951280432306e+38
1429.3 5.647523575280079e+38
1429.68 8.217915374389486e+38
1430.05 8.108587151437263e+38
1430.42 4.864841777718286e+38
1430.79 7.859270889193515e+38
1431.16 8.46770662820525e+38
1431.53 7.504804009633888e+38
1431.9 8.133601934465759e+38
1432.27 8.699744128631823e+38
1432.64 8.589345105131633e+38
1433.01 8.039585012295221e+38
1433.38 8.521130536677872e+38
1433.76 7.273960008178471e+38
1434.13 8.34861645393875e+38
1434.5 6.103488306103936e+38
1434.87 8.259271281812485e+38
1435.24 5.275035080719136e+38
1435.61 7.585408607902722e+38
1435.99 6.427805299288509e+38
1436.36 8.317376389584013e+38
1436.73 6.156019742751452e+38
1437.1 6.946781828143238e+38
1437.48 7.150351985853722e+38
1437.85 7.180771223767411e+38
1438.22 7.424629161508528e+38
1438.59 7.238331181907362e+38
1438.97 7.555309150516406e+38
1439.34 7.93461641781607e+38
1439.71 5.3212007090255935e+38
1440.09 8.147670383768703e+38
1440.46 6.530210316431488e+38
1440.83 6.50535337927732e+38
1441.21 6.072600695670332e+38
1441.58 8.12116740799197e+38
1441.95 7.985869479721372e+38
1442.33 7.560770591445945e+38
1442.7 6.275232474005003e+38
1443.07 8.1839616334193e+38
1443.45 6.84758542390003e+38
1443.82 8.30866478786116e+38
1444.2 7.586913382257007e+38
1444.57 8.297722725839193e+38
1444.95 5.2347123334631374e+38
1445.32 7.438007755419579e+38
1445.69 7.940181682600923e+38
1446.07 7.782772986386967e+38
1446.44 7.671286265129501e+38
1446.82 6.0393768000828805e+38
1447.19 5.64411646141683e+38
1447.57 6.211406001592628e+38
1447.94 7.971201196232811e+38
1448.32 7.82470072406498e+38
1448.69 7.860706897704848e+38
1449.07 5.312581207736e+38
1449.45 6.6883588680848774e+38
1449.82 6.029946444754017e+38
1450.2 7.09099949576744e+38
1450.57 7.984199048644638e+38
1450.95 6.768545752088618e+38
1451.33 7.608856424326802e+38
1451.7 6.704298007149041e+38
1452.08 7.38222613721303e+38
1452.45 5.396985849087804e+38
1452.83 8.195686306866628e+38
1453.21 8.16806870505886e+38
1453.58 7.009924444031504e+38
1453.96 6.743687011564573e+38
1454.34 6.4608771184425015e+38
1454.71 7.310135988441626e+38
1455.09 8.187278154058685e+38
1455.47 5.9034194455668355e+38
1455.85 7.710237298909182e+38
1456.22 7.306707907282589e+38
1456.6 6.580757131501476e+38
1456.98 8.259428286680851e+38
1457.36 5.2447418559632296e+38
1457.73 7.069816566248514e+38
1458.11 7.76501483629609e+38
1458.49 5.1530747325266525e+38
1458.87 7.665325452588297e+38
1459.24 4.475737978158546e+38
1459.62 7.220359562048455e+38
1460.0 7.836335179139468e+38
1460.38 6.140124662715579e+38
1460.76 6.746699712828594e+38
1461.14 7.781540452889558e+38
1461.52 7.007607764534536e+38
1461.9 7.81113237137441e+38
1462.27 5.21468531701004e+38
1462.65 6.468481371294196e+38
1463.03 7.920207586784657e+38
1463.41 7.575665738827912e+38
1463.79 6.239575589820856e+38
1464.17 6.910338211651537e+38
1464.55 7.615414795483054e+38
1464.93 7.40607029921567e+38
1465.31 4.998873002713711e+38
1465.69 6.818775370154175e+38
1466.07 7.879536484449637e+38
1466.45 4.613547161539164e+38
1466.83 4.749733743341412e+38
1467.21 7.238083221629054e+38
1467.59 7.80221450568565e+38
1467.97 7.437760793278544e+38
1468.35 7.323969621496148e+38
1468.73 7.829623311945426e+38
1469.11 7.695471058752691e+38
1469.49 7.606406948089182e+38
1469.87 3.682764185169331e+38
1470.25 5.832547333015128e+38
1470.64 7.606813254599124e+38
1471.02 5.817108027863259e+38
1471.4 7.69186246464742e+38
1471.78 6.6815296194078884e+38
1472.16 7.24403087158128e+38
1472.54 6.3508915053614025e+38
1472.92 6.506674798307603e+38
1473.31 7.1512775198096e+38
1473.69 8.10994769562585e+38
1474.07 8.105176585221662e+38
1474.45 7.797347967136861e+38
1474.83 7.954471986973516e+38
1475.21 7.31098351176208e+38
1475.6 7.027492262198967e+38
1475.98 7.818705174541476e+38
1476.36 6.680812832703658e+38
1476.74 7.925812228052409e+38
1477.13 7.95515009243145e+38
1477.51 6.248602031107362e+38
1477.89 7.799331140875676e+38
1478.28 5.106248885779475e+38
1478.66 7.928964740615464e+38
1479.04 7.851108886755978e+38
1479.43 6.277484372651548e+38
1479.81 7.59959008613187e+38
1480.19 7.3479247718663e+38
1480.58 7.654015921041836e+38
1480.96 7.562125982682264e+38
1481.34 6.795766712713834e+38
1481.73 7.53465101934167e+38
1482.11 7.65998128812868e+38
1482.5 7.760012170724233e+38
1482.88 7.750629594583968e+38
1483.27 6.142733717983561e+38
1483.65 7.466314550179665e+38
1484.03 6.410484906385699e+38
1484.42 6.132048896470261e+38
1484.8 7.200625461701433e+38
1485.19 7.603874888098374e+38
1485.57 7.740331986166344e+38
1485.96 6.887701894824802e+38
1486.34 6.40957126992614e+38
1486.73 7.565780693577992e+38
1487.11 7.773711163295082e+38
1487.5 7.805544085337382e+38
1487.89 5.810827303650584e+38
1488.27 7.719917154927201e+38
1488.66 7.652572286844867e+38
1489.04 6.822791895740207e+38
1489.43 6.883303818633096e+38
1489.81 5.0469806104713154e+38
1490.2 6.856878651540442e+38
1490.59 7.687078176487201e+38
1490.97 7.064899925287319e+38
1491.36 7.687424469409048e+38
1491.75 6.241309449383935e+38
1492.13 6.407822186266979e+38
1492.52 7.562672939598538e+38
1492.91 7.520387049946684e+38
1493.29 7.442947372772176e+38
1493.68 3.3224605675332376e+38
1494.07 7.249277570002295e+38
1494.45 6.148363044224467e+38
1494.84 7.635621818768496e+38
1495.23 4.117649002983625e+38
1495.62 6.19176184615153e+38
1496.01 7.563784909487106e+38
1496.39 7.15886177506329e+38
1496.78 7.658062681266752e+38
1497.17 7.649162073230993e+38
1497.56 4.937860493270773e+38
1497.94 5.122873690911306e+38
1498.33 7.203915565108602e+38
1498.72 4.441437819960592e+38
1499.11 5.302596311233994e+38
1499.5 6.08910623182677e+38
1499.89 6.822421432609682e+38
1500.28 4.239294050840203e+38
1500.66 7.2593614092597e+38
1501.05 7.034017264842813e+38
1501.44 6.505766142751178e+38
1501.83 4.012485468536138e+38
1502.22 4.944000473584322e+38
1502.61 7.642466457070762e+38
1503.0 5.757163792076948e+38
1503.39 7.143542550500766e+38
1503.78 6.599312482331946e+38
1504.17 6.0751045527559936e+38
1504.56 4.321642388131578e+38
1504.95 7.161333565278827e+38
1505.34 6.319445692347607e+38
1505.73 5.048519933646019e+38
1506.12 6.344379763617389e+38
1506.51 7.67757863894647e+38
1506.9 6.639867028538689e+38
1507.29 7.702017433332447e+38
1507.68 6.5947694716862165e+38
1508.07 7.521158599740733e+38
1508.46 7.593987556421866e+38
1508.85 5.29925748518152e+38
1509.24 6.3079779866939535e+38
1509.64 7.466816093250588e+38
1510.03 7.273955082697538e+38
1510.42 7.50318718966821e+38
1510.81 7.221558840613092e+38
1511.2 3.884777353872384e+38
1511.59 4.142202427990702e+38
1511.98 6.647624974652309e+38
1512.38 4.534003409319743e+38
1512.77 4.230649505703924e+38
1513.16 5.69563641609738e+38
1513.55 3.719353656811489e+38
1513.94 7.39014056673008e+38
1514.34 7.441972541496324e+38
1514.73 7.433328051144878e+38
1515.12 7.351882246657657e+38
1515.52 3.932003775144258e+38
1515.91 6.459801627938623e+38
1516.3 5.943392929974171e+38
1516.69 4.656715559989738e+38
1517.09 6.3349781439444984e+38
1517.48 7.41601161869286e+38
1517.87 6.592736049944233e+38
1518.27 7.368195109153458e+38
1518.66 5.125030059430302e+38
1519.05 6.743132954306699e+38
1519.45 7.291001221980368e+38
1519.84 7.30268368102025e+38
1520.23 7.274243153480982e+38
1520.63 4.313137282672407e+38
1521.02 6.966403388978666e+38
1521.42 6.66705593914594e+38
1521.81 7.156315000073052e+38
1522.21 7.066183997766725e+38
1522.6 7.071642611574692e+38
1522.99 7.091460242107287e+38
1523.39 5.6614957383985415e+38
1523.79 6.952911532818024e+38
1524.18 5.7191579460736924e+38
1524.57 4.6192076292262945e+38
1524.97 3.997725972173563e+38
1525.36 3.62441924106623e+38
1525.76 4.145949213754005e+38
1526.16 5.017293821777096e+38
1526.55 6.212050235010465e+38
1526.95 4.743190076610363e+38
1527.34 4.8749028508370484e+38
1527.74 3.6917437440536216e+38
1528.14 5.136734702982191e+38
1528.53 6.2998845592577135e+38
1528.93 5.988088257001492e+38
1529.32 7.117437465150014e+38
1529.72 6.773751713986576e+38
1530.12 3.2769883250158368e+38
1530.51 4.228636751089194e+38
1530.91 7.076785181979997e+38
1531.31 3.0438388211159912e+38
1531.7 3.5891958415793294e+38
1532.1 4.788205789912745e+38
1532.5 4.122763906957036e+38
1532.9 3.434742069797988e+38
1533.29 3.3993012825659396e+38
1533.69 6.882327496338851e+38
1534.09 5.8875013214519574e+38
1534.48 6.319119443927665e+38
1534.88 5.2754833870758504e+38
1535.28 6.560968630253252e+38
1535.68 4.3216905759320824e+38
1536.08 6.928981202080183e+38
1536.47 5.358768061840642e+38
1536.87 5.964865930494728e+38
1537.27 3.9635689656633664e+38
1537.67 5.5316177060585664e+38
1538.07 3.991975829818107e+38
1538.47 4.950438326217431e+38
1538.86 3.415932401344316e+38
1539.26 4.1065302962457945e+38
1539.66 4.390670038789096e+38
1540.06 2.835022935404269e+38
1540.46 3.2090195188322203e+38
1540.86 3.551142883241203e+38
1541.26 4.078720457521986e+38
1541.66 3.971730222762011e+38
1542.06 2.6648670578289014e+38
1542.46 2.9188472033485583e+38
1542.86 3.181684995619285e+38
1543.26 3.599506854189601e+38
1543.66 1.783605635977752e+38
1544.06 2.8329223662014173e+38
1544.46 1.8806176880984225e+38
1544.86 1.808116319233167e+38
1545.26 2.75031363215509e+38
1545.66 2.695243969675662e+38
1546.06 3.280076333509698e+38
1546.46 2.2732113950397864e+38
1546.86 2.767105414503093e+38
1547.26 2.706584497501335e+38
1547.66 2.8818241856546877e+38
1548.06 3.6047353023380435e+38
1548.47 4.993895282597743e+38
1548.87 4.8537269537072406e+38
1549.27 5.0239031387267415e+38
1549.67 5.093744764481332e+38
1550.07 4.606309423417508e+38
1550.47 5.431615787290865e+38
1550.88 6.1138549454209965e+38
1551.28 7.834135463820559e+38
1551.68 9.017102969803194e+38
1552.08 5.018373569937784e+38
1552.48 8.38434135082382e+38
1552.89 7.466465639022985e+38
1553.29 4.887998308789532e+38
1553.69 8.163323910115491e+38
1554.09 6.260557621844449e+38
1554.5 7.854692017352713e+38
1554.9 4.5965835769223384e+38
1555.3 5.329925847764311e+38
1555.71 7.271053316063584e+38
1556.11 4.806438027667218e+38
1556.51 3.613094917594502e+38
1556.92 4.880176747098765e+38
1557.32 4.529722394477405e+38
1557.72 6.855791929864395e+38
1558.13 6.3900436840738586e+38
1558.53 6.712277154523983e+38
1558.93 5.046217202170964e+38
1559.34 4.7938247854555906e+38
1559.74 6.211095795462942e+38
1560.15 3.623051074768284e+38
1560.55 3.635386073867643e+38
1560.96 6.64747603234976e+38
1561.36 3.0648757627164306e+38
1561.77 6.636806071549688e+38
1562.17 5.889863554659705e+38
1562.57 4.738614140371552e+38
1562.98 6.642286698254359e+38
1563.39 6.5273048123432365e+38
1563.79 5.872729851458612e+38
1564.19 3.70617702041995e+38
1564.6 3.479224506682975e+38
1565.01 6.270306273745419e+38
1565.41 6.177388388477851e+38
1565.82 4.378962439925916e+38
1566.22 3.587875665721783e+38
1566.63 3.530723507602747e+38
1567.04 4.0301391332983806e+38
1567.44 6.5210303503224665e+38
1567.85 6.328817375492434e+38
1568.25 3.090855893651298e+38
1568.66 3.4174731515683115e+38
1569.07 6.072834859799037e+38
1569.47 5.919127324744021e+38
1569.88 6.797419199495386e+38
1570.29 5.467268862191944e+38
1570.69 5.714742409428276e+38
1571.1 5.848076550931527e+38
1571.51 6.344529838072908e+38
1571.92 6.211633813616875e+38
1572.32 6.2948023195825945e+38
1572.73 6.1540144127140394e+38
1573.14 6.5372475015532105e+38
1573.55 6.516454276889655e+38
1573.95 6.4991659423868274e+38
1574.36 6.553964158836621e+38
1574.77 3.2798992541826448e+38
1575.18 3.372771752437681e+38
1575.59 3.420057483205174e+38
1575.99 6.4611482724490615e+38
1576.4 4.328288219950621e+38
1576.81 5.346784047532578e+38
1577.22 3.770761987905179e+38
1577.63 6.161487943244744e+38
1578.04 3.59080723330564e+38
1578.45 6.7576949835004416e+38
1578.86 6.227232565238472e+38
1579.27 5.0788056150160195e+38
1579.68 6.210807982110391e+38
1580.08 6.366994293651279e+38
1580.49 6.708740346973622e+38
1580.9 3.773440547961208e+38
1581.31 5.8256454001320935e+38
1581.72 5.9720108222575454e+38
1582.13 6.388032716374464e+38
1582.54 5.378902634972647e+38
1582.95 6.12252038956196e+38
1583.36 5.337978286289978e+38
1583.77 4.2861105777302045e+38
1584.18 5.186208173996037e+38
1584.59 6.388465077572922e+38
1585.01 3.3981556784522418e+38
1585.42 6.395873453267552e+38
1585.83 3.704046747877161e+38
1586.24 5.256456341229082e+38
1586.65 6.674975403394496e+38
1587.06 6.6321796759569615e+38
1587.47 4.04504076523487e+38
1587.88 6.552235940723664e+38
1588.3 6.4502466210226015e+38
1588.71 5.412189023513365e+38
1589.12 6.3343141438000796e+38
1589.53 6.301678541164201e+38
1589.94 5.92929281502753e+38
1590.35 6.480813991677838e+38
1590.77 6.2122136485310004e+38
1591.18 6.049689055305135e+38
1591.59 5.161188589071586e+38
1592.0 3.5504745929248535e+38
1592.42 6.3602364096288964e+38
1592.83 6.622011804483856e+38
1593.24 5.8793139000039236e+38
1593.66 6.024534760745611e+38
1594.07 5.3281963795991116e+38
1594.48 6.0560149297881625e+38
1594.89 4.182477917506791e+38
1595.31 5.7017811744405076e+38
1595.72 5.3713972973473634e+38
1596.14 6.385195173489564e+38
1596.55 6.275681845247652e+38
1596.96 6.311864474325316e+38
1597.38 5.1823242487730336e+38
1597.79 6.340906371522605e+38
1598.2 6.333708970244872e+38
1598.62 5.24898144953449e+38
1599.03 6.3789883981288196e+38
1599.45 6.31304314515857e+38
1599.86 6.238720692092092e+38
1600.28 4.7548026817808126e+38
1600.69 5.591769939958599e+38
1601.11 4.553614512536958e+38
1601.52 4.639199719344756e+38
1601.94 3.1550776194180323e+38
1602.35 6.465421837125765e+38
1602.77 6.4368569149326816e+38
1603.18 3.3040809867038063e+38
1603.6 5.5074134949401116e+38
1604.01 6.4835747712808616e+38
1604.43 6.101850111621147e+38
1604.84 3.4411878847644654e+38
1605.26 6.266649541957858e+38
1605.68 5.4587403329310775e+38
1606.09 4.985162298215287e+38
1606.51 5.809333926014376e+38
1606.93 4.6753420047125946e+38
1607.34 6.0640150068652495e+38
1607.76 3.019515913201503e+38
1608.18 4.951244620548712e+38
1608.59 5.8335279301314776e+38
1609.01 3.2335408599616315e+38
1609.43 5.654515908883435e+38
1609.84 3.2922464962249574e+38
1610.26 3.522730600993849e+38
1610.68 6.38743546502436e+38
1611.09 4.307085122305303e+38
1611.51 6.337537745752535e+38
1611.93 3.958655128585143e+38
1612.35 6.2378479323280495e+38
1612.77 2.9808622248191253e+38
1613.18 6.1509027323266175e+38
1613.6 4.586020483698649e+38
1614.02 2.9701824417713248e+38
1614.44 6.166379767610706e+38
1614.86 6.153715514138744e+38
1615.28 3.413458029130244e+38
1615.69 4.210188633410616e+38
1616.11 4.015306642471819e+38
1616.53 5.850539090016967e+38
1616.95 6.184335740121022e+38
1617.37 6.2413744338435845e+38
1617.79 4.3458769125664304e+38
1618.21 6.209471113464016e+38
1618.63 4.3659806413081366e+38
1619.05 5.68040113640741e+38
1619.47 4.848040182895701e+38
1619.89 6.22219218795825e+38
1620.31 4.290526976598845e+38
1620.73 4.4684598272734154e+38
1621.15 3.320053514866602e+38
1621.57 3.2556845261995958e+38
1621.99 5.580711244806459e+38
1622.41 4.524772973952248e+38
1622.83 5.748228727392746e+38
1623.25 5.300798467518355e+38
1623.67 3.675856512916957e+38
1624.09 3.7348727779682725e+38
1624.51 5.809557849653274e+38
1624.93 3.237802495816967e+38
1625.35 5.500315880384098e+38
1625.78 5.250795304000593e+38
1626.2 3.928550829117812e+38
1626.62 5.8006901813850816e+38
1627.04 5.250938947703044e+38
1627.46 3.4717166524485725e+38
1627.88 4.296764799102715e+38
1628.31 3.3034601302278662e+38
1628.73 5.736227785285302e+38
1629.15 2.838073986884392e+38
1629.57 5.875854625697173e+38
1629.99 5.913415247388164e+38
1630.42 4.248502625877252e+38
1630.84 6.027722295281698e+38
1631.26 6.0858407694562045e+38
1631.68 3.1044018952901616e+38
1632.11 3.492170785871097e+38
1632.53 4.750866640421126e+38
1632.95 6.507890087940917e+38
1633.38 6.571095212211952e+38
1633.8 5.702760592813441e+38
1634.22 5.996564712532723e+38
1634.65 4.7813451003625706e+38
1635.07 5.496009637283064e+38
1635.49 5.342012322576806e+38
1635.92 5.047920036626099e+38
1636.34 4.876967669773025e+38
1636.77 5.784255497528724e+38
1637.19 4.737779973839504e+38
1637.61 5.584474506049976e+38
1638.04 4.0826290295635535e+38
1638.46 5.010572540333211e+38
1638.89 5.855378460032884e+38
1639.31 3.535594220816819e+38
1639.74 5.912076461758367e+38
1640.16 3.319460435256112e+38
1640.59 4.71037120660498e+38
1641.01 6.315279814456595e+38
1641.44 6.3197550383916154e+38
1641.86 3.3982687268073017e+38
1642.29 5.5153791857337774e+38
1642.71 3.9852251242276414e+38
1643.14 5.976687195104932e+38
1643.57 5.4634654184371155e+38
1643.99 5.390210142581377e+38
1644.42 4.756345331740747e+38
1644.84 4.157486875146402e+38
1645.27 4.196319804053396e+38
1645.7 5.540210619140245e+38
1646.12 5.622815041512572e+38
1646.55 6.054684316588845e+38
1646.98 4.0797092769799224e+38
1647.41 5.832663645794873e+38
1647.83 6.002946521226491e+38
1648.26 5.576121145846076e+38
1648.69 4.69526308606902e+38
1649.11 4.6011616133754674e+38
1649.54 5.649047529449035e+38
1649.97 4.2131117102951e+38
1650.4 5.341592152999911e+38
1650.82 5.394339804090165e+38
1651.25 5.7967698876457054e+38
1651.68 3.905025065386852e+38
1652.11 4.925854685875447e+38
1652.54 5.780153485225434e+38
1652.96 3.01895729351598e+38
1653.39 3.185479055334187e+38
1653.82 5.404089626690709e+38
1654.25 4.595156819895014e+38
1654.68 5.619247177374483e+38
1655.11 5.6413876020250305e+38
1655.54 5.725504340005506e+38
1655.96 5.441785005888182e+38
1656.39 5.691532204245855e+38
1656.82 3.895444491318046e+38
1657.25 5.413583597012615e+38
1657.68 4.362974550330467e+38
1658.11 4.3951177680899114e+38
1658.54 4.8985591686435404e+38
1658.97 3.805363992807234e+38
1659.4 4.568399291261539e+38
1659.83 5.684757079606537e+38
1660.26 5.623151332836647e+38
1660.69 4.9430799708425664e+38
1661.12 5.35556761143855e+38
1661.55 3.5440788923340376e+38
1661.98 5.742900077617619e+38
1662.42 3.5985647961640235e+38
1662.85 5.879186207391945e+38
1663.28 5.8614505930275585e+38
1663.71 5.900692816281758e+38
1664.14 5.93814651065592e+38
1664.57 5.376489668265999e+38
1665.0 4.636782525694806e+38
1665.43 5.289378470940199e+38
1665.86 5.7915200459904386e+38
1666.3 5.742231186147619e+38
1666.73 5.433486638472154e+38
1667.16 5.364713552606036e+38
1667.59 5.5297370075538985e+38
1668.03 3.2784805025909998e+38
1668.46 3.68120966329121e+38
1668.89 5.6673300573253836e+38
1669.32 5.075706055471653e+38
1669.76 3.534309761221154e+38
1670.19 5.059907486702136e+38
1670.62 4.703493489415459e+38
1671.05 3.0568105420874793e+38
1671.49 5.7394025687887696e+38
1671.92 4.0453366769619996e+38
1672.35 4.171792132273276e+38
1672.79 3.688678800754663e+38
1673.22 5.264520697517799e+38
1673.65 3.1725380500869193e+38
1674.09 5.7914196094071846e+38
1674.52 5.661780695192771e+38
1674.96 5.883574338925489e+38
1675.39 5.328675391593874e+38
1675.82 4.517594950073075e+38
1676.26 5.093725118087461e+38
1676.69 4.794943981136154e+38
1677.13 3.702216074342948e+38
1677.56 5.947573311405153e+38
1678.0 5.970738314510958e+38
1678.43 5.8680808374393664e+38
1678.87 5.589260228634051e+38
1679.3 5.767430763142667e+38
1679.74 5.761169340491113e+38
1680.17 5.691787910011172e+38
1680.61 5.29757323121858e+38
1681.04 5.6982965315030686e+38
1681.48 5.347777312891252e+38
1681.92 3.3854904094019143e+38
1682.35 5.413020570087254e+38
1682.79 5.4314771847389755e+38
1683.22 5.4921963827272756e+38
1683.66 4.578090237082648e+38
1684.1 5.589882047729468e+38
1684.53 5.469539397283888e+38
1684.97 5.605302549709281e+38
1685.41 5.608379164671039e+38
1685.84 4.207513236966099e+38
1686.28 4.654829820719356e+38
1686.72 3.0123271024560845e+38
1687.15 4.438950127161067e+38
1687.59 3.3310303947347787e+38
1688.03 4.976762658287465e+38
1688.47 5.668853951559472e+38
1688.9 5.654489753842591e+38
1689.34 5.516349429581657e+38
1689.78 5.390513273721983e+38
1690.22 4.0891070043653674e+38
1690.66 3.7910266309987606e+38
1691.09 5.907109333776694e+38
1691.53 6.033417484102163e+38
1691.97 5.716915196091071e+38
1692.41 4.2523610031239826e+38
1692.85 5.820610088388467e+38
1693.29 6.004500604286266e+38
1693.72 5.9888728343883516e+38
1694.16 5.94967831371975e+38
1694.6 3.8848287817337206e+38
1695.04 3.336339862817107e+38
1695.48 5.432737115379589e+38
1695.92 5.2362105409506126e+38
1696.36 5.832107425172444e+38
1696.8 5.2512649790130154e+38
1697.24 5.7443693450846535e+38
1697.68 5.737606800067616e+38
1698.12 4.2287227615623676e+38
1698.56 5.6852248842562446e+38
1699.0 4.009461866028175e+38
1699.44 5.465432441342926e+38
1699.88 5.706147286843e+38
1700.32 3.895663431467301e+38
1700.76 3.6262678860161434e+38
1701.2 5.505012927947152e+38
1701.64 3.855642924067576e+38
1702.08 5.356798050118792e+38
1702.53 4.859638206692893e+38
1702.97 5.2339842726863675e+38
1703.41 4.697219907197002e+38
1703.85 5.314462858835207e+38
1704.29 5.043451672614612e+38
1704.73 4.8223236546952325e+38
1705.18 5.229799552701607e+38
1705.62 4.8172983351867635e+38
1706.06 4.2749599101949765e+38
1706.5 3.681294429285453e+38
1706.94 5.257497378873869e+38
1707.39 2.695552368039031e+38
1707.83 5.392700395138736e+38
1708.27 4.7724876768051176e+38
1708.71 4.063060999860113e+38
1709.16 5.3515805574962196e+38
1709.6 5.12543348650848e+38
1710.04 4.70727033876813e+38
1710.49 4.788371940487425e+38
1710.93 3.8112411031211004e+38
1711.37 3.1328166174194963e+38
1711.82 4.453933436092617e+38
1712.26 5.0949776136459695e+38
1712.7 2.9821593214129235e+38
1713.15 4.993207360959274e+38
1713.59 4.513445175172762e+38
1714.04 4.861014756873667e+38
1714.48 4.802811219544487e+38
1714.93 4.7705043072643574e+38
1715.37 2.8101071301353106e+38
1715.81 4.358243240138981e+38
1716.26 4.2472737408368116e+38
1716.7 4.7724221030951745e+38
1717.15 3.1957856586580074e+38
1717.59 5.020144832467576e+38
1718.04 4.239211157157569e+38
1718.48 3.8655710519688856e+38
1718.93 4.535889547717215e+38
1719.38 3.2766592850923634e+38
1719.82 4.267857464737816e+38
1720.27 5.482879841977975e+38
1720.71 3.623742735010973e+38
1721.16 4.388197714030716e+38
1721.6 3.3646881876135995e+38
1722.05 4.1577048886519475e+38
1722.5 3.151319962292079e+38
1722.94 4.118235216826575e+38
1723.39 5.337280109857208e+38
1723.84 3.808367475354761e+38
1724.28 3.1074740165875243e+38
1724.73 4.794423184701925e+38
1725.18 5.066700431974295e+38
1725.62 3.2514261679148912e+38
1726.07 5.529078635177008e+38
1726.52 4.029133339857788e+38
1726.97 5.2870146933361304e+38
1727.41 3.28147576270424e+38
1727.86 5.1301266313762515e+38
1728.31 3.697404567616879e+38
1728.76 4.019628021472054e+38
1729.2 4.7710565340289635e+38
1729.65 5.357022390165475e+38
1730.1 5.287524150281768e+38
1730.55 3.784872638488407e+38
1731.0 5.368960138779612e+38
1731.45 3.662174993187037e+38
1731.9 5.361397524517445e+38
1732.34 4.719290716675813e+38
1732.79 4.027964693841443e+38
1733.24 4.75800158567504e+38
1733.69 4.403251717772804e+38
1734.14 4.723483987614664e+38
1734.59 5.202611363805137e+38
1735.04 5.431631852377542e+38
1735.49 5.3455115367180495e+38
1735.94 4.863828121253232e+38
1736.39 3.734712463654253e+38
1736.84 5.348181360925176e+38
1737.29 3.836498958366455e+38
1737.74 5.2753836205736e+38
1738.19 3.330143988808136e+38
1738.64 3.4129661482378254e+38
1739.09 4.051267806444829e+38
1739.54 5.145290839458321e+38
1739.99 4.8930415920335335e+38
1740.44 5.2750659019067275e+38
1740.9 3.781700013168598e+38
1741.35 4.613665075518638e+38
1741.8 5.0595868663811096e+38
1742.25 3.732192641869123e+38
1742.7 5.168006501945795e+38
1743.15 5.1842036530359474e+38
1743.6 5.040354232480471e+38
1744.06 5.060929279712438e+38
1744.51 5.068498017118557e+38
1744.96 4.544836838673364e+38
1745.41 4.138350925275296e+38
1745.86 5.239698978605266e+38
1746.32 5.3479281439965106e+38
1746.77 5.1430955395714136e+38
1747.22 3.3692530005791723e+38
1747.68 3.508511138930613e+38
1748.13 3.4633142354608866e+38
1748.58 4.884734230311918e+38
1749.04 3.646785213619286e+38
1749.49 4.491684393800294e+38
1749.94 5.219132039177281e+38
1750.4 4.320137202487027e+38
1750.85 5.4603011664850566e+38
1751.3 3.901985558735991e+38
1751.76 4.0588679550488235e+38
1752.21 5.6417519768727456e+38
1752.67 5.612201575024624e+38
1753.12 3.757528942524734e+38
1753.57 4.2539404954354546e+38
1754.03 5.215076599060682e+38
1754.48 5.295899978111413e+38
1754.94 4.880553316931381e+38
1755.39 5.3177528630703144e+38
1755.85 5.1843873677976196e+38
1756.3 5.320672629128854e+38
1756.76 5.23667761532634e+38
1757.21 5.2138068592670226e+38
1757.67 5.181962253546693e+38
1758.12 4.3467368802617414e+38
1758.58 3.0559951749406117e+38
1759.04 4.501445325053374e+38
1759.49 4.921427541467051e+38
1759.95 5.06034837834735e+38
1760.4 3.642835318044145e+38
1760.86 3.747734925393388e+38
1761.32 4.122571498891411e+38
1761.77 5.1107816530599374e+38
1762.23 4.513325579970719e+38
1762.69 4.915254427510564e+38
1763.14 4.6105755453734515e+38
1763.6 3.597613364238781e+38
1764.06 4.4043704101867885e+38
1764.51 4.589052057685199e+38
1764.97 3.0861877179460135e+38
1765.43 5.033402909102378e+38
1765.89 5.059889771409204e+38
1766.34 4.869901929355799e+38
1766.8 5.3050512201010905e+38
1767.26 5.201264627754599e+38
1767.72 5.1945546767217705e+38
1768.18 4.864270260992534e+38
1768.64 5.100198439180725e+38
1769.09 5.414598397693858e+38
1769.55 3.377268843804423e+38
1770.01 5.096887168034154e+38
1770.47 3.271857709957762e+38
1770.93 4.812533880502909e+38
1771.39 4.847671634192956e+38
1771.85 5.006596502984608e+38
1772.31 5.320126901903927e+38
1772.77 5.2937252175292065e+38
1773.22 4.7952427305277185e+38
1773.68 4.6864070094860685e+38
1774.14 5.2686507994292315e+38
1774.6 4.33779305129803e+38
1775.06 5.266574660199533e+38
1775.52 5.0885923939674995e+38
1775.98 2.935195861208971e+38
1776.44 5.126093352854379e+38
1776.9 4.713417807860258e+38
1777.36 5.0400560738784044e+38
1777.82 3.369960426125161e+38
1778.29 5.143804349857331e+38
1778.75 3.696441857002153e+38
1779.21 4.731984572107146e+38
1779.67 5.079871929517587e+38
1780.13 4.9093298105184166e+38
1780.59 4.532853234333481e+38
1781.05 3.72607085058327e+38
1781.52 4.902084214409652e+38
1781.98 3.83212991704937e+38
1782.44 4.7239977594271286e+38
1782.9 4.289820737659875e+38
1783.36 4.995725972349627e+38
1783.82 4.999747532087136e+38
1784.29 5.0011254598476756e+38
1784.75 4.6135711332005136e+38
1785.21 4.863587068614512e+38
1785.68 4.858546656751796e+38
1786.14 4.538954786496346e+38
1786.6 4.882197434491254e+38
1787.06 4.473370012685767e+38
1787.53 4.9266818159582645e+38
1787.99 4.3414420027071986e+38
1788.45 3.580086294115746e+38
1788.92 3.935529708132638e+38
1789.38 4.8291721933951066e+38
1789.84 4.6816850036758816e+38
1790.31 3.661524103135681e+38
1790.77 4.538490186680028e+38
1791.24 4.546226960453836e+38
1791.7 3.292309243017822e+38
1792.17 3.1551523793047966e+38
1792.63 4.907381838907544e+38
1793.09 3.528818865087814e+38
1793.56 4.809047767978554e+38
1794.02 4.852534264960876e+38
1794.49 4.983429742551016e+38
1794.95 3.3400107475335093e+38
1795.42 4.955729556846335e+38
1795.89 4.493837192490737e+38
1796.35 4.938293131317356e+38
1796.81 4.373271089025614e+38
1797.28 4.902822180203038e+38
1797.75 4.4520075025645485e+38
1798.21 4.585592176792994e+38
1798.68 4.5718837364881526e+38
1799.15 4.790214156584543e+38
1799.61 4.868492180284219e+38
1800.08 4.0057536164084946e+38
1800.55 4.6679263195438334e+38
1801.01 4.1952084597081946e+38
1801.48 2.897699254670316e+38
1801.94 4.523065394234973e+38
1802.41 4.799241832509238e+38
1802.88 4.679962836064582e+38
1803.35 3.5471714178420804e+38
1803.81 4.7186932137807146e+38
1804.28 4.366882624574626e+38
1804.75 4.75917086603371e+38
1805.22 4.1640993044154006e+38
1805.68 4.057987009692975e+38
1806.15 4.402814998064997e+38
1806.62 4.0605066313352025e+38
1807.09 4.4160096427444064e+38
1807.56 4.495725684847558e+38
1808.03 4.378240330320866e+38
1808.49 4.565719050932912e+38
1808.96 4.769567298495288e+38
1809.43 3.091781400571106e+38
1809.9 4.677443835969681e+38
1810.37 4.211612293153686e+38
1810.84 4.724090293632852e+38
1811.31 3.219867474608762e+38
1811.78 3.923898873808649e+38
1812.25 3.751350274830886e+38
1812.72 3.620157208217214e+38
1813.19 3.992705201650596e+38
1813.66 4.81589558815779e+38
1814.13 4.733331064136847e+38
1814.6 4.778666277965086e+38
1815.07 3.703876735451778e+38
1815.54 4.2384430252869906e+38
1816.01 3.3618333106089842e+38
1816.48 4.408755397905145e+38
1816.95 4.2110057516652056e+38
1817.42 3.4688511674606454e+38
1817.89 4.6533476584817775e+38
1818.36 4.665361877233713e+38
1818.83 4.756474510383265e+38
1819.31 3.012487284153252e+38
1819.78 4.0088985269178024e+38
1820.25 4.82008732589461e+38
1820.72 4.8228610651097396e+38
1821.19 3.404745053260044e+38
1821.67 2.9940197118568925e+38
1822.14 4.08671644329397e+38
1822.61 4.4971187635016154e+38
1823.08 2.8350074878500336e+38
1823.55 4.528288261701607e+38
1824.03 4.5268294424810824e+38
1824.5 4.567977860440821e+38
1824.97 3.181367575997668e+38
1825.44 2.8558389485185743e+38
1825.92 4.501153105721931e+38
1826.39 4.539976979609859e+38
1826.86 3.271850998277725e+38
1827.34 4.101980540612135e+38
1827.81 4.7051499186109785e+38
1828.29 3.977897125153891e+38
1828.76 4.610663428694078e+38
1829.23 3.6964368856465374e+38
1829.71 4.770933704084424e+38
1830.18 3.678605870700585e+38
1830.66 3.3836337581766847e+38
1831.13 4.749339659025933e+38
1831.61 3.951512161731863e+38
1832.08 4.727409318380362e+38
1832.56 4.220494151100336e+38
1833.03 3.98256790717933e+38
1833.51 4.636639050610721e+38
1833.98 4.6887079097433376e+38
1834.46 4.732419992375606e+38
1834.93 3.689293215796104e+38
1835.41 4.5682859232706494e+38
1835.88 4.5580929136815615e+38
1836.36 4.407509747375649e+38
1836.83 3.495853141743923e+38
1837.31 2.9076577804595803e+38
1837.79 3.757192116940579e+38
1838.26 2.7912150950157963e+38
1838.74 3.710422970033681e+38
1839.22 4.625125654016334e+38
1839.69 4.671468693780427e+38
1840.17 3.0590992080001297e+38
1840.65 4.80046913588334e+38
1841.12 4.894221183639867e+38
1841.6 3.4423396188194625e+38
1842.08 4.498252597997834e+38
1842.56 3.3291546110475572e+38
1843.03 4.337743630064378e+38
1843.51 3.277887232836129e+38
1843.99 3.2626774250741544e+38
1844.47 3.41620771044454e+38
1844.94 3.2434274599113823e+38
1845.42 3.4739560700836895e+38
1845.9 4.674277120308487e+38
1846.38 4.031944932306158e+38
1846.86 3.9631884958456814e+38
1847.34 3.380452722202314e+38
1847.82 4.7424745114351335e+38
1848.29 4.696506571480912e+38
1848.77 4.339953493240605e+38
1849.25 3.455932234969525e+38
1849.73 3.9021625958994346e+38
1850.21 2.9207575391490082e+38
1850.69 3.599611678703376e+38
1851.17 3.45116560158949e+38
1851.65 4.891881712260997e+38
1852.13 4.026299675918471e+38
1852.61 3.4285165186173375e+38
1853.09 4.9912163745637125e+38
1853.57 4.949217610774684e+38
1854.05 3.2784359458411712e+38
1854.53 4.8581045517896814e+38
1855.01 2.9706877975101804e+38
1855.49 3.969878073640106e+38
1855.97 4.772075715673863e+38
1856.45 4.772846683700349e+38
1856.94 4.6979442062718794e+38
1857.42 4.6654980773747305e+38
1857.9 4.02205658096073e+38
1858.38 4.539816905428768e+38
1858.86 4.262147748768968e+38
1859.34 4.651024897454688e+38
1859.83 2.895203137519365e+38
1860.31 4.608389795268014e+38
1860.79 4.069390553862743e+38
1861.27 4.487242494940473e+38
1861.76 4.359130991939539e+38
1862.24 4.734347029023053e+38
1862.72 4.758502024194355e+38
1863.2 4.183987986873262e+38
1863.69 4.612971932114412e+38
1864.17 4.367480596698083e+38
1864.65 4.018288894521725e+38
1865.14 2.864583873461817e+38
1865.62 3.1718432527387555e+38
1866.1 4.241718976797467e+38
1866.58 2.9975888730339596e+38
1867.07 4.359457584692136e+38
1867.55 4.729689534669306e+38
1868.04 4.789972540946765e+38
1868.52 4.7333999558814e+38
1869.01 4.78799395856717e+38
1869.49 4.697575552165549e+38
1869.97 3.3313016065726385e+38
1870.46 4.756465462094491e+38
1870.94 3.5460473418575765e+38
1871.43 3.490156681844313e+38
1871.91 4.4014432533716826e+38
1872.4 4.193778633844034e+38
1872.88 4.285640000641964e+38
1873.37 4.5070884793434104e+38
1873.85 3.4527590251746434e+38
1874.34 3.601526935466063e+38
1874.83 4.62580227885961e+38
1875.31 3.808704268121988e+38
1875.8 4.50534084215406e+38
1876.29 3.36215748631237e+38
1876.77 4.544731606463242e+38
1877.26 4.5284402482016864e+38
1877.74 4.602871290471251e+38
1878.23 4.5609911852907585e+38
1878.72 4.524802579081664e+38
1879.2 4.413059935968961e+38
1879.69 4.505990057410901e+38
1880.18 4.505060553069938e+38
1880.67 2.891419041866254e+38
1881.15 2.6823857229744878e+38
1881.64 3.074692111905806e+38
1882.13 2.8510972999402286e+38
1882.62 3.986965193847416e+38
1883.1 3.4403500829874405e+38
1883.59 4.718490053073749e+38
1884.08 4.614806017810846e+38
1884.57 2.8029403594758564e+38
1885.06 2.6034801093854454e+38
1885.55 4.531736725553323e+38
1886.04 3.2380613942837303e+38
1886.52 3.52797317386195e+38
1887.01 3.5036093943590734e+38
1887.5 3.1530879903408777e+38
1887.99 4.271068126650035e+38
1888.48 3.814581580899916e+38
1888.97 3.826813665958737e+38
1889.46 2.1786011330740825e+38
1889.95 3.808010474374469e+38
1890.44 3.713971301580022e+38
1890.93 2.581124498827544e+38
1891.42 2.904085259740968e+38
1891.91 3.260016304223059e+38
1892.4 3.969357193231348e+38
1892.89 3.6788373884393e+38
1893.38 5.530711457358188e+38
1893.87 4.455961311121241e+38
1894.36 4.9084211795537675e+38
1894.85 6.1920183029252005e+38
1895.34 4.72109393296702e+38
1895.84 5.885227612188163e+38
1896.33 5.180523808361306e+38
1896.82 4.603880940640644e+38
1897.31 5.442951869012217e+38
1897.8 6.2628917301770435e+38
1898.29 6.115687895694011e+38
1898.79 4.293247602348578e+38
1899.28 3.98323881948917e+38
1899.77 5.51019229878317e+38
1900.26 5.400291026809395e+38
1900.76 4.894944667108332e+38
1901.25 4.2743314497279565e+38
1901.74 4.606685940113027e+38
1902.23 4.438630717179818e+38
1902.73 4.637774577340085e+38
1903.22 3.312226627823418e+38
1903.71 3.655615017071536e+38
1904.21 3.661095632794695e+38
1904.7 4.819827346530599e+38
1905.19 4.081519626978115e+38
1905.69 4.37292983711446e+38
1906.18 4.6446491814447424e+38
1906.68 3.0339857451908116e+38
1907.17 3.443292707143946e+38
1907.66 2.1422213791982078e+38
1908.16 3.636762730525296e+38
1908.65 3.1335409432043627e+38
1909.15 3.667549562271782e+38
1909.64 3.922711753059727e+38
1910.14 3.246437257257215e+38
1910.63 4.4333030361095705e+38
1911.13 4.795545707189117e+38
1911.62 3.2948711706306546e+38
1912.12 5.116335955372953e+38
1912.61 5.19863656119748e+38
1913.11 5.33359544845199e+38
1913.61 4.073152643076406e+38
1914.1 4.169280238710091e+38
1914.6 5.934740044250888e+38
1915.09 4.473547995496425e+38
1915.59 5.496582026920716e+38
1916.09 5.248477324634918e+38
1916.58 3.9710350858098096e+38
1917.08 3.488384394437319e+38
1917.58 4.1404252184897245e+38
1918.07 3.884054744403525e+38
1918.57 3.106747456897678e+38
1919.07 3.4013126939698743e+38
1919.56 2.222884796757878e+38
1920.06 3.258648842647457e+38
1920.56 3.476307370560211e+38
1921.06 2.6243319941119755e+38
1921.56 2.1192362804913747e+38
1922.05 3.192344653639892e+38
1922.55 4.346607015163885e+38
1923.05 2.9350194238247196e+38
1923.55 4.627768036778135e+38
1924.05 3.71905142724317e+38
1924.55 3.156260097028844e+38
1925.05 4.799139620667957e+38
1925.54 4.729048547465538e+38
1926.04 3.256674630862171e+38
1926.54 5.139193487544392e+38
1927.04 5.1037050263383355e+38
1927.54 4.729836867927711e+38
1928.04 4.480193354928423e+38
1928.54 4.628468923110533e+38
1929.04 4.791571198534572e+38
1929.54 5.2288783558741264e+38
1930.04 5.040447904658161e+38
1930.54 4.713241809235401e+38
1931.04 4.7981112298413e+38
1931.54 2.739245145912746e+38
1932.04 4.417143301807815e+38
1932.54 4.321077705157422e+38
1933.04 4.4543328085518984e+38
1933.55 4.2922346833372186e+38
1934.05 4.500844864006112e+38
1934.55 4.544484506817987e+38
1935.05 4.559268924476257e+38
1935.55 4.6517438345688456e+38
1936.05 4.615793496264204e+38
1936.55 3.937376546573923e+38
1937.06 3.3196151631559487e+38
1937.56 3.652483953634179e+38
1938.06 3.2014659895909072e+38
1938.56 4.355915710024179e+38
1939.06 3.37209686086131e+38
1939.57 3.612358338043777e+38
1940.07 2.9270584586520553e+38
1940.57 3.2673222204590112e+38
1941.08 4.578916740082886e+38
1941.58 3.2765991515034733e+38
1942.08 4.659548977194499e+38
1942.58 4.623325242949933e+38
1943.09 4.5265281106920754e+38
1943.59 3.25908572951204e+38
1944.1 4.479984974943871e+38
1944.6 4.176833060673718e+38
1945.1 4.062820889764627e+38
1945.61 3.908664961509723e+38
1946.11 4.142371089508472e+38
1946.62 3.867673174105188e+38
1947.12 3.986578515744824e+38
1947.63 4.012463412721112e+38
1948.13 3.1173217977528673e+38
1948.64 3.682412167797234e+38
1949.14 4.2268121304156905e+38
1949.65 3.0817237320776905e+38
1950.15 4.517355279896893e+38
1950.66 4.71753361015863e+38
1951.16 4.309288252556323e+38
1951.67 4.79033953885403e+38
1952.17 4.538442492384968e+38
1952.68 2.7967109676386505e+38
1953.19 3.284341687681831e+38
1953.69 4.236808822346112e+38
1954.2 2.7898420240924234e+38
1954.7 3.282162988088634e+38
1955.21 3.993934007941128e+38
1955.72 4.11842938605745e+38
1956.22 4.701670081498095e+38
1956.73 4.714035918231226e+38
1957.24 4.1433690885675866e+38
1957.75 4.5462608906215145e+38
1958.25 4.5719858232577185e+38
1958.76 3.220072162591819e+38
1959.27 3.1130516915542957e+38
1959.78 4.400854984158419e+38
1960.29 3.1419392399174895e+38
1960.79 4.400462196689749e+38
1961.3 3.581945841680815e+38
1961.81 4.275330903349276e+38
1962.32 4.5152359626331804e+38
1962.83 4.109615270019694e+38
1963.33 4.75326108666262e+38
1963.84 4.7200041610326696e+38
1964.35 3.473466313220074e+38
1964.86 3.589168100782829e+38
1965.37 3.358184132966348e+38
1965.88 4.653237393858936e+38
1966.39 4.583591566911846e+38
1966.9 4.3905265937585615e+38
1967.41 4.47391069165747e+38
1967.92 3.921371669499696e+38
1968.43 3.933224188988456e+38
1968.94 4.2615677173042275e+38
1969.45 3.925998093660351e+38
1969.96 3.8433574071090166e+38
1970.47 3.871965325022296e+38
1970.98 3.8740225454173304e+38
1971.49 3.555271948586752e+38
1972.0 3.3533084751994852e+38
1972.52 3.608065343673295e+38
1973.03 3.839591931242678e+38
1973.54 3.692799636503119e+38
1974.05 3.916755088476512e+38
1974.56 3.875226453564824e+38
1975.07 3.99032026494381e+38
1975.58 3.682293652077965e+38
1976.1 2.5604676411083445e+38
1976.61 3.861001343447541e+38
1977.12 3.7774664138486575e+38
1977.63 3.3529823577174607e+38
1978.15 3.8403617163987865e+38
1978.66 2.787679130664834e+38
1979.17 3.415414625028284e+38
1979.69 3.5449024628594545e+38
1980.2 3.996731151400925e+38
1980.71 3.933467611797565e+38
1981.22 3.754967818257941e+38
1981.74 3.783354758534391e+38
1982.25 3.7744849865279434e+38
1982.77 2.689914923655931e+38
1983.28 4.1661909928732814e+38
1983.79 3.872931400018719e+38
1984.31 2.7232069034547375e+38
1984.82 3.262580704768504e+38
1985.34 3.970745873615695e+38
1985.85 3.9187062754710245e+38
1986.36 3.8545468536630836e+38
1986.88 3.721038396257754e+38
1987.4 2.7859606061242264e+38
1987.91 3.12345735119521e+38
1988.43 4.138723327633376e+38
1988.94 4.140063468213599e+38
1989.46 3.8417385753265815e+38
1989.97 2.7229421043707213e+38
1990.49 4.1260948910073565e+38
1991.0 4.253826822315055e+38
1991.52 3.02670855436171e+38
1992.04 3.091088222080011e+38
1992.55 4.6037526964662675e+38
1993.07 4.600264225521612e+38
1993.58 4.4685164140425604e+38
1994.1 3.036226335047508e+38
1994.62 4.4840962430360456e+38
1995.14 4.022218925210798e+38
1995.65 3.289093919098545e+38
1996.17 4.58518696363211e+38
1996.69 4.614746194099817e+38
1997.2 4.6113531370751134e+38
1997.72 4.340593816700428e+38
1998.24 4.242676419109419e+38
1998.76 4.343708474406042e+38
1999.28 4.293895067677032e+38
1999.8 3.708618677729988e+38
2000.31 2.9954544894271423e+38
2000.83 3.9921189571242305e+38
2001.35 4.21875416766988e+38
2001.87 3.0117919040224923e+38
2002.39 3.2133327538577443e+38
2002.91 4.078931736541435e+38
2003.43 4.097483095170602e+38
2003.94 4.11649596869214e+38
2004.46 4.0900481590373664e+38
2004.98 3.893670044167384e+38
2005.5 3.544621497479298e+38
2006.02 3.4287876158857205e+38
2006.54 3.9614237414545294e+38
2007.06 3.827031279525374e+38
2007.58 3.855340322332043e+38
2008.1 3.967559295747548e+38
2008.62 3.4085849995725435e+38
2009.14 2.7554011010497647e+38
2009.67 3.926320334609658e+38
2010.19 3.304352891225648e+38
2010.71 3.2061003496570177e+38
2011.23 3.42663461520825e+38
2011.75 3.858499788089249e+38
2012.27 2.791574100951165e+38
2012.79 3.709623524167104e+38
2013.31 2.527088841413502e+38
2013.84 3.7618492255398285e+38
2014.36 3.7888032352829e+38
2014.88 3.819906340587931e+38
2015.4 2.916777992041878e+38
2015.93 3.5962033042722e+38
2016.45 3.561843952224907e+38
2016.97 3.622309361329683e+38
2017.49 3.311129635828164e+38
2018.02 2.6645693729872228e+38
2018.54 3.653319634319437e+38
2019.06 3.369910033694449e+38
2019.58 3.629935757485305e+38
2020.11 3.590292006286358e+38
2020.63 3.545850307460171e+38
2021.16 3.586172891380115e+38
2021.68 3.556164493450744e+38
2022.2 3.6073016131877185e+38
2022.73 2.935778401453362e+38
2023.25 3.63089657570788e+38
2023.78 3.581332848123015e+38
2024.3 3.624977257484098e+38
2024.82 3.629241620189288e+38
2025.35 3.568508037529973e+38
2025.88 3.0072357251631017e+38
2026.4 3.3972543035829334e+38
2026.93 3.63763267856356e+38
2027.45 3.626848549997516e+38
2027.98 3.551813865487213e+38
2028.5 3.2149984567798644e+38
2029.03 3.549617352110033e+38
2029.55 3.519428136153214e+38
2030.08 2.998906074522308e+38
2030.61 3.53739552600214e+38
2031.13 3.4658053970345006e+38
2031.66 3.507316223811093e+38
2032.19 3.1490943350360755e+38
2032.71 3.3927839934642797e+38
2033.24 3.5815989094217904e+38
2033.77 2.906214623467346e+38
2034.29 3.4568315085244704e+38
2034.82 3.308407056361975e+38
2035.35 2.429571368581003e+38
2035.88 3.2772560919529244e+38
2036.4 3.809613277328163e+38
2036.93 3.861193816437699e+38
2037.46 3.0283935199797056e+38
2037.99 2.6247201800112888e+38
2038.52 3.859612535330292e+38
2039.04 3.736579271795756e+38
2039.57 2.7681835909830163e+38
2040.1 2.5446354631863657e+38
2040.63 3.608246978859482e+38
2041.16 2.5902813204809725e+38
2041.69 3.853786104551668e+38
2042.22 3.857876094069834e+38
2042.74 3.7663331960843325e+38
2043.28 3.808900250186999e+38
2043.8 3.696494411037584e+38
2044.33 3.71475952824543e+38
2044.86 2.975715125009838e+38
2045.39 3.4023735629628534e+38
2045.92 3.67504476544549e+38
2046.45 2.4968546854735962e+38
2046.98 3.708120999820741e+38
2047.52 3.17946993616318e+38
2048.05 3.6515339557306025e+38
2048.58 3.675072912280596e+38
2049.11 3.630919091681408e+38
2049.64 3.279119009794608e+38
2050.17 2.9894946582793432e+38
2050.7 3.502743856977136e+38
2051.23 3.419943836004875e+38
2051.76 3.1319842051854947e+38
2052.3 3.5642679680756256e+38
2052.83 3.1975027578793608e+38
2053.36 3.4274529617463254e+38
2053.89 3.557722531165288e+38
2054.43 3.3080559009398865e+38
2054.96 3.098370874037545e+38
2055.49 3.063754473755409e+38
2056.02 3.0783252932256608e+38
2056.55 1.912912294380914e+38
2057.09 3.2853057988539864e+38
2057.62 2.6884770805040433e+38
2058.16 4.085235249787886e+38
2058.69 4.09720410574342e+38
2059.22 3.536536324309146e+38
2059.76 4.765942964614289e+38
2060.29 4.101090517863712e+38
2060.82 4.866983394334321e+38
2061.36 3.569690531638564e+38
2061.89 3.318112197909282e+38
2062.43 1.906829051377311e+38
2062.96 3.2924732103739016e+38
2063.5 3.325239515930332e+38
2064.03 3.426126649738561e+38
2064.56 3.9365329252302265e+38
2065.1 4.203437129336819e+38
2065.64 4.5095708942656324e+38
2066.17 5.192729250968883e+38
2066.71 5.525433183938045e+38
2067.24 5.7910428951442226e+38
2067.78 6.067746439847275e+38
2068.31 6.255728100677451e+38
2068.85 5.195274465800701e+38
2069.39 6.339414122018577e+38
2069.92 6.343947025925635e+38
2070.46 6.139459858248032e+38
2071.0 6.021723016283814e+38
2071.53 4.7486611922592875e+38
2072.07 3.539335932165215e+38
2072.61 3.216861628767511e+38
2073.14 3.1313583751074574e+38
2073.68 3.104369149514635e+38
2074.22 3.113464642738733e+38
2074.76 3.1993703228840997e+38
2075.29 3.778460485612229e+38
2075.83 4.071696962060208e+38
2076.37 4.606870514352241e+38
2076.91 4.527167445277825e+38
2077.45 5.206394886786419e+38
2077.98 4.791896739600929e+38
2078.52 4.793447628651939e+38
2079.06 4.7841910822407375e+38
2079.6 3.927164037048501e+38
2080.14 5.214462653954646e+38
2080.68 5.370937209227666e+38
2081.22 5.3192522176223076e+38
2081.76 5.0937905795327975e+38
2082.3 5.081378934834294e+38
2082.84 5.0120116776440235e+38
2083.38 4.7653253795099045e+38
2083.92 4.4291770398171624e+38
2084.46 4.109258993227066e+38
2085.0 2.4740813924082548e+38
2085.54 3.137360655533694e+38
2086.08 3.850657602060314e+38
2086.62 3.8310282515462616e+38
2087.16 3.871825719471884e+38
2087.7 2.886863438936217e+38
2088.24 3.9172985748355204e+38
2088.78 3.934840229463738e+38
2089.32 3.1210988631487616e+38
2089.87 3.605438857828591e+38
2090.41 3.9752875249488686e+38
2090.95 2.714181904452011e+38
2091.49 3.516813595943546e+38
2092.03 2.261620556023599e+38
2092.57 3.0681750220151285e+38
2093.12 3.5314308244290076e+38
2093.66 2.589471161273382e+38
2094.2 2.9333335392512455e+38
2094.75 3.598172690638097e+38
2095.29 3.807696810311743e+38
2095.83 3.167252672862781e+38
2096.38 3.1425576095943987e+38
2096.92 3.732618351085799e+38
2097.46 3.7484689674662284e+38
2098.0 2.9004424092870706e+38
2098.55 2.9291037740327742e+38
2099.09 3.745114266329389e+38
2099.64 3.758076116564315e+38
2100.18 3.886295987815786e+38
2100.73 3.78230337972775e+38
2101.27 3.7586046825440495e+38
2101.81 3.531969413389053e+38
2102.36 3.713704992532125e+38
2102.9 3.782750283107533e+38
2103.45 3.2664658880481544e+38
2103.99 3.661663116904358e+38
2104.54 2.7103091256644096e+38
2105.08 3.9057017205550405e+38
2105.63 3.1105665824255697e+38
2106.18 3.729322353363232e+38
2106.72 3.651574375404013e+38
2107.27 3.5018743574032275e+38
2107.81 3.084968783135356e+38
2108.36 3.037394274572284e+38
2108.91 2.7926824741188838e+38
2109.45 3.0177395434712687e+38
2110.0 3.4146966629034e+38
2110.55 3.3902560513144093e+38
2111.09 3.240281001515043e+38
2111.64 3.141109171088991e+38
2112.19 3.1967846445670814e+38
2112.74 3.2899077725248545e+38
2113.28 3.329997224975024e+38
2113.83 3.419355071820322e+38
2114.38 3.0337132171211564e+38
2114.93 3.1538050155057152e+38
2115.48 3.220439527253496e+38
2116.02 3.429772101246284e+38
2116.57 3.419916942439479e+38
2117.12 3.1250419183222195e+38
2117.67 3.418976602808683e+38
2118.22 3.009098494782548e+38
2118.77 3.406878700952254e+38
2119.32 2.788026721644252e+38
2119.87 3.3653263477478632e+38
2120.42 3.227583097779619e+38
2120.97 2.8088443403234945e+38
2121.51 3.2157162409050428e+38
2122.06 3.140927738039432e+38
2122.61 3.2197945703300906e+38
2123.17 2.959842221421629e+38
2123.72 3.155649540954604e+38
2124.26 2.3173881268761742e+38
2124.82 2.901076313234629e+38
2125.37 3.063369162820099e+38
2125.92 2.8950729544121736e+38
2126.47 3.1012707351532352e+38
2127.02 3.0996299071307274e+38
2127.57 3.0815555213807595e+38
2128.12 2.4052495613395605e+38
2128.67 3.042918243820586e+38
2129.23 3.0136346514506886e+38
2129.78 3.042290813775221e+38
2130.33 2.589767903067128e+38
2130.88 3.0339677121902354e+38
2131.43 2.940837705464949e+38
2131.99 3.0137785492505598e+38
2132.54 2.9386741039022522e+38
2133.09 3.055916666175807e+38
2133.65 3.0439096943105145e+38
2134.2 3.0099676635317526e+38
2134.75 2.9130094174605827e+38
2135.3 2.89435595011198e+38
2135.86 2.961093809077267e+38
2136.41 3.0515620305544138e+38
2136.97 2.528904408241707e+38
2137.52 2.9827196443967953e+38
2138.07 2.135710820696705e+38
2138.63 2.839504987671106e+38
2139.18 3.08725593463193e+38
2139.74 3.047844505195248e+38
2140.29 3.0557849622653153e+38
2140.84 3.1069392724416636e+38
2141.4 2.964714746666554e+38
2141.96 2.9152315437390448e+38
2142.51 3.168859665269648e+38
2143.06 3.154227044465836e+38
2143.62 3.0158731332919972e+38
2144.18 2.4232776551933003e+38
2144.73 3.238121190808493e+38
2145.29 3.150309277449911e+38
2145.84 3.2559152922853198e+38
2146.4 3.132082370020915e+38
2146.96 2.8419945732969447e+38
2147.51 3.2497737472322242e+38
2148.07 3.2154605025912094e+38
2148.63 2.629863602122072e+38
2149.18 3.020181772772117e+38
2149.74 3.1504537702041713e+38
2150.3 3.067913651308208e+38
2150.85 3.14255556746785e+38
2151.41 3.059658600389987e+38
2151.97 3.0876848465755254e+38
2152.53 2.1642775491217486e+38
2153.08 3.02602670154742e+38
2153.64 3.0669219757622974e+38
2154.2 3.0657214366637863e+38
2154.76 3.0128162527909415e+38
2155.32 2.9903539215020057e+38
2155.88 3.021429952256212e+38
2156.44 3.0063702139261784e+38
2156.99 2.9855352566896537e+38
2157.55 3.0235149287200726e+38
2158.11 3.0201048581635167e+38
2158.67 2.930636256038233e+38
2159.23 2.354028984288338e+38
2159.79 2.944161878414334e+38
2160.35 2.92611611399598e+38
2160.91 2.967641378842759e+38
2161.47 2.9146826219795954e+38
2162.03 2.4186950549245692e+38
2162.59 2.81132434329791e+38
2163.15 2.9576772517233366e+38
2163.71 2.467121854149855e+38
2164.27 2.938531908961541e+38
2164.83 2.872302743155489e+38
2165.4 2.8991466294353928e+38
2165.96 2.6211384763671333e+38
2166.52 2.9288676108736227e+38
2167.08 2.921591608295978e+38
2167.64 2.06010457577757e+38
2168.2 2.9032806279868528e+38
2168.76 2.709747080690099e+38
2169.33 2.8865471961308087e+38
2169.89 2.9219204352190524e+38
2170.45 2.6433708713563082e+38
2171.01 2.971582590642928e+38
2171.58 2.8300732400674284e+38
2172.14 2.9802133944775524e+38
2172.7 2.9689100568698354e+38
2173.27 2.9800728651727885e+38
2173.83 2.928913485072769e+38
2174.39 2.8679144697051885e+38
2174.96 2.8757823231285823e+38
2175.52 2.930121595750574e+38
2176.08 2.9579121258419092e+38
2176.65 2.9628867703330473e+38
2177.21 2.9550488255586148e+38
2177.78 2.928359753933952e+38
2178.34 2.9223620360756927e+38
2178.91 2.927276641001271e+38
2179.47 2.8709348470197573e+38
2180.03 2.8296511485399393e+38
2180.6 2.911270896919861e+38
2181.17 2.151802120422921e+38
2181.73 2.9063095148869126e+38
2182.3 2.8941534707279286e+38
2182.86 2.849515811191656e+38
2183.43 2.733195805174804e+38
2183.99 2.868733737030207e+38
2184.56 2.7620395705521592e+38
2185.12 2.847340286101804e+38
2185.69 2.526323774627466e+38
2186.26 2.602367555052562e+38
2186.82 2.8200582826584874e+38
2187.39 2.5858164352107176e+38
2187.96 2.818884548993954e+38
2188.53 2.7239985816221623e+38
2189.09 2.7855841801928952e+38
2189.66 2.814270614293212e+38
2190.23 2.827713561887152e+38
2190.79 2.5921181696595264e+38
2191.36 2.6836404891806133e+38
2191.93 2.4510031258269146e+38
2192.5 2.8086872626186237e+38
2193.07 2.7982266888583417e+38
2193.64 2.7781928822353725e+38
2194.21 2.732259119724981e+38
2194.77 2.7993113044685604e+38
2195.34 2.778309782916107e+38
2195.91 2.7821473544384017e+38
2196.48 2.6571714564889915e+38
2197.05 2.774782959678945e+38
2197.62 2.776504929948009e+38
2198.19 2.7749034000168383e+38
2198.76 2.7753469275522636e+38
2199.33 2.5192813930275327e+38
2199.9 2.7550283289642125e+38
2200.47 2.77661361343532e+38
2201.04 2.7382608564696997e+38
2201.61 2.7379415822178325e+38
2202.18 2.6567673588002017e+38
2202.75 2.7172078831255387e+38
2203.32 2.749237092246484e+38
2203.89 2.5382331585969673e+38
2204.46 2.6294252047104055e+38
2205.03 2.7689181601093597e+38
2205.61 2.7760006933848616e+38
2206.18 2.7624145162219575e+38
2206.75 2.7580879728505106e+38
2207.32 2.7412419608055855e+38
2207.89 2.7689595869822003e+38
2208.47 2.743885691755537e+38
2209.04 2.7509661103390205e+38
2209.61 1.9531898335260517e+38
2210.18 2.7490564600652695e+38
2210.76 2.487098666143187e+38
2211.33 2.697939445592937e+38
2211.9 2.702846429311718e+38
2212.48 2.7284166648380687e+38
2213.05 2.6531991225885347e+38
2213.62 2.7221934581334957e+38
2214.2 2.6984121052199503e+38
2214.77 2.671513640985409e+38
2215.34 2.410718524305981e+38
2215.92 2.496984019918159e+38
2216.49 2.6535962851378298e+38
2217.07 2.683021090494617e+38
2217.64 2.707716257692113e+38
2218.22 2.4539311109255046e+38
2218.79 2.6617754246124166e+38
2219.37 2.4932200059506208e+38
2219.94 2.550583969355828e+38
2220.52 2.5266715816257264e+38
2221.09 2.553452577918846e+38
2221.67 2.7092990480992354e+38
2222.25 2.762842200574919e+38
2222.82 2.758068505052051e+38
2223.4 2.779291909766328e+38
2223.97 2.78639774091564e+38
2224.55 2.782416891628203e+38
2225.13 2.7402569111285625e+38
2225.7 2.704831370329212e+38
2226.28 2.7633077352709485e+38
2226.86 2.762919931668414e+38
2227.43 2.427991595074801e+38
2228.01 2.7053048000341974e+38
2228.59 2.6207477145051858e+38
2229.17 2.597013558013475e+38
2229.74 2.6739485813184533e+38
2230.32 2.734840672977197e+38
2230.9 2.7779920406796325e+38
2231.48 2.836154937945772e+38
2232.06 2.886947567465651e+38
2232.64 2.9324311798122924e+38
2233.21 2.791879022792342e+38
2233.79 2.9787599419984844e+38
2234.37 2.7425490432702076e+38
2234.95 2.9783332402128395e+38
2235.53 2.9837481510391783e+38
2236.11 2.989448151972539e+38
2236.69 2.5085333346162715e+38
2237.27 2.8534398081230623e+38
2237.85 2.7995455833803687e+38
2238.43 2.7607454113038724e+38
2239.01 2.845084456247507e+38
2239.59 3.0002949782302117e+38
2240.17 2.9777123038180236e+38
2240.75 2.9728397814077274e+38
2241.33 2.9408323056533313e+38
2241.91 2.9195707588789588e+38
2242.49 2.8979957094616395e+38
2243.07 2.89012388450871e+38
2243.66 2.865400406334332e+38
2244.24 2.756474727075149e+38
2244.82 2.399566000789144e+38
2245.4 2.6986798894028305e+38
2245.98 2.7694277115478962e+38
2246.56 2.8041980460251783e+38
2247.15 2.8565870820612813e+38
2247.73 2.8472532174737888e+38
2248.31 2.751152754636549e+38
2248.89 2.7957820037406408e+38
2249.48 2.797190477714283e+38
2250.06 2.7970524926035675e+38
2250.64 2.7435266330005377e+38
2251.23 2.698098989182726e+38
2251.81 2.6337613381243986e+38
2252.39 2.7414791356006668e+38
2252.98 2.5305423285100715e+38
2253.56 2.6418132143628244e+38
2254.15 2.817998412968749e+38
2254.73 2.7908675199503315e+38
2255.31 2.7796344545637565e+38
2255.9 2.7773862712342514e+38
2256.48 2.790003347699593e+38
2257.07 2.827244039419093e+38
2257.65 2.8220955379251324e+38
2258.24 2.5354804097591806e+38
2258.82 2.7688450292222005e+38
2259.41 2.725694456497828e+38
2260.0 2.7783418434346662e+38
2260.58 2.7490588160038005e+38
2261.17 2.6483325280243608e+38
2261.75 2.748912027169195e+38
2262.34 2.156697817183057e+38
2262.93 2.7218096098361658e+38
2263.51 2.6803779191677597e+38
2264.1 2.662897500471255e+38
2264.69 2.6791859396686136e+38
2265.27 2.638767372190969e+38
2265.86 2.5516404888869323e+38
2266.45 2.6037414150780167e+38
2267.03 2.578553001172334e+38
2267.62 2.573145845575622e+38
2268.21 2.2983847400523684e+38
2268.8 2.5623652927080137e+38
2269.39 2.554637856367149e+38
2269.97 2.524628556787189e+38
2270.56 2.5296227848909203e+38
2271.15 2.5245502825581214e+38
2271.74 2.521228876306022e+38
2272.33 2.506343008748506e+38
2272.92 2.5238801463678354e+38
2273.51 2.519746987592466e+38
2274.09 2.3234053754136327e+38
2274.68 2.51642024504732e+38
2275.27 2.515656486190437e+38
2275.86 2.4939026203091443e+38
2276.45 2.497627294641324e+38
2277.04 2.380157842003229e+38
2277.63 2.365940790232625e+38
2278.22 2.3465076342515593e+38
2278.81 2.4924132859322108e+38
2279.41 2.4506893690392617e+38
2280.0 2.4859152897579006e+38
2280.59 2.4721474504026285e+38
2281.18 2.4804038793568617e+38
2281.77 2.4693373171664647e+38
2282.36 2.47234129933247e+38
2282.95 2.4653944495110725e+38
2283.54 2.4643613588127844e+38
2284.14 2.4553448003919527e+38
2284.73 2.4519998362080433e+38
2285.32 2.4426338531037833e+38
2285.91 2.4635211374739617e+38
2286.5 2.462431738949801e+38
2287.1 2.4398449454634546e+38
2287.69 2.0068277914574416e+38
2288.28 2.439427818807838e+38
2288.88 2.449491611888997e+38
2289.47 2.4334576577375155e+38
2290.06 2.3178302004490335e+38
2290.66 2.309508467502981e+38
2291.25 2.1855832517608245e+38
2291.84 2.172526762673024e+38
2292.44 2.117595637836353e+38
2293.03 2.143486666846729e+38
2293.63 2.110224476464052e+38
2294.22 2.1164907775654448e+38
2294.81 2.1085509064465354e+38
2295.41 2.154427663604461e+38
2296.0 2.1888681329560754e+38
2296.6 1.958923137216885e+38
2297.2 2.1937401224620334e+38
2297.79 1.7830060502073063e+38
2298.39 2.6760891066885435e+38
2298.98 2.638445816777225e+38
2299.58 2.5365060583860985e+38
2300.17 2.6003600475133857e+38
2300.77 2.5352522655377243e+38
2301.37 2.5211510087665296e+38
2301.96 2.4979652737292674e+38
2302.56 2.4615805226877412e+38
2303.16 2.4331656810813006e+38
2303.75 2.250293552383674e+38
2304.35 2.424525641750223e+38
2304.95 2.4105401657345295e+38
2305.54 2.3880412368922723e+38
2306.14 2.385170245359616e+38
2306.74 2.321116446913474e+38
2307.34 2.245352131894427e+38
2307.94 2.3438616628860168e+38
2308.53 2.354124089331958e+38
2309.13 2.390709664720033e+38
2309.73 2.415818528924345e+38
2310.33 2.4191442385399076e+38
2310.93 2.4054658946069725e+38
2311.53 2.3854297365637192e+38
2312.13 2.3438188282826294e+38
2312.73 2.3393835585071484e+38
2313.32 2.3380763543403607e+38
2313.93 2.2292879917473436e+38
2314.52 2.440469604714115e+38
2315.12 2.459861960856289e+38
2315.72 2.4578651677374202e+38
2316.32 2.2171514382917717e+38
2316.93 2.357017280531111e+38
2317.52 2.373230479090179e+38
2318.13 2.3507004728933357e+38
2318.73 2.3690516840753933e+38
2319.33 2.426172975430345e+38
2319.93 1.964079084076642e+38
2320.53 2.465847221062708e+38
2321.13 2.4666830176109465e+38
2321.73 2.461390426060745e+38
2322.33 2.3368328795388312e+38
2322.94 2.223130235362922e+38
2323.54 2.421820891860772e+38
2324.14 2.4008173541713837e+38
2324.74 2.359751149908881e+38
2325.35 2.398962134465803e+38
2325.95 2.4215890606009776e+38
2326.55 2.412167619572641e+38
2327.16 2.4086551258534796e+38
2327.76 2.315909728286247e+38
2328.36 2.1883592377025548e+38
2328.97 2.425133810525346e+38
2329.57 2.4271837960677197e+38
2330.17 2.4165712581354824e+38
2330.78 2.3917547600227765e+38
2331.38 2.379762170770901e+38
2331.98 2.142991509096843e+38
2332.59 2.3896122861152566e+38
2333.19 2.1335572654825013e+38
2333.8 2.3772850727670396e+38
2334.4 2.4080089266091764e+38
2335.01 2.3662194454842275e+38
2335.61 2.381397074670418e+38
2336.22 2.39849440281759e+38
2336.82 2.39428295391718e+38
2337.43 2.1972644742814252e+38
2338.03 2.3896762411222783e+38
2338.64 2.2832627579661727e+38
2339.25 2.2907236706069556e+38
2339.85 2.2872802818548582e+38
2340.46 2.303436069988552e+38
2341.07 2.23786005147379e+38
2341.67 2.3619437837105898e+38
2342.28 2.3710258222279626e+38
2342.89 2.364084490779422e+38
2343.5 2.3443890651530918e+38
2344.1 2.317694840555376e+38
2344.71 2.317943861523109e+38
2345.32 2.335121895815044e+38
2345.93 2.3227163750445884e+38
2346.53 2.3388516825790615e+38
2347.14 2.328140971831106e+38
2347.75 2.1593639594264255e+38
2348.36 2.3078756562430206e+38
2348.97 2.2549086193858077e+38
2349.58 2.30996537473148e+38
2350.19 2.3065983461000294e+38
2350.79 2.298520381457067e+38
2351.4 2.293109698757164e+38
2352.01 2.2649117564633044e+38
2352.62 2.2802251092512655e+38
2353.23 2.2185240652962852e+38
2353.84 2.2777211113120533e+38
2354.45 2.113230805015931e+38
2355.06 2.221893821317152e+38
2355.67 2.22402493606417e+38
2356.28 2.239989517448912e+38
2356.89 2.2292167735094517e+38
2357.5 2.2340793844261304e+38
2358.12 2.2135787917947605e+38
2358.73 2.1972083904588442e+38
2359.34 2.2241163098949754e+38
2359.95 2.2054830451622226e+38
2360.56 2.2199333440558386e+38
2361.17 2.209459920725857e+38
2361.78 2.2061361129982775e+38
2362.4 2.2099811167459122e+38
2363.01 2.198288577024122e+38
2363.62 2.1935160972622135e+38
2364.24 2.16684093140173e+38
2364.85 2.205226068626921e+38
2365.46 2.184636508212528e+38
2366.07 2.1820024733458892e+38
2366.69 2.083345846071052e+38
2367.3 2.1789506121596116e+38
2367.91 2.1888872145651647e+38
2368.53 2.196137169401082e+38
2369.14 2.213428126051496e+38
2369.76 2.2133569848787697e+38
2370.37 2.2308347000552883e+38
2370.98 2.1937306294222197e+38
2371.6 2.0693277668311714e+38
2372.21 2.23169662609752e+38
2372.83 2.2302888142916957e+38
2373.44 2.2280090034629122e+38
2374.06 2.2321473180330176e+38
2374.67 1.9671100299072467e+38
2375.29 2.2269708283618004e+38
2375.91 2.194019002973481e+38
2376.52 2.2193005904267106e+38
2377.14 2.091760454050117e+38
2377.75 2.2218649367216393e+38
2378.37 2.2163759939075527e+38
2378.99 2.2037341457805416e+38
2379.6 2.194142617068351e+38
2380.22 2.1941715456197384e+38
2380.83 2.1625501809271733e+38
2381.45 2.153187660098592e+38
2382.07 2.1771961197042044e+38
2382.69 2.1095664117825963e+38
2383.3 2.152279865151159e+38
2383.92 2.119406956827775e+38
2384.54 2.138503420416589e+38
2385.16 2.0713597066287254e+38
2385.78 2.1354090518614422e+38
2386.4 2.054171104085226e+38
2387.01 1.9087192088053397e+38
2387.63 2.168091179222837e+38
2388.25 2.1691172181697382e+38
2388.87 2.1662495311498246e+38
2389.49 2.135423031513646e+38
2390.11 2.1034362006792066e+38
2390.73 2.159905479214354e+38
2391.35 2.1544187944706698e+38
2391.97 2.1462756213670814e+38
2392.59 2.1511011717364548e+38
2393.21 2.1445993087132063e+38
2393.83 2.148629168138554e+38
2394.45 2.104731752952864e+38
2395.07 2.1394001386629658e+38
2395.69 2.131558551283323e+38
2396.31 2.068723720681154e+38
2396.93 2.1248471870296728e+38
2397.55 2.080716402520181e+38
2398.17 2.1224040206571287e+38
2398.79 1.9244791444882797e+38
2399.42 2.1098832351653457e+38
2400.04 2.0727815344659348e+38
2400.66 2.0879909940351376e+38
2401.28 2.1181840404957435e+38
2401.91 2.115771795763843e+38
2402.53 2.061075278028074e+38
2403.15 2.0079776056333904e+38
2403.77 2.1122915223469406e+38
2404.4 2.0247383429451007e+38
2405.02 2.10103776349583e+38
2405.64 2.041403192439375e+38
2406.27 2.086333732902975e+38
2406.89 2.0662776165967428e+38
2407.51 2.0679190895218197e+38
2408.14 2.1107581344756737e+38
2408.76 2.108886965573481e+38
2409.39 2.1527231984183648e+38
2410.01 2.0337285317586522e+38
2410.64 2.120351338956839e+38
2411.26 2.0268545254137027e+38
2411.89 2.0606175061846562e+38
2412.51 2.1718113311576975e+38
2413.14 2.2604601728056598e+38
2413.76 2.301343934136671e+38
2414.39 2.2741350513879595e+38
2415.01 2.3134540623024547e+38
2415.64 2.313692092723133e+38
2416.26 2.3180358571841965e+38
2416.89 2.2897327201838592e+38
2417.52 2.320809052530057e+38
2418.14 2.334392802637159e+38
2418.77 2.338452288500626e+38
2419.4 2.0052248140320403e+38
2420.02 2.3230445265457544e+38
2420.65 2.306067680041552e+38
2421.28 2.276074865637689e+38
2421.91 2.2576208933789235e+38
2422.53 2.249963105421309e+38
2423.16 2.2194728013856613e+38
2423.79 2.1847625196914635e+38
2424.42 2.096759526560048e+38
2425.05 2.145176307750488e+38
2425.68 2.1549506918081825e+38
2426.3 2.1319724737604886e+38
2426.93 2.1010476230543896e+38
2427.56 2.0712388248414873e+38
2428.19 2.0510886844914767e+38
2428.82 2.043377832870357e+38
2429.45 2.0028244996841094e+38
2430.08 2.0146847142749073e+38
2430.71 1.9914126702561298e+38
2431.34 2.0105988000873907e+38
2431.97 1.9871907206997755e+38
2432.6 2.0856126890888757e+38
2433.23 2.09873569393229e+38
2433.86 2.0466416854200657e+38
2434.49 2.0938032062256803e+38
2435.12 2.0874202097402396e+38
2435.75 2.0693020381080355e+38
2436.39 2.1020736507288577e+38
2437.02 2.0989006702158225e+38
2437.65 2.104436483174917e+38
2438.28 2.095703006730417e+38
2438.91 1.7702867909676073e+38
2439.54 2.0996528675155784e+38
2440.18 2.0901690321990362e+38
2440.81 2.053313371569257e+38
2441.44 2.072807826716359e+38
2442.07 2.0696305305724375e+38
2442.71 2.0763312594531812e+38
2443.34 2.0672375284722716e+38
2443.97 2.0439680206365678e+38
2444.61 2.0479429262091013e+38
2445.24 1.9932029479520242e+38
2445.88 2.030136446724292e+38
2446.51 2.0073765901033884e+38
2447.14 1.999366725150837e+38
2447.78 1.9862600121793626e+38
2448.41 1.9835797202663366e+38
2449.05 1.8555952552599523e+38
2449.68 1.9866289899061966e+38
2450.32 1.88130979598348e+38
2450.95 1.97771536305143e+38
2451.59 1.9839799994475577e+38
2452.22 1.9814390371651343e+38
2452.86 1.9825501031730207e+38
2453.49 1.982885110880215e+38
2454.13 1.981212058007179e+38
2454.76 1.9750327310994193e+38
2455.4 1.9634853356151103e+38
2456.04 1.973381277748669e+38
2456.67 1.9682228531623603e+38
2457.31 1.9447221708952665e+38
2457.95 1.9719270178111534e+38
2458.58 1.9651876919440157e+38
2459.22 1.9693243965627697e+38
2459.86 1.9609678042044964e+38
2460.5 1.9534560387492984e+38
2461.14 1.953515212471769e+38
2461.77 1.8315124730445093e+38
2462.41 1.966359811067093e+38
2463.05 1.9636137956971686e+38
2463.69 1.8653448666305254e+38
2464.33 1.9570962032514994e+38
2464.96 1.9482071907651228e+38
2465.6 1.9211361013569683e+38
2466.24 1.9385236365500424e+38
2466.88 1.946946620557347e+38
2467.52 1.930531822261066e+38
2468.16 1.9472416993083317e+38
2468.8 1.9497221872695636e+38
2469.44 1.9504534182267288e+38
2470.08 1.940744695261738e+38
2470.72 1.9467994234337536e+38
2471.36 1.928741327414801e+38
2472.0 1.9333778542661103e+38
2472.64 1.913724730589523e+38
2473.28 1.8859152603553547e+38
2473.92 1.9508543946420957e+38
2474.56 1.949833437762593e+38
2475.21 1.9383410278145915e+38
2475.85 1.9075801624890558e+38
2476.49 1.927637571066182e+38
2477.13 1.951317517391574e+38
2477.77 1.967435394135691e+38
2478.42 1.9614309854586997e+38
2479.06 1.961351896607043e+38
2479.7 1.9673787833369203e+38
2480.34 1.9721521759839203e+38
2480.99 1.957685282647045e+38
2481.63 1.935687593529268e+38
2482.27 1.8697245600113887e+38
2482.92 1.9490815529327332e+38
2483.56 1.956511154675188e+38
2484.2 1.955080396325971e+38
2484.85 1.9483049082498654e+38
2485.49 1.9484944275514613e+38
2486.14 1.945456038879226e+38
2486.78 1.940723280861553e+38
2487.42 1.9380089807112414e+38
2488.07 1.9290698952212125e+38
2488.71 1.8663800499443795e+38
2489.36 1.9171770057258565e+38
2490.0 1.9129969687453594e+38
2490.65 1.9011498924618997e+38
2491.29 1.8997146851593888e+38
2491.94 1.8924761142035937e+38
2492.59 1.8856991621575494e+38
2493.23 1.873502830942281e+38
2493.88 1.8480184562889906e+38
2494.52 1.8720101526707503e+38
2495.17 1.8760745820411567e+38
2495.82 1.8754779973758236e+38
2496.47 1.869923423479045e+38
2497.11 1.8728181800979254e+38
2497.76 1.8099534847974282e+38
2498.41 1.870850934654496e+38
2499.05 1.8508912580426525e+38
2499.7 1.843073370943536e+38
