WAVE FLUX
1000.04 6.823211936551437e+38
1000.53 6.322509628707114e+38
1001.02 5.49356194763592e+38
1001.51 6.795178396034794e+38
1002.01 5.991138252239458e+38
1002.5 6.3311356753777575e+38
1002.99 6.391534229481445e+38
1003.48 6.805014311790968e+38
1003.97 6.798849702637589e+38
1004.46 6.808502128742696e+38
1004.96 6.796130166107724e+38
1005.45 5.880878509175716e+38
1005.94 2.9553401840102373e+38
1006.43 6.689108096541889e+38
1006.93 5.7990231310901426e+38
1007.42 6.71456295053153e+38
1007.92 6.115375095564601e+38
1008.41 6.67757151763452e+38
1008.91 5.914715643431867e+38
1009.4 6.757841527267613e+38
1009.9 3.0686378010322588e+38
1010.39 2.3485829179232525e+38
1010.89 6.684545824492538e+38
1011.38 6.2474516363142355e+38
1011.88 6.656149490907374e+38
1012.37 4.826931625354759e+38
1012.87 5.239306910112731e+38
1013.37 6.624763779994013e+38
1013.86 6.633880278017868e+38
1014.36 6.622505620396271e+38
1014.86 6.383037826852993e+38
1015.36 6.546327984879066e+38
1015.85 5.885461687795397e+38
1016.35 6.019565286302818e+38
1016.85 6.5215032269030315e+38
1017.35 5.705836270541449e+38
1017.85 5.8332153900816326e+38
1018.35 3.940964564217569e+38
1018.85 6.413403001053438e+38
1019.35 6.152366010982372e+38
1019.85 4.518952951234485e+38
1020.35 6.148186255950135e+38
1020.85 6.398939164161725e+38
1021.35 5.9384112961540985e+38
1021.85 6.32341840802576e+38
1022.35 6.376854746873927e+38
1022.85 4.8431844726796195e+38
1023.35 6.338094618838761e+38
1023.85 6.109255855902917e+38
1024.35 6.202967895766705e+38
1024.86 6.080845291651695e+38
1025.36 2.628085645836826e+38
1025.86 9.1573827648575e+37
1026.37 5.244296354155678e+38
1026.87 4.959208340077649e+38
1027.37 5.478026178858779e+38
1027.88 5.5141439640731965e+38
1028.38 5.3599184715284305e+38
1028.89 5.399687564889686e+38
1029.39 5.2411476570741576e+38
1029.9 4.213145398419789e+38
1030.4 4.946207340495896e+38
1030.91 3.0625251884350773e+38
1031.41 4.605191470397254e+38
1031.92 5.6471792948501235e+38
1032.42 5.5297755949244535e+38
1032.93 6.026507373963256e+38
1033.44 5.3551268559693864e+38
1033.94 3.996947223551256e+38
1034.45 5.459134415204307e+38
1034.96 5.122849268319587e+38
1035.46 1.824731483108572e+38
1035.97 4.992531905031919e+38
1036.48 5.0291156438997515e+38
1036.99 1.7843007324227322e+38
1037.5 4.697835542466138e+38
1038.01 4.799260869941075e+38
1038.51 6.526486910566737e+38
1039.02 6.09882569888327e+38
1039.53 5.318442858940325e+38
1040.04 6.121214600809782e+38
1040.55 6.1453513065059145e+38
1041.06 6.4901814033562926e+38
1041.57 6.03155227444432e+38
1042.08 6.465944156423519e+38
1042.59 6.430106126505259e+38
1043.11 6.491733634071683e+38
1043.62 6.458208242406326e+38
1044.13 6.503938789903376e+38
1044.64 6.476924930645728e+38
1045.15 6.390145911094675e+38
1045.67 6.455096432440541e+38
1046.18 6.387206219977703e+38
1046.69 6.4433485515097e+38
1047.2 6.4471458055321424e+38
1047.72 6.456318393393119e+38
1048.23 6.431164150291565e+38
1048.75 6.474823339439599e+38
1049.26 6.4339497044697714e+38
1049.78 6.341698571835842e+38
1050.29 6.3859798870008416e+38
1050.81 6.3213025024139344e+38
1051.32 5.952181222920335e+38
1051.83 6.399785328105656e+38
1052.35 6.3105286448567806e+38
1052.87 6.094558784794358e+38
1053.38 6.3471112520559634e+38
1053.9 6.38510369926327e+38
1054.42 6.3862413733889276e+38
1054.93 6.388257813366642e+38
1055.45 4.75573709201757e+38
1055.97 6.173867739926509e+38
1056.49 6.342256501234812e+38
1057.01 6.298243489134897e+38
1057.52 6.028295514137566e+38
1058.04 6.3127290858207705e+38
1058.56 5.699305114227742e+38
1059.08 5.948061166066739e+38
1059.6 6.2354463757543845e+38
1060.12 5.579508730071441e+38
1060.64 6.022047099598247e+38
1061.16 4.4608200954912076e+38
1061.68 3.905785517251839e+38
1062.2 5.8766934936875894e+38
1062.72 1.5535068507278191e+38
1063.24 5.150807520339587e+38
1063.76 6.179339892788237e+38
1064.28 6.011547987664549e+38
1064.81 6.1380534522781854e+38
1065.33 6.16182988344368e+38
1065.85 4.745686993490607e+38
1066.37 6.053551766333166e+38
1066.9 6.1675446061160586e+38
1067.42 5.945410256791768e+38
1067.94 5.7736460334260986e+38
1068.47 6.052722440558533e+38
1068.99 3.9446628498575855e+38
1069.52 5.5567582791991285e+38
1070.04 5.957292156273292e+38
1070.56 4.2919240586707566e+38
1071.09 6.056351741694675e+38
1071.61 6.090292785369834e+38
1072.14 5.762184697760611e+38
1072.67 5.867909805168532e+38
1073.19 5.87798808309874e+38
1073.72 5.607612795532807e+38
1074.24 5.786705236366669e+38
1074.77 5.9810249442006984e+38
1075.3 5.8154909534842745e+38
1075.82 6.08523729547651e+38
1076.35 6.045836780892044e+38
1076.88 6.065236193549473e+38
1077.41 6.084304150929434e+38
1077.94 5.3907678853247756e+38
1078.47 6.0470240433357485e+38
1078.99 5.957472095187417e+38
1079.52 5.581969607566034e+38
1080.05 5.9833666874670045e+38
1080.58 5.9740055219563066e+38
1081.11 5.918484635910203e+38
1081.64 5.913302899577423e+38
1082.17 5.936181917953405e+38
1082.7 5.8602391190180165e+38
1083.23 4.494527440746333e+38
1083.77 5.638424086678794e+38
1084.3 5.7113850771130664e+38
1084.83 4.8052975168280804e+38
1085.36 5.6403677763107465e+38
1085.89 5.629604744492243e+38
1086.43 5.604103517065685e+38
1086.96 5.810406939859758e+38
1087.49 5.8373730248819785e+38
1088.02 5.001685571311573e+38
1088.56 5.593506490892141e+38
1089.09 4.290129393254619e+38
1089.63 3.89787259311452e+38
1090.16 5.525117725254619e+38
1090.69 5.7616082498190786e+38
1091.23 5.793828113312775e+38
1091.77 5.7540136153445984e+38
1092.3 5.695163267395625e+38
1092.84 5.823187233934232e+38
1093.37 5.157176684925402e+38
1093.91 5.966378105153961e+38
1094.44 5.951119568345074e+38
1094.98 5.955130824818199e+38
1095.52 4.58989685825739e+38
1096.06 5.7191151117711e+38
1096.59 3.817335295648257e+38
1097.13 5.9195921729327194e+38
1097.67 3.965560784258768e+38
1098.21 4.292801831175624e+38
1098.74 5.8943988795309145e+38
1099.28 5.891465053513024e+38
1099.82 5.7505842106274e+38
1100.36 5.883330111760037e+38
1100.9 5.883378429242285e+38
1101.44 5.648281533429152e+38
1101.98 5.835706102789562e+38
1102.52 5.851890437110321e+38
1103.06 5.435718533350895e+38
1103.6 5.740645095554501e+38
1104.15 4.493114269557456e+38
1104.69 5.7156919955936514e+38
1105.23 5.78716698593639e+38
1105.77 5.7385232047976154e+38
1106.31 5.77154509357434e+38
1106.85 5.651675675054714e+38
1107.4 5.616998001835456e+38
1107.94 4.302869139311342e+38
1108.48 2.6439907512792286e+38
1109.03 5.639365247344321e+38
1109.57 5.64597371273668e+38
1110.11 5.450189448188574e+38
1110.66 5.6823736081455994e+38
1111.2 5.52123479940123e+38
1111.75 5.625403294585433e+38
1112.29 5.341978398980328e+38
1112.84 5.6734133458631906e+38
1113.39 5.688670148695163e+38
1113.93 5.5725107059499954e+38
1114.48 5.657716985791584e+38
1115.02 5.5168972175862846e+38
1115.57 5.608696189832456e+38
1116.12 5.384519020621177e+38
1116.67 4.9493942197596894e+38
1117.21 5.408306284202271e+38
1117.76 5.572361654579249e+38
1118.31 5.479881411919848e+38
1118.86 5.6340035073559154e+38
1119.41 4.809630691670839e+38
1119.95 5.623136654258021e+38
1120.5 5.613556923236787e+38
1121.05 5.373911463250001e+38
1121.6 5.5526932691136e+38
1122.15 5.574885523011869e+38
1122.7 5.567215319607522e+38
1123.25 5.5050296613319816e+38
1123.8 1.9197634643679784e+38
1124.36 5.313085167204178e+38
1124.91 3.1774689548236763e+38
1125.46 5.371485636560967e+38
1126.01 5.431266700538158e+38
1126.56 5.383160027082654e+38
1127.11 5.3915728566902385e+38
1127.67 5.385663978540286e+38
1128.22 1.635294655925623e+38
1128.77 2.7296722628270146e+38
1129.33 5.39176891954235e+38
1129.88 5.0278428032416494e+38
1130.44 3.3666720190340392e+38
1130.99 5.4498312304966914e+38
1131.54 5.5394218091097734e+38
1132.1 5.568227081881443e+38
1132.65 5.5375912861668686e+38
1133.21 5.536493799244655e+38
1133.77 5.538000954469936e+38
1134.32 5.268194014522101e+38
1134.88 5.1402499506515945e+38
1135.43 5.5146998048118295e+38
1135.99 5.5504910673612685e+38
1136.55 5.518549737914529e+38
1137.1 5.496641373590339e+38
1137.66 5.516057277881278e+38
1138.22 5.505158883202155e+38
1138.78 5.453070728343911e+38
1139.34 3.1736765364073294e+38
1139.9 3.746105856261377e+38
1140.45 5.3649957344562384e+38
1141.01 5.464680236892771e+38
1141.57 2.7627252773602876e+38
1142.13 5.46879433090894e+38
1142.69 5.465688267288629e+38
1143.25 5.422746100750159e+38
1143.81 5.375631679553376e+38
1144.38 3.821926517358873e+38
1144.94 3.289282769033767e+38
1145.5 5.433760645594417e+38
1146.06 5.427794886847446e+38
1146.62 5.412453937084376e+38
1147.18 5.380493224980162e+38
1147.75 5.3861225915672054e+38
1148.31 5.3590333928881785e+38
1148.87 5.3640160498684575e+38
1149.44 5.402762624094785e+38
1150.0 5.2553091370819854e+38
1150.0 5.2553091370819854e+38
1150.3 5.3339041385314245e+38
1150.6 5.391172728811214e+38
1150.89 4.955003315619224e+38
1151.19 5.162436613833991e+38
1151.49 5.3937543525060434e+38
1151.79 5.386411267899529e+38
1152.09 5.3363294246707645e+38
1152.39 5.363372851700009e+38
1152.69 5.041446589844632e+38
1152.98 5.337707404150958e+38
1153.28 5.320453833444417e+38
1153.58 5.231137056625057e+38
1153.88 4.960635784780156e+38
1154.18 5.019821300901665e+38
1154.48 5.316873792711174e+38
1154.78 5.3029678646583695e+38
1155.08 5.0725941541413986e+38
1155.38 5.165724030728134e+38
1155.68 5.295895503319546e+38
1155.98 3.7058281031804116e+38
1156.28 5.278346294149561e+38
1156.57 5.141421468614822e+38
1156.88 5.224959759448035e+38
1157.18 5.252036378527909e+38
1157.47 5.1968824055837785e+38
1157.78 5.1994397845351204e+38
1158.07 3.394599978876884e+38
1158.38 5.222926681884348e+38
1158.68 5.199105922599563e+38
1158.97 5.081628699445281e+38
1159.28 5.1539819531219475e+38
1159.58 4.888439670453673e+38
1159.88 5.292113673080264e+38
1160.18 4.952734574905874e+38
1160.48 5.312136963903597e+38
1160.78 5.322870455314198e+38
1161.08 5.323035586647645e+38
1161.38 5.2302656846111154e+38
1161.68 5.274518358860805e+38
1161.98 5.228697387069494e+38
1162.28 5.3038592884139714e+38
1162.58 5.3183195512451445e+38
1162.89 5.308089185544111e+38
1163.19 4.224666399790877e+38
1163.49 5.263878851525614e+38
1163.79 4.690656917105535e+38
1164.09 5.226525056139226e+38
1164.39 5.060738994232345e+38
1164.7 4.982957672935515e+38
1165.0 4.1458708063134206e+38
1165.3 5.173617100351022e+38
1165.6 4.618499405297134e+38
1165.9 3.974212627651206e+38
1166.21 5.188212762876895e+38
1166.51 5.175809110020958e+38
1166.81 3.848196148205702e+38
1167.11 5.163815518247878e+38
1167.42 4.499176165920581e+38
1167.72 5.134629744947873e+38
1168.02 5.122509824115424e+38
1168.32 5.1391878717288476e+38
1168.63 5.090667867946662e+38
1168.93 4.177211906147322e+38
1169.23 5.1441624690358005e+38
1169.54 5.121858888951363e+38
1169.84 5.147959538081535e+38
1170.14 4.845885300210488e+38
1170.44 4.3302350815465e+38
1170.75 4.9757722461677574e+38
1171.05 2.9904113074190774e+38
1171.35 5.129749370623518e+38
1171.66 4.929816390498764e+38
1171.96 3.692034110609443e+38
1172.27 5.1113686500248915e+38
1172.57 5.002096788148586e+38
1172.87 4.647267776414239e+38
1173.18 5.07761781972277e+38
1173.48 4.6206330576285355e+38
1173.79 5.0019143506089625e+38
1174.09 4.897250015962919e+38
1174.4 4.970664123782752e+38
1174.7 4.7858573891948805e+38
1175.0 1.666469909975109e+38
1175.31 1.7616831065690122e+38
1175.61 1.777330869643031e+38
1175.92 1.6596626231303908e+38
1176.22 2.9004594075225327e+38
1176.53 4.012815779101259e+38
1176.83 4.905207442910563e+38
1177.14 4.912719412590203e+38
1177.44 4.9097888071189966e+38
1177.75 4.777341975311714e+38
1178.05 4.8639959947821906e+38
1178.36 4.588712417203931e+38
1178.66 5.022104107776912e+38
1178.97 4.99062856286332e+38
1179.27 5.009907760479119e+38
1179.58 5.06162536409875e+38
1179.89 4.86617238679835e+38
1180.19 5.0726556972059625e+38
1180.5 4.556153478372129e+38
1180.8 4.86103094796727e+38
1181.11 5.093053157534344e+38
1181.42 4.607691161728835e+38
1181.72 4.6460755407088876e+38
1182.03 5.1045206095906606e+38
1182.33 5.107517619545151e+38
1182.64 5.070208664645491e+38
1182.95 2.5175617904096276e+38
1183.25 4.9725264510742685e+38
1183.56 5.000214629834743e+38
1183.87 4.990124754840669e+38
1184.17 4.840824199960451e+38
1184.48 2.1642184318492753e+38
1184.79 4.0732092596498125e+38
1185.09 5.130641303293497e+38
1185.4 4.271982234441923e+38
1185.71 5.08669440687741e+38
1186.02 5.0718509799227104e+38
1186.32 5.0911100556192326e+38
1186.63 4.5320680844229734e+38
1186.94 4.992910060592657e+38
1187.25 5.051776095418821e+38
1187.56 5.033134573110697e+38
1187.86 5.0171551467325214e+38
1188.17 5.0173467990723186e+38
1188.48 4.972502603932128e+38
1188.79 5.004243735808979e+38
1189.09 4.977966132263423e+38
1189.4 4.851072078022764e+38
1189.71 4.9812519853840296e+38
1190.02 4.954597990538212e+38
1190.33 4.856557178403188e+38
1190.64 4.962571502766176e+38
1190.94 4.933397890475057e+38
1191.25 3.063175542664287e+38
1191.56 4.942481918909397e+38
1191.87 4.906927916796673e+38
1192.18 4.91269940887795e+38
1192.49 4.9017257334919824e+38
1192.8 4.813187540060231e+38
1193.11 4.4304931221438625e+38
1193.42 4.880431792519512e+38
1193.73 4.642436441338257e+38
1194.04 4.517262263608162e+38
1194.34 4.418735925667723e+38
1194.65 4.8709633370193046e+38
1194.96 4.865598395064463e+38
1195.27 4.7397578655695884e+38
1195.58 4.77417307457655e+38
1195.89 4.757838138165155e+38
1196.2 3.96900790983639e+38
1196.51 4.6963159269587484e+38
1196.82 4.6628938112789516e+38
1197.13 4.620585831968511e+38
1197.44 4.577344509391766e+38
1197.75 4.6505073942402445e+38
1198.06 4.659297158758029e+38
1198.38 4.480297452981787e+38
1198.69 4.660178019450151e+38
1199.0 4.674905078429777e+38
1199.31 4.713160328656044e+38
1199.62 4.713236048993874e+38
1199.93 4.720156990417146e+38
1200.24 4.636896309532574e+38
1200.55 4.596293091610095e+38
1200.86 4.068737917293791e+38
1201.17 4.645468938350936e+38
1201.48 4.4469262223611305e+38
1201.8 4.173593285275369e+38
1202.11 2.0168730268959522e+38
1202.42 4.592801306284655e+38
1202.73 4.605099676114429e+38
1203.04 4.518960056639035e+38
1203.35 4.558283020926842e+38
1203.67 4.597693705658247e+38
1203.98 4.602724587564455e+38
1204.29 4.5596796808053545e+38
1204.6 4.570911334531624e+38
1204.92 4.410798265273258e+38
1205.23 4.5187556628481315e+38
1205.54 4.4826110700641996e+38
1205.85 4.478460080820098e+38
1206.16 4.389711417035136e+38
1206.48 1.0647615452229535e+38
1206.79 4.427506434816097e+38
1207.1 4.387960870252223e+38
1207.42 4.2941737235883724e+38
1207.73 4.4524747840623516e+38
1208.04 4.3668721677821404e+38
1208.35 4.252935628460214e+38
1208.67 4.253577536687717e+38
1208.98 4.485247770334948e+38
1209.29 4.411504498854303e+38
1209.61 4.429968636192991e+38
1209.92 4.431166335429271e+38
1210.23 4.4185807190789195e+38
1210.55 3.967160342385461e+38
1210.86 4.390489017997151e+38
1211.18 4.236744483307708e+38
1211.49 4.350838788200945e+38
1211.8 4.300350166876821e+38
1212.12 4.304947002671444e+38
1212.43 4.354128849809062e+38
1212.75 4.32862207417112e+38
1213.06 4.2967089331170244e+38
1213.38 4.343932693456668e+38
1213.69 3.94332675841572e+38
1214.0 4.108998464081441e+38
1214.32 4.3392069354497596e+38
1214.63 4.014387572332451e+38
1214.95 4.337137887888438e+38
1215.26 2.1424408118191673e+38
1215.58 1.2786713362535085e+38
1215.89 1.0922819342358788e+38
1216.21 4.392342046778046e+38
1216.52 4.40052760445209e+38
1216.84 3.649752836665236e+38
1217.15 3.1052137734798267e+38
1217.47 4.41932408107619e+38
1217.79 2.5157225133619585e+38
1218.1 4.435730219733211e+38
1218.42 4.203625458434508e+38
1218.73 2.5445699643040052e+38
1219.05 4.456799890114795e+38
1219.36 4.466476570701581e+38
1219.68 4.474116845882628e+38
1220.0 3.3199021487261585e+38
1220.31 4.470336266475479e+38
1220.63 4.46183095223394e+38
1220.94 3.582803129542349e+38
1221.26 2.3790630459345858e+38
1221.58 4.48089819653068e+38
1221.9 4.084946079799793e+38
1222.21 4.075274706015545e+38
1222.53 4.3981922871441646e+38
1222.84 4.439777785614473e+38
1223.16 2.7756576916380368e+38
1223.48 4.470265948354802e+38
1223.8 2.599564547366019e+38
1224.11 4.467214689658222e+38
1224.43 4.531588819565213e+38
1224.75 4.545011023201071e+38
1225.06 4.560947523571793e+38
1225.38 4.557826769247262e+38
1225.7 4.514191493728291e+38
1226.02 3.6751700856228345e+38
1226.34 4.619984664882267e+38
1226.65 4.622021740723158e+38
1226.97 4.595737078278916e+38
1227.29 4.4005967016012075e+38
1227.61 4.624105169551564e+38
1227.93 4.619099877815456e+38
1228.24 4.5009252518439226e+38
1228.56 4.557257492862842e+38
1228.88 4.6324860931489834e+38
1229.2 4.572406295540872e+38
1229.52 4.037957114367686e+38
1229.84 3.776396049627862e+38
1230.16 4.617100425792274e+38
1230.47 4.239483520154646e+38
1230.79 3.98154020862343e+38
1231.11 4.6055337545854185e+38
1231.43 4.572370936091747e+38
1231.75 4.5913968884538126e+38
1232.07 4.583931073427669e+38
1232.39 4.536317299881482e+38
1232.71 4.572196908236026e+38
1233.03 4.4667276333161215e+38
1233.35 4.474078847721052e+38
1233.67 4.5646921552106425e+38
1233.99 4.557113953089443e+38
1234.31 4.5636936635551765e+38
1234.63 4.417252648975341e+38
1234.95 4.560931443575098e+38
1235.27 4.461841186316498e+38
1235.59 4.53104479814423e+38
1235.91 4.51971113496212e+38
1236.23 4.336973946049036e+38
1236.55 4.5183510765556134e+38
1236.87 4.507146054615798e+38
1237.19 4.2718676209460206e+38
1237.51 4.496854556896842e+38
1237.83 4.483733836113302e+38
1238.15 4.457808260639153e+38
1238.47 4.37311414412339e+38
1238.79 3.6720081440759606e+38
1239.11 4.7272008809704166e+38
1239.44 4.671012744408407e+38
1239.76 4.644243852263927e+38
1240.08 4.616603854226722e+38
1240.4 4.593114252144197e+38
1240.72 4.577330947855385e+38
1241.04 4.572335133874358e+38
1241.36 4.579691652402261e+38
1241.69 4.57625078081867e+38
1242.01 4.564800372354656e+38
1242.33 4.55207705844623e+38
1242.65 4.5023834859975785e+38
1242.97 4.854386064976237e+38
1243.3 4.631577823041954e+38
1243.62 4.800050598285174e+38
1243.94 4.773018108170949e+38
1244.26 4.745523890560673e+38
1244.58 4.765882968781303e+38
1244.91 4.743067127985249e+38
1245.23 4.593039645688785e+38
1245.55 4.650145202933882e+38
1245.88 4.6526513252700775e+38
1246.2 4.325496367482387e+38
1246.52 4.4276807927962495e+38
1246.84 4.5816166926931156e+38
1247.17 4.556582439783701e+38
1247.49 1.568168581355244e+38
1247.81 3.541057422237912e+38
1248.14 4.284633269327101e+38
1248.46 4.398072829250243e+38
1248.79 4.582439168495171e+38
1249.11 4.606918966215993e+38
1249.43 4.5945519461888565e+38
1249.76 4.623986240860895e+38
1250.08 4.578500789936026e+38
1250.4 4.4187739609771955e+38
1250.73 4.453324574920039e+38
1251.05 4.5380513815462206e+38
1251.38 4.574502615437158e+38
1251.7 4.5197260743607605e+38
1252.03 4.577953438471747e+38
1252.35 4.578788741439045e+38
1252.68 4.4916316683906274e+38
1253.0 4.5637455828302645e+38
1253.32 4.569992557338663e+38
1253.65 4.205764983738726e+38
1253.97 4.4767014782069424e+38
1254.3 4.559605381408162e+38
1254.62 4.543040480700134e+38
1254.95 4.1076811207186604e+38
1255.27 3.449529346913104e+38
1255.6 4.549782969365826e+38
1255.93 4.547287985978029e+38
1256.25 4.552096635431653e+38
1256.58 3.626153201477813e+38
1256.9 4.440919074797064e+38
1257.23 4.4491792377499294e+38
1257.55 4.476711274105189e+38
1257.88 4.282547548296094e+38
1258.2 4.528487158437471e+38
1258.53 3.749930327273801e+38
1258.86 3.825016700047274e+38
1259.18 4.479542712040626e+38
1259.51 4.437368558672858e+38
1259.84 4.473627483344122e+38
1260.16 4.496319938036251e+38
1260.49 4.445958617077869e+38
1260.82 4.427962603157515e+38
1261.14 4.4771712362068535e+38
1261.47 4.480075996584814e+38
1261.8 4.3979043638218234e+38
1262.12 4.468303283142732e+38
1262.45 4.472326621219672e+38
1262.78 4.471209059985346e+38
1263.11 4.461418727349728e+38
1263.43 4.454986461945685e+38
1263.76 4.4449013776663154e+38
1264.09 4.452639754505566e+38
1264.42 4.415347721111351e+38
1264.74 4.397339504248646e+38
1265.07 4.362672046897182e+38
1265.4 4.159010040137301e+38
1265.73 4.337097326344224e+38
1266.06 4.393161332131375e+38
1266.38 4.311946516567672e+38
1266.71 4.145046423641124e+38
1267.04 4.3824774895729724e+38
1267.37 4.368064152687585e+38
1267.7 4.416724861836028e+38
1268.03 4.383065801014946e+38
1268.35 4.4428165921026425e+38
1268.68 4.379625373819255e+38
1269.01 3.813005963673479e+38
1269.34 4.431685797389498e+38
1269.67 4.3871478746232844e+38
1270.0 4.123659936193178e+38
1270.33 4.408752222529625e+38
1270.66 4.097688765882185e+38
1270.99 4.4344159778939166e+38
1271.32 4.435966589239938e+38
1271.65 4.450196003216396e+38
1271.97 4.414721098772494e+38
1272.31 4.444472722056916e+38
1272.63 4.180245220832367e+38
1272.96 4.433424197259275e+38
1273.29 4.418028223297671e+38
1273.62 3.551928508411837e+38
1273.95 4.441543008206964e+38
1274.28 4.425678448293286e+38
1274.61 4.4444951799685e+38
1274.94 4.451791293100492e+38
1275.28 4.450445433686442e+38
1275.61 4.4503861827037186e+38
1275.94 4.3682334468288964e+38
1276.27 4.447460210596007e+38
1276.6 4.433635258436703e+38
1276.93 4.2351056788715336e+38
1277.26 4.4132834611381616e+38
1277.59 4.368675352783455e+38
1277.92 4.422291152850862e+38
1278.25 4.424605589141498e+38
1278.58 4.431099535242443e+38
1278.92 3.308035837550394e+38
1279.25 4.424948667556855e+38
1279.58 4.410065815158322e+38
1279.91 4.3888166024652914e+38
1280.24 4.41307304642095e+38
1280.57 4.4081287710287e+38
1280.91 4.4168380517006795e+38
1281.24 4.3740524289356944e+38
1281.57 4.230618634766203e+38
1281.9 4.404489876100844e+38
1282.23 4.351858694122977e+38
1282.57 4.386882820792487e+38
1282.9 4.3812524378634454e+38
1283.23 4.370701710188449e+38
1283.56 4.2106992303878724e+38
1283.9 4.269657926994816e+38
1284.23 3.652446030826911e+38
1284.56 4.336258023162899e+38
1284.9 4.357817559421049e+38
1285.23 4.327754767633591e+38
1285.56 4.343120235986155e+38
1285.9 4.227625952361965e+38
1286.23 4.328167460249887e+38
1286.56 4.255499214771078e+38
1286.9 4.3405518357082754e+38
1287.23 4.336113380818186e+38
1287.56 4.109293073756737e+38
1287.9 4.324082854502162e+38
1288.23 4.110715333439192e+38
1288.56 4.308806699369038e+38
1288.9 4.284445486929891e+38
1289.23 4.02646074349522e+38
1289.57 4.267945501728052e+38
1289.9 4.272718285447337e+38
1290.23 4.271920530704676e+38
1290.57 4.2734159202821176e+38
1290.9 4.2352594811177094e+38
1291.24 3.507729763301308e+38
1291.57 3.782880599290613e+38
1291.91 4.250046623494751e+38
1292.24 4.173891672554753e+38
1292.58 4.236075979097791e+38
1292.91 4.233698290882584e+38
1293.25 3.8542860411271085e+38
1293.58 4.2070202519182815e+38
1293.92 4.080651755546359e+38
1294.25 4.209768075221887e+38
1294.59 1.5183661115623806e+38
1294.92 4.1787629441395756e+38
1295.26 4.139269967859875e+38
1295.59 4.14903568722275e+38
1295.93 4.04748710710027e+38
1296.27 2.8328299316265437e+38
1296.6 3.743729126546615e+38
1296.94 4.123971411023668e+38
1297.28 4.137713368122314e+38
1297.61 4.070105191086868e+38
1297.95 4.1259907165916125e+38
1298.28 4.149594361692004e+38
1298.62 3.992836653815056e+38
1298.96 1.5350436560519857e+38
1299.29 4.101240003517697e+38
1299.63 4.1114158065918916e+38
1299.97 4.138980959083488e+38
1300.3 3.961112053274898e+38
1300.64 4.066262005906178e+38
1300.98 4.020252438059146e+38
1301.32 4.07580130404124e+38
1301.65 4.133985924144821e+38
1301.99 4.138043924192935e+38
1302.33 4.138616555167429e+38
1302.67 4.143108501515271e+38
1303.0 4.119681835768475e+38
1303.34 1.4969024602483155e+38
1303.68 4.111878944815121e+38
1304.02 4.14582626843404e+38
1304.35 4.117929063487133e+38
1304.69 4.110784027026401e+38
1305.03 4.138165884794963e+38
1305.37 3.7813915592475236e+38
1305.71 4.099710629758794e+38
1306.05 3.6828546412103e+38
1306.38 4.151116554845334e+38
1306.72 4.129316111379325e+38
1307.06 4.1535202904446084e+38
1307.4 3.94388057584714e+38
1307.74 4.146987560319438e+38
1308.08 4.144719303029269e+38
1308.42 4.134327435360431e+38
1308.76 3.2003604585958617e+38
1309.09 4.137099524830812e+38
1309.43 4.091424998865704e+38
1309.77 4.027624337894585e+38
1310.11 3.941874270164781e+38
1310.45 4.137156689186136e+38
1310.79 4.137731532098661e+38
1311.13 4.056712562547541e+38
1311.47 4.092292931473377e+38
1311.81 3.923338407854719e+38
1312.15 4.141215237691015e+38
1312.49 3.6954895449371054e+38
1312.83 4.1461350291184964e+38
1313.17 4.146458109523183e+38
1313.51 4.145823768769432e+38
1313.85 4.148133507770723e+38
1314.19 4.151996877632145e+38
1314.53 4.0535951484469706e+38
1314.88 4.1439896582883865e+38
1315.22 4.148361076853572e+38
1315.56 4.112045757137515e+38
1315.9 4.0875247147872345e+38
1316.24 4.000695530622507e+38
1316.58 4.149691229744284e+38
1316.92 4.138925809197203e+38
1317.26 4.132451721905681e+38
1317.6 4.1467838921273996e+38
1317.94 4.130808729051963e+38
1318.29 4.063374579595583e+38
1318.63 3.935995218900933e+38
1318.97 4.134067990484289e+38
1319.31 3.9994839236087706e+38
1319.65 3.972416559439525e+38
1320.0 4.124557414239488e+38
1320.34 4.0040325872206996e+38
1320.68 4.067599493776749e+38
1321.02 4.11636235702819e+38
1321.36 3.824525857780728e+38
1321.71 4.107666382275483e+38
1322.05 4.1069470585585345e+38
1322.39 4.105035455776557e+38
1322.74 4.097748036725802e+38
1323.08 3.958394846396443e+38
1323.42 4.086464702254356e+38
1323.76 4.0161171044667145e+38
1324.11 4.052805035694424e+38
1324.45 3.870725925527422e+38
1324.79 3.950386291181149e+38
1325.14 4.046627650536051e+38
1325.48 4.05833866552358e+38
1325.82 3.957380528324404e+38
1326.17 4.001549883290467e+38
1326.51 3.9846285139087044e+38
1326.85 3.881060159478848e+38
1327.2 3.876407954875984e+38
1327.54 3.8557369453994334e+38
1327.89 4.025802868695959e+38
1328.23 3.9977602393833705e+38
1328.58 3.978380117310731e+38
1328.92 3.978646507166077e+38
1329.27 4.004841816061419e+38
1329.61 3.98599686178557e+38
1329.95 3.9262301585618815e+38
1330.3 3.855284741244644e+38
1330.64 3.979363559934862e+38
1330.99 3.979851618665734e+38
1331.33 3.895118937933171e+38
1331.68 3.783473587139205e+38
1332.02 3.966673734169469e+38
1332.37 3.77257415617611e+38
1332.71 3.9649498211976595e+38
1333.06 3.924606807994742e+38
1333.41 3.948970987471241e+38
1333.75 3.9474595208647205e+38
1334.1 3.943175155218444e+38
1334.44 1.8269970848976818e+38
1334.79 3.755951351738063e+38
1335.13 3.780966680184214e+38
1335.48 3.931567164295131e+38
1335.83 2.2904092394743777e+38
1336.17 3.5813115470978846e+38
1336.52 3.800795564839397e+38
1336.86 3.8521292429339675e+38
1337.21 3.935753795039927e+38
1337.56 3.9363492177757735e+38
1337.91 3.919116547519621e+38
1338.25 3.940834212726131e+38
1338.6 2.0450104685099097e+38
1338.94 3.944807599017689e+38
1339.29 3.947474814002094e+38
1339.64 3.669840811266686e+38
1339.99 3.950531605807377e+38
1340.33 3.867352333040535e+38
1340.68 3.94890888734676e+38
1341.03 3.936931128413914e+38
1341.38 3.9114757086544254e+38
1341.72 3.941955539040841e+38
1342.07 3.929521005649341e+38
1342.42 2.9959668728070005e+38
1342.77 3.932529203321057e+38
1343.11 3.7433249147955265e+38
1343.46 2.0996530620328308e+38
1343.81 3.923578247486899e+38
1344.16 3.888348243111981e+38
1344.51 3.922290461362875e+38
1344.86 3.709963484265275e+38
1345.21 3.9182586927146814e+38
1345.55 3.74089189564639e+38
1345.9 3.907972417387812e+38
1346.25 3.884978792317956e+38
1346.6 3.896385173900209e+38
1346.95 3.91257387592243e+38
1347.3 3.3676641512748024e+38
1347.65 3.921129231864718e+38
1348.0 3.645243984966883e+38
1348.35 3.943998486051726e+38
1348.7 3.936451396845851e+38
1349.05 3.899672670804698e+38
1349.4 3.9355127458032286e+38
1349.74 3.921413680866324e+38
1350.09 3.902946600008348e+38
1350.44 3.833621522382948e+38
1350.8 3.9245599481344586e+38
1351.15 3.90852612194582e+38
1351.49 3.660451139671195e+38
1351.84 3.913085156720816e+38
1352.2 3.9145244287234095e+38
1352.55 3.7947561803389596e+38
1352.9 3.8830384176139535e+38
1353.25 3.894227810836064e+38
1353.6 3.902677350381781e+38
1353.95 3.9014791081479136e+38
1354.3 3.78469421525846e+38
1354.65 3.879080447620765e+38
1355.0 3.888918700365064e+38
1355.35 3.6476808352175725e+38
1355.7 3.8777427932404724e+38
1356.06 3.0194755813014142e+38
1356.41 3.808370883204647e+38
1356.76 3.87398145169811e+38
1357.11 3.0348519475754314e+38
1357.46 3.865676154294674e+38
1357.81 3.7308930542553426e+38
1358.17 3.8553927531385165e+38
1358.52 3.7222602256915804e+38
1358.87 3.8400640419994404e+38
1359.22 3.3221436541664564e+38
1359.57 3.8353992919735775e+38
1359.93 3.755687878486583e+38
1360.28 3.816796347276041e+38
1360.63 3.784498368896564e+38
1360.98 3.804379825876521e+38
1361.34 3.720797326535907e+38
1361.69 3.472544668352032e+38
1362.04 3.720446862513778e+38
1362.4 3.7810920334949355e+38
1362.75 3.792249158419612e+38
1363.1 3.444041591410765e+38
1363.46 2.8869112841557344e+38
1363.81 3.71023677361906e+38
1364.16 3.789171924377097e+38
1364.52 3.7863504632886296e+38
1364.87 3.588317634866484e+38
1365.22 3.626980932392821e+38
1365.58 3.413538264647309e+38
1365.93 3.754497845052635e+38
1366.29 3.7465752403489234e+38
1366.64 3.769636041084477e+38
1366.99 3.465013237749514e+38
1367.35 3.748766975586469e+38
1367.7 3.756948289098895e+38
1368.06 3.75041135590464e+38
1368.41 3.72889416098585e+38
1368.77 3.7467171420614696e+38
1369.12 3.731900195626223e+38
1369.48 3.554383037596273e+38
1369.83 3.7365550713612936e+38
1370.19 3.719370975885442e+38
1370.54 3.728197312300783e+38
1370.9 3.5711127054383366e+38
1371.25 3.5065683536659336e+38
1371.61 3.498575270208163e+38
1371.96 3.5624290954904115e+38
1372.32 3.733391292671207e+38
1372.67 3.671417715335927e+38
1373.03 3.3529942109715478e+38
1373.39 3.670074055733813e+38
1373.74 3.40524288013799e+38
1374.1 3.2877692234120715e+38
1374.45 3.65279151980099e+38
1374.81 3.4578359907906505e+38
1375.17 3.714142052218366e+38
1375.52 3.528023690212329e+38
1375.88 3.7229277302108816e+38
1376.23 3.64285247980006e+38
1376.59 3.7097985641024936e+38
1376.95 3.489052644866541e+38
1377.31 3.583512571938401e+38
1377.66 3.516699959529294e+38
1378.02 3.4770309488497576e+38
1378.38 3.7051840502650814e+38
1378.73 3.426452293686097e+38
1379.09 3.5761503690121146e+38
1379.45 3.6608656224748335e+38
1379.81 3.703000226585887e+38
1380.16 3.488254594770977e+38
1380.52 3.5880094510416595e+38
1380.88 3.59974343242215e+38
1381.24 3.469534817089834e+38
1381.6 3.004061533066293e+38
1381.95 3.702171158979398e+38
1382.31 3.69295449621662e+38
1382.67 3.648512698972853e+38
1383.03 3.695125052901877e+38
1383.39 3.6908339423351745e+38
1383.75 3.554943757338619e+38
1384.1 3.514422117631493e+38
1384.46 3.640677448926556e+38
1384.82 3.6466258461378286e+38
1385.18 3.66092748597656e+38
1385.54 3.632678659076824e+38
1385.9 3.2244857619210897e+38
1386.26 3.25906778634739e+38
1386.62 3.579855942981343e+38
1386.98 3.626836408624174e+38
1387.34 3.1530496897715425e+38
1387.7 3.621819537478157e+38
1388.06 3.501957288407922e+38
1388.42 3.5899035659659435e+38
1388.78 3.5926776099858035e+38
1389.14 3.604693563810567e+38
1389.49 3.604919686735858e+38
1389.85 3.6056006664426215e+38
1390.21 3.534687123007133e+38
1390.58 3.598855603757464e+38
1390.94 3.526070912294528e+38
1391.3 3.591428183688835e+38
1391.66 3.581892845067241e+38
1392.02 3.56296425794941e+38
1392.38 3.3966585772478985e+38
1392.74 3.518215012480218e+38
1393.1 3.338108866703416e+38
1393.46 3.530786722363889e+38
1393.82 1.8313165353540146e+38
1394.18 3.453182208630101e+38
1394.55 3.4657003588533606e+38
1394.91 3.474513598156655e+38
1395.27 3.1582471712990136e+38
1395.63 3.532880215818564e+38
1395.99 3.0343261681206577e+38
1396.35 3.5373142177321084e+38
1396.72 3.5098703397507976e+38
1397.08 3.425997795169032e+38
1397.44 3.3828195581088602e+38
1397.8 3.5011674285245526e+38
1398.16 2.114049199084987e+38
1398.53 3.5123060327244394e+38
1398.89 3.1052967174044217e+38
1399.25 3.5440971743149955e+38
1399.61 3.518933685249212e+38
1399.98 2.9051609543358383e+38
1400.34 3.274551892557178e+38
1400.7 2.8792273634014796e+38
1401.07 3.295815297352722e+38
1401.43 3.467906752189368e+38
1401.79 3.500517573270817e+38
1402.16 3.524199341139629e+38
1402.52 3.5027697336287515e+38
1402.88 1.3807794996575633e+38
1403.25 2.4631484745167855e+38
1403.61 3.5351087151855524e+38
1403.97 3.5056999453902445e+38
1404.34 3.5145821887208e+38
1404.7 3.5129513585050766e+38
1405.06 3.512560495844319e+38
1405.43 3.508217454062313e+38
1405.79 3.4832116868529214e+38
1406.16 3.28018784986799e+38
1406.52 3.460721112188399e+38
1406.89 2.7403720139875914e+38
1407.25 3.1001360414936955e+38
1407.62 3.484198194960366e+38
1407.98 3.488512183482199e+38
1408.35 3.490261468093483e+38
1408.71 2.6871453527535447e+38
1409.08 3.1865697659778348e+38
1409.44 2.984790343649726e+38
1409.81 2.7792093059986344e+38
1410.17 3.180619601186867e+38
1410.54 3.3744395326176472e+38
1410.9 3.492102907901e+38
1411.27 3.322067276716135e+38
1411.64 3.279437883450449e+38
1412.0 3.432827328993116e+38
1412.37 3.438491750464649e+38
1412.73 3.4944268615555234e+38
1413.1 3.497983053721884e+38
1413.46 3.495515312004055e+38
1413.83 3.493269266817171e+38
1414.2 3.2913518574952034e+38
1414.56 2.949311317515439e+38
1414.93 3.435291541410201e+38
1415.3 3.447962073146978e+38
1415.67 3.333344376997626e+38
1416.03 3.422949446596767e+38
1416.4 3.48131440511266e+38
1416.77 3.478663078547425e+38
1417.13 3.016911749983822e+38
1417.5 3.473136753187903e+38
1417.87 3.351840702565301e+38
1418.23 3.435982160260611e+38
1418.6 3.366273549255152e+38
1418.97 3.448647075319398e+38
1419.34 3.412949218828019e+38
1419.71 3.334281052531552e+38
1420.07 3.0510881456806396e+38
1420.44 2.958779215584453e+38
1420.81 3.421476993620623e+38
1421.18 2.4447571138948685e+38
1421.55 3.4231491483795886e+38
1421.92 3.3935956743340703e+38
1422.28 3.321592167933782e+38
1422.65 3.115817001054715e+38
1423.02 3.417555620575746e+38
1423.39 3.419424920583488e+38
1423.76 3.427692863084984e+38
1424.13 3.3887599391684637e+38
1424.5 2.4340111155677534e+38
1424.87 3.431774528033032e+38
1425.23 3.432008328240998e+38
1425.6 3.4199058419905616e+38
1425.97 3.2528896651062107e+38
1426.34 2.643738717300806e+38
1426.71 3.311468038859161e+38
1427.08 3.425092158568002e+38
1427.45 2.372364636556112e+38
1427.82 2.431942637162299e+38
1428.19 2.653286512401111e+38
1428.56 2.849162222077481e+38
1428.93 2.5527440891044365e+38
1429.3 3.183179329372298e+38
1429.68 3.3918322205322956e+38
1430.05 3.3852321149833083e+38
1430.42 2.6913299795079488e+38
1430.79 3.2985127943665266e+38
1431.16 3.399717489754436e+38
1431.53 3.316251633561399e+38
1431.9 3.3814123033364124e+38
1432.27 3.413828299496358e+38
1432.64 3.409903099381885e+38
1433.01 3.3615960270829352e+38
1433.38 3.4017349026333334e+38
1433.76 3.3060221469160993e+38
1434.13 3.3965058878107556e+38
1434.5 3.0821211978583665e+38
1434.87 3.3864517040217826e+38
1435.24 2.7615040708994333e+38
1435.61 3.3292854432110014e+38
1435.99 3.2336552376344515e+38
1436.36 3.3801242528211873e+38
1436.73 3.1648592508303082e+38
1437.1 3.275820600125652e+38
1437.48 3.3067028341339247e+38
1437.85 3.3145753781908654e+38
1438.22 3.3001363966939164e+38
1438.59 3.338418346802171e+38
1438.97 3.322774020912087e+38
1439.34 3.3501153296741903e+38
1439.71 3.0144240718785957e+38
1440.09 3.378945665734325e+38
1440.46 3.0895692065254176e+38
1440.83 3.1233210851553918e+38
1441.21 3.0839061633371256e+38
1441.58 3.374243564536648e+38
1441.95 3.369186728960813e+38
1442.33 3.25211056151653e+38
1442.7 3.141555901487499e+38
1443.07 3.364481744183421e+38
1443.45 3.0845389054392274e+38
1443.82 3.3667370150487276e+38
1444.2 3.3098904608851864e+38
1444.57 3.3621287399370493e+38
1444.95 2.831670156775256e+38
1445.32 3.3111003099991494e+38
1445.69 3.3140274574344387e+38
1446.07 3.3308045187091016e+38
1446.44 3.305549135686394e+38
1446.82 3.1239033147261598e+38
1447.19 3.106564381260429e+38
1447.57 3.1135221343306715e+38
1447.94 3.3312538099958945e+38
1448.32 3.328405502708447e+38
1448.69 3.32685475752746e+38
1449.07 2.841892483320599e+38
1449.45 3.2087529163916338e+38
1449.82 3.046817149190631e+38
1450.2 3.256022784151976e+38
1450.57 3.3227539433746047e+38
1450.95 3.1968491835219464e+38
1451.33 3.288712790543891e+38
1451.7 3.2003017315362756e+38
1452.08 3.2512608499665578e+38
1452.45 2.7945798169903767e+38
1452.83 3.2981118297705354e+38
1453.21 3.298173729435935e+38
1453.58 3.0281713475251974e+38
1453.96 3.115260359360891e+38
1454.34 3.0782754080574418e+38
1454.71 3.039745788411485e+38
1455.09 3.289616618997849e+38
1455.47 2.8431780855973403e+38
1455.85 3.2403576443083377e+38
1456.22 3.0399555306993638e+38
1456.6 3.1456107902824955e+38
1456.98 3.275630118279889e+38
1457.36 2.7116967839149277e+38
1457.73 3.0291265882514273e+38
1458.11 3.2306205608913864e+38
1458.49 2.7108664019054186e+38
1458.87 3.245664577032397e+38
1459.24 2.453031645565328e+38
1459.62 3.204197136891257e+38
1460.0 3.2437569796895047e+38
1460.38 3.0491950421342177e+38
1460.76 2.977495197624246e+38
1461.14 3.2300169178058223e+38
1461.52 3.163193118781999e+38
1461.9 3.2313187327615347e+38
1462.27 2.8083580296395603e+38
1462.65 2.8696893209679017e+38
1463.03 3.2283091760915803e+38
1463.41 3.2138688948460875e+38
1463.79 3.058198630943292e+38
1464.17 3.127943496958008e+38
1464.55 3.2165875707698374e+38
1464.93 3.1458193250123667e+38
1465.31 2.8522102297013933e+38
1465.69 3.1400625815895805e+38
1466.07 3.2139288978808785e+38
1466.45 2.836025980324819e+38
1466.83 2.7758277810010597e+38
1467.21 3.1641840831808324e+38
1467.59 3.19365107981482e+38
1467.97 3.16371336985512e+38
1468.35 3.1306174204043414e+38
1468.73 3.1832262813321063e+38
1469.11 3.1641507984685248e+38
1469.49 3.1586757998382646e+38
1469.87 2.425692444061471e+38
1470.25 2.898683599605323e+38
1470.64 3.1564830103159895e+38
1471.02 2.9599020363296827e+38
1471.4 3.164524528767385e+38
1471.78 3.0690197809679282e+38
1472.16 3.050779116074621e+38
1472.54 2.8566523688878066e+38
1472.92 3.058691277411744e+38
1473.31 3.1183813962874694e+38
1473.69 3.1773930601845823e+38
1474.07 3.176781695715813e+38
1474.45 3.171486583793063e+38
1474.83 3.1730274162981038e+38
1475.21 3.0879187731549425e+38
1475.6 2.994471853370817e+38
1475.98 3.1602760723868284e+38
1476.36 3.0452269198251518e+38
1476.74 3.152692450207512e+38
1477.13 3.160132408045823e+38
1477.51 2.95219419968604e+38
1477.89 3.114177164070632e+38
1478.28 2.5526650854344427e+38
1478.66 3.1514446454973675e+38
1479.04 3.1494268042751086e+38
1479.43 2.870939856018193e+38
1479.81 3.1193099198185782e+38
1480.19 3.1118674124484447e+38
1480.58 3.1354102697593386e+38
1480.96 3.12879079135413e+38
1481.34 3.0771438694374893e+38
1481.73 3.1197880009357617e+38
1482.11 3.1347129513659955e+38
1482.5 3.134587382788722e+38
1482.88 3.123053315619461e+38
1483.27 2.885217564695117e+38
1483.65 3.0987940350949874e+38
1484.03 2.9689996065982868e+38
1484.42 2.9193710571042096e+38
1484.8 3.0922632257213733e+38
1485.19 3.099645960250826e+38
1485.57 3.1153286348198964e+38
1485.96 3.0305818369817563e+38
1486.34 3.002707628520137e+38
1486.73 3.0897589186284163e+38
1487.11 3.1083391123917305e+38
1487.5 3.1064990863145164e+38
1487.89 2.845068401567666e+38
1488.27 3.1030797501369807e+38
1488.66 3.0986049867866683e+38
1489.04 3.0318631600182993e+38
1489.43 3.0421146202179896e+38
1489.81 2.5313343855023918e+38
1490.2 2.9458653854542772e+38
1490.59 3.0838846222593078e+38
1490.97 3.044654601344658e+38
1491.36 3.0831107112411965e+38
1491.75 2.9836673545840585e+38
1492.13 2.9780104277453873e+38
1492.52 3.0783664071388088e+38
1492.91 3.073298110273196e+38
1493.29 3.0646077131694977e+38
1493.68 1.904091766290292e+38
1494.07 3.0484353454845383e+38
1494.45 2.871088859586287e+38
1494.84 3.065828165600113e+38
1495.23 2.3841685608247573e+38
1495.62 2.9199292972880006e+38
1496.01 3.0560823108464087e+38
1496.39 3.038904726385999e+38
1496.78 3.0481621579833898e+38
1497.17 3.042533628069415e+38
1497.56 2.5324539159587734e+38
1497.94 2.54874505451841e+38
1498.33 3.025449949446425e+38
1498.72 2.370602669165874e+38
1499.11 2.6323132656383767e+38
1499.5 2.8742166350122852e+38
1499.89 2.975077738345347e+38
1500.28 2.276269507240793e+38
1500.66 3.026244309896624e+38
1501.05 3.01877478694357e+38
1501.44 2.9251338053526295e+38
1501.83 1.8163715580113782e+38
1502.22 2.654703565493014e+38
1502.61 3.017017945939427e+38
1503.0 2.839994132052627e+38
1503.39 2.9869394716214307e+38
1503.78 2.9227387396196025e+38
1504.17 2.8697443067590628e+38
1504.56 2.223983130648512e+38
1504.95 2.9466527888942686e+38
1505.34 2.8415000931431465e+38
1505.73 2.507876432871647e+38
1506.12 2.8492285158672173e+38
1506.51 2.9865413760492154e+38
1506.9 2.890542946973217e+38
1507.29 2.979224262915395e+38
1507.68 2.896472771924338e+38
1508.07 2.9690686420353413e+38
1508.46 2.965403698125886e+38
1508.85 2.6637952724691774e+38
1509.24 2.8383719198458523e+38
1509.64 2.9479929109109467e+38
1510.03 2.9305862605885884e+38
1510.42 2.940044530512085e+38
1510.81 2.9192733601785297e+38
1511.2 2.3088834393132555e+38
1511.59 2.401430609133641e+38
1511.98 2.861955605689321e+38
1512.38 2.526082533875815e+38
1512.77 2.282128448173229e+38
1513.16 2.6999024654824997e+38
1513.55 2.266581112960707e+38
1513.94 2.9089789198575176e+38
1514.34 2.919571221706881e+38
1514.73 2.9205984795053593e+38
1515.12 2.9147238311521437e+38
1515.52 2.4135049924954977e+38
1515.91 2.851932309810125e+38
1516.3 2.7673534705580423e+38
1516.69 2.2771402612219987e+38
1517.09 2.8416313318424097e+38
1517.48 2.923028933137386e+38
1517.87 2.8579087363411037e+38
1518.27 2.9165634498543144e+38
1518.66 2.6740163255613655e+38
1519.05 2.7911910919552034e+38
1519.45 2.9155905657185214e+38
1519.84 2.9149810770134444e+38
1520.23 2.9131029970900667e+38
1520.63 2.0983175665084527e+38
1521.02 2.8938380287644238e+38
1521.42 2.8613938314940477e+38
1521.81 2.9057571947081264e+38
1522.21 2.899444347443157e+38
1522.6 2.9018209951152688e+38
1522.99 2.9003500748772728e+38
1523.39 2.8085892278976707e+38
1523.79 2.8871501607348822e+38
1524.18 2.766499945307921e+38
1524.57 2.5994153555067296e+38
1524.97 2.470082378146942e+38
1525.36 2.070269769294709e+38
1525.76 2.4299954716551994e+38
1526.16 2.5873391025540413e+38
1526.55 2.7877609191165773e+38
1526.95 2.620683244288546e+38
1527.34 2.611483010403225e+38
1527.74 2.1971407182513765e+38
1528.14 2.588460858850705e+38
1528.53 2.7863482370030945e+38
1528.93 2.7217216382314834e+38
1529.32 2.8486461879906704e+38
1529.72 2.823991562907725e+38
1530.12 1.599418650894651e+38
1530.51 2.4766380376052492e+38
1530.91 2.834370320317321e+38
1531.31 1.9526795344565573e+38
1531.7 2.2534246891675217e+38
1532.1 2.4749891434440042e+38
1532.5 2.145608064660781e+38
1532.9 1.6586775053340612e+38
1533.29 1.7069875549035167e+38
1533.69 2.8067416973434494e+38
1534.09 2.704475834795529e+38
1534.48 2.7851817390389682e+38
1534.88 2.618596067867308e+38
1535.28 2.7920386339409637e+38
1535.68 2.3184672249449186e+38
1536.08 2.7997521973494914e+38
1536.47 2.6443437712488253e+38
1536.87 2.717626744061247e+38
1537.27 2.1281594256738083e+38
1537.67 2.7716801629509755e+38
1538.07 2.520614023211705e+38
1538.47 2.7767953262618506e+38
1538.86 2.33113845845123e+38
1539.26 2.703887309581002e+38
1539.66 2.7665019298256678e+38
1540.06 2.364506948851529e+38
1540.46 2.458127883106865e+38
1540.86 2.6870853959312303e+38
1541.26 2.7603629511328084e+38
1541.66 2.756839985775865e+38
1542.06 2.2137385862389235e+38
1542.46 2.451702472706329e+38
1542.86 2.5744869851138077e+38
1543.26 2.7303080005596015e+38
1543.66 2.194513691763553e+38
1544.06 2.5445766334947335e+38
1544.46 1.680115082544742e+38
1544.86 1.5667352603708394e+38
1545.26 2.620500031636828e+38
1545.66 2.4807677102193953e+38
1546.06 2.6739664882881237e+38
1546.46 1.9020209157430434e+38
1546.86 2.4974152308616465e+38
1547.26 2.2768512963870993e+38
1547.66 2.0142646621872138e+38
1548.06 1.6518784411949881e+38
1548.47 2.788673562160283e+38
1548.87 2.6886578978640164e+38
1549.27 2.7088118831514036e+38
1549.67 2.6764199373619583e+38
1550.07 2.4982219400335692e+38
1550.47 2.5135745597099494e+38
1550.88 1.6794143254308572e+38
1551.28 2.7098057188068234e+38
1551.68 2.7690066875126007e+38
1552.08 2.0301321172603178e+38
1552.48 2.737605865090231e+38
1552.89 2.6696853536043027e+38
1553.29 1.7619548844988703e+38
1553.69 2.7399013913626376e+38
1554.09 2.5407914789744474e+38
1554.5 2.732751272497142e+38
1554.9 2.049275689949212e+38
1555.3 2.4852156904464642e+38
1555.71 2.7109035945719116e+38
1556.11 2.3299143283427687e+38
1556.51 2.0142542538814117e+38
1556.92 2.458602218227969e+38
1557.32 2.2289054340827418e+38
1557.72 2.692180497148111e+38
1558.13 2.6446991381929666e+38
1558.53 2.68235925177307e+38
1558.93 2.5102178837724337e+38
1559.34 2.4317585379348136e+38
1559.74 2.6739763975319937e+38
1560.15 2.1525973140081835e+38
1560.55 2.1170133827580004e+38
1560.96 2.6857913348581587e+38
1561.36 1.7840066367858335e+38
1561.77 2.6836650430884414e+38
1562.17 2.6306126520140807e+38
1562.57 2.5079301597381355e+38
1562.98 2.6813509928423546e+38
1563.39 2.6774723289088745e+38
1563.79 2.6144011068099876e+38
1564.19 2.1456982199217528e+38
1564.6 1.9387300735541246e+38
1565.01 2.66999780315145e+38
1565.41 2.6576671299394485e+38
1565.82 2.3909074934631584e+38
1566.22 1.902953011892559e+38
1566.63 1.908919714534811e+38
1567.04 2.1983058366885596e+38
1567.44 2.6742497153506988e+38
1567.85 2.661666383015576e+38
1568.25 1.450626812957585e+38
1568.66 1.8880188296174177e+38
1569.07 2.6314084653000103e+38
1569.47 2.6122707911982484e+38
1569.88 2.688856164474767e+38
1570.29 2.5599717855724643e+38
1570.69 2.577573940629026e+38
1571.1 2.623213349056056e+38
1571.51 2.6596099511049762e+38
1571.92 2.636577061714543e+38
1572.32 2.646222708475545e+38
1572.73 2.6560963047266834e+38
1573.14 2.6811038591353218e+38
1573.55 2.6799145580850156e+38
1573.95 2.6784733415618798e+38
1574.36 2.678757124559578e+38
1574.77 1.6502182253694197e+38
1575.18 1.7071694293965753e+38
1575.59 1.8346326243277782e+38
1575.99 2.657486562987175e+38
1576.4 2.181640768835549e+38
1576.81 2.451761008001022e+38
1577.22 1.90843083404096e+38
1577.63 2.606462676097014e+38
1578.04 1.821827307626262e+38
1578.45 2.665806401347172e+38
1578.86 2.62280095795873e+38
1579.27 2.449368887657085e+38
1579.68 2.544024349184334e+38
1580.08 2.6338571523229425e+38
1580.49 2.661875728871636e+38
1580.9 1.990391155580281e+38
1581.31 2.5829782007327036e+38
1581.72 2.6103310918439014e+38
1582.13 2.6462470384242063e+38
1582.54 2.5393155540473386e+38
1582.95 2.6220197862702042e+38
1583.36 2.5491371795941613e+38
1583.77 2.233615715295295e+38
1584.18 2.4876072813265855e+38
1584.59 2.608128728059086e+38
1585.01 1.6371519963303633e+38
1585.42 2.6106943573147613e+38
1585.83 1.796972060765178e+38
1586.24 2.471812317555269e+38
1586.65 2.6345893732792087e+38
1587.06 2.6353481866790465e+38
1587.47 2.1806070902653643e+38
1587.88 2.636381712540266e+38
1588.3 2.6192380131607905e+38
1588.71 2.5320928059261124e+38
1589.12 2.619815532036028e+38
1589.53 2.627561077252271e+38
1589.94 2.5903821197493986e+38
1590.35 2.6319873009764372e+38
1590.77 2.6108078733470564e+38
1591.18 2.5918673571566734e+38
1591.59 2.4163222443523545e+38
1592.0 1.636882186321277e+38
1592.42 2.597627159194283e+38
1592.83 2.6165591836217903e+38
1593.24 2.5548000758778787e+38
1593.66 2.5762990468489736e+38
1594.07 2.467716279367857e+38
1594.48 2.57996371099913e+38
1594.89 2.2138509094076393e+38
1595.31 2.501978698406451e+38
1595.72 2.499842780743148e+38
1596.14 2.610532746919694e+38
1596.55 2.6070165965058954e+38
1596.96 2.606889106930974e+38
1597.38 2.488965747353039e+38
1597.79 2.600078828000187e+38
1598.2 2.5963627461796818e+38
1598.62 2.483915696328956e+38
1599.03 2.598777128899956e+38
1599.45 2.5970116987139016e+38
1599.86 2.5834846155723028e+38
1600.28 2.4438676706333182e+38
1600.69 2.5260875009782926e+38
1601.11 2.406388399440615e+38
1601.52 2.3238506933039042e+38
1601.94 1.8791506696113188e+38
1602.35 2.5837047337002386e+38
1602.77 2.5816790335625207e+38
1603.18 1.511877662928772e+38
1603.6 2.4855776378073612e+38
1604.01 2.5754852517868315e+38
1604.43 2.5613375685775507e+38
1604.84 1.7082288234539407e+38
1605.26 2.5674145163799347e+38
1605.68 2.5007525612759476e+38
1606.09 2.46840350636231e+38
1606.51 2.540055511468563e+38
1606.93 2.3845955864264863e+38
1607.34 2.5537209775631607e+38
1607.76 1.857506049070476e+38
1608.18 2.403516200474535e+38
1608.59 2.5195897992804487e+38
1609.01 1.4690888600397674e+38
1609.43 2.478816888666756e+38
1609.84 1.4604888134732906e+38
1610.26 1.7115391020336695e+38
1610.68 2.5476605590622818e+38
1611.09 2.192780835772423e+38
1611.51 2.5459651810200788e+38
1611.93 2.0999357754443153e+38
1612.35 2.543776062175846e+38
1612.77 1.8476447184644926e+38
1613.18 2.540646598063146e+38
1613.6 2.3322840706765307e+38
1614.02 1.4351258790566088e+38
1614.44 2.5375308752548495e+38
1614.86 2.5334951974438672e+38
1615.28 1.6968950057893704e+38
1615.69 2.16383378072871e+38
1616.11 2.071591465027504e+38
1616.53 2.5062660802007204e+38
1616.95 2.5193496173538287e+38
1617.37 2.523413223459892e+38
1617.79 2.2529481012007797e+38
1618.21 2.519031104955067e+38
1618.63 2.23051706611285e+38
1619.05 2.4866168303352604e+38
1619.47 2.433832826655013e+38
1619.89 2.5072633443247594e+38
1620.31 1.975435033195429e+38
1620.73 2.045003290362625e+38
1621.15 1.4537597796605113e+38
1621.57 1.4555902650656934e+38
1621.99 2.4612151066390145e+38
1622.41 2.313597557076383e+38
1622.83 2.4847857105718974e+38
1623.25 2.400808674176455e+38
1623.67 2.0262603431588496e+38
1624.09 1.908756453619659e+38
1624.51 2.4815740585129743e+38
1624.93 1.6189154503080829e+38
1625.35 2.415938272210549e+38
1625.78 2.4028205555596125e+38
1626.2 2.09250834830521e+38
1626.62 2.4643941014055997e+38
1627.04 2.4226411937154556e+38
1627.46 1.8358132494416642e+38
1627.88 2.308249759172e+38
1628.31 2.0664872727140194e+38
1628.73 2.4725767514711875e+38
1629.15 1.4917460261306569e+38
1629.57 2.4679546715066133e+38
1629.99 2.4670425977452858e+38
1630.42 2.1496652619837187e+38
1630.84 2.471990251027947e+38
1631.26 2.4391974570275436e+38
1631.68 1.3997164660197617e+38
1632.11 1.5702963713400886e+38
1632.53 2.224448449782121e+38
1632.95 2.470448282495741e+38
1633.38 2.471916831755289e+38
1633.8 2.40469938810192e+38
1634.22 2.4347071418150433e+38
1634.65 2.1863470290320887e+38
1635.07 2.4256733044176427e+38
1635.49 2.417354398593733e+38
1635.92 2.3928117751231277e+38
1636.34 2.389697794549926e+38
1636.77 2.471044714579076e+38
1637.19 2.368280507441471e+38
1637.61 2.42889292359434e+38
1638.04 2.188857327186455e+38
1638.46 2.357238543736463e+38
1638.89 2.472354785478086e+38
1639.31 2.0276688869968066e+38
1639.74 2.473317775049587e+38
1640.16 1.4178182147582712e+38
1640.59 1.7717918063254434e+38
1641.01 2.472640676905188e+38
1641.44 2.4729410101990366e+38
1641.86 1.529561416769155e+38
1642.29 2.427476023982091e+38
1642.71 2.0852801244305e+38
1643.14 2.45939794083806e+38
1643.57 2.420764919884225e+38
1643.99 2.4221058384390244e+38
1644.42 2.367139782538415e+38
1644.84 2.2946918015712054e+38
1645.27 2.1797206578299852e+38
1645.7 2.409546842919071e+38
1646.12 2.4134469760117642e+38
1646.55 2.4329075857941962e+38
1646.98 2.1239728938299668e+38
1647.41 2.4075346230985572e+38
1647.83 2.42356981788669e+38
1648.26 2.3963060430052305e+38
1648.69 2.3175347738413484e+38
1649.11 2.2872481266155673e+38
1649.54 2.400393414504033e+38
1649.97 2.1543938482275942e+38
1650.4 2.371048580849267e+38
1650.82 2.3694560237895764e+38
1651.25 2.3953399181148948e+38
1651.68 2.0956856250793766e+38
1652.11 2.3172302212012988e+38
1652.54 2.3814894488064417e+38
1652.96 1.501039791366584e+38
1653.39 1.5741922155434657e+38
1653.82 2.3560675548761775e+38
1654.25 2.2607861885032505e+38
1654.68 2.3661307526525365e+38
1655.11 2.3739337442046943e+38
1655.54 2.3708675350867398e+38
1655.96 2.3632720832553244e+38
1656.39 2.378720292790245e+38
1656.82 2.1429071561834237e+38
1657.25 2.3532290270135676e+38
1657.68 2.1944214159519314e+38
1658.11 2.2278401769583076e+38
1658.54 2.3059232701028868e+38
1658.97 1.9863656901997898e+38
1659.4 2.3014167248528242e+38
1659.83 2.37529801623835e+38
1660.26 2.3703886870626766e+38
1660.69 2.3059629920902422e+38
1661.12 2.3468572197048177e+38
1661.55 1.7976062281816146e+38
1661.98 2.3713474547933676e+38
1662.42 1.9006384990606973e+38
1662.85 2.3785678353348704e+38
1663.28 2.3725545179452267e+38
1663.71 2.3757829616077452e+38
1664.14 2.378580197412841e+38
1664.57 2.3334393211358107e+38
1665.0 2.2340242023465933e+38
1665.43 2.3327394716657836e+38
1665.86 2.3726458739685128e+38
1666.3 2.3693645787305282e+38
1666.73 2.3497395436604625e+38
1667.16 2.3453055231585886e+38
1667.59 2.3398614838592854e+38
1668.03 1.783789309443555e+38
1668.46 2.014664883644333e+38
1668.89 2.351725956014976e+38
1669.32 2.3032507770292816e+38
1669.76 1.9583498069415283e+38
1670.19 2.308417738757239e+38
1670.62 2.2358432267549806e+38
1671.05 1.5239144482390302e+38
1671.49 2.3341950211596038e+38
1671.92 2.0897309108451064e+38
1672.35 2.097017933109422e+38
1672.79 1.8645114517036235e+38
1673.22 2.2837311267233933e+38
1673.65 1.4698585925175523e+38
1674.09 2.3298986278353485e+38
1674.52 2.3119246251272042e+38
1674.96 2.3324577542088645e+38
1675.39 2.2956343343737166e+38
1675.82 2.1778606593106937e+38
1676.26 2.2683542024367884e+38
1676.69 2.209619107413802e+38
1677.13 1.7579093582769253e+38
1677.56 2.331225083315887e+38
1678.0 2.3311777330890933e+38
1678.43 2.3289613077563264e+38
1678.87 2.3152277346424087e+38
1679.3 2.3253338180601196e+38
1679.74 2.3273244871222814e+38
1680.17 2.326502955616827e+38
1680.61 2.3066534752661965e+38
1681.04 2.3227741910195353e+38
1681.48 2.3080656960288308e+38
1681.92 1.8337187525287535e+38
1682.35 2.319754925997073e+38
1682.79 2.3203116503292115e+38
1683.22 2.317786577894003e+38
1683.66 2.2539097983483468e+38
1684.1 2.3171999008453227e+38
1684.53 2.310496999656453e+38
1684.97 2.3152851735647627e+38
1685.41 2.312976448793883e+38
1685.84 2.1106596682278387e+38
1686.28 2.252747322147156e+38
1686.72 1.6351072932924725e+38
1687.15 2.241735492835818e+38
1687.59 1.8602905833106736e+38
1688.03 2.2680379990153125e+38
1688.47 2.2966248119787764e+38
1688.9 2.294491961652509e+38
1689.34 2.292677921122357e+38
1689.78 2.2876119383900195e+38
1690.22 2.095748655684484e+38
1690.66 1.8505612411896236e+38
1691.09 2.280408949272783e+38
1691.53 2.279593393663965e+38
1691.97 2.2523493865963565e+38
1692.41 2.0807081615081017e+38
1692.85 2.2612243974798906e+38
1693.29 2.2699028896419608e+38
1693.72 2.269495589875717e+38
1694.16 2.266962688646824e+38
1694.6 1.829042672237422e+38
1695.04 1.7961819342592677e+38
1695.48 2.226840273915117e+38
1695.92 2.197408372184398e+38
1696.36 2.2563628675566536e+38
1696.8 2.2120845963137168e+38
1697.24 2.2516186634259214e+38
1697.68 2.2504491314681326e+38
1698.12 2.123485150141539e+38
1698.56 2.246085758033496e+38
1699.0 2.042320352766448e+38
1699.44 2.2280322321704992e+38
1699.88 2.2341780966266057e+38
1700.32 1.9117064842518236e+38
1700.76 1.7131264914254927e+38
1701.2 2.215248015975739e+38
1701.64 2.02590277398914e+38
1702.08 2.1899409975611187e+38
1702.53 2.18892134650412e+38
1702.97 2.2117620551443055e+38
1703.41 2.1777346964569744e+38
1703.85 2.2220236305573005e+38
1704.29 2.212500949716243e+38
1704.73 2.2044664116826044e+38
1705.18 2.215920694519164e+38
1705.62 2.175319771869371e+38
1706.06 2.1365753191629603e+38
1706.5 1.9578711166250318e+38
1706.94 2.199964247316694e+38
1707.39 1.4608860613487074e+38
1707.83 2.2023108684232184e+38
1708.27 2.1581608815573428e+38
1708.71 2.0609252272011527e+38
1709.16 2.1955243138375873e+38
1709.6 2.1815184977985545e+38
1710.04 2.1421975154513276e+38
1710.49 2.1437592305301694e+38
1710.93 1.9790605107145207e+38
1711.37 1.3274439819365494e+38
1711.82 2.0987534575763073e+38
1712.26 2.1058953641866605e+38
1712.7 1.3879547380166478e+38
1713.15 2.1587792789558406e+38
1713.59 2.1379418821803204e+38
1714.04 2.1659220433173043e+38
1714.48 2.1666813040013952e+38
1714.93 2.1600323943926587e+38
1715.37 1.83376832834557e+38
1715.81 2.1234862214926836e+38
1716.26 2.089001453505268e+38
1716.7 2.1471173601040417e+38
1717.15 1.573184812642762e+38
1717.59 2.15652436512251e+38
1718.04 1.985253994279496e+38
1718.48 1.4533861891311505e+38
1718.93 2.0494048286071575e+38
1719.38 1.7517864184085537e+38
1719.82 2.0422256124720342e+38
1720.27 2.149888190243314e+38
1720.71 1.9503762801512055e+38
1721.16 2.078137334626468e+38
1721.6 1.7514013466112798e+38
1722.05 2.0430260358181765e+38
1722.5 1.4395031244130128e+38
1722.94 2.0202692843652893e+38
1723.39 2.1357422573913993e+38
1723.84 1.963197023186499e+38
1724.28 1.4335107473053658e+38
1724.73 2.0760341371215772e+38
1725.18 2.1005240904768036e+38
1725.62 1.3375834715579415e+38
1726.07 2.1344739871428458e+38
1726.52 1.9704781812113556e+38
1726.97 2.1232962566471875e+38
1727.41 1.585358333562927e+38
1727.86 2.116900723797677e+38
1728.31 1.843413637840123e+38
1728.76 2.0269908428649307e+38
1729.2 2.1002145076434326e+38
1729.65 2.1326162318589352e+38
1730.1 2.1237656380179136e+38
1730.55 1.990467313084831e+38
1731.0 2.129920518676364e+38
1731.45 1.9033260847517145e+38
1731.9 2.1299099288271915e+38
1732.34 2.090711109475427e+38
1732.79 1.9597861696713836e+38
1733.24 2.106095779230779e+38
1733.69 2.067116385438618e+38
1734.14 2.080226868307687e+38
1734.59 2.111455301146016e+38
1735.04 2.128885521680782e+38
1735.49 2.123983568121114e+38
1735.94 2.0994459564980058e+38
1736.39 1.821249354354837e+38
1736.84 2.1212559450371816e+38
1737.29 1.8626225624989995e+38
1737.74 2.111921833476821e+38
1738.19 1.8368798175882513e+38
1738.64 1.880570362603473e+38
1739.09 1.9441421871564712e+38
1739.54 2.1011884424742847e+38
1739.99 2.0852575630337854e+38
1740.44 2.1056361053715603e+38
1740.9 1.973466706530892e+38
1741.35 2.0823404047186493e+38
1741.8 2.0997200279952877e+38
1742.25 1.8774431492361173e+38
1742.7 2.0895358074646147e+38
1743.15 2.094914696214308e+38
1743.6 2.089040032552398e+38
1744.06 2.0909218124688792e+38
1744.51 2.088400425248131e+38
1744.96 2.0416828772289796e+38
1745.41 1.8426444654219087e+38
1745.86 2.0834660701567536e+38
1746.32 2.085502255051519e+38
1746.77 2.072999626631669e+38
1747.22 1.819299084492281e+38
1747.68 1.8866582701530457e+38
1748.13 1.851111514240582e+38
1748.58 2.058393669569411e+38
1749.04 1.8647383268069464e+38
1749.49 1.995406321770178e+38
1749.94 2.0705725606173455e+38
1750.4 1.9780240314277766e+38
1750.85 2.0814734443851462e+38
1751.3 1.6402137879783094e+38
1751.76 1.5653569306886178e+38
1752.21 2.0801237370915834e+38
1752.67 2.0764274930732634e+38
1753.12 1.7372261001587692e+38
1753.57 1.928805051198276e+38
1754.03 2.0508276241797945e+38
1754.48 2.07258823741309e+38
1754.94 2.0556912235003225e+38
1755.39 2.0756963433782853e+38
1755.85 2.064999287981243e+38
1756.3 2.0705407817767602e+38
1756.76 2.0679011100131052e+38
1757.21 2.0655951389852476e+38
1757.67 2.0626327999825087e+38
1758.12 1.969709382068845e+38
1758.58 1.7892438458618714e+38
1759.04 2.0300367577753194e+38
1759.49 2.0533107741347675e+38
1759.95 2.0509771805654383e+38
1760.4 1.6859261583858604e+38
1760.86 1.754728036767723e+38
1761.32 1.918899416116401e+38
1761.77 2.0412296382241976e+38
1762.23 2.010811775356433e+38
1762.69 2.0339947852905675e+38
1763.14 2.013519682380814e+38
1763.6 1.9327457197403103e+38
1764.06 2.0025715575149328e+38
1764.51 2.0203931020337866e+38
1764.97 1.5852748361651064e+38
1765.43 2.022505862743874e+38
1765.89 2.0118143359079583e+38
1766.34 2.007111310038177e+38
1766.8 2.019428070277415e+38
1767.26 2.0115523685305943e+38
1767.72 2.0118388053006652e+38
1768.18 1.9909213783413317e+38
1768.64 1.9969539789800406e+38
1769.09 2.01384789511174e+38
1769.55 1.705679882113071e+38
1770.01 2.0016944768059804e+38
1770.47 1.718258501031635e+38
1770.93 1.979304517926764e+38
1771.39 1.9873935965902244e+38
1771.85 1.990044293806498e+38
1772.31 2.0059190497893245e+38
1772.77 1.998321958742198e+38
1773.22 1.974149793862151e+38
1773.68 1.960789518336732e+38
1774.14 1.9975728519896954e+38
1774.6 1.938237733482379e+38
1775.06 1.998824248224357e+38
1775.52 1.987246606359789e+38
1775.98 1.5048802140972147e+38
1776.44 1.994146281722678e+38
1776.9 1.969976891692657e+38
1777.36 1.9950800888810237e+38
1777.82 1.718797363673223e+38
1778.29 1.993137814718296e+38
1778.75 1.861514112135893e+38
1779.21 1.9629532548668903e+38
1779.67 1.990198073411934e+38
1780.13 1.9848870721269392e+38
1780.59 1.9574720641976643e+38
1781.05 1.8896235334758898e+38
1781.52 1.9863234037023137e+38
1781.98 1.845297713512578e+38
1782.44 1.9680622431883242e+38
1782.9 1.940924156866433e+38
1783.36 1.9824540034261767e+38
1783.82 1.981780821038885e+38
1784.29 1.9808847239670796e+38
1784.75 1.9580837330519683e+38
1785.21 1.9698371961804035e+38
1785.68 1.9786351681840518e+38
1786.14 1.948458306378153e+38
1786.6 1.9774846401295157e+38
1787.06 1.9580825799983948e+38
1787.53 1.975195111892885e+38
1787.99 1.937196889184291e+38
1788.45 1.8526741216347776e+38
1788.92 1.904513417533333e+38
1789.38 1.9744141648892485e+38
1789.84 1.9648179091871875e+38
1790.31 1.8597098791886112e+38
1790.77 1.9383964185137923e+38
1791.24 1.949617175567888e+38
1791.7 1.7778283543967256e+38
1792.17 1.5270079113377588e+38
1792.63 1.9669779603274496e+38
1793.09 1.73549887218468e+38
1793.56 1.9589084298770397e+38
1794.02 1.9566786579391096e+38
1794.49 1.968996139067504e+38
1794.95 1.7745786089520826e+38
1795.42 1.9679238789890324e+38
1795.89 1.938786453557091e+38
1796.35 1.9655102311235457e+38
1796.81 1.887968599963292e+38
1797.28 1.959813318859977e+38
1797.75 1.9305759328396438e+38
1798.21 1.9353653892374388e+38
1798.68 1.934076385146735e+38
1799.15 1.954590034844329e+38
1799.61 1.9533643758937654e+38
1800.08 1.8984153821741008e+38
1800.55 1.9331844463049687e+38
1801.01 1.9077020936854022e+38
1801.48 1.610967604449635e+38
1801.94 1.930548714200651e+38
1802.41 1.949656048279918e+38
1802.88 1.943960969645676e+38
1803.35 1.8229830475810715e+38
1803.81 1.9478427627268794e+38
1804.28 1.9260425138220832e+38
1804.75 1.9458119295221453e+38
1805.22 1.895101951903806e+38
1805.68 1.8304139087357757e+38
1806.15 1.9201287792715792e+38
1806.62 1.8877613711068057e+38
1807.09 1.9184152260147387e+38
1807.56 1.9103952127747153e+38
1808.03 1.9005564488223258e+38
1808.49 1.914014171270984e+38
1808.96 1.921214962276905e+38
1809.43 1.5394734592025237e+38
1809.9 1.909924650680748e+38
1810.37 1.88245958436044e+38
1810.84 1.9039973010917735e+38
1811.31 1.534915991732022e+38
1811.78 1.8209161096090265e+38
1812.25 1.7401618582160584e+38
1812.72 1.773199424443956e+38
1813.19 1.825605140462077e+38
1813.66 1.888661569149615e+38
1814.13 1.8834836009604834e+38
1814.6 1.8863464401783117e+38
1815.07 1.7781659199755908e+38
1815.54 1.8478532531648898e+38
1816.01 1.7242178418919238e+38
1816.48 1.8656722572449197e+38
1816.95 1.8515980449721323e+38
1817.42 1.6986745533424755e+38
1817.89 1.8794867396427636e+38
1818.36 1.878158293321963e+38
1818.83 1.880011022611255e+38
1819.31 1.6264273631944825e+38
1819.78 1.807175129678888e+38
1820.25 1.878999663731027e+38
1820.72 1.8797327869242477e+38
1821.19 1.6351961287615271e+38
1821.67 1.4446763125206957e+38
1822.14 1.831589742369871e+38
1822.61 1.862365035762621e+38
1823.08 1.5669151756587661e+38
1823.55 1.8744753434235187e+38
1824.03 1.874393606251719e+38
1824.5 1.876375186995316e+38
1824.97 1.7058100808575348e+38
1825.44 1.3691483985511076e+38
1825.92 1.8624791295126574e+38
1826.39 1.858777320356939e+38
1826.86 1.5923537897751303e+38
1827.34 1.8140335210610153e+38
1827.81 1.8590070508513413e+38
1828.29 1.802000475120168e+38
1828.76 1.8397546160553942e+38
1829.23 1.741086356400868e+38
1829.71 1.858761574423852e+38
1830.18 1.7288257427372248e+38
1830.66 1.6775281667907757e+38
1831.13 1.8513072099653808e+38
1831.61 1.7971689998849076e+38
1832.08 1.850671666552164e+38
1832.56 1.817948086889721e+38
1833.03 1.79052366843978e+38
1833.51 1.838993591897243e+38
1833.98 1.8393339866674104e+38
1834.46 1.8417400616125806e+38
1834.93 1.7555267815813575e+38
1835.41 1.8362747934486898e+38
1835.88 1.8328770345691113e+38
1836.36 1.8163442999668404e+38
1836.83 1.7384298656934308e+38
1837.31 1.3851087414879157e+38
1837.79 1.7523335661176956e+38
1838.26 1.507411605399184e+38
1838.74 1.7391870595714442e+38
1839.22 1.8179762357851643e+38
1839.69 1.8156162582408297e+38
1840.17 1.4105909875917257e+38
1840.65 1.810770494599204e+38
1841.12 1.808495408643122e+38
1841.6 1.613083718486332e+38
1842.08 1.76479040301462e+38
1842.56 1.4362880693754406e+38
1843.03 1.7431626853867953e+38
1843.51 1.5333176303736303e+38
1843.99 1.5417564042724327e+38
1844.47 1.6265069657957339e+38
1844.94 1.5458815968503635e+38
1845.42 1.6077870754613417e+38
1845.9 1.747526913717036e+38
1846.38 1.6845928701178331e+38
1846.86 1.7010196103846102e+38
1847.34 1.5902026527762399e+38
1847.82 1.7745818544037347e+38
1848.29 1.7704459352656588e+38
1848.77 1.7519092743047317e+38
1849.25 1.656938687541139e+38
1849.73 1.7073114698468184e+38
1850.21 1.4097862662746969e+38
1850.69 1.6438011914969297e+38
1851.17 1.5927274639593334e+38
1851.65 1.7643138585479624e+38
1852.13 1.6412083779780978e+38
1852.61 1.5233724892037065e+38
1853.09 1.759200590150557e+38
1853.57 1.757144706799238e+38
1854.05 1.525184453472728e+38
1854.53 1.7521618327327297e+38
1855.01 1.4055107328990147e+38
1855.49 1.6666515535345634e+38
1855.97 1.7456583242178253e+38
1856.45 1.7506643677858966e+38
1856.94 1.749349098023647e+38
1857.42 1.7496206134189676e+38
1857.9 1.703824457607358e+38
1858.38 1.743058668792482e+38
1858.86 1.730666504279975e+38
1859.34 1.7473110729764264e+38
1859.83 1.4226839460008476e+38
1860.31 1.746419851091821e+38
1860.79 1.7107714141226256e+38
1861.27 1.7400987989109173e+38
1861.76 1.729613744328685e+38
1862.24 1.7436342759009426e+38
1862.72 1.743159017263792e+38
1863.2 1.702394637392223e+38
1863.69 1.7423644225043304e+38
1864.17 1.7378262443625208e+38
1864.65 1.686424526479279e+38
1865.14 1.4921419684159754e+38
1865.62 1.576361700507478e+38
1866.1 1.7228175463510212e+38
1866.58 1.4757807050781754e+38
1867.07 1.719589534055455e+38
1867.55 1.7423301382959367e+38
1868.04 1.7434980440150576e+38
1868.52 1.7391852569646255e+38
1869.01 1.7418107219214185e+38
1869.49 1.738626346922376e+38
1869.97 1.529021252451945e+38
1870.46 1.7435666392436636e+38
1870.94 1.5215870968274868e+38
1871.43 1.6045896318115182e+38
1871.91 1.74173438249204e+38
1872.4 1.7327060179846815e+38
1872.88 1.733340343262375e+38
1873.37 1.739663531819237e+38
1873.85 1.5365525543744532e+38
1874.34 1.6221947842450387e+38
1874.83 1.7480901671558414e+38
1875.31 1.6656344238218997e+38
1875.8 1.7342950470316417e+38
1876.29 1.518348593044706e+38
1876.77 1.7373169867659073e+38
1877.26 1.7350892625734074e+38
1877.74 1.733660076346991e+38
1878.23 1.730254717355906e+38
1878.72 1.727960214356291e+38
1879.2 1.724127554939125e+38
1879.69 1.7210498166993417e+38
1880.18 1.7195099668591856e+38
1880.67 1.4860761319060915e+38
1881.15 1.4309194026769599e+38
1881.64 1.5512548932672062e+38
1882.13 1.469879764389729e+38
1882.62 1.6729600875338918e+38
1883.1 1.5775814497274307e+38
1883.59 1.6993207169782074e+38
1884.08 1.6915216547648448e+38
1884.57 1.338372384876804e+38
1885.06 1.2355802421040086e+38
1885.55 1.6888910576509385e+38
1886.04 1.466984237396579e+38
1886.52 1.552706140716152e+38
1887.01 1.5221748601473156e+38
1887.5 1.280117809640628e+38
1887.99 1.676522108148722e+38
1888.48 1.6719231857070496e+38
1888.97 1.673608139476922e+38
1889.46 1.3451565454313973e+38
1889.95 1.6694367456484725e+38
1890.44 1.6564166306038306e+38
1890.93 1.478314228102091e+38
1891.42 1.4851918520293716e+38
1891.91 1.469110685556043e+38
1892.4 1.548289743758846e+38
1892.89 1.3558157186290892e+38
1893.38 1.654138127298441e+38
1893.87 1.4725651209504882e+38
1894.36 1.487150852984296e+38
1894.85 1.6404853466194884e+38
1895.34 1.2501656358839813e+38
1895.84 1.6046140272904491e+38
1896.33 1.482828851299297e+38
1896.82 1.2522984514820478e+38
1897.31 1.562543819478557e+38
1897.8 1.6506477219192717e+38
1898.29 1.6509794745139919e+38
1898.79 1.332920822588312e+38
1899.28 9.892989348748105e+37
1899.77 1.6275689350672613e+38
1900.26 1.6536272489740715e+38
1900.76 1.653816712550544e+38
1901.25 1.6238085462181303e+38
1901.74 1.6549053241728114e+38
1902.23 1.644670966668498e+38
1902.73 1.6546018483529187e+38
1903.22 1.4304000966828696e+38
1903.71 1.5110720583162284e+38
1904.21 1.5281498814781435e+38
1904.7 1.6588068638598966e+38
1905.19 1.6010976721313218e+38
1905.69 1.6347188566903065e+38
1906.18 1.6542526856495457e+38
1906.68 1.551317506431678e+38
1907.17 1.6262720996627755e+38
1907.66 1.3538394735254684e+38
1908.16 1.6343293720283464e+38
1908.65 1.5754545157985626e+38
1909.15 1.6339530977041335e+38
1909.64 1.6378076164817388e+38
1910.14 1.5544294005096342e+38
1910.63 1.6314439367294755e+38
1911.13 1.6334605418744157e+38
1911.62 1.2909249017424355e+38
1912.12 1.6295305897469476e+38
1912.61 1.6272918361887075e+38
1913.11 1.6250947232646418e+38
1913.61 1.3753621835169579e+38
1914.1 1.2312692369435837e+38
1914.6 1.617556518480665e+38
1915.09 1.2306445351218609e+38
1915.59 1.5741964624260545e+38
1916.09 1.560882438290903e+38
1916.58 1.4489906549893526e+38
1917.08 1.3722898456025513e+38
1917.58 1.5499128018036728e+38
1918.07 1.5148093359970032e+38
1918.57 1.3341945908235696e+38
1919.07 1.5616552388666804e+38
1919.56 1.3463480937278432e+38
1920.06 1.577880733666282e+38
1920.56 1.5870434884528063e+38
1921.06 1.4885293759648902e+38
1921.56 1.2798312800760458e+38
1922.05 1.5178022699880015e+38
1922.55 1.5954852457194596e+38
1923.05 1.1657202278430063e+38
1923.55 1.5756189402350962e+38
1924.05 1.4594538887363127e+38
1924.55 1.2695554346964921e+38
1925.05 1.5888306373473174e+38
1925.54 1.5782459146244989e+38
1926.04 1.2246630381362704e+38
1926.54 1.5882478009347239e+38
1927.04 1.5702085153807824e+38
1927.54 1.5135078154400334e+38
1928.04 1.4227096383972774e+38
1928.54 1.4522955450262958e+38
1929.04 1.4753613838990139e+38
1929.54 1.5442264036132369e+38
1930.04 1.5263704932198526e+38
1930.54 1.5292545360188403e+38
1931.04 1.5835365926370456e+38
1931.54 1.1976095632805552e+38
1932.04 1.5866463274799928e+38
1932.54 1.580948777307918e+38
1933.04 1.587291791212009e+38
1933.55 1.5812303774310544e+38
1934.05 1.5872408977201502e+38
1934.55 1.5870651377665463e+38
1935.05 1.5858289521086212e+38
1935.55 1.5858621888594227e+38
1936.05 1.582595088563356e+38
1936.55 1.514375861270155e+38
1937.06 1.418437354160779e+38
1937.56 1.5292301929902326e+38
1938.06 1.4544146381278656e+38
1938.56 1.5826790567596715e+38
1939.06 1.4956144077661492e+38
1939.57 1.5335663219457388e+38
1940.07 1.3430202594469054e+38
1940.57 1.4208807389581955e+38
1941.08 1.5807838029597088e+38
1941.58 1.3725084562968222e+38
1942.08 1.5796918320499937e+38
1942.58 1.5784245794811e+38
1943.09 1.5724308267732945e+38
1943.59 1.3468613951103694e+38
1944.1 1.5769976906455559e+38
1944.6 1.5720196282782174e+38
1945.1 1.5714758831142965e+38
1945.61 1.5577486709686092e+38
1946.11 1.569989705282888e+38
1946.62 1.5542583703504804e+38
1947.12 1.5600323073393227e+38
1947.63 1.5635275787377337e+38
1948.13 1.4590984369072471e+38
1948.64 1.5248843282285494e+38
1949.14 1.5549358937023738e+38
1949.65 1.356130935716476e+38
1950.15 1.5499973685961984e+38
1950.66 1.5502076490938523e+38
1951.16 1.5103424510536915e+38
1951.67 1.5454157460056657e+38
1952.17 1.5401481236443342e+38
1952.68 1.1775657071704407e+38
1953.19 1.3981009102527162e+38
1953.69 1.523583348815742e+38
1954.2 1.1769578877420805e+38
1954.7 1.3883002663041351e+38
1955.21 1.4663334568937994e+38
1955.72 1.489939306058845e+38
1956.22 1.5293510994820717e+38
1956.73 1.5291417960580063e+38
1957.24 1.4820674521954549e+38
1957.75 1.5205864602046867e+38
1958.25 1.5312001149774343e+38
1958.76 1.315333364716613e+38
1959.27 1.2492507763353065e+38
1959.78 1.5081214151595849e+38
1960.29 1.1672241970877122e+38
1960.79 1.4933063542622317e+38
1961.3 1.3365064545988904e+38
1961.81 1.4798581694216013e+38
1962.32 1.5030336504667209e+38
1962.83 1.4596658602017186e+38
1963.33 1.5257951568205317e+38
1963.84 1.5267683266623376e+38
1964.35 1.3094200037926039e+38
1964.86 1.3700223226166866e+38
1965.37 1.3050468464961369e+38
1965.88 1.5351272609704765e+38
1966.39 1.5356159219832858e+38
1966.9 1.5282813477275304e+38
1967.41 1.5355313768602276e+38
1967.92 1.5017350323178808e+38
1968.43 1.5070002249632227e+38
1968.94 1.5350619669412025e+38
1969.45 1.5233990546762813e+38
1969.96 1.5314023683504337e+38
1970.47 1.5345917671399757e+38
1970.98 1.5342343736732526e+38
1971.49 1.5103180955791426e+38
1972.0 1.4878354599695202e+38
1972.52 1.5140144479447043e+38
1973.03 1.5310552047691766e+38
1973.54 1.5168488942364031e+38
1974.05 1.5321296071587833e+38
1974.56 1.5297031919476195e+38
1975.07 1.5325769377562193e+38
1975.58 1.5097584431035647e+38
1976.1 1.2421478337802368e+38
1976.61 1.5292662384940224e+38
1977.12 1.5250640147205336e+38
1977.63 1.4853937935156418e+38
1978.15 1.521843677745227e+38
1978.66 1.3824731112238742e+38
1979.17 1.3992413223967034e+38
1979.69 1.480621812007787e+38
1980.2 1.5114065374240187e+38
1980.71 1.5108801774632315e+38
1981.22 1.507312906250436e+38
1981.74 1.5061012609787206e+38
1982.25 1.4987006539917109e+38
1982.77 1.2219571072276075e+38
1983.28 1.4990683799359783e+38
1983.79 1.4743520571364368e+38
1984.31 1.168688038673219e+38
1984.82 1.3864584989307402e+38
1985.34 1.4901110221247844e+38
1985.85 1.4887065824276461e+38
1986.36 1.4778341019683354e+38
1986.88 1.45826980272111e+38
1987.4 1.2082875556323185e+38
1987.91 1.358875435074987e+38
1988.43 1.484018390615516e+38
1988.94 1.4829246297872547e+38
1989.46 1.4630569563157798e+38
1989.97 1.1887669517243248e+38
1990.49 1.4735891405443277e+38
1991.0 1.4775808309447658e+38
1991.52 1.1856337691439138e+38
1992.04 1.1710257351099615e+38
1992.55 1.470373388850627e+38
1993.07 1.4707718049481496e+38
1993.58 1.4692835426252134e+38
1994.1 1.1393664118410368e+38
1994.62 1.4683983753065674e+38
1995.14 1.4239641730173611e+38
1995.65 1.2290021830063677e+38
1996.17 1.4666995061843773e+38
1996.69 1.466560038394662e+38
1997.2 1.4654122208472289e+38
1997.72 1.4649359313750454e+38
1998.24 1.453168530165273e+38
1998.76 1.4601007620206508e+38
1999.28 1.4633415606021605e+38
1999.8 1.405837117542179e+38
2000.31 1.2270353433334757e+38
2000.83 1.4426970170986028e+38
2001.35 1.460939417655255e+38
2001.87 1.2331218258007346e+38
2002.39 1.3563387938044132e+38
2002.91 1.4624260402212754e+38
2003.43 1.4626876485007452e+38
2003.94 1.4620091772591e+38
2004.46 1.4619717317567065e+38
2004.98 1.4482045034419417e+38
2005.5 1.4186304039001665e+38
2006.02 1.410560940968665e+38
2006.54 1.45806680143421e+38
2007.06 1.4508012925918928e+38
2007.58 1.4529230089660736e+38
2008.1 1.4543479077736317e+38
2008.62 1.405691472911913e+38
2009.14 1.2402948481437944e+38
2009.67 1.4509996053415082e+38
2010.19 1.3216148751441085e+38
2010.71 1.2883421429006963e+38
2011.23 1.414731411944509e+38
2011.75 1.4469270927263578e+38
2012.27 1.3028521641345476e+38
2012.79 1.4365822803499168e+38
2013.31 1.209650854311546e+38
2013.84 1.4420406919893684e+38
2014.36 1.4401139790621204e+38
2014.88 1.4402382598673113e+38
2015.4 1.3427955680380066e+38
2015.93 1.4288298554383533e+38
2016.45 1.4284928157687352e+38
2016.97 1.4365577180259575e+38
2017.49 1.3795646190864967e+38
2018.02 1.3128617102145724e+38
2018.54 1.4376864108880707e+38
2019.06 1.4152766156209505e+38
2019.58 1.4392897085364968e+38
2020.11 1.4392163849599486e+38
2020.63 1.4382866577339013e+38
2021.16 1.4389722908261704e+38
2021.68 1.43745057927514e+38
2022.2 1.4385631531646504e+38
2022.73 1.3747027349641584e+38
2023.25 1.438777844543206e+38
2023.78 1.436434652014466e+38
2024.3 1.4383033076259433e+38
2024.82 1.438361020942392e+38
2025.35 1.4352622730692891e+38
2025.88 1.379263604267902e+38
2026.4 1.421836657701583e+38
2026.93 1.4305474770113826e+38
2027.45 1.4280215538656e+38
2027.98 1.4230209347562813e+38
2028.5 1.4016371641084519e+38
2029.03 1.4216048540801444e+38
2029.55 1.4195800266501571e+38
2030.08 1.3749490278709617e+38
2030.61 1.415186468081174e+38
2031.13 1.4114573824615917e+38
2031.66 1.4101242090155026e+38
2032.19 1.38582208831358e+38
2032.71 1.40080887162348e+38
2033.24 1.4043351986020833e+38
2033.77 1.3368766191224089e+38
2034.29 1.3940357730926152e+38
2034.82 1.3730584321725256e+38
2035.35 1.159400950555683e+38
2035.88 1.3557828901590056e+38
2036.4 1.3942233581324868e+38
2036.93 1.3949109220747904e+38
2037.46 1.2969123025495752e+38
2037.99 1.1630036143010356e+38
2038.52 1.3938188096132527e+38
2039.04 1.390969943172912e+38
2039.57 1.2569611485765139e+38
2040.1 1.1719979192615612e+38
2040.63 1.3845623807321095e+38
2041.16 1.1704573038920867e+38
2041.69 1.3908390196775785e+38
2042.22 1.3902264702932723e+38
2042.74 1.3856100349299455e+38
2043.28 1.3892238756029964e+38
2043.8 1.383533691839197e+38
2044.33 1.388001170507558e+38
2044.86 1.3201138358088602e+38
2045.39 1.3710850278745056e+38
2045.92 1.384960564222489e+38
2046.45 1.1781971236842727e+38
2046.98 1.3823744591900319e+38
2047.52 1.3396837126774703e+38
2048.05 1.3788290312612767e+38
2048.58 1.3782813765041381e+38
2049.11 1.374994526247932e+38
2049.64 1.357997315141906e+38
2050.17 1.3425967673761534e+38
2050.7 1.3897002541545179e+38
2051.23 1.3838069682419907e+38
2051.76 1.3516361929960963e+38
2052.3 1.385853195063522e+38
2052.83 1.3588521767803259e+38
2053.36 1.3791894074192476e+38
2053.89 1.3812980259616263e+38
2054.43 1.3801214098078324e+38
2054.96 1.3782817273620884e+38
2055.49 1.3777379176553703e+38
2056.02 1.3769101270898265e+38
2056.55 1.1667613487753249e+38
2057.09 1.3760085246646434e+38
2057.62 1.2338824845052009e+38
2058.16 1.3721882190232052e+38
2058.69 1.3307457840696256e+38
2059.22 1.0682095054566614e+38
2059.76 1.3386462661317902e+38
2060.29 1.1160913892256674e+38
2060.82 1.3717087424163414e+38
2061.36 1.3670913908353382e+38
2061.89 1.3690880227616049e+38
2062.43 1.0744371190792644e+38
2062.96 1.3692297484235409e+38
2063.5 1.3677802293733813e+38
2064.03 1.3631437583281978e+38
2064.56 1.3630728003239143e+38
2065.1 1.3358119203784162e+38
2065.64 1.3467075136539103e+38
2066.17 1.3670197518321896e+38
2066.71 1.3667610855326373e+38
2067.24 1.3655946272743654e+38
2067.78 1.3674333784840155e+38
2068.31 1.3684272740200787e+38
2068.85 1.0838697702902474e+38
2069.39 1.368348330838785e+38
2069.92 1.3692802412855467e+38
2070.46 1.364137310187179e+38
2071.0 1.3688560397213048e+38
2071.53 1.3612199644393088e+38
2072.07 1.3684007950874276e+38
2072.61 1.36736103275113e+38
2073.14 1.3706451365422747e+38
2073.68 1.371293690832135e+38
2074.22 1.369624152098221e+38
2074.76 1.3582168203631919e+38
2075.29 1.3605396964549467e+38
2075.83 1.3447944660728019e+38
2076.37 1.3492642476580679e+38
2076.91 1.2967293684516217e+38
2077.45 1.341262916270829e+38
2077.98 1.3130837132461648e+38
2078.52 1.3248602913056072e+38
2079.06 1.3323324668854069e+38
2079.6 1.0630658169050395e+38
2080.14 1.3368048039587918e+38
2080.68 1.338557591880611e+38
2081.22 1.3381382424640768e+38
2081.76 1.3365945483063048e+38
2082.3 1.3397415994284154e+38
2082.84 1.3398294342713011e+38
2083.38 1.3352685707849627e+38
2083.92 1.3376724075951028e+38
2084.46 1.3408828017229103e+38
2085.0 1.0473723625635209e+38
2085.54 1.2737226697139714e+38
2086.08 1.3375159129272997e+38
2086.62 1.332773768619846e+38
2087.16 1.3339277852370475e+38
2087.7 1.1936664913502566e+38
2088.24 1.3292633922702878e+38
2088.78 1.3279384727144474e+38
2089.32 1.224130523627635e+38
2089.87 1.2971356596398337e+38
2090.41 1.3241320628572691e+38
2090.95 1.123070009235314e+38
2091.49 1.3207430962979767e+38
2092.03 1.1149076763057517e+38
2092.57 1.2600727046906815e+38
2093.12 1.3155342707162966e+38
2093.66 1.1544735175595739e+38
2094.2 1.2260907064170844e+38
2094.75 1.3052259008423797e+38
2095.29 1.3091328885801428e+38
2095.83 1.2335398739374335e+38
2096.38 1.2210808044912985e+38
2096.92 1.3045934469408572e+38
2097.46 1.3081411653992253e+38
2098.0 1.2216009408975275e+38
2098.55 1.2284981852192471e+38
2099.09 1.3072839502316968e+38
2099.64 1.3028205506632298e+38
2100.18 1.3058542467232878e+38
2100.73 1.3022860980157617e+38
2101.27 1.3053773881441381e+38
2101.81 1.2995401323341951e+38
2102.36 1.305239959183369e+38
2102.9 1.3042352189603595e+38
2103.45 1.2170202135731386e+38
2103.99 1.2888558833483273e+38
2104.54 1.0572367353265495e+38
2105.08 1.3035289768371689e+38
2105.63 1.2267438645341787e+38
2106.18 1.2995408393610604e+38
2106.72 1.2994011841145372e+38
2107.27 1.3006540061654597e+38
2107.81 1.288175308596804e+38
2108.36 1.2916834252872274e+38
2108.91 1.2676410665991691e+38
2109.45 1.2787267116874087e+38
2110.0 1.2969587858373675e+38
2110.55 1.2962057668812047e+38
2111.09 1.2952293664607347e+38
2111.64 1.2935382898540078e+38
2112.19 1.293798828935173e+38
2112.74 1.292838866431801e+38
2113.28 1.2888875165503594e+38
2113.83 1.2911079913565583e+38
2114.38 1.2714141558618871e+38
2114.93 1.2735936631112524e+38
2115.48 1.2794180127175822e+38
2116.02 1.2893078471976796e+38
2116.57 1.2887240915424591e+38
2117.12 1.268092948559255e+38
2117.67 1.2874763146030562e+38
2118.22 1.2502419033323652e+38
2118.77 1.286680200568871e+38
2119.32 1.2281828122628244e+38
2119.87 1.2859831175107192e+38
2120.42 1.2817563950627942e+38
2120.97 1.2398328651458005e+38
2121.51 1.2802965818375818e+38
2122.06 1.2801664461938876e+38
2122.61 1.2836539713041412e+38
2123.17 1.271262632044575e+38
2123.72 1.2818486187422191e+38
2124.26 1.1788295702781247e+38
2124.82 1.2670601039836215e+38
2125.37 1.279353875491499e+38
2125.92 1.2705050717841775e+38
2126.47 1.278127143276483e+38
2127.02 1.2769580739792002e+38
2127.57 1.2755630853896844e+38
2128.12 1.1181962717043684e+38
2128.67 1.2726242889563095e+38
2129.23 1.2707090228870835e+38
2129.78 1.26963484371413e+38
2130.33 1.2328388754763768e+38
2130.88 1.2683091274333234e+38
2131.43 1.2574216068740716e+38
2131.99 1.2637454575876228e+38
2132.54 1.2593998241722435e+38
2133.09 1.2632121624911211e+38
2133.65 1.2614156396104026e+38
2134.2 1.2604597214551042e+38
2134.75 1.2584915966329714e+38
2135.3 1.2578008781378288e+38
2135.86 1.2561140506704577e+38
2136.41 1.2553134705695378e+38
2136.97 1.205486823056418e+38
2137.52 1.2517252846418459e+38
2138.07 1.1333616835996096e+38
2138.63 1.236613558190709e+38
2139.18 1.2489136907992839e+38
2139.74 1.2438555362832586e+38
2140.29 1.2437762759278116e+38
2140.84 1.2453003795395079e+38
2141.4 1.2361906881235082e+38
2141.96 1.2295822662106355e+38
2142.51 1.2412015688899545e+38
2143.06 1.2343253416232848e+38
2143.62 1.2242710566197671e+38
2144.18 1.1105044127704947e+38
2144.73 1.2344840132839167e+38
2145.29 1.22863466514684e+38
2145.84 1.2352981227068075e+38
2146.4 1.228600599123134e+38
2146.96 1.2024118361653712e+38
2147.51 1.2349047045062256e+38
2148.07 1.233413178664158e+38
2148.63 1.1794725961644773e+38
2149.18 1.1916524323808301e+38
2149.74 1.2341071697649852e+38
2150.3 1.2268731139097279e+38
2150.85 1.2338815385355224e+38
2151.41 1.2329216962825985e+38
2151.97 1.234484745590774e+38
2152.53 1.1071023129195979e+38
2153.08 1.2332081571443236e+38
2153.64 1.2343336864849748e+38
2154.2 1.2344060435266025e+38
2154.76 1.2333110034730343e+38
2155.32 1.2323557558770974e+38
2155.88 1.2327805190230894e+38
2156.44 1.2314231676499232e+38
2156.99 1.228769807194644e+38
2157.55 1.2297759549230507e+38
2158.11 1.2285808369342265e+38
2158.67 1.2230095919919986e+38
2159.23 1.1578341312370749e+38
2159.79 1.2234233564636802e+38
2160.35 1.22020637405845e+38
2160.91 1.223618404728294e+38
2161.47 1.2168999380863983e+38
2162.03 1.1695813680657673e+38
2162.59 1.2143350203830954e+38
2163.15 1.2189868181140163e+38
2163.71 1.1002677329519618e+38
2164.27 1.2170640243393038e+38
2164.83 1.2140670240273416e+38
2165.4 1.214889823596414e+38
2165.96 1.13784201784492e+38
2166.52 1.2134001250233672e+38
2167.08 1.211975482934616e+38
2167.64 1.0865391547750646e+38
2168.2 1.2112153044666118e+38
2168.76 1.2002725751858245e+38
2169.33 1.2092433719384455e+38
2169.89 1.208094136822339e+38
2170.45 1.191494656017396e+38
2171.01 1.2069465258993186e+38
2171.58 1.199243454281937e+38
2172.14 1.205360967607183e+38
2172.7 1.2039005526099121e+38
2173.27 1.2035413136091839e+38
2173.83 1.1997664328112663e+38
2174.39 1.1956487800227766e+38
2174.96 1.1924445471645086e+38
2175.52 1.1971162106920365e+38
2176.08 1.1974914935083048e+38
2176.65 1.1975925253717248e+38
2177.21 1.1961286263735852e+38
2177.78 1.1944773176671323e+38
2178.34 1.1927436565077151e+38
2178.91 1.1932491181087072e+38
2179.47 1.1881597887265019e+38
2180.03 1.1859167331873868e+38
2180.6 1.1894884883013482e+38
2181.17 1.0936720040931623e+38
2181.73 1.187450151905275e+38
2182.3 1.1863818333822778e+38
2182.86 1.18327073254109e+38
2183.43 1.1786165433729451e+38
2183.99 1.1828397001138896e+38
2184.56 1.1770914424883094e+38
2185.12 1.1807165429876409e+38
2185.69 1.1620773977855062e+38
2186.26 1.165868314995807e+38
2186.82 1.1792387576699954e+38
2187.39 1.1058973144493768e+38
2187.96 1.1775717968105732e+38
2188.53 1.1742294165765637e+38
2189.09 1.1746115022862492e+38
2189.66 1.1778887136941056e+38
2190.23 1.1785741662563473e+38
2190.79 1.1667838400972304e+38
2191.36 1.1732603860524744e+38
2191.93 1.1509294797937208e+38
2192.5 1.1777200906462868e+38
2193.07 1.1771104421236665e+38
2193.64 1.175957615498479e+38
2194.21 1.1750447595770527e+38
2194.77 1.1767399578066905e+38
2195.34 1.176054207869393e+38
2195.91 1.1748473388327972e+38
2196.48 1.1665292238659516e+38
2197.05 1.1726843724500346e+38
2197.62 1.1717919713333833e+38
2198.19 1.1708396322778819e+38
2198.76 1.169516507385748e+38
2199.33 1.1545803588219901e+38
2199.9 1.1671282710293707e+38
2200.47 1.1666120325159035e+38
2201.04 1.1607667682244963e+38
2201.61 1.1636063368951662e+38
2202.18 1.1584098502120207e+38
2202.75 1.1616150829083413e+38
2203.32 1.1603826466766665e+38
2203.89 1.1479241285741274e+38
2204.46 1.1535272518855802e+38
2205.03 1.1579901262418595e+38
2205.61 1.1571576085842893e+38
2206.18 1.155664683539931e+38
2206.75 1.1544687500354948e+38
2207.32 1.1516171221784558e+38
2207.89 1.152814338181152e+38
2208.47 1.1507385598006042e+38
2209.04 1.1501370532310238e+38
2209.61 1.036743717605013e+38
2210.18 1.1484350473569482e+38
2210.76 1.1283791735977133e+38
2211.33 1.1445617577196071e+38
2211.9 1.1443325439537246e+38
2212.48 1.1438400916656627e+38
2213.05 1.1404025910279718e+38
2213.62 1.1415011509096199e+38
2214.2 1.1402824901157413e+38
2214.77 1.1378873753618342e+38
2215.34 1.06473496783896e+38
2215.92 1.1270581804443971e+38
2216.49 1.1338740705031964e+38
2217.07 1.1317177205017283e+38
2217.64 1.1335468225276292e+38
2218.22 1.1185965020746008e+38
2218.79 1.1303824633454441e+38
2219.37 1.1246687145064922e+38
2219.94 1.129030372571124e+38
2220.52 1.127601460896969e+38
2221.09 1.123518327596812e+38
2221.67 1.1255074526086879e+38
2222.25 1.124477811941129e+38
2222.82 1.1225470544034249e+38
2223.4 1.1221338438293097e+38
2223.97 1.1209734679780523e+38
2224.55 1.1196607497167613e+38
2225.13 1.118092801623702e+38
2225.7 1.1161920555024557e+38
2226.28 1.1183584923524884e+38
2226.86 1.1181980804716714e+38
2227.43 1.0920230929470067e+38
2228.01 1.1160078441002866e+38
2228.59 1.1091714695686e+38
2229.17 1.114410044660445e+38
2229.74 1.1169280923547428e+38
2230.32 1.115998864107336e+38
2230.9 1.115815543191999e+38
2231.48 1.116242049432409e+38
2232.06 1.1160806074632788e+38
2232.64 1.1155614560722328e+38
2233.21 1.1040629172504463e+38
2233.79 1.1150565115381258e+38
2234.37 1.0993535335026196e+38
2234.95 1.1148375018164187e+38
2235.53 1.1140888583748258e+38
2236.11 1.1133389142711925e+38
2236.69 1.0749714707043904e+38
2237.27 1.1117150692979683e+38
2237.85 1.1108424074274478e+38
2238.43 1.1047695696672098e+38
2239.01 1.1023345234533902e+38
2239.59 1.108248800155764e+38
2240.17 1.106944122203337e+38
2240.75 1.1066300922945033e+38
2241.33 1.1058106286542184e+38
2241.91 1.1049910988102997e+38
2242.49 1.1035896069726289e+38
2243.07 1.1031503217088572e+38
2243.66 1.1023821152991946e+38
2244.24 1.0990680454979295e+38
2244.82 1.0746139095756326e+38
2245.4 1.0995459520152104e+38
2245.98 1.0985746887632738e+38
2246.56 1.0958433371142174e+38
2247.15 1.0960742127022162e+38
2247.73 1.0948718213739846e+38
2248.31 1.0911896624593146e+38
2248.89 1.0925797440359017e+38
2249.48 1.0910042453148526e+38
2250.06 1.0902099766721057e+38
2250.64 1.0888170897761462e+38
2251.23 1.0876904958855985e+38
2251.81 1.0842093711216204e+38
2252.39 1.084493195713533e+38
2252.98 1.063441463349838e+38
2253.56 1.026374401920367e+38
2254.15 1.0813816617596417e+38
2254.73 1.0803627729342836e+38
2255.31 1.080074152219036e+38
2255.9 1.0795474683819344e+38
2256.48 1.0774443583978089e+38
2257.07 1.0788712496207163e+38
2257.65 1.078524674677887e+38
2258.24 1.059613100826996e+38
2258.82 1.0771134366095414e+38
2259.41 1.0754394617710626e+38
2260.0 1.077091594058843e+38
2260.58 1.0767191383515262e+38
2261.17 1.0702003622705322e+38
2261.75 1.0759208226446583e+38
2262.34 1.0125179514909808e+38
2262.93 1.075146761363238e+38
2263.51 1.0740814816096673e+38
2264.1 1.0727453103715725e+38
2264.69 1.0740164796707796e+38
2265.27 1.0722152284174271e+38
2265.86 1.0609236306121117e+38
2266.45 1.0723742640981047e+38
2267.03 1.071506368179751e+38
2267.62 1.0710540071022408e+38
2268.21 1.0526387279735685e+38
2268.8 1.0697422279856828e+38
2269.39 1.069342359690786e+38
2269.97 1.0681835803910598e+38
2270.56 1.0682009361706926e+38
2271.15 1.0676065273553941e+38
2271.74 1.0668656734333383e+38
2272.33 1.0657342097171695e+38
2272.92 1.065674624977661e+38
2273.51 1.0651054008379638e+38
2274.09 1.055263251894037e+38
2274.68 1.063919831300518e+38
2275.27 1.0634002244730151e+38
2275.86 1.0623458959786256e+38
2276.45 1.0620946381797834e+38
2277.04 1.0566499276648968e+38
2277.63 1.0527541468110925e+38
2278.22 1.0547474864111203e+38
2278.81 1.0603526440997092e+38
2279.41 1.057187405742543e+38
2280.0 1.0593986249641932e+38
2280.59 1.0577663395412598e+38
2281.18 1.0584370577552476e+38
2281.77 1.0578476304724526e+38
2282.36 1.057546811144091e+38
2282.95 1.0570060530827082e+38
2283.54 1.056610925863499e+38
2284.14 1.055901811863623e+38
2284.73 1.0552636940627406e+38
2285.32 1.0541642506133162e+38
2285.91 1.0534365470683426e+38
2286.5 1.0521282531387378e+38
2287.1 1.0500487979067158e+38
2287.69 9.465184845364661e+37
2288.28 1.047340929426687e+38
2288.88 1.0467581810771103e+38
2289.47 1.045456381178842e+38
2290.06 1.0405505643408245e+38
2290.66 1.0428336921402593e+38
2291.25 1.0404395057064719e+38
2291.84 1.0402174342600915e+38
2292.44 1.037306621743971e+38
2293.03 1.0375835250078038e+38
2293.63 1.0349378524158784e+38
2294.22 1.034929988053053e+38
2294.81 1.033287328589534e+38
2295.41 1.032735469457433e+38
2296.0 1.0322535229733146e+38
2296.6 1.0027438186262942e+38
2297.2 1.0282472455569228e+38
2297.79 7.134484625036256e+37
2298.39 1.0302062584287256e+38
2298.98 1.0261649869977072e+38
2299.58 1.0233083943144479e+38
2300.17 1.0285785148591787e+38
2300.77 1.026462550064991e+38
2301.37 1.0273558505304793e+38
2301.96 1.0269465074068597e+38
2302.56 1.0264112079314231e+38
2303.16 1.0247083105571175e+38
2303.75 1.011912682780282e+38
2304.35 1.0245824915496025e+38
2304.95 1.023932060532751e+38
2305.54 1.0226109613055205e+38
2306.14 1.0212318601629717e+38
2306.74 9.9660366063118e+37
2307.34 1.0119606673816605e+38
2307.94 1.01835780345937e+38
2308.53 1.0171200277639151e+38
2309.13 1.0166812725659589e+38
2309.73 1.0156348662227372e+38
2310.33 1.014641767629863e+38
2310.93 1.0135124131434553e+38
2311.53 1.012601797759233e+38
2312.13 1.0114996700842443e+38
2312.73 1.0101643803923742e+38
2313.32 1.0067242321767346e+38
2313.93 9.94600358841447e+37
2314.52 1.0069986496977783e+38
2315.12 1.0056810850890776e+38
2315.72 1.001768138065901e+38
2316.32 9.801557297351404e+37
2316.93 9.894206353576345e+37
2317.52 9.885621326975406e+37
2318.13 9.85823119197515e+37
2318.73 9.819602767668483e+37
2319.33 9.785094404803868e+37
2319.93 9.21988216895387e+37
2320.53 9.707073881576296e+37
2321.13 9.670833466264963e+37
2321.73 9.633182653076748e+37
2322.33 9.527590013517386e+37
2322.94 9.407857297189087e+37
2323.54 9.51678509313562e+37
2324.14 9.477508117386624e+37
2324.74 9.430940079577777e+37
2325.35 9.429801602640224e+37
2325.95 9.452221152186938e+37
2326.55 9.46515120564622e+37
2327.16 9.482443744981378e+37
2327.76 9.456349688451734e+37
2328.36 9.370901829579578e+37
2328.97 9.55416777925593e+37
2329.57 9.57403751843441e+37
2330.17 9.592622344763162e+37
2330.78 9.600253812111137e+37
2331.38 9.62637408850265e+37
2331.98 9.461942060356467e+37
2332.59 9.673764647237202e+37
2333.19 9.488043915924962e+37
2333.8 9.704035463033046e+37
2334.4 9.72933403227586e+37
2335.01 9.734402924449453e+37
2335.61 9.730095101206883e+37
2336.22 9.737606917862707e+37
2336.82 9.729293361386513e+37
2337.43 9.593364283357549e+37
2338.03 9.712909982225432e+37
2338.64 9.634621233053367e+37
2339.25 9.659525075002207e+37
2339.85 9.66720593912665e+37
2340.46 9.671355074646289e+37
2341.07 9.605719657376945e+37
2341.67 9.65727224523213e+37
2342.28 9.654116116297439e+37
2342.89 9.645873561383252e+37
2343.5 9.638078081651065e+37
2344.1 9.595278000338672e+37
2344.71 9.59477869681015e+37
2345.32 9.615389144441782e+37
2345.93 9.603666770463532e+37
2346.53 9.612625824951505e+37
2347.14 9.610349947403746e+37
2347.75 9.499545349780472e+37
2348.36 9.60449960692338e+37
2348.97 9.547418053685046e+37
2349.58 9.601956269858808e+37
2350.19 9.600405677679196e+37
2350.79 9.59946921957934e+37
2351.4 9.596516815507238e+37
2352.01 9.585227804572765e+37
2352.62 9.592627472844242e+37
2353.23 9.557241861149501e+37
2353.84 9.58897609506236e+37
2354.45 9.487757330624465e+37
2355.06 9.564944453468747e+37
2355.67 9.559406802686558e+37
2356.28 9.562851108072401e+37
2356.89 9.550533463140533e+37
2357.5 9.541290001653978e+37
2358.12 9.526141089093153e+37
2358.73 9.520428413543979e+37
2359.34 9.509712968462628e+37
2359.95 9.485459300444472e+37
2360.56 9.485618817437337e+37
2361.17 9.469939037766159e+37
2361.78 9.46763214130094e+37
2362.4 9.452140300089405e+37
2363.01 9.44050375533696e+37
2363.62 9.430919735274617e+37
2364.24 9.41230198232221e+37
2364.85 9.416122447152205e+37
2365.46 9.38118336292472e+37
2366.07 9.396176083942337e+37
2366.69 9.344818252531045e+37
2367.3 9.373464232926275e+37
2367.91 9.389735530627453e+37
2368.53 9.385379348452538e+37
2369.14 9.37951775950215e+37
2369.76 9.373874716116754e+37
2370.37 9.370162550881111e+37
2370.98 9.364087821621541e+37
2371.6 9.256326322655545e+37
2372.21 9.355792771243203e+37
2372.83 9.350396090313225e+37
2373.44 9.344140160694108e+37
2374.06 9.340229092150985e+37
2374.67 9.137230005173327e+37
2375.29 9.32856548876332e+37
2375.91 9.283952207016198e+37
2376.52 9.305385945717864e+37
2377.14 9.21431535086189e+37
2377.75 9.28922707857538e+37
2378.37 9.278692772828882e+37
2378.99 9.26794393599088e+37
2379.6 9.257164169254983e+37
2380.22 9.246574584319588e+37
2380.83 9.232133094714583e+37
2381.45 9.19317746962015e+37
2382.07 9.214997794555594e+37
2382.69 9.150959384013555e+37
2383.3 9.190299716723462e+37
2383.92 9.153452813841292e+37
2384.54 9.168649525139095e+37
2385.16 9.111811157488616e+37
2385.78 9.144436875254197e+37
2386.4 8.85981209895301e+37
2387.01 8.711024285615126e+37
2387.63 9.157561676849988e+37
2388.25 9.156762535636846e+37
2388.87 9.155091038661595e+37
2389.49 9.138027721520494e+37
2390.11 9.120762482933836e+37
2390.73 9.15279647218175e+37
2391.35 9.151000612006707e+37
2391.97 9.147472361083824e+37
2392.59 9.148121866322058e+37
2393.21 9.145815793105534e+37
2393.83 9.1451670304586e+37
2394.45 9.122117798151484e+37
2395.07 9.140691127691244e+37
2395.69 9.128718684248106e+37
2396.31 9.068021363653245e+37
2396.93 9.111692120891607e+37
2397.55 9.079972124746297e+37
2398.17 9.09157737950113e+37
2398.79 8.802977653385327e+37
2399.42 9.066930199688633e+37
2400.04 9.015517067771768e+37
2400.66 9.03531163653987e+37
2401.28 9.042509711223723e+37
2401.91 9.032125334994764e+37
2402.53 8.985046410996142e+37
2403.15 8.923215094390764e+37
2403.77 9.002644251505645e+37
2404.4 8.941762898319601e+37
2405.02 8.978318824375765e+37
2405.64 8.92454855992167e+37
2406.27 8.97301470515723e+37
2406.89 8.96600085371644e+37
2407.51 8.944000191581025e+37
2408.14 8.95113067088199e+37
2408.76 8.938584203651393e+37
2409.39 8.943254815922078e+37
2410.01 8.89764057658184e+37
2410.64 8.935177735782508e+37
2411.26 8.881863582265383e+37
2411.89 8.895670097083865e+37
2412.51 8.91868175680455e+37
2413.14 8.91333099189809e+37
2413.76 8.907366566904674e+37
2414.39 8.878384542648846e+37
2415.01 8.897475586146735e+37
2415.64 8.893770188940893e+37
2416.26 8.891278700795405e+37
2416.89 8.862354517213528e+37
2417.52 8.883873148714813e+37
2418.14 8.88199680878496e+37
2418.77 8.878493589232751e+37
2419.4 8.566576601856201e+37
2420.02 8.872496456869157e+37
2420.65 8.867987396885824e+37
2421.28 8.860638181637773e+37
2421.91 8.85862868464597e+37
2422.53 8.858799134207037e+37
2423.16 8.854011641800837e+37
2423.79 8.850122536783297e+37
2424.42 8.825792045903075e+37
2425.05 8.838775507268213e+37
2425.68 8.835463764193521e+37
2426.3 8.824249742494143e+37
2426.93 8.81413753502194e+37
2427.56 8.803980864437024e+37
2428.19 8.793262389764475e+37
2428.82 8.782141791032148e+37
2429.45 8.752381025046467e+37
2430.08 8.753950798495472e+37
2430.71 8.740635009265296e+37
2431.34 8.739482649691758e+37
2431.97 8.694301950141068e+37
2432.6 8.718127328298456e+37
2433.23 8.706955103194488e+37
2433.86 8.668507817750694e+37
2434.49 8.685368782511152e+37
2435.12 8.67200061173471e+37
2435.75 8.659459516843483e+37
2436.39 8.672731857346414e+37
2437.02 8.668525883307582e+37
2437.65 8.668292812995417e+37
2438.28 8.664075247770947e+37
2438.91 8.339044556958856e+37
2439.54 8.66320734269265e+37
2440.18 8.656831619898027e+37
2440.81 8.615643771138708e+37
2441.44 8.650816946740342e+37
2442.07 8.652567380159748e+37
2442.71 8.653713552151679e+37
2443.34 8.651491533468483e+37
2443.97 8.637982956882281e+37
2444.61 8.647270022270477e+37
2445.24 8.603172591639008e+37
2445.88 8.63216604039457e+37
2446.51 8.62105964032137e+37
2447.14 8.619444534455277e+37
2447.78 8.609154347019756e+37
2448.41 8.608920932223238e+37
2449.05 8.547765930988952e+37
2449.68 8.604365520020377e+37
2450.32 8.532956316516332e+37
2450.95 8.587916166777433e+37
2451.59 8.587104874325216e+37
2452.22 8.581160415474174e+37
2452.86 8.575631745061764e+37
2453.49 8.57010048440736e+37
2454.13 8.56436851818043e+37
2454.76 8.55708494262549e+37
2455.4 8.542959706065663e+37
2456.04 8.542931674324603e+37
2456.67 8.532729147101938e+37
2457.31 8.512202041188358e+37
2457.95 8.519392746396576e+37
2458.58 8.509796821017852e+37
2459.22 8.503341944431058e+37
2459.86 8.491637930678209e+37
2460.5 8.481891644964663e+37
2461.14 8.468462323981742e+37
2461.77 8.358370410520607e+37
2462.41 8.459677965463647e+37
2463.05 8.453455615802611e+37
2463.69 8.389955473724834e+37
2464.33 8.439089119287196e+37
2464.96 8.430944547576728e+37
2465.6 8.413344734057277e+37
2466.24 8.416597251151426e+37
2466.88 8.409057446090165e+37
2467.52 8.386525630345958e+37
2468.16 8.395345501662049e+37
2468.8 8.385710853630941e+37
2469.44 8.380882041008226e+37
2470.08 8.372991994326512e+37
2470.72 8.3664487704620005e+37
2471.36 8.347267114318784e+37
2472.0 8.35145033498949e+37
2472.64 8.343015774339587e+37
2473.28 8.312086482998482e+37
2473.92 8.328456343006999e+37
2474.56 8.323853141132316e+37
2475.21 8.318114030361307e+37
2475.85 8.309906079651331e+37
2476.49 8.3127405381196905e+37
2477.13 8.309863413719807e+37
2477.77 8.307942304427107e+37
2478.42 8.304905086152608e+37
2479.06 8.301421943545714e+37
2479.7 8.300259215845863e+37
2480.34 8.297577756842779e+37
2480.99 8.284455174473733e+37
2481.63 8.251663390214414e+37
2482.27 8.223900762370666e+37
2482.92 8.271313446801755e+37
2483.56 8.2830507116198905e+37
2484.2 8.279047758833211e+37
2484.85 8.27579011983371e+37
2485.49 8.26988356381405e+37
2486.14 8.259452840482315e+37
2486.78 8.248272416904956e+37
2487.42 8.237118269549755e+37
2488.07 8.22409298885563e+37
2488.71 8.182913102603451e+37
2489.36 8.20298445480455e+37
2490.0 8.191884133874193e+37
2490.65 8.176684141631451e+37
2491.29 8.16879185187909e+37
2491.94 8.157357265489024e+37
2492.59 8.146138071796758e+37
2493.23 8.129527085195685e+37
2493.88 8.096750085887443e+37
2494.52 8.108368227214918e+37
2495.17 8.104739887858194e+37
2495.82 8.105660020547811e+37
2496.47 8.105641216020139e+37
2497.11 8.106732874636143e+37
2497.76 8.088557385299183e+37
2498.41 8.107672477045408e+37
2499.05 8.102475005765704e+37
2499.7 8.085750548347572e+37
