WAVE FLUX
1000.04 6.007178023962836e+38
1000.53 3.705845451861326e+38
1001.02 1.9995915226005237e+38
1001.51 5.641091531125316e+38
1002.01 4.384243771711969e+38
1002.5 3.8406607293033274e+38
1002.99 3.867015447160201e+38
1003.48 6.0216806859181954e+38
1003.97 5.724101032201106e+38
1004.46 5.989316061876173e+38
1004.96 5.9316108616751246e+38
1005.45 2.4169233384571905e+38
1005.94 1.3152466685814083e+38
1006.43 5.486407110136647e+38
1006.93 2.3847966945344797e+38
1007.42 5.758683331253691e+38
1007.92 4.9072489247592035e+38
1008.41 5.1612508619413615e+38
1008.91 2.442844213862487e+38
1009.4 5.669632909905295e+38
1009.9 1.204702836775065e+38
1010.39 1.8025278535056467e+38
1010.89 5.832580566554473e+38
1011.38 5.3238719397519766e+38
1011.88 5.759505267003683e+38
1012.37 1.4174933921499745e+38
1012.87 2.430927746887176e+38
1013.37 5.69376528428483e+38
1013.86 5.638369130282873e+38
1014.36 5.68648007898545e+38
1014.86 5.176856505435911e+38
1015.36 5.6507341387786716e+38
1015.85 3.9176720247107384e+38
1016.35 3.0133630359593556e+38
1016.85 5.6033229885505666e+38
1017.35 3.0160593951275005e+38
1017.85 4.705949293330701e+38
1018.35 1.1100729739377688e+38
1018.85 5.675929491773701e+38
1019.35 3.789008387123957e+38
1019.85 1.278426826043716e+38
1020.35 4.759263213625808e+38
1020.85 5.385487956650327e+38
1021.35 4.756215209118846e+38
1021.85 5.377675302491464e+38
1022.35 5.888100681740791e+38
1022.85 1.576704058472623e+38
1023.35 5.666319923801566e+38
1023.85 4.920924637117846e+38
1024.35 4.5949038725259455e+38
1024.86 4.316796468326059e+38
1025.36 1.9947139381446557e+38
1025.86 2.381540588026589e+37
1026.37 1.8844290037360417e+38
1026.87 1.3626746158000342e+38
1027.37 3.827627009024811e+38
1027.88 4.322720438005479e+38
1028.38 3.1550847269213867e+38
1028.89 4.458030156331308e+38
1029.39 3.790412166012567e+38
1029.9 1.2274383818404144e+38
1030.4 2.7285667116769013e+38
1030.91 1.1740066376267802e+38
1031.41 2.174087407580142e+38
1031.92 3.3737276096510335e+38
1032.42 2.4425351264232335e+38
1032.93 4.368934342724694e+38
1033.44 2.724671356867077e+38
1033.94 1.2350737317524898e+38
1034.45 2.917741269137872e+38
1034.96 2.9875793477909385e+38
1035.46 1.0867298069641609e+38
1035.97 2.9026164929637356e+38
1036.48 2.958751201694603e+38
1036.99 1.4426958874436361e+38
1037.5 2.2658993701573287e+38
1038.01 3.1611430888837258e+38
1038.51 5.6479127086882725e+38
1039.02 4.74346153534435e+38
1039.53 3.3700359360193137e+38
1040.04 4.120974753464019e+38
1040.55 4.038461163579276e+38
1041.06 5.83410608762515e+38
1041.57 4.3675555799586136e+38
1042.08 5.573260539690627e+38
1042.59 5.094591977481683e+38
1043.11 5.7707885559597146e+38
1043.62 5.645238886228502e+38
1044.13 5.695775551735069e+38
1044.64 5.28433537593793e+38
1045.15 4.7094665279412925e+38
1045.67 5.168877305928681e+38
1046.18 4.936106537125749e+38
1046.69 5.477642758193524e+38
1047.2 5.476989059685556e+38
1047.72 5.571585836013215e+38
1048.23 5.551156883295911e+38
1048.75 5.653002613877117e+38
1049.26 5.4496112101628074e+38
1049.78 4.6735651999916144e+38
1050.29 5.3997893622894584e+38
1050.81 4.3499854870703545e+38
1051.32 3.0449313806645315e+38
1051.83 5.4261222970594425e+38
1052.35 4.587004718110401e+38
1052.87 4.293632254511825e+38
1053.38 5.2903683421210394e+38
1053.9 5.496440686247222e+38
1054.42 5.529114018142936e+38
1054.93 5.579189723608406e+38
1055.45 1.4410833144791837e+38
1055.97 4.56338203681356e+38
1056.49 5.395577663123272e+38
1057.01 5.3504602504455036e+38
1057.52 3.657212373177232e+38
1058.04 5.44885016539273e+38
1058.56 2.6883955752643082e+38
1059.08 3.6025321741897766e+38
1059.6 5.305424633599079e+38
1060.12 3.02528838698562e+38
1060.64 4.648428919550644e+38
1061.16 1.2434590756234002e+38
1061.68 1.0681452526353185e+38
1062.2 3.503279448648858e+38
1062.72 1.1280148614785364e+38
1063.24 2.012402898982481e+38
1063.76 5.2824534888295436e+38
1064.28 4.026853614327508e+38
1064.81 5.3137183305516714e+38
1065.33 5.34508163068016e+38
1065.85 1.6667259513352008e+38
1066.37 4.303556109339994e+38
1066.9 5.4188778293517066e+38
1067.42 3.896612545226631e+38
1067.94 3.564390092720961e+38
1068.47 4.2685442485894e+38
1068.99 1.128265045083519e+38
1069.52 2.6646546647623222e+38
1070.04 4.6058263251000624e+38
1070.56 1.3018215351592145e+38
1071.09 5.01637992666568e+38
1071.61 5.232867897936382e+38
1072.14 3.515577492009188e+38
1072.67 4.398882507753046e+38
1073.19 4.791565925104141e+38
1073.72 3.3550994547511472e+38
1074.24 3.9940996651577155e+38
1074.77 4.985798763081242e+38
1075.3 4.310199627517666e+38
1075.82 5.073107618871573e+38
1076.35 5.005073067845139e+38
1076.88 5.1629476672409425e+38
1077.41 5.226407385206531e+38
1077.94 3.258046758267309e+38
1078.47 5.206622836237058e+38
1078.99 5.0724184197197844e+38
1079.52 2.901536036525747e+38
1080.05 5.0657722290801705e+38
1080.58 5.117968240165872e+38
1081.11 5.05952970783982e+38
1081.64 5.168264733220275e+38
1082.17 5.180818868933377e+38
1082.7 4.858209874062137e+38
1083.23 1.4187171602073759e+38
1083.77 4.088790145065691e+38
1084.3 4.614147338572937e+38
1084.83 2.217614917315567e+38
1085.36 4.2269164067099254e+38
1085.89 4.077858459493881e+38
1086.43 3.406693300089569e+38
1086.96 4.775594202900125e+38
1087.49 4.925625046056274e+38
1088.02 1.9500313470104216e+38
1088.56 3.9356507608243905e+38
1089.09 1.239734512005375e+38
1089.63 9.950553485750875e+37
1090.16 2.91130997426021e+38
1090.69 4.459451859958906e+38
1091.23 4.907935276194798e+38
1091.77 3.803618859256896e+38
1092.3 4.102535566474499e+38
1092.84 4.594055545679237e+38
1093.37 2.0630581595707044e+38
1093.91 5.1271172879269266e+38
1094.44 4.833859535811079e+38
1094.98 5.083663881918367e+38
1095.52 1.2403401775752145e+38
1096.06 3.4415489367553565e+38
1096.59 9.893020000991341e+37
1097.13 5.004995297443189e+38
1097.67 1.1075068447046967e+38
1098.21 1.2050728797205525e+38
1098.74 4.917270383960718e+38
1099.28 4.955407108921166e+38
1099.82 3.949045344523863e+38
1100.36 5.01572813937458e+38
1100.9 5.0780553701043344e+38
1101.44 3.567431146090201e+38
1101.98 4.932673263306226e+38
1102.52 4.9893303120080296e+38
1103.06 3.749422934527422e+38
1103.6 4.1483176886193914e+38
1104.15 1.4007464961968402e+38
1104.69 4.071353150594234e+38
1105.23 4.8283158942720536e+38
1105.77 4.2945124757064454e+38
1106.31 4.8736557891709844e+38
1106.85 4.017716780747246e+38
1107.4 3.773106656257159e+38
1107.94 3.0889868441407836e+38
1108.48 6.474952106808294e+37
1109.03 4.0651896778908464e+38
1109.57 4.3466835331680146e+38
1110.11 3.435690745786792e+38
1110.66 4.70209990860384e+38
1111.2 3.3944771050439623e+38
1111.75 4.6591137140211895e+38
1112.29 3.1070348097519005e+38
1112.84 4.7661605707387775e+38
1113.39 4.810223420842333e+38
1113.93 4.300914268596256e+38
1114.48 4.382898638890786e+38
1115.02 4.511897976506119e+38
1115.57 4.639218589393569e+38
1116.12 3.872108052948002e+38
1116.67 1.9989477222274176e+38
1117.21 3.2366737216083388e+38
1117.76 4.528220516227692e+38
1118.31 4.32508931639379e+38
1118.86 4.901959817411446e+38
1119.41 1.864005258530262e+38
1119.95 4.8903919289097014e+38
1120.5 4.893280676002578e+38
1121.05 3.918457917859316e+38
1121.6 4.68654631259607e+38
1122.15 4.622289765992497e+38
1122.7 4.7837718671235535e+38
1123.25 4.720748483227116e+38
1123.8 1.1940937791477036e+38
1124.36 3.978471447114215e+38
1124.91 9.633613185155958e+37
1125.46 4.430635823346933e+38
1126.01 4.4771021658660086e+38
1126.56 4.152324789180445e+38
1127.11 3.496686548664932e+38
1127.67 3.5817378439501416e+38
1128.22 7.883437611623811e+37
1128.77 7.593998192814629e+37
1129.33 3.892982354563335e+38
1129.88 2.3965149900561506e+38
1130.44 7.632105127767288e+37
1130.99 4.520470616052355e+38
1131.54 4.60348457832838e+38
1132.1 4.8021620052227764e+38
1132.65 4.561700244935525e+38
1133.21 4.585618984502407e+38
1133.77 4.556305048571067e+38
1134.32 3.755312037466084e+38
1134.88 3.0258329716306356e+38
1135.43 4.285899133372828e+38
1135.99 4.6462739986167586e+38
1136.55 4.2806764012005314e+38
1137.1 4.443778860715014e+38
1137.66 4.503439803475062e+38
1138.22 4.554440775450935e+38
1138.78 4.1909824052911314e+38
1139.34 9.24575824245017e+37
1139.9 1.3788000303203971e+38
1140.45 3.916708338999651e+38
1141.01 4.5681290468564864e+38
1141.57 1.0308542170035463e+38
1142.13 4.634552352508581e+38
1142.69 4.6586938832079996e+38
1143.25 4.4923127021579046e+38
1143.81 4.103860669602429e+38
1144.38 1.1997282379266943e+38
1144.94 1.0654170288597875e+38
1145.5 4.6235966557783785e+38
1146.06 4.632120457013488e+38
1146.62 4.536948640892472e+38
1147.18 4.255223027942417e+38
1147.75 4.387089948581097e+38
1148.31 4.34740718466185e+38
1148.87 4.222938288278997e+38
1149.44 4.620063259203755e+38
1150.0 3.565701621442458e+38
1150.0 3.565701621442458e+38
1150.3 4.1816597220607814e+38
1150.6 4.585598488961973e+38
1150.89 2.6415533530481945e+38
1151.19 3.1601385096436782e+38
1151.49 4.623565536613262e+38
1151.79 4.582925094584852e+38
1152.09 4.473466287525808e+38
1152.39 4.469847424671521e+38
1152.69 3.337560611411673e+38
1152.98 4.2833649132220904e+38
1153.28 4.272170265675917e+38
1153.58 3.421982591427551e+38
1153.88 2.4526005957561905e+38
1154.18 2.996491968219165e+38
1154.48 4.331671078391763e+38
1154.78 4.236644362938348e+38
1155.08 2.9982711202481258e+38
1155.38 3.310978056345445e+38
1155.68 4.385755529737542e+38
1155.98 1.2188702283000874e+38
1156.28 4.3552825084181836e+38
1156.57 3.7095461025793666e+38
1156.88 4.060549451389947e+38
1157.18 3.79857232836697e+38
1157.47 3.978787320541481e+38
1157.78 4.101682039906529e+38
1158.07 1.1331930562226642e+38
1158.38 4.224748475630886e+38
1158.68 4.0934585506045056e+38
1158.97 3.138433409678671e+38
1159.28 3.659571037912937e+38
1159.58 2.3552821034136342e+38
1159.88 4.417262701440147e+38
1160.18 2.5847960144004866e+38
1160.48 4.479559088380875e+38
1160.78 4.024342014148191e+38
1161.08 4.5023270548303646e+38
1161.38 3.557995989555735e+38
1161.68 4.102758317326584e+38
1161.98 3.781815387042552e+38
1162.28 4.398102841368113e+38
1162.58 4.4823087033801685e+38
1162.89 4.407511926922397e+38
1163.19 2.359833691413083e+38
1163.49 4.3504659159243085e+38
1163.79 1.9661318076508597e+38
1164.09 4.292180452431819e+38
1164.39 3.478746780131868e+38
1164.7 2.9029642887219715e+38
1165.0 2.04483687997554e+38
1165.3 4.201726762743478e+38
1165.6 2.71690018135955e+38
1165.9 2.2883260388418993e+38
1166.21 4.230860400049191e+38
1166.51 4.117746619632172e+38
1166.81 1.0011108060929124e+38
1167.11 3.982651251235017e+38
1167.42 2.5917212912937196e+38
1167.72 3.874225947498304e+38
1168.02 3.7528390401987065e+38
1168.32 3.989074788986513e+38
1168.63 4.1848873723664554e+38
1168.93 3.3720266618616842e+38
1169.23 4.151234657397202e+38
1169.54 4.1929106762941324e+38
1169.84 4.220755205756552e+38
1170.14 2.563675096863515e+38
1170.44 2.5452911169316994e+38
1170.75 3.5333727752767904e+38
1171.05 1.7110581911791173e+38
1171.35 4.181462652655575e+38
1171.66 2.967349579710556e+38
1171.96 2.164529684069295e+38
1172.27 4.167453503189908e+38
1172.57 3.5297869143399485e+38
1172.87 2.1920579255092992e+38
1173.18 4.056636849459564e+38
1173.48 2.8088030495556915e+38
1173.79 3.6916054887630484e+38
1174.09 3.3836203904818563e+38
1174.4 3.727250301881158e+38
1174.7 3.1026568020516176e+38
1175.0 1.4699631006499964e+38
1175.31 1.4949762236637777e+38
1175.61 1.4931839237807997e+38
1175.92 1.5416990463459338e+38
1176.22 1.3774907426852334e+38
1176.53 2.116720289542156e+38
1176.83 4.100073177780737e+38
1177.14 4.162931881863882e+38
1177.44 3.815856548100782e+38
1177.75 3.452499706949694e+38
1178.05 3.638876546006212e+38
1178.36 2.9237281089042565e+38
1178.66 4.114376789680325e+38
1178.97 4.00735867659537e+38
1179.27 3.865456688617396e+38
1179.58 4.266030957927437e+38
1179.89 2.933600570153479e+38
1180.19 4.297137383332083e+38
1180.5 2.864483266073442e+38
1180.8 2.898027580853456e+38
1181.11 4.333909472107911e+38
1181.42 2.9504885359306274e+38
1181.72 2.4854055030345697e+38
1182.03 4.3212712827595216e+38
1182.33 4.310277194074426e+38
1182.64 4.234385112016264e+38
1182.95 1.34674309331307e+38
1183.25 3.4025559979538663e+38
1183.56 3.734163880298229e+38
1183.87 3.2629281463706073e+38
1184.17 3.208654719033383e+38
1184.48 1.1942169979882662e+38
1184.79 1.4437553081576982e+38
1185.09 4.3044443739972074e+38
1185.4 2.531976995759532e+38
1185.71 4.091457268642948e+38
1186.02 4.0915901634598385e+38
1186.32 4.2860077655007575e+38
1186.63 2.7975396740415457e+38
1186.94 3.9051741411818354e+38
1187.25 4.208359082197945e+38
1187.56 4.106596352269294e+38
1187.86 4.211861545346169e+38
1188.17 4.208293206692165e+38
1188.48 3.871094516143907e+38
1188.79 4.1633058907692585e+38
1189.09 4.095306391149616e+38
1189.4 3.652919503668218e+38
1189.71 4.134617109891019e+38
1190.02 4.0304092703971066e+38
1190.33 3.862459126327999e+38
1190.64 4.137611657620282e+38
1190.94 3.925922294837143e+38
1191.25 1.7011411415139162e+38
1191.56 4.1357038103564785e+38
1191.87 4.108187327024428e+38
1192.18 4.019264523475522e+38
1192.49 3.952305099598109e+38
1192.8 3.2173301694410923e+38
1193.11 2.7915767328500115e+38
1193.42 3.9017355162226814e+38
1193.73 3.2360977134245917e+38
1194.04 3.2589040904397048e+38
1194.34 2.9282273560584208e+38
1194.65 4.161556778447312e+38
1194.96 4.1793173480348e+38
1195.27 3.577022459239888e+38
1195.58 4.0674202600747425e+38
1195.89 4.0560465165609605e+38
1196.2 2.490005020173327e+38
1196.51 3.95704962714002e+38
1196.82 3.800898560460726e+38
1197.13 3.79286553114786e+38
1197.44 3.6050724972655845e+38
1197.75 3.9407396018579806e+38
1198.06 3.962552227777307e+38
1198.38 3.3765342428578373e+38
1198.69 3.941796972243101e+38
1199.0 3.7998262612539724e+38
1199.31 4.010957838881733e+38
1199.62 4.023553147763006e+38
1199.93 4.059718191773634e+38
1200.24 3.9340346704995305e+38
1200.55 3.4074108537189895e+38
1200.86 2.124587837067795e+38
1201.17 3.9848283582457816e+38
1201.48 2.769310950262717e+38
1201.8 2.63239041071841e+38
1202.11 9.364945492201766e+37
1202.42 3.767419110717195e+38
1202.73 4.009988241014459e+38
1203.04 3.633137962671455e+38
1203.35 3.95654160304353e+38
1203.67 3.977687534550889e+38
1203.98 4.1020216910719505e+38
1204.29 4.061376562114394e+38
1204.6 4.061460021215734e+38
1204.92 2.986977135532494e+38
1205.23 4.006455554431944e+38
1205.54 3.946891526389225e+38
1205.85 3.901204952944216e+38
1206.16 3.520316996180031e+38
1206.48 3.6335336490138417e+37
1206.79 3.7051211982339435e+38
1207.1 3.3307363522597363e+38
1207.42 2.8880593548985846e+38
1207.73 3.9654268656779184e+38
1208.04 3.2955848380820103e+38
1208.35 3.2053639023142824e+38
1208.67 3.212828186180786e+38
1208.98 4.0419217748896134e+38
1209.29 3.698472006500547e+38
1209.61 3.965540867954654e+38
1209.92 3.8708519317764326e+38
1210.23 3.929597162711233e+38
1210.55 1.9726178162050535e+38
1210.86 3.890798484485033e+38
1211.18 2.830543634971738e+38
1211.49 3.852963574838966e+38
1211.8 3.467339155545391e+38
1212.12 3.5854620996817556e+38
1212.43 3.848462341802686e+38
1212.75 3.825015989600359e+38
1213.06 3.730106615786307e+38
1213.38 3.8532625839370296e+38
1213.69 2.5539144697485694e+38
1214.0 3.031875375819204e+38
1214.32 3.889973613404577e+38
1214.63 2.2110856386054125e+38
1214.95 3.923107250991211e+38
1215.26 1.832424240947366e+38
1215.58 7.80807026393492e+37
1215.89 4.280357971039138e+37
1216.21 4.00224660564524e+38
1216.52 3.994951228760586e+38
1216.84 2.357954047310071e+38
1217.15 1.942206800372429e+38
1217.47 3.929355589572352e+38
1217.79 1.6286861887414299e+38
1218.1 3.9634701023328454e+38
1218.42 3.0822248150366495e+38
1218.73 1.6627081224537183e+38
1219.05 3.9559577197556194e+38
1219.36 3.969693220583868e+38
1219.68 3.975580359992472e+38
1220.0 2.09215268044762e+38
1220.31 3.929592420266281e+38
1220.63 3.760521702464372e+38
1220.94 1.9358552293490092e+38
1221.26 1.4865292321380377e+38
1221.58 3.9021425765642994e+38
1221.9 2.156815179749551e+38
1222.21 2.6881474565861278e+38
1222.53 3.50016221870322e+38
1222.84 3.7602888458940225e+38
1223.16 1.5957566468362073e+38
1223.48 3.7658635677855754e+38
1223.8 1.3797881790856276e+38
1224.11 3.50185700327366e+38
1224.43 3.8216861652136316e+38
1224.75 3.833160951600334e+38
1225.06 3.7813000549150914e+38
1225.38 3.582212699825067e+38
1225.7 3.4389073179163225e+38
1226.02 1.1487004457024579e+38
1226.34 3.93313324722878e+38
1226.65 3.911112028814209e+38
1226.97 3.887776547481782e+38
1227.29 3.094789667916657e+38
1227.61 3.8963800982692455e+38
1227.93 3.7836218679187766e+38
1228.24 3.355442845870608e+38
1228.56 3.717177707231282e+38
1228.88 3.842978258465644e+38
1229.2 3.6318259861504954e+38
1229.52 2.2514566294315717e+38
1229.84 2.12434796920686e+38
1230.16 3.3139218507631814e+38
1230.47 3.2456726594065946e+38
1230.79 1.9770822608578803e+38
1231.11 3.609885082085446e+38
1231.43 3.581069013815796e+38
1231.75 3.622675939626548e+38
1232.07 3.6319236986510345e+38
1232.39 3.414915459162676e+38
1232.71 3.58607376774174e+38
1233.03 2.639550412139822e+38
1233.35 3.1511254522017195e+38
1233.67 3.4940708747626875e+38
1233.99 3.403817433215364e+38
1234.31 3.486120777018761e+38
1234.63 3.2299634040045665e+38
1234.95 3.449671859099232e+38
1235.27 2.9987776237226092e+38
1235.59 3.4090545013062045e+38
1235.91 3.3598559456472667e+38
1236.23 2.2379889726651754e+38
1236.55 3.3552404422248628e+38
1236.87 3.2678775784589674e+38
1237.19 2.7247792490625106e+38
1237.51 3.3653871787627587e+38
1237.83 3.4026438182407277e+38
1238.15 3.455159846160573e+38
1238.47 2.8534490132551037e+38
1238.79 3.449687540310523e+38
1239.11 3.9404782014569195e+38
1239.44 3.7802114757861586e+38
1239.76 3.8039316509876245e+38
1240.08 3.7462782890776746e+38
1240.4 3.613884391354335e+38
1240.72 3.610387438844947e+38
1241.04 3.585117736964713e+38
1241.36 3.621821184920185e+38
1241.69 3.591143368955123e+38
1242.01 3.670274649672799e+38
1242.33 3.468808007495241e+38
1242.65 3.815245990942471e+38
1242.97 4.2245714548180925e+38
1243.3 3.495086146175853e+38
1243.62 4.1681150032510896e+38
1243.94 3.85905002211174e+38
1244.26 3.991074411553486e+38
1244.58 4.0458061865648866e+38
1244.91 4.01796102966137e+38
1245.23 3.1129820243312334e+38
1245.55 3.746247825891489e+38
1245.88 3.8089434221526506e+38
1246.2 2.7246597963976052e+38
1246.52 3.292446006254782e+38
1246.84 3.651791606540293e+38
1247.17 3.402574345136622e+38
1247.49 6.189879835966631e+37
1247.81 1.50579577926848e+38
1248.14 3.421175375260864e+38
1248.46 2.91548933772059e+38
1248.79 3.7265534826701075e+38
1249.11 3.803983983436176e+38
1249.43 3.773810415772415e+38
1249.76 3.81083344306521e+38
1250.08 3.742843788069136e+38
1250.4 3.577255832695381e+38
1250.73 3.5903004234734184e+38
1251.05 3.635745495881268e+38
1251.38 3.3890029501514882e+38
1251.7 3.191578664277111e+38
1252.03 3.641835380837555e+38
1252.35 3.685782601544322e+38
1252.68 2.930331868714771e+38
1253.0 3.643399402350732e+38
1253.32 3.6296254891405e+38
1253.65 2.618784646685541e+38
1253.97 3.430588172224448e+38
1254.3 3.6716356560181e+38
1254.62 3.5798910920314695e+38
1254.95 2.521581294163659e+38
1255.27 1.970659892043802e+38
1255.6 3.7040421951523844e+38
1255.93 3.6945671281261935e+38
1256.25 3.739281735544022e+38
1256.58 2.183696795971435e+38
1256.9 3.3423140804772963e+38
1257.23 3.406342798471078e+38
1257.55 3.405591659775534e+38
1257.88 2.9294913398387347e+38
1258.2 3.74689944466056e+38
1258.53 1.3117691693348968e+38
1258.86 2.335443404341629e+38
1259.18 3.6636311049385654e+38
1259.51 3.3103301365319626e+38
1259.84 3.3404591679377505e+38
1260.16 3.706969771973514e+38
1260.49 3.5135097633912054e+38
1260.82 3.62299540609015e+38
1261.14 3.676139326208279e+38
1261.47 3.680922189629275e+38
1261.8 3.3390369599525795e+38
1262.12 3.628096822590088e+38
1262.45 3.651580514348404e+38
1262.78 3.696226983242281e+38
1263.11 3.609872194999497e+38
1263.43 3.657989784468323e+38
1263.76 3.6056441487405424e+38
1264.09 3.663349523738414e+38
1264.42 3.623452853009505e+38
1264.74 3.569431113666952e+38
1265.07 3.348997536837408e+38
1265.4 2.1574128406932654e+38
1265.73 3.377797897863512e+38
1266.06 3.4220619057807505e+38
1266.38 3.532673610857427e+38
1266.71 2.7462120676131634e+38
1267.04 3.404242599485601e+38
1267.37 3.538946833300888e+38
1267.7 3.46035881656208e+38
1268.03 3.072118993200418e+38
1268.35 3.654737569912767e+38
1268.68 3.3674829152210473e+38
1269.01 1.6664973147064853e+38
1269.34 3.641721844517981e+38
1269.67 3.3607576519691172e+38
1270.0 2.6597687923505248e+38
1270.33 3.624051589599126e+38
1270.66 2.436052667546522e+38
1270.99 3.564560683273763e+38
1271.32 3.628746866770824e+38
1271.65 3.652403822206017e+38
1271.97 3.572164740431861e+38
1272.31 3.644713413627848e+38
1272.63 2.7851802534338407e+38
1272.96 3.5357946354784375e+38
1273.29 3.409493125867848e+38
1273.62 2.0683286984527704e+38
1273.95 3.632371351509993e+38
1274.28 3.60558129127085e+38
1274.61 3.6007864802340884e+38
1274.94 3.632067978788854e+38
1275.28 3.643958915485646e+38
1275.61 3.6479173271580275e+38
1275.94 3.3082047688181006e+38
1276.27 3.648953967262037e+38
1276.6 3.6328376834214936e+38
1276.93 3.330357165064863e+38
1277.26 3.60376031885321e+38
1277.59 3.4456957020540235e+38
1277.92 3.6110833757791026e+38
1278.25 3.6460457042014274e+38
1278.58 3.644250491371753e+38
1278.92 1.0951628774558024e+38
1279.25 3.6180541126070916e+38
1279.58 3.45892440959942e+38
1279.91 3.2699180282610016e+38
1280.24 3.561144247455901e+38
1280.57 3.568486150414444e+38
1280.91 3.6188503805357255e+38
1281.24 3.5550734966782204e+38
1281.57 2.913489496372661e+38
1281.9 3.5275155442179454e+38
1282.23 3.501904900702112e+38
1282.57 3.550310319514827e+38
1282.9 3.5415718867941045e+38
1283.23 3.527378597978654e+38
1283.56 2.4723197143131134e+38
1283.9 3.417935813832139e+38
1284.23 1.3811750721248986e+38
1284.56 3.462741978436465e+38
1284.9 3.49820021250144e+38
1285.23 3.3631317250672257e+38
1285.56 3.454279781390797e+38
1285.9 3.3449126320307826e+38
1286.23 3.3669046475368253e+38
1286.56 2.8005119867198026e+38
1286.9 3.49758017205564e+38
1287.23 3.518923057385124e+38
1287.56 2.342482051967232e+38
1287.9 3.3465703036771358e+38
1288.23 2.899909433571926e+38
1288.56 3.494382525116334e+38
1288.9 3.446041978108012e+38
1289.23 2.6247126098432185e+38
1289.57 3.3751808316861265e+38
1289.9 3.419410647657828e+38
1290.23 3.4415925741686346e+38
1290.57 3.474742478803119e+38
1290.9 3.060259739571914e+38
1291.24 1.2331336614193536e+38
1291.57 1.8848757038202053e+38
1291.91 3.49860495136983e+38
1292.24 3.0884814961419547e+38
1292.58 3.491485386768797e+38
1292.91 3.5100446062772965e+38
1293.25 1.9624009350915166e+38
1293.58 3.3501493712086613e+38
1293.92 2.9823099740086333e+38
1294.25 3.529790126777457e+38
1294.59 6.627239118997105e+37
1294.92 3.477657895454309e+38
1295.26 3.404120351762292e+38
1295.59 3.4288922421509744e+38
1295.93 2.7040469190422274e+38
1296.27 1.5560828049986652e+38
1296.6 1.7677864413842184e+38
1296.94 3.3998589196589033e+38
1297.28 3.4031417811230275e+38
1297.61 3.289507939908173e+38
1297.95 3.272094420027985e+38
1298.28 3.415936919629574e+38
1298.62 2.430633215290948e+38
1298.96 8.729423003901384e+37
1299.29 3.048572384824178e+38
1299.63 3.1392789755653388e+38
1299.97 3.2843012503078468e+38
1300.3 2.5974620923190828e+38
1300.64 3.280810397859837e+38
1300.98 3.174862188735242e+38
1301.32 2.9810029770330898e+38
1301.65 3.3838607999229497e+38
1301.99 3.3768752926086026e+38
1302.33 3.3929518135928585e+38
1302.67 3.405168602631979e+38
1303.0 3.2672740534922206e+38
1303.34 7.173509511839058e+37
1303.68 3.263987705584587e+38
1304.02 3.431411675344845e+38
1304.35 3.3946843690158844e+38
1304.69 3.1057846037017437e+38
1305.03 3.38181726934545e+38
1305.37 1.7132334451894828e+38
1305.71 3.34854959342087e+38
1306.05 2.2227781697198378e+38
1306.38 3.442180996802708e+38
1306.72 3.3993356419874027e+38
1307.06 3.4434221259395725e+38
1307.4 3.1761025108144855e+38
1307.74 3.4179892379031914e+38
1308.08 3.397276328693812e+38
1308.42 3.3705956947967377e+38
1308.76 1.6942294165479064e+38
1309.09 3.376821255269663e+38
1309.43 3.2866683385451664e+38
1309.77 3.1636270280253428e+38
1310.11 2.5213829610304795e+38
1310.45 3.338538936977775e+38
1310.79 3.3352536756945636e+38
1311.13 3.217731170207797e+38
1311.47 3.0852660512617327e+38
1311.81 3.063000193329627e+38
1312.15 3.3000091472018313e+38
1312.49 1.5494987784352048e+38
1312.83 3.303947913949498e+38
1313.17 3.296405470316132e+38
1313.51 3.2978732687560533e+38
1313.85 3.2863277368645377e+38
1314.19 3.2955748378301063e+38
1314.53 3.031128275659085e+38
1314.88 3.2506540499674354e+38
1315.22 3.267117810353041e+38
1315.56 3.17405062694069e+38
1315.9 3.0913005791115226e+38
1316.24 2.3276332879242524e+38
1316.58 3.3171477315494387e+38
1316.92 3.342103599815968e+38
1317.26 3.1555113654163108e+38
1317.6 3.367421221822736e+38
1317.94 3.342861166324427e+38
1318.29 3.226657090715827e+38
1318.63 2.7053689219978952e+38
1318.97 3.34772597320393e+38
1319.31 2.832385486875532e+38
1319.65 2.7428200421255494e+38
1320.0 3.3449000854469105e+38
1320.34 3.1937349481851612e+38
1320.68 3.2844052277241957e+38
1321.02 3.342658329415641e+38
1321.36 2.9485453573692652e+38
1321.71 3.3281109453309432e+38
1322.05 3.3400723779261622e+38
1322.39 3.3597052820893815e+38
1322.74 3.3257967435318654e+38
1323.08 2.8447310809812393e+38
1323.42 3.2991525127940795e+38
1323.76 2.8507828668467295e+38
1324.11 3.122544845195248e+38
1324.45 2.7877618406502787e+38
1324.79 2.6366308041963322e+38
1325.14 3.1507181969944084e+38
1325.48 3.2588051530600946e+38
1325.82 2.902668465827171e+38
1326.17 3.067357377769055e+38
1326.51 3.1760035865438175e+38
1326.85 2.8194734504872294e+38
1327.2 2.305973250761744e+38
1327.54 2.2043746470423255e+38
1327.89 3.251799960989815e+38
1328.23 3.1546694019384165e+38
1328.58 3.115539350278503e+38
1328.92 3.101421714031997e+38
1329.27 3.2790382181051253e+38
1329.61 3.251053576422998e+38
1329.95 2.8817240402495963e+38
1330.3 2.4058911793706646e+38
1330.64 3.1755647554798386e+38
1330.99 3.270156423625374e+38
1331.33 3.1877449315864724e+38
1331.68 3.0557632460697833e+38
1332.02 3.028162724077959e+38
1332.37 2.6134323169586038e+38
1332.71 3.288501634485313e+38
1333.06 3.1368977291516603e+38
1333.41 3.2762499163193013e+38
1333.75 3.243411907611586e+38
1334.1 3.274842206791943e+38
1334.44 3.870381145654729e+37
1334.79 2.1513230854336373e+38
1335.13 2.244708337156579e+38
1335.48 3.2387225820538256e+38
1335.83 4.943858926254316e+37
1336.17 2.333741493706758e+38
1336.52 2.7201181729208796e+38
1336.86 2.9451396953611656e+38
1337.21 3.2507672544436724e+38
1337.56 3.2568580528375674e+38
1337.91 3.1771852477558812e+38
1338.25 3.2540715470729493e+38
1338.6 1.8682251536305703e+38
1338.94 3.2500873100129566e+38
1339.29 3.2524856586365568e+38
1339.64 2.635780661645568e+38
1339.99 3.251736447040881e+38
1340.33 2.8570050873404476e+38
1340.68 3.217498215839185e+38
1341.03 3.217106526960495e+38
1341.38 2.8067111548051406e+38
1341.72 3.2136842290432692e+38
1342.07 3.0971545773335583e+38
1342.42 1.1205020626776228e+38
1342.77 3.1790612965121684e+38
1343.11 2.948310856568447e+38
1343.46 1.8258214842753696e+38
1343.81 3.1648454339936204e+38
1344.16 2.968188072594729e+38
1344.51 3.145196356042661e+38
1344.86 1.9641925609824775e+38
1345.21 3.1295449544590946e+38
1345.55 2.8664052236084254e+38
1345.9 3.08807488204358e+38
1346.25 3.0530311742465716e+38
1346.6 2.8344164269707036e+38
1346.95 3.1145099941598805e+38
1347.3 2.1510999127743697e+38
1347.65 3.033404220510631e+38
1348.0 2.4446482226751526e+38
1348.35 3.2096630084008308e+38
1348.7 3.0861961967090043e+38
1349.05 3.0430988267859525e+38
1349.4 3.1993199889453893e+38
1349.74 3.10188039397161e+38
1350.09 3.134112967851224e+38
1350.44 2.9486636536970314e+38
1350.8 3.183914504092995e+38
1351.15 3.1514743432378246e+38
1351.49 2.8915668646185634e+38
1351.84 3.1630038900327324e+38
1352.2 3.1773077709492157e+38
1352.55 2.5333341882005354e+38
1352.9 3.118859153108638e+38
1353.25 3.075795114815584e+38
1353.6 3.0954172074279935e+38
1353.95 3.1577720710115777e+38
1354.3 2.420736288407921e+38
1354.65 3.0310240898172537e+38
1355.0 3.160584777348922e+38
1355.35 2.1676868275827016e+38
1355.7 3.136054903701478e+38
1356.06 1.4286092956020247e+38
1356.41 2.9554818664545044e+38
1356.76 3.1521325256880077e+38
1357.11 1.7770653374453958e+38
1357.46 3.143406620534079e+38
1357.81 2.4162737767513863e+38
1358.17 3.1321569105882944e+38
1358.52 2.8866905507981486e+38
1358.87 3.0772605734811744e+38
1359.22 2.085172259114001e+38
1359.57 3.07441193440823e+38
1359.93 2.855660461327865e+38
1360.28 2.9982367043211703e+38
1360.63 2.8755691138368926e+38
1360.98 2.9657158432210935e+38
1361.34 2.8184217778111496e+38
1361.69 2.0980170769390647e+38
1362.04 2.8141479854310715e+38
1362.4 2.8582072586648065e+38
1362.75 3.011649725643994e+38
1363.1 2.7427075649452865e+38
1363.46 1.1817124144327682e+38
1363.81 2.706599882052854e+38
1364.16 3.080659214189552e+38
1364.52 3.058474109941951e+38
1364.87 2.4511771424609215e+38
1365.22 2.088548531588185e+38
1365.58 2.7441223936104617e+38
1365.93 2.9251321119932584e+38
1366.29 2.954813558222655e+38
1366.64 3.0565444954087594e+38
1366.99 1.8002904349316117e+38
1367.35 2.9525262366799975e+38
1367.7 3.0425168201678025e+38
1368.06 3.0108879192145664e+38
1368.41 2.9385049436187713e+38
1368.77 3.056505734449792e+38
1369.12 2.9669502043249202e+38
1369.48 2.0344832915113243e+38
1369.83 3.0558566435164848e+38
1370.19 2.992180182660444e+38
1370.54 3.0427420395201124e+38
1370.9 2.852786770308271e+38
1371.25 2.866799725343609e+38
1371.61 1.9765890743278537e+38
1371.96 2.7536126890793724e+38
1372.32 2.9157269655575113e+38
1372.67 2.919808100422181e+38
1373.03 1.5829985317885629e+38
1373.39 2.781495892515343e+38
1373.74 2.602964858399357e+38
1374.1 1.927129263711709e+38
1374.45 2.42470931673179e+38
1374.81 2.0271969383644777e+38
1375.17 2.964546533564982e+38
1375.52 2.2162626874041587e+38
1375.88 2.985642229839562e+38
1376.23 2.706949212650217e+38
1376.59 3.0020410323672502e+38
1376.95 1.791510924356048e+38
1377.31 2.151314504318506e+38
1377.66 2.4777674530820503e+38
1378.02 2.027340414255846e+38
1378.38 2.9106508887654187e+38
1378.73 2.290610614124706e+38
1379.09 2.8050172260865167e+38
1379.45 2.8938382577156713e+38
1379.81 2.95480536954955e+38
1380.16 2.8012414692852635e+38
1380.52 2.5595023973833956e+38
1380.88 2.2942983820169564e+38
1381.24 2.2608208305176597e+38
1381.6 1.9607083408449563e+38
1381.95 3.0111425687704897e+38
1382.31 2.990632260710729e+38
1382.67 2.7074254454140135e+38
1383.03 2.9029358161235268e+38
1383.39 2.895203713949837e+38
1383.75 2.1532303849063037e+38
1384.1 2.433650360699653e+38
1384.46 2.6933892228501278e+38
1384.82 2.5893348773209557e+38
1385.18 2.754406765152599e+38
1385.54 2.6241271970789876e+38
1385.9 1.1911246441482202e+38
1386.26 1.939539653087659e+38
1386.62 2.307267403744893e+38
1386.98 2.5750803195307502e+38
1387.34 1.8791134634478037e+38
1387.7 2.576617603266843e+38
1388.06 2.398699107785494e+38
1388.42 2.5509381052663873e+38
1388.78 2.586821042576454e+38
1389.14 2.5278097498532793e+38
1389.49 2.633263775062418e+38
1389.85 2.651659262553492e+38
1390.21 2.302981709062535e+38
1390.58 2.7303957030544577e+38
1390.94 2.6744283829005233e+38
1391.3 2.7874039865192037e+38
1391.66 2.8063376727303523e+38
1392.02 2.789089256894841e+38
1392.38 1.9276934540871747e+38
1392.74 2.7712708018150824e+38
1393.1 2.339890584662368e+38
1393.46 2.822639333647546e+38
1393.82 1.747139303179245e+38
1394.18 2.541871882809203e+38
1394.55 2.5596093982142883e+38
1394.91 2.586133976302864e+38
1395.27 1.361491639227953e+38
1395.63 2.7137028286099378e+38
1395.99 1.7302967704120028e+38
1396.35 2.6912093109419546e+38
1396.72 2.5843858832984814e+38
1397.08 2.5052180573560084e+38
1397.44 2.293248690121436e+38
1397.8 2.6515318000512174e+38
1398.16 1.2591724393094995e+38
1398.53 2.6603746651372514e+38
1398.89 1.9151018400085266e+38
1399.25 2.8086731874779223e+38
1399.61 2.6401952559119472e+38
1399.98 1.881052106168698e+38
1400.34 2.2996766522565413e+38
1400.7 1.8433450405210618e+38
1401.07 2.3913553365305004e+38
1401.43 2.4417813961084257e+38
1401.79 2.8175861287742992e+38
1402.16 2.8603543425901603e+38
1402.52 2.715954545758682e+38
1402.88 1.3343056658025445e+38
1403.25 1.2020192689626666e+38
1403.61 3.0977346390327084e+38
1403.97 2.9436280530990016e+38
1404.34 3.02402397830046e+38
1404.7 2.9940954720659307e+38
1405.06 2.9168806490807217e+38
1405.43 2.7792763851817507e+38
1405.79 2.8210900565082708e+38
1406.16 2.0751368970935455e+38
1406.52 2.7615200613482043e+38
1406.89 1.2171243664872483e+38
1407.25 2.5533838524230383e+38
1407.62 2.851685006487343e+38
1407.98 2.792429416922162e+38
1408.35 2.8393478169002904e+38
1408.71 1.693525000160675e+38
1409.08 2.4552922566051438e+38
1409.44 2.2861556388028654e+38
1409.81 1.6667387552727764e+38
1410.17 2.034593729197475e+38
1410.54 2.3178181808456364e+38
1410.9 2.7858277770256538e+38
1411.27 2.2556704384627455e+38
1411.64 2.2443318791565173e+38
1412.0 2.3161654635048832e+38
1412.37 2.2353056803490782e+38
1412.73 2.813513287797352e+38
1413.1 2.813218335734038e+38
1413.46 2.808680470711932e+38
1413.83 2.7918996617728527e+38
1414.2 2.1725054961651277e+38
1414.56 1.8394745473525028e+38
1414.93 2.3080296465428986e+38
1415.3 2.739868572676814e+38
1415.67 1.979653943382398e+38
1416.03 2.4913365626559077e+38
1416.4 2.7950587360415802e+38
1416.77 2.7797510117316474e+38
1417.13 1.1913783404149758e+38
1417.5 2.7681778791953575e+38
1417.87 2.005431424372053e+38
1418.23 2.7218871652324037e+38
1418.6 2.3019711448465996e+38
1418.97 2.6080844059013566e+38
1419.34 2.3574313159154717e+38
1419.71 2.408364269857573e+38
1420.07 1.854209260980588e+38
1420.44 1.349326012194413e+38
1420.81 2.73317791022863e+38
1421.18 1.408104448530816e+38
1421.55 2.698280830327895e+38
1421.92 2.62569279465848e+38
1422.28 2.063363482574202e+38
1422.65 1.781622641349991e+38
1423.02 2.679397478660205e+38
1423.39 2.6696839595572572e+38
1423.76 2.6045053603990274e+38
1424.13 2.383474466648967e+38
1424.5 9.564235584157493e+37
1424.87 2.7343970062059357e+38
1425.23 2.7410966823935754e+38
1425.6 2.683101825134235e+38
1425.97 2.1546503458420222e+38
1426.34 1.4221509542095648e+38
1426.71 2.4536963607641485e+38
1427.08 2.738965088318915e+38
1427.45 1.3761279545372827e+38
1427.82 1.505244413122241e+38
1428.19 1.6749017115387114e+38
1428.56 1.8049364487734926e+38
1428.93 1.3336507274388674e+38
1429.3 1.6631165744455319e+38
1429.68 2.715646201011904e+38
1430.05 2.7032166841726234e+38
1430.42 1.4889708437274543e+38
1430.79 2.58584285911683e+38
1431.16 2.681569553673986e+38
1431.53 2.37984857075148e+38
1431.9 2.6613253547774087e+38
1432.27 2.7674380745167068e+38
1432.64 2.7318157944829057e+38
1433.01 2.6244096542263407e+38
1433.38 2.7205613486777664e+38
1433.76 2.0799033258749768e+38
1434.13 2.6849604198818606e+38
1434.5 2.0395054925850668e+38
1434.87 2.698308624374484e+38
1435.24 1.710870471647835e+38
1435.61 2.2506993282071967e+38
1435.99 1.7933831734328624e+38
1436.36 2.6947537552801668e+38
1436.73 1.6453011341861778e+38
1437.1 2.339184874810786e+38
1437.48 2.410136849637373e+38
1437.85 2.3089655487716962e+38
1438.22 2.2098844303892167e+38
1438.59 2.4172127888167832e+38
1438.97 2.520790523567585e+38
1439.34 2.5013046926671343e+38
1439.71 1.6017964544781869e+38
1440.09 2.705196185462588e+38
1440.46 2.1773704515266758e+38
1440.83 2.214325481684269e+38
1441.21 2.0544156421206383e+38
1441.58 2.6867119029860554e+38
1441.95 2.704361674505756e+38
1442.33 2.3294333738568963e+38
1442.7 2.047559885707346e+38
1443.07 2.6839538269135104e+38
1443.45 2.2218679636173353e+38
1443.82 2.7061938828240934e+38
1444.2 2.499616872113966e+38
1444.57 2.6682086547488558e+38
1444.95 1.5579195815836568e+38
1445.32 2.2239121072055003e+38
1445.69 2.5897348692795714e+38
1446.07 2.570907466212175e+38
1446.44 2.4396478926996153e+38
1446.82 1.9758579828088835e+38
1447.19 1.564406652634306e+38
1447.57 2.109426154610952e+38
1447.94 2.655646219723236e+38
1448.32 2.538217816714002e+38
1448.69 2.6279448663492978e+38
1449.07 1.728094407320166e+38
1449.45 2.244196910575803e+38
1449.82 2.0219819842631726e+38
1450.2 2.3561492776466387e+38
1450.57 2.6320324384858313e+38
1450.95 2.2769937913918003e+38
1451.33 2.5175524220146533e+38
1451.7 2.1164612203993692e+38
1452.08 2.4128757874965886e+38
1452.45 1.6906925659895039e+38
1452.83 2.6110709987860825e+38
1453.21 2.596442078658589e+38
1453.58 2.3123453691486473e+38
1453.96 2.155033016757466e+38
1454.34 2.0824912559008882e+38
1454.71 2.4312288265801708e+38
1455.09 2.5645215811056583e+38
1455.47 1.872255999114227e+38
1455.85 2.4816014578972817e+38
1456.22 2.4112164190641554e+38
1456.6 1.856532738125862e+38
1456.98 2.613718523359471e+38
1457.36 1.6335696874408142e+38
1457.73 2.3369160981348322e+38
1458.11 2.387055316187303e+38
1458.49 1.6536059857993906e+38
1458.87 2.4285213157470445e+38
1459.24 1.4106338135360991e+38
1459.62 2.2360788840941826e+38
1460.0 2.53379557266774e+38
1460.38 1.9803827069328563e+38
1460.76 2.3099054840707875e+38
1461.14 2.549807648606098e+38
1461.52 2.3105171140561067e+38
1461.9 2.5635100830241664e+38
1462.27 1.6711390047322205e+38
1462.65 2.2044528077808648e+38
1463.03 2.5824207446640503e+38
1463.41 2.4602948988665705e+38
1463.79 2.0744066097564156e+38
1464.17 2.2491479805819835e+38
1464.55 2.5760747917073003e+38
1464.93 2.4979945462995222e+38
1465.31 1.3171651645649562e+38
1465.69 2.0030015141538366e+38
1466.07 2.5962255897408682e+38
1466.45 1.208198554683061e+38
1466.83 1.4286745949552076e+38
1467.21 2.416173569267377e+38
1467.59 2.5456661906161416e+38
1467.97 2.440612642812542e+38
1468.35 2.2738656663065706e+38
1468.73 2.5535678150476533e+38
1469.11 2.4980406925939667e+38
1469.49 2.3692828998217653e+38
1469.87 8.335063534410537e+37
1470.25 1.919454220085362e+38
1470.64 2.4053069671032024e+38
1471.02 1.4972039045780333e+38
1471.4 2.523393098507827e+38
1471.78 2.244800282188314e+38
1472.16 2.429389169869123e+38
1472.54 2.125346911597496e+38
1472.92 1.7982424312354062e+38
1473.31 2.212462200156066e+38
1473.69 2.565708707192587e+38
1474.07 2.5714683549037927e+38
1474.45 2.5571981590382044e+38
1474.83 2.569299487079808e+38
1475.21 2.1532820536814502e+38
1475.6 2.3592427158043547e+38
1475.98 2.5215998641150232e+38
1476.36 2.1973621275928235e+38
1476.74 2.53298222793476e+38
1477.13 2.5296035589507327e+38
1477.51 2.041081939047732e+38
1477.89 2.4801035109352583e+38
1478.28 1.566775781995736e+38
1478.66 2.522864945720932e+38
1479.04 2.524860892979914e+38
1479.43 2.1270973787011422e+38
1479.81 2.4632476036815188e+38
1480.19 2.4187334625668914e+38
1480.58 2.502005852333338e+38
1480.96 2.470820810307668e+38
1481.34 2.2849930058543128e+38
1481.73 2.4664747671021577e+38
1482.11 2.5241457295132364e+38
1482.5 2.5295347017325905e+38
1482.88 2.4985104289557898e+38
1483.27 2.0053812191114907e+38
1483.65 2.3867116808129114e+38
1484.03 2.0802576416279077e+38
1484.42 1.9931799503076282e+38
1484.8 2.3284125334058252e+38
1485.19 2.4671505669777982e+38
1485.57 2.5011898877733178e+38
1485.96 2.2938202869153723e+38
1486.34 1.808169914437714e+38
1486.73 2.455049871509626e+38
1487.11 2.493495735815485e+38
1487.5 2.4930245743160428e+38
1487.89 1.907666901143988e+38
1488.27 2.4925828447927176e+38
1488.66 2.4701143775375515e+38
1489.04 2.2753837552152718e+38
1489.43 2.25347904370703e+38
1489.81 1.569861719689272e+38
1490.2 2.2094974852977463e+38
1490.59 2.4498630703946777e+38
1490.97 2.098439344563568e+38
1491.36 2.4369793068055344e+38
1491.75 1.8102135563802668e+38
1492.13 2.0701255903804486e+38
1492.52 2.4498962547781722e+38
1492.91 2.4377625504714707e+38
1493.29 2.2991461348088925e+38
1493.68 7.611919951632383e+37
1494.07 2.3468532667951137e+38
1494.45 1.9727481157409536e+38
1494.84 2.4545687918481527e+38
1495.23 1.050284256790127e+38
1495.62 1.7920995673459005e+38
1496.01 2.4656015324463735e+38
1496.39 2.3475684765487097e+38
1496.78 2.4470574994546174e+38
1497.17 2.4379963719717243e+38
1497.56 1.526906858471743e+38
1497.94 1.6284583571946949e+38
1498.33 2.172879627940703e+38
1498.72 1.187412300902879e+38
1499.11 1.6693242365111479e+38
1499.5 1.896769595590344e+38
1499.89 2.218685655770698e+38
1500.28 9.583012663685892e+37
1500.66 2.4092327446277814e+38
1501.05 2.340290213102624e+38
1501.44 2.1790224702876354e+38
1501.83 9.274184789396929e+37
1502.22 1.5143019620435182e+38
1502.61 2.425799832673251e+38
1503.0 1.4875726631377276e+38
1503.39 2.31065775817957e+38
1503.78 2.1923302143407366e+38
1504.17 1.803164041110995e+38
1504.56 1.288807878194983e+38
1504.95 2.163074867990565e+38
1505.34 1.989038633852545e+38
1505.73 1.5355458247781402e+38
1506.12 1.700802381905582e+38
1506.51 2.394246654405024e+38
1506.9 2.1460992329788177e+38
1507.29 2.437152113553522e+38
1507.68 1.871767905849805e+38
1508.07 2.4256161207384223e+38
1508.46 2.4302834003897935e+38
1508.85 1.682744024740087e+38
1509.24 1.7501350905493977e+38
1509.64 2.411556688792414e+38
1510.03 2.273805538452907e+38
1510.42 2.409252955142807e+38
1510.81 2.3434268831363274e+38
1511.2 9.334871399043415e+37
1511.59 9.005584605355773e+37
1511.98 2.1179541101393963e+38
1512.38 1.012882647754028e+38
1512.77 1.1676678864148093e+38
1513.16 1.5897391520139138e+38
1513.55 8.1324975002608685e+37
1513.94 2.303966452798443e+38
1514.34 2.3668012698258594e+38
1514.73 2.3720875493790545e+38
1515.12 2.3361790850533917e+38
1515.52 8.829887327760757e+37
1515.91 1.8819061408063523e+38
1516.3 1.8367910401099133e+38
1516.69 1.4277402093758547e+38
1517.09 1.7901203909104124e+38
1517.48 2.3846877135942884e+38
1517.87 2.136386128086017e+38
1518.27 2.346737707409116e+38
1518.66 1.2839048056773393e+38
1519.05 2.2636498908109275e+38
1519.45 2.3749352970443266e+38
1519.84 2.3759575501963292e+38
1520.23 2.370979500455833e+38
1520.63 1.3258036987319255e+38
1521.02 2.3152040195918822e+38
1521.42 2.2435384107981455e+38
1521.81 2.3533958405115223e+38
1522.21 2.342651321791321e+38
1522.6 2.345219219023462e+38
1522.99 2.343103425902594e+38
1523.39 1.7724562372785898e+38
1523.79 2.2944515865136255e+38
1524.18 1.92031287762411e+38
1524.57 1.11318574605956e+38
1524.97 1.0211047643843401e+38
1525.36 8.882120483681226e+37
1525.76 8.935812279897839e+37
1526.16 1.6104756523576538e+38
1526.55 1.8906666615074594e+38
1526.95 1.4238997910099087e+38
1527.34 1.4787597050800441e+38
1527.74 9.90710155505959e+37
1528.14 1.6523198575361833e+38
1528.53 2.1090420836960047e+38
1528.93 1.975867388785316e+38
1529.32 2.3095746305827668e+38
1529.72 2.200069287427424e+38
1530.12 9.162654984191182e+37
1530.51 1.1913265734184664e+38
1530.91 2.304540963245391e+38
1531.31 6.785154517994035e+37
1531.7 7.7767577628183975e+37
1532.1 1.5177013975797305e+38
1532.5 1.2731595901781855e+38
1532.9 1.0024574908328936e+38
1533.29 9.81525423897448e+37
1533.69 2.2606229262058454e+38
1534.09 1.9799566060293456e+38
1534.48 2.1688097687701592e+38
1534.88 1.794526172139941e+38
1535.28 2.256364568461858e+38
1535.68 1.3809544634629373e+38
1536.08 2.2725601690057497e+38
1536.47 1.7376215687965386e+38
1536.87 1.996251194002782e+38
1537.27 1.233088767598273e+38
1537.67 2.0203288316661814e+38
1538.07 1.4552306727933641e+38
1538.47 1.9232591284818053e+38
1538.86 1.2518296640635124e+38
1539.26 1.6066658277880395e+38
1539.66 1.7571276398753454e+38
1540.06 9.928411113382588e+37
1540.46 1.2015924177758343e+38
1540.86 1.3016817224194558e+38
1541.26 1.6715644344969662e+38
1541.66 1.6539649251593159e+38
1542.06 9.819855555346943e+37
1542.46 1.1362276402359601e+38
1542.86 1.2837838725366163e+38
1543.26 1.5795255551638925e+38
1543.66 5.922972858305278e+37
1544.06 1.228228241813617e+38
1544.46 8.050412687343208e+37
1544.86 7.569052446167958e+37
1545.26 1.2480455697412033e+38
1545.66 1.1846356981664267e+38
1546.06 1.4306765191987012e+38
1546.46 7.926975736547499e+37
1546.86 9.881496926359958e+37
1547.26 8.854634571712637e+37
1547.66 9.095680803182127e+37
1548.06 1.2468741211548343e+38
1548.47 1.9316565356327364e+38
1548.87 1.7546249858221676e+38
1549.27 1.735825512548244e+38
1549.67 1.6549212804724099e+38
1550.07 1.2345834103150305e+38
1550.47 1.5637667059272102e+38
1550.88 1.5828736949649265e+38
1551.28 2.0749149083173604e+38
1551.68 2.571582081847861e+38
1552.08 9.36302739195099e+37
1552.48 2.3765296238606105e+38
1552.89 1.8816641880260273e+38
1553.29 1.2086054603600802e+38
1553.69 2.39650787573977e+38
1554.09 1.831690264456394e+38
1554.5 2.3774731272776106e+38
1554.9 1.3514471858394903e+38
1555.3 1.2666653513572653e+38
1555.71 2.2892872257146955e+38
1556.11 1.3977105811061107e+38
1556.51 7.562829057971421e+37
1556.92 1.1939181845978122e+38
1557.32 1.3800518624046225e+38
1557.72 2.1898932640511186e+38
1558.13 2.1093414422722934e+38
1558.53 2.1709333415441103e+38
1558.93 1.6619270822712744e+38
1559.34 1.6067867198225314e+38
1559.74 2.1121192611798016e+38
1560.15 1.0376077427899896e+38
1560.55 1.0847374099087332e+38
1560.96 2.1830470114493416e+38
1561.36 7.956614285851713e+37
1561.77 2.1823705958055003e+38
1562.17 1.9524286856788332e+38
1562.57 1.418096741809984e+38
1562.98 2.1760831374374955e+38
1563.39 2.1313610902773385e+38
1563.79 1.909448959834956e+38
1564.19 1.206051255861257e+38
1564.6 1.1165053215147646e+38
1565.01 2.1305216821759645e+38
1565.41 2.089711833718375e+38
1565.82 1.4948484081979652e+38
1566.22 1.1896778573110034e+38
1566.63 1.1443719247548486e+38
1567.04 1.338148387685031e+38
1567.44 2.1527316522223185e+38
1567.85 2.0956493210988898e+38
1568.25 8.38260489431563e+37
1568.66 9.471670389214223e+37
1569.07 1.8911059994838004e+38
1569.47 1.9210267475127302e+38
1569.88 2.1920222354299274e+38
1570.29 1.7498967279486704e+38
1570.69 1.639675851020426e+38
1571.1 1.929978579394579e+38
1571.51 1.9660766772140193e+38
1571.92 2.1099762257074385e+38
1572.32 2.129100921203861e+38
1572.73 1.983573662494658e+38
1573.14 2.169680135783605e+38
1573.55 2.1611669631558306e+38
1573.95 2.152775595085567e+38
1574.36 2.1614366136926183e+38
1574.77 9.37031133177653e+37
1575.18 9.849624021749617e+37
1575.59 1.0792122652568684e+38
1575.99 2.129573088055453e+38
1576.4 1.3721537484248175e+38
1576.81 1.6977804723481897e+38
1577.22 1.1691235561703525e+38
1577.63 1.9376205429935113e+38
1578.04 1.0827908473121955e+38
1578.45 2.144602897923964e+38
1578.86 1.9723426017075205e+38
1579.27 1.6088390989729123e+38
1579.68 2.0565004974527474e+38
1580.08 1.939170652008467e+38
1580.49 2.1524478013286693e+38
1580.9 1.1290653267539799e+38
1581.31 1.9226473294888896e+38
1581.72 1.9494885609246244e+38
1582.13 2.065143059664938e+38
1582.54 1.703543511334774e+38
1582.95 2.0297635805771486e+38
1583.36 1.5235650822631693e+38
1583.77 1.3745841778976986e+38
1584.18 1.6728998071129467e+38
1584.59 2.0460160387251386e+38
1585.01 9.193919020135004e+37
1585.42 2.010799955467298e+38
1585.83 1.0946795366858812e+38
1586.24 1.6639989705903667e+38
1586.65 2.117920158908652e+38
1587.06 2.1194147396578975e+38
1587.47 1.1858355938554467e+38
1587.88 2.0978825449199642e+38
1588.3 2.0555227297752613e+38
1588.71 1.5152864175519332e+38
1589.12 2.1089571668024505e+38
1589.53 2.0836222559084505e+38
1589.94 1.9846431323226865e+38
1590.35 2.1141610564266723e+38
1590.77 2.0227672837294216e+38
1591.18 1.9566001151148732e+38
1591.59 1.644352287935106e+38
1592.0 9.90023188238425e+37
1592.42 1.9879095488742322e+38
1592.83 2.0395019961426395e+38
1593.24 1.8593494962668143e+38
1593.66 1.8540957795984513e+38
1594.07 1.6708057309059554e+38
1594.48 1.9315433837886513e+38
1594.89 1.1799643970898743e+38
1595.31 1.720391656929714e+38
1595.72 1.7299656100925195e+38
1596.14 2.0934630902576e+38
1596.55 2.0769674250066217e+38
1596.96 2.082826000294215e+38
1597.38 1.725354728021835e+38
1597.79 2.0688392638343357e+38
1598.2 2.0665487533776353e+38
1598.62 1.7174225937455777e+38
1599.03 2.090592719189324e+38
1599.45 2.065432372010248e+38
1599.86 2.0758448783180023e+38
1600.28 1.4517536938140292e+38
1600.69 1.7982323483064455e+38
1601.11 1.169670953764542e+38
1601.52 1.5047062891037387e+38
1601.94 7.417093379856173e+37
1602.35 2.086969801578078e+38
1602.77 2.08131513224797e+38
1603.18 9.283846434855683e+37
1603.6 1.7966626731854643e+38
1604.01 2.081718153590529e+38
1604.43 1.933399758866664e+38
1604.84 1.0571681607194102e+38
1605.26 2.062746753167138e+38
1605.68 1.8084977773070946e+38
1606.09 1.5205272604155946e+38
1606.51 1.9755834790955902e+38
1606.93 1.5837796473835563e+38
1607.34 2.035221088738638e+38
1607.76 6.947046859668193e+37
1608.18 1.6125612541539304e+38
1608.59 1.925828904053563e+38
1609.01 9.11801868354618e+37
1609.43 1.837009393877554e+38
1609.84 8.937684472456923e+37
1610.26 1.0367586008605765e+38
1610.68 2.0566070628239403e+38
1611.09 1.3593495149177118e+38
1611.51 2.042192540658217e+38
1611.93 1.251571798268122e+38
1612.35 2.0471345140986356e+38
1612.77 7.30159915634726e+37
1613.18 2.0434857546126443e+38
1613.6 1.5374835579202016e+38
1614.02 7.777333976004019e+37
1614.44 2.048148795847761e+38
1614.86 2.0426297068043642e+38
1615.28 1.0485284397687018e+38
1615.69 1.3510652481667264e+38
1616.11 1.2815743372797866e+38
1616.53 1.905618472190527e+38
1616.95 2.0270543403743438e+38
1617.37 2.0370783428434048e+38
1617.79 1.3950139713534882e+38
1618.21 2.0349214934943826e+38
1618.63 1.3710084164329217e+38
1619.05 1.8806186364676446e+38
1619.47 1.4358289406116182e+38
1619.89 2.0222497156024413e+38
1620.31 1.2974127817210147e+38
1620.73 1.3609217526452166e+38
1621.15 8.83829859281447e+37
1621.57 9.23574795034168e+37
1621.99 1.6411743969549216e+38
1622.41 1.482264337513538e+38
1622.83 1.984011494155979e+38
1623.25 1.813407496849634e+38
1623.67 1.1639123637371655e+38
1624.09 1.2446217433282476e+38
1624.51 1.969894425324808e+38
1624.93 1.0150272301410182e+38
1625.35 1.8450680316706627e+38
1625.78 1.74904508457338e+38
1626.2 1.2866823514260926e+38
1626.62 1.9190163070552227e+38
1627.04 1.7687037574646497e+38
1627.46 1.1509155583771966e+38
1627.88 1.2258131584039232e+38
1628.31 8.030019147526521e+37
1628.73 1.957222252361512e+38
1629.15 7.147506409238801e+37
1629.57 1.905847988409533e+38
1629.99 1.948414620629133e+38
1630.42 1.3536051032468548e+38
1630.84 1.9761202877049165e+38
1631.26 1.8122535731778232e+38
1631.68 6.449253691106119e+37
1632.11 8.672509318365526e+37
1632.53 1.3822415698734682e+38
1632.95 1.9697236175304404e+38
1633.38 1.989056591172326e+38
1633.8 1.7317805890790215e+38
1634.22 1.8769354901416117e+38
1634.65 1.4822687928578208e+38
1635.07 1.6163514730454258e+38
1635.49 1.773905789800623e+38
1635.92 1.711880684613596e+38
1636.34 1.5167315095053914e+38
1636.77 1.9830660305713133e+38
1637.19 1.646780830761225e+38
1637.61 1.924535309275658e+38
1638.04 1.3781733163104306e+38
1638.46 1.7295785176024988e+38
1638.89 1.937318630617861e+38
1639.31 9.93551126942051e+37
1639.74 1.951241606036089e+38
1640.16 8.525703493188931e+37
1640.59 1.3355450931722513e+38
1641.01 1.9662400090433267e+38
1641.44 1.976160322310456e+38
1641.86 9.544570821883264e+37
1642.29 1.7047932136963192e+38
1642.71 1.2859555169057114e+38
1643.14 1.9692296818055177e+38
1643.57 1.7130473501396364e+38
1643.99 1.851078518088721e+38
1644.42 1.4007280735932127e+38
1644.84 1.2609061112570762e+38
1645.27 1.403314983054534e+38
1645.7 1.852674813799491e+38
1646.12 1.834030428176119e+38
1646.55 1.95267366700536e+38
1646.98 1.2890396893017682e+38
1647.41 1.7930110732545395e+38
1647.83 1.9458171479939176e+38
1648.26 1.7317262458424697e+38
1648.69 1.3258229482933683e+38
1649.11 1.5673226994239152e+38
1649.54 1.8835477338064713e+38
1649.97 1.4249500747243274e+38
1650.4 1.7859769885632883e+38
1650.82 1.767090202335875e+38
1651.25 1.8621561044109693e+38
1651.68 1.2138082787713936e+38
1652.11 1.386971272390916e+38
1652.54 1.904526211446055e+38
1652.96 8.297569773234521e+37
1653.39 9.667646877873534e+37
1653.82 1.6715866123173545e+38
1654.25 1.5352168695887665e+38
1654.68 1.8750737578569738e+38
1655.11 1.8727956961956495e+38
1655.54 1.8835719162918755e+38
1655.96 1.828076542376067e+38
1656.39 1.8830562955550547e+38
1656.82 9.534596482541765e+37
1657.25 1.794227860785791e+38
1657.68 1.4541742500562871e+38
1658.11 1.4636304866170766e+38
1658.54 1.6005273069388354e+38
1658.97 1.2583539447970705e+38
1659.4 1.3202245909986326e+38
1659.83 1.895940980678223e+38
1660.26 1.8622226571489523e+38
1660.69 1.6413339498937086e+38
1661.12 1.7584048201897396e+38
1661.55 1.1136083215443261e+38
1661.98 1.8690984629033864e+38
1662.42 1.121089056871247e+38
1662.85 1.881561785658978e+38
1663.28 1.8711597353165013e+38
1663.71 1.878941385967702e+38
1664.14 1.893832544145255e+38
1664.57 1.732954849210288e+38
1665.0 1.483542103767422e+38
1665.43 1.7238407125004577e+38
1665.86 1.8886982591360974e+38
1666.3 1.88163163456383e+38
1666.73 1.715990990294123e+38
1667.16 1.7806965571038786e+38
1667.59 1.7500755980330343e+38
1668.03 1.0365246235114147e+38
1668.46 1.2007516495839779e+38
1668.89 1.8756133351903262e+38
1669.32 1.5915495674434017e+38
1669.76 1.1195795490298817e+38
1670.19 1.6352436240171508e+38
1670.62 1.5594412788466677e+38
1671.05 8.979305906285022e+37
1671.49 1.864393042886766e+38
1671.92 1.2474962479106028e+38
1672.35 1.3238963140605676e+38
1672.79 1.1411695249684484e+38
1673.22 1.5874968264733736e+38
1673.65 8.527632228495835e+37
1674.09 1.8506007967270907e+38
1674.52 1.7180772969482594e+38
1674.96 1.8591081496472927e+38
1675.39 1.6979790391233306e+38
1675.82 1.3942835107705587e+38
1676.26 1.3860768958031893e+38
1676.69 1.50291679367632e+38
1677.13 1.0848257980954813e+38
1677.56 1.849296738806344e+38
1678.0 1.8529999110361505e+38
1678.43 1.8330099063747872e+38
1678.87 1.7730432899855883e+38
1679.3 1.8272769685562437e+38
1679.74 1.849565846966582e+38
1680.17 1.8413802349018644e+38
1680.61 1.623317931307532e+38
1681.04 1.8254877838972662e+38
1681.48 1.6411047642324807e+38
1681.92 1.0170837606257789e+38
1682.35 1.8236633300306732e+38
1682.79 1.8397724088222373e+38
1683.22 1.8301956547702814e+38
1683.66 1.3267989436252563e+38
1684.1 1.820540718123173e+38
1684.53 1.7742136406476215e+38
1684.97 1.8287832188476705e+38
1685.41 1.8338666497128823e+38
1685.84 1.3636270323558033e+38
1686.28 1.3516569280497127e+38
1686.72 9.873869550544776e+37
1687.15 1.4320987185574332e+38
1687.59 1.1471566840765248e+38
1688.03 1.5177997767558787e+38
1688.47 1.8192605199433437e+38
1688.9 1.8203809157516907e+38
1689.34 1.8235561435850812e+38
1689.78 1.7882088474525026e+38
1690.22 1.3383953807655524e+38
1690.66 1.1392848562585515e+38
1691.09 1.7734995325285226e+38
1691.53 1.8073250489868127e+38
1691.97 1.7004890726189868e+38
1692.41 9.27410941544961e+37
1692.85 1.7331281981164584e+38
1693.29 1.8026320824141887e+38
1693.72 1.8083420795189564e+38
1694.16 1.8057997541546192e+38
1694.6 1.0914226633351819e+38
1695.04 6.65102483429921e+37
1695.48 1.525029798199785e+38
1695.92 1.4840915917670766e+38
1696.36 1.801126574905421e+38
1696.8 1.6280229236542928e+38
1697.24 1.7978782433641086e+38
1697.68 1.797189472853709e+38
1698.12 1.0762193118395787e+38
1698.56 1.788646443333695e+38
1699.0 1.1014093293119788e+38
1699.44 1.6468729136058895e+38
1699.88 1.787277266305382e+38
1700.32 1.1595375390191901e+38
1700.76 1.0692930750802265e+38
1701.2 1.7057873612506824e+38
1701.64 9.113745988473004e+37
1702.08 1.6362478623508916e+38
1702.53 1.4194706083214333e+38
1702.97 1.5994465009965067e+38
1703.41 1.3616910768863066e+38
1703.85 1.768065634881215e+38
1704.29 1.7395642580774337e+38
1704.73 1.6071437168053566e+38
1705.18 1.7752678667559666e+38
1705.62 1.5925526164927337e+38
1706.06 1.2283846065725199e+38
1706.5 1.1514650570642226e+38
1706.94 1.7341668209191503e+38
1707.39 6.760551016616584e+37
1707.83 1.759396237878709e+38
1708.27 1.5824514024602141e+38
1708.71 1.0514637037053526e+38
1709.16 1.75328887061511e+38
1709.6 1.7222904935577646e+38
1710.04 1.5136719055989566e+38
1710.49 1.4480014388386385e+38
1710.93 1.117676601040257e+38
1711.37 8.472498844489873e+37
1711.82 1.170515922227796e+38
1712.26 1.600816111444e+38
1712.7 7.82370504011736e+37
1713.15 1.660610434097836e+38
1713.59 1.41740629233939e+38
1714.04 1.714598181595197e+38
1714.48 1.7189465458209027e+38
1714.93 1.7011456192731614e+38
1715.37 7.246579872265694e+37
1715.81 1.3673610648998855e+38
1716.26 1.400337999401611e+38
1716.7 1.6575186795401606e+38
1717.15 9.699510383251689e+37
1717.59 1.6851632334107896e+38
1718.04 1.2971586355880714e+38
1718.48 9.921780237150821e+37
1718.93 1.1105465787295518e+38
1719.38 7.438815922907113e+37
1719.82 1.0609213133820398e+38
1720.27 1.7308823145060766e+38
1720.71 9.061183100984644e+37
1721.16 1.1970190998454517e+38
1721.6 9.010008787581146e+37
1722.05 1.0908437247731782e+38
1722.5 8.242698561750471e+37
1722.94 1.1422684301175268e+38
1723.39 1.599020510373256e+38
1723.84 9.126036598273567e+37
1724.28 7.367743893540199e+37
1724.73 1.4846288050958894e+38
1725.18 1.565164304692969e+38
1725.62 8.6210617083985e+37
1726.07 1.6926636288885845e+38
1726.52 1.065615100272433e+38
1726.97 1.6474815636320847e+38
1727.41 9.274337322251295e+37
1727.86 1.5926885703777741e+38
1728.31 1.168649775627125e+38
1728.76 1.0823389908868098e+38
1729.2 1.3865695297001088e+38
1729.65 1.7057228767969165e+38
1730.1 1.6898605613209926e+38
1730.55 9.731664376309381e+37
1731.0 1.6842294016946836e+38
1731.45 8.716532897099373e+37
1731.9 1.6863494613661973e+38
1732.34 1.3811009313337741e+38
1732.79 1.329064531939711e+38
1733.24 1.4438767999112035e+38
1733.69 1.2105250664878965e+38
1734.14 1.3527327288857805e+38
1734.59 1.6171108244629006e+38
1735.04 1.6963251513688627e+38
1735.49 1.6634467398934988e+38
1735.94 1.4251569887655199e+38
1736.39 1.1500445547995993e+38
1736.84 1.6918363982720647e+38
1737.29 1.2050480251578085e+38
1737.74 1.6581967434207956e+38
1738.19 7.746300130201107e+37
1738.64 8.590549940300575e+37
1739.09 1.2224041819626209e+38
1739.54 1.6297084637972067e+38
1739.99 1.5143975021580116e+38
1740.44 1.679360673424251e+38
1740.9 1.0263371654851189e+38
1741.35 1.4235354001506302e+38
1741.8 1.661660377179673e+38
1742.25 1.2085391798617568e+38
1742.7 1.6392047014274083e+38
1743.15 1.6747480122256547e+38
1743.6 1.6591953901773098e+38
1744.06 1.6666407623945581e+38
1744.51 1.6648742847152739e+38
1744.96 1.3149056907531493e+38
1745.41 1.3287347337643946e+38
1745.86 1.653187620671011e+38
1746.32 1.667810153609635e+38
1746.77 1.5962120111214984e+38
1747.22 7.638200897129782e+37
1747.68 8.628010091851383e+37
1748.13 8.016128255181141e+37
1748.58 1.4873099467183771e+38
1749.04 8.257544962973406e+37
1749.49 1.3643356203380397e+38
1749.94 1.5405421155477844e+38
1750.4 1.061669853056216e+38
1750.85 1.6572703556331866e+38
1751.3 1.0703917385143036e+38
1751.76 1.0541047047296384e+38
1752.21 1.653063249597582e+38
1752.67 1.6477037606620644e+38
1753.12 9.459000001634581e+37
1753.57 1.1444203729573164e+38
1754.03 1.5717584247630154e+38
1754.48 1.5976707276476768e+38
1754.94 1.4047236566971583e+38
1755.39 1.6491197416156139e+38
1755.85 1.5395135940735686e+38
1756.3 1.6397407084377711e+38
1756.76 1.625410255246061e+38
1757.21 1.6406720571878931e+38
1757.67 1.6355125868464722e+38
1758.12 1.1985463641265063e+38
1758.58 8.08214497730079e+37
1759.04 1.5008300775748827e+38
1759.49 1.6363544369187826e+38
1759.95 1.634923156697682e+38
1760.4 8.935332494352725e+37
1760.86 8.741931540573282e+37
1761.32 1.2705284263460623e+38
1761.77 1.6291291157396743e+38
1762.23 1.5051252091008754e+38
1762.69 1.6157921364719718e+38
1763.14 1.506519941663384e+38
1763.6 1.021751994313533e+38
1764.06 1.4209503597481732e+38
1764.51 1.530712332341361e+38
1764.97 9.991849910180197e+37
1765.43 1.6161336022639932e+38
1765.89 1.5938882237569554e+38
1766.34 1.4532671060116108e+38
1766.8 1.6074061486541031e+38
1767.26 1.5715478161834482e+38
1767.72 1.571759409044381e+38
1768.18 1.4746313479391039e+38
1768.64 1.5363399809669674e+38
1769.09 1.6071567220414842e+38
1769.55 7.01411465607209e+37
1770.01 1.4505589700741795e+38
1770.47 6.955650178364333e+37
1770.93 1.361244886263681e+38
1771.39 1.3627722923661926e+38
1771.85 1.500657102716019e+38
1772.31 1.5909936370201094e+38
1772.77 1.5490115841190277e+38
1773.22 1.3564112605450068e+38
1773.68 1.2469666138216215e+38
1774.14 1.5930194310339533e+38
1774.6 1.2275011496377074e+38
1775.06 1.5985429645104263e+38
1775.52 1.5088729342837101e+38
1775.98 6.080474229274653e+37
1776.44 1.5810342523467816e+38
1776.9 1.4527461931929479e+38
1777.36 1.592177232015578e+38
1777.82 9.483658295606712e+37
1778.29 1.5915833289919054e+38
1778.75 9.379043887281456e+37
1779.21 1.4445346756319582e+38
1779.67 1.5880609698613113e+38
1780.13 1.5105931842451694e+38
1780.59 1.4215508718630296e+38
1781.05 1.0734096362003428e+38
1781.52 1.5840341401243741e+38
1781.98 1.231773994182369e+38
1782.44 1.4276183862261664e+38
1782.9 1.2732564615091597e+38
1783.36 1.578420499077729e+38
1783.82 1.5789930269829857e+38
1784.29 1.5780827094695777e+38
1784.75 1.4560359375501094e+38
1785.21 1.514560099210336e+38
1785.68 1.5744466812963966e+38
1786.14 1.511885413036908e+38
1786.6 1.5722704281099225e+38
1787.06 1.322256360585556e+38
1787.53 1.5547345562985888e+38
1787.99 1.2661812280554864e+38
1788.45 9.540729127706508e+37
1788.92 1.1188631632562905e+38
1789.38 1.5654314148373261e+38
1789.84 1.4495147116974723e+38
1790.31 9.525270031510544e+37
1790.77 1.4187101544147376e+38
1791.24 1.3249849058067194e+38
1791.7 8.055681810641741e+37
1792.17 8.965016241241175e+37
1792.63 1.5171774446515278e+38
1793.09 1.0452008246577878e+38
1793.56 1.5135830345055872e+38
1794.02 1.4736117912355052e+38
1794.49 1.5577385169317173e+38
1794.95 7.856518857649422e+37
1795.42 1.5563943031498699e+38
1795.89 1.4259689418834339e+38
1796.35 1.553993597823187e+38
1796.81 1.3822347641421607e+38
1797.28 1.5407486386368725e+38
1797.75 1.2804983315169275e+38
1798.21 1.441726267065495e+38
1798.68 1.4423518881473367e+38
1799.15 1.5187152313338581e+38
1799.61 1.5383754014000783e+38
1800.08 1.110141349076287e+38
1800.55 1.4971597873684774e+38
1801.01 1.3575700700114386e+38
1801.48 7.626502206025385e+37
1801.94 1.4518620544890046e+38
1802.41 1.5393065230548058e+38
1802.88 1.4880533502052223e+38
1803.35 9.12887400803285e+37
1803.81 1.5264044596181984e+38
1804.28 1.3904225239774636e+38
1804.75 1.5342017319383899e+38
1805.22 1.297130369267818e+38
1805.68 1.3236651984642468e+38
1806.15 1.4324820657148638e+38
1806.62 1.2685730844655245e+38
1807.09 1.3604806692117357e+38
1807.56 1.4753458829156757e+38
1808.03 1.332945592615588e+38
1808.49 1.4710837551972488e+38
1808.96 1.523730173646529e+38
1809.43 9.39588079381282e+37
1809.9 1.4724845291096816e+38
1810.37 1.2281583062690517e+38
1810.84 1.4934603382881106e+38
1811.31 9.44240844567925e+37
1811.78 1.0075822607152042e+38
1812.25 1.1208247583475804e+38
1812.72 9.265331825220473e+37
1813.19 1.075900180509136e+38
1813.66 1.4705002026565795e+38
1814.13 1.4525742264378935e+38
1814.6 1.5061192814741292e+38
1815.07 1.1248509298047547e+38
1815.54 1.217727533139165e+38
1816.01 8.262404751776033e+37
1816.48 1.3481501918109308e+38
1816.95 1.2543803931629865e+38
1817.42 1.1099739734165448e+38
1817.89 1.4747457229762769e+38
1818.36 1.4879089202535828e+38
1818.83 1.4975732098292715e+38
1819.31 7.321487428640686e+37
1819.78 1.0471134258374455e+38
1820.25 1.4886417483114827e+38
1820.72 1.4959038519336055e+38
1821.19 1.0295129658169641e+38
1821.67 8.531958223665589e+37
1822.14 1.1422114535177927e+38
1822.61 1.3783914682072051e+38
1823.08 6.940501000318364e+37
1823.55 1.4567051250914072e+38
1824.03 1.4666400067924559e+38
1824.5 1.487299417408838e+38
1824.97 9.530638094427048e+37
1825.44 8.501543136038536e+37
1825.92 1.3899639032125723e+38
1826.39 1.3560577876984335e+38
1826.86 9.620564104166553e+37
1827.34 1.2560942806994227e+38
1827.81 1.446229292997356e+38
1828.29 1.0362798956217128e+38
1828.76 1.3628760934304003e+38
1829.23 8.831562348823787e+37
1829.71 1.4520703755916452e+38
1830.18 1.045699683214361e+38
1830.66 7.726976327331266e+37
1831.13 1.4570705169227426e+38
1831.61 1.0925547308808755e+38
1832.08 1.4677424230769328e+38
1832.56 1.216440918163462e+38
1833.03 1.0776958394078677e+38
1833.51 1.4407071289822234e+38
1833.98 1.414304527148172e+38
1834.46 1.4478986419782746e+38
1834.93 9.523067636796575e+37
1835.41 1.4338222470064665e+38
1835.88 1.444927372439145e+38
1836.36 1.342398357939912e+38
1836.83 9.199064488150352e+37
1837.31 8.581530356281385e+37
1837.79 1.005441613289827e+38
1838.26 6.176376607837781e+37
1838.74 9.688622733850361e+37
1839.22 1.4506137915122746e+38
1839.69 1.4501139348291012e+38
1840.17 8.41963172633902e+37
1840.65 1.429397942355453e+38
1841.12 1.4481670749172272e+38
1841.6 7.2633849683961145e+37
1842.08 1.2594884893643148e+38
1842.56 6.57133101193363e+37
1843.03 1.0621894859500294e+38
1843.51 6.578196915784106e+37
1843.99 6.646192546447897e+37
1844.47 7.628949006467455e+37
1844.94 6.756805222578371e+37
1845.42 7.401268472621087e+37
1845.9 1.3844657140774132e+38
1846.38 1.0438436887594084e+38
1846.86 9.751915669162633e+37
1847.34 7.373548861885001e+37
1847.82 1.3951151442619953e+38
1848.29 1.3875987647488205e+38
1848.77 1.2205968676035265e+38
1849.25 8.571017834029036e+37
1849.73 1.0144833008903375e+38
1850.21 5.831410573972974e+37
1850.69 8.408898248195489e+37
1851.17 7.422850020481091e+37
1851.65 1.42449185000968e+38
1852.13 1.110983734576313e+38
1852.61 6.6175540483015315e+37
1853.09 1.4216384820455878e+38
1853.57 1.4142392888997794e+38
1854.05 6.995287440333181e+37
1854.53 1.3978882039542544e+38
1855.01 5.784927614935839e+37
1855.49 9.337527297158645e+37
1855.97 1.3926638441456658e+38
1856.45 1.4147898743641027e+38
1856.94 1.4044047470559836e+38
1857.42 1.4130488828260413e+38
1857.9 1.0839994009365258e+38
1858.38 1.3843539525061089e+38
1858.86 1.2179668693906125e+38
1859.34 1.4083857119361746e+38
1859.83 5.94226564091481e+37
1860.31 1.4077525587710753e+38
1860.79 1.149158959444884e+38
1861.27 1.3819138828626524e+38
1861.76 1.216908440803915e+38
1862.24 1.4020677161155902e+38
1862.72 1.3962369775285685e+38
1863.2 1.1062344123476656e+38
1863.69 1.399207512064778e+38
1864.17 1.341285019459091e+38
1864.65 1.2337512813881323e+38
1865.14 6.505534895765871e+37
1865.62 7.562978184137985e+37
1866.1 1.224137003091801e+38
1866.58 6.384204754314746e+37
1867.07 1.201385119146687e+38
1867.55 1.3809024441777055e+38
1868.04 1.3934956389338371e+38
1868.52 1.3439858581219926e+38
1869.01 1.37467720574769e+38
1869.49 1.3639426849397052e+38
1869.97 6.735965375090404e+37
1870.46 1.3648401766392567e+38
1870.94 9.96706634712019e+37
1871.43 7.746006403274512e+37
1871.91 1.2894823835407606e+38
1872.4 1.2553147779034233e+38
1872.88 1.3074880040091935e+38
1873.37 1.3158917809174596e+38
1873.85 9.633298310937519e+37
1874.34 9.070908598728217e+37
1874.83 1.3434315888809832e+38
1875.31 9.115071171548282e+37
1875.8 1.334319771654814e+38
1876.29 9.785975553997428e+37
1876.77 1.367221472894756e+38
1877.26 1.36829625235892e+38
1877.74 1.3768677215499967e+38
1878.23 1.3760100266787752e+38
1878.72 1.3737633941241052e+38
1879.2 1.3497629287519939e+38
1879.69 1.3722707483571763e+38
1880.18 1.3708165578824004e+38
1880.67 6.489223874947065e+37
1881.15 6.039534847554235e+37
1881.64 8.779726543762654e+37
1882.13 6.302917699946738e+37
1882.62 1.1008751901432264e+38
1883.1 8.287963716466552e+37
1883.59 1.36387752978025e+38
1884.08 1.340635539600979e+38
1884.57 5.558885040113303e+37
1885.06 5.549814772566641e+37
1885.55 1.3596988037749983e+38
1886.04 6.949002571600525e+37
1886.52 7.670799084074787e+37
1887.01 7.210527932824471e+37
1887.5 5.941641067058862e+37
1887.99 1.3450425403638135e+38
1888.48 1.3456873705686472e+38
1888.97 1.3521605768206594e+38
1889.46 6.00337309130111e+37
1889.95 1.3499794333368952e+38
1890.44 1.269133992943958e+38
1890.93 6.823459249220592e+37
1891.42 6.886439445870134e+37
1891.91 6.762971277949464e+37
1892.4 8.143054164956191e+37
1892.89 5.858303111642135e+37
1893.38 1.3428965100445027e+38
1893.87 6.816214967052811e+37
1894.36 7.951844292703546e+37
1894.85 1.2658935904536532e+38
1895.34 5.705962618690097e+37
1895.84 1.1167390939657645e+38
1896.33 7.1116922926872905e+37
1896.82 5.26155143403543e+37
1897.31 8.537579500349943e+37
1897.8 1.3354443088952512e+38
1898.29 1.3160056851493572e+38
1898.79 6.060631041048004e+37
1899.28 5.12476963829726e+37
1899.77 1.1789844057706128e+38
1900.26 1.3307680306336955e+38
1900.76 1.3258824032511485e+38
1901.25 1.0815900469645522e+38
1901.74 1.327670650119694e+38
1902.23 1.2686848592050605e+38
1902.73 1.30294550058091e+38
1903.22 6.317581049025842e+37
1903.71 7.247619514146252e+37
1904.21 7.56974372052107e+37
1904.7 1.3219548605250974e+38
1905.19 9.570918633665616e+37
1905.69 1.2038678639978007e+38
1906.18 1.3210922253188592e+38
1906.68 8.0502680641542135e+37
1907.17 1.1197299628403656e+38
1907.66 5.634103084943407e+37
1908.16 1.2939504949502541e+38
1908.65 9.995055770023808e+37
1909.15 1.2355247650915061e+38
1909.64 1.2888351475146124e+38
1910.14 9.037022866615482e+37
1910.63 1.2746923964276566e+38
1911.13 1.3097166596789877e+38
1911.62 5.3289698755219735e+37
1912.12 1.3090170475230261e+38
1912.61 1.3076594592530937e+38
1913.11 1.3045055552278211e+38
1913.61 5.976919053845757e+37
1914.1 6.668314423009076e+37
1914.6 1.3019191024932802e+38
1915.09 6.700740195140838e+37
1915.59 1.0364013870118849e+38
1916.09 1.0893004227244222e+38
1916.58 6.788930957043e+37
1917.08 6.036007283469636e+37
1917.58 9.15653133862515e+37
1918.07 8.099294510690569e+37
1918.57 5.768324034395087e+37
1919.07 9.79798042597403e+37
1919.56 5.89232433317909e+37
1920.06 1.0792069529038156e+38
1920.56 1.2649822774162283e+38
1921.06 7.707116186906984e+37
1921.56 5.452915170228146e+37
1922.05 8.457974968082688e+37
1922.55 1.2881936681908837e+38
1923.05 5.342284184992526e+37
1923.55 1.2194985386868798e+38
1924.05 7.225339760778196e+37
1924.55 5.4042434155985055e+37
1925.05 1.2848323363991643e+38
1925.54 1.2177778151597872e+38
1926.04 5.204697937286839e+37
1926.54 1.2799613799221321e+38
1927.04 1.1946332883396e+38
1927.54 8.467373179642115e+37
1928.04 6.796328612944815e+37
1928.54 7.17634350665903e+37
1929.04 7.557432724812534e+37
1929.54 9.891203190447814e+37
1930.04 9.229455017828683e+37
1930.54 8.94287987461374e+37
1931.04 1.235117855180673e+38
1931.54 5.081983382309113e+37
1932.04 1.2639285752235577e+38
1932.54 1.2115535718965492e+38
1933.04 1.2718431370697083e+38
1933.55 1.1644223279047903e+38
1934.05 1.2702272140036202e+38
1934.55 1.269466259930632e+38
1935.05 1.2511046737043532e+38
1935.55 1.2665732677947698e+38
1936.05 1.2214177293603704e+38
1936.55 8.525728745853187e+37
1937.06 6.92764799576942e+37
1937.56 1.0234355254372489e+38
1938.06 7.1908274312906345e+37
1938.56 1.2557387071403636e+38
1939.06 7.68222520160482e+37
1939.57 9.029246886884797e+37
1940.07 5.817904170747468e+37
1940.57 6.61249312043029e+37
1941.08 1.2589849451628534e+38
1941.58 6.061451801992318e+37
1942.08 1.257241514079187e+38
1942.58 1.2472251918619482e+38
1943.09 1.17720080156338e+38
1943.59 5.938370274388327e+37
1944.1 1.246954460049441e+38
1944.6 1.1787300044669832e+38
1945.1 1.2315420517760214e+38
1945.61 1.1050668310526493e+38
1946.11 1.2465631713795688e+38
1946.62 1.1667263957620357e+38
1947.12 1.2150859737218006e+38
1947.63 1.2264117622178467e+38
1948.13 7.530312342644161e+37
1948.64 9.804732132574422e+37
1949.14 1.241505306216297e+38
1949.65 6.095444513677598e+37
1950.15 1.2160921606091379e+38
1950.66 1.241581749929803e+38
1951.16 9.588791260124613e+37
1951.67 1.2380122487202132e+38
1952.17 1.1907234665755526e+38
1952.68 5.006503911927333e+37
1953.19 6.752321071018561e+37
1953.69 1.155782494255969e+38
1954.2 5.069986996166544e+37
1954.7 6.786987843106505e+37
1955.21 9.513264947845855e+37
1955.72 1.0317434076286154e+38
1956.22 1.2193927870616835e+38
1956.73 1.2053805939036977e+38
1957.24 9.007430497237494e+37
1957.75 1.1470740815470296e+38
1958.25 1.2265454903103365e+38
1958.76 5.866369586091637e+37
1959.27 5.312078301648988e+37
1959.78 1.0267949363342805e+38
1960.29 4.946768758294607e+37
1960.79 1.094334731493015e+38
1961.3 5.963004650009855e+37
1961.81 8.782292833586166e+37
1962.32 9.890273894896486e+37
1962.83 8.004835812690956e+37
1963.33 1.1405353479778106e+38
1963.84 1.133869533768443e+38
1964.35 5.7379380095614935e+37
1964.86 6.282301946103035e+37
1965.37 5.670812245468831e+37
1965.88 1.215287022568921e+38
1966.39 1.216791900616384e+38
1966.9 1.1408477610077071e+38
1967.41 1.215190523260423e+38
1967.92 9.534362065939572e+37
1968.43 1.0624455656958727e+38
1968.94 1.2132523338484654e+38
1969.45 1.0995049331495545e+38
1969.96 1.1520148952897633e+38
1970.47 1.2116791889274894e+38
1970.98 1.209949572633364e+38
1971.49 1.0260165310888368e+38
1972.0 1.048958662682426e+38
1972.52 1.0557722220900015e+38
1973.03 1.1981754758618135e+38
1973.54 1.1410538822535499e+38
1974.05 1.1942906654591208e+38
1974.56 1.157732788549355e+38
1975.07 1.2031773192393487e+38
1975.58 1.1051242035586963e+38
1976.1 5.726282072009795e+37
1976.61 1.1954760921347142e+38
1977.12 1.162507719679851e+38
1977.63 9.97228828205274e+37
1978.15 1.1976625417092515e+38
1978.66 6.575460027446042e+37
1979.17 1.0251547105681054e+38
1979.69 9.296096093407372e+37
1980.2 1.1635246288876135e+38
1980.71 1.194012852231171e+38
1981.22 1.1808301281174731e+38
1981.74 1.1909626473196066e+38
1982.25 1.1445757872897897e+38
1982.77 5.761543463770815e+37
1983.28 1.1885440345393164e+38
1983.79 9.96928639108254e+37
1984.31 4.936353039027208e+37
1984.82 6.996740190723371e+37
1985.34 1.1446281373605346e+38
1985.85 1.1346480361446267e+38
1986.36 1.0666249853771663e+38
1986.88 9.451794425757955e+37
1987.4 5.378162280657527e+37
1987.91 6.645181368459064e+37
1988.43 1.1781674091671337e+38
1988.94 1.1757552179190122e+38
1989.46 1.0147634956113002e+38
1989.97 5.327925376954222e+37
1990.49 1.1606285156842387e+38
1991.0 1.1750348371380894e+38
1991.52 5.349260079067687e+37
1992.04 4.993535545330302e+37
1992.55 1.1277033241994261e+38
1993.07 1.1558446764487079e+38
1993.58 1.1440818200128944e+38
1994.1 5.6047469823392555e+37
1994.62 1.168541172096868e+38
1995.14 8.658453265875385e+37
1995.65 5.47702451903415e+37
1996.17 1.1660607478698488e+38
1996.69 1.1655736618163677e+38
1997.2 1.1541886475253073e+38
1997.72 1.0912129823607482e+38
1998.24 1.035955526886911e+38
1998.76 1.1046738687651566e+38
1999.28 1.1080503270828712e+38
1999.8 7.983782619246553e+37
2000.31 5.3031678080658615e+37
2000.83 9.80643611127669e+37
2001.35 1.1078790025637679e+38
2001.87 5.676008863438712e+37
2002.39 6.783725356565632e+37
2002.91 1.1467903917822951e+38
2003.43 1.154585378917666e+38
2003.94 1.1512681184470586e+38
2004.46 1.1390028984791894e+38
2004.98 1.0258819117838e+38
2005.5 8.580863279920127e+37
2006.02 8.304259240710483e+37
2006.54 1.1452035521069513e+38
2007.06 1.0765169281602633e+38
2007.58 1.0896252333599608e+38
2008.1 1.1418275545948554e+38
2008.62 8.283917572334549e+37
2009.14 5.7175036914148e+37
2009.67 1.1390887111694897e+38
2010.19 9.272991682059546e+37
2010.71 8.922827535964105e+37
2011.23 8.877219907855913e+37
2011.75 1.134940555276146e+38
2012.27 6.129308882484741e+37
2012.79 1.0566685191138739e+38
2013.31 5.261060638767993e+37
2013.84 1.1206444832239355e+38
2014.36 1.1123014105695227e+38
2014.88 1.1357161285461757e+38
2015.4 6.824738530912671e+37
2015.93 1.0288099234715778e+38
2016.45 1.0260418665900439e+38
2016.97 1.0735390574737495e+38
2017.49 9.879866693494662e+37
2018.02 6.295469505084213e+37
2018.54 1.1219143503952811e+38
2019.06 9.912689730615656e+37
2019.58 1.1292227865416093e+38
2020.11 1.1297376288576819e+38
2020.63 1.1147258171521985e+38
2021.16 1.1258930972051593e+38
2021.68 1.099884679155971e+38
2022.2 1.1178147226693025e+38
2022.73 7.647343552611739e+37
2023.25 1.1256916852966078e+38
2023.78 1.098124110970929e+38
2024.3 1.1209854892603288e+38
2024.82 1.1197186667289823e+38
2025.35 1.0826283206279987e+38
2025.88 7.836919055986252e+37
2026.4 1.0340960287933932e+38
2026.93 1.119083329953437e+38
2027.45 1.115689699868635e+38
2027.98 1.07779097491633e+38
2028.5 9.18331719862473e+37
2029.03 1.1135498243867071e+38
2029.55 1.1115500066043144e+38
2030.08 8.254495185411418e+37
2030.61 1.1139963386394834e+38
2031.13 1.0760544988070474e+38
2031.66 1.0987086863823691e+38
2032.19 8.910851206633729e+37
2032.71 1.014766480129275e+38
2033.24 1.1077435961165982e+38
2033.77 7.386224849817165e+37
2034.29 1.0078761330312726e+38
2034.82 9.082953484185564e+37
2035.35 5.081908184797655e+37
2035.88 8.250718620972065e+37
2036.4 1.0893475764510968e+38
2036.93 1.0983075736964379e+38
2037.46 6.571835064592169e+37
2037.99 5.090598776074432e+37
2038.52 1.1016024637556407e+38
2039.04 1.0568208326355997e+38
2039.57 5.940454029160729e+37
2040.1 5.14912860112699e+37
2040.63 9.866298676738152e+37
2041.16 5.169640501540524e+37
2041.69 1.0975544084956363e+38
2042.22 1.0967931002555806e+38
2042.74 1.050034179595877e+38
2043.28 1.0954983418459185e+38
2043.8 1.0644036620939622e+38
2044.33 1.0927715978042341e+38
2044.86 7.189507825206655e+37
2045.39 9.533032729050533e+37
2045.92 1.0880470119044893e+38
2046.45 5.23176432920598e+37
2046.98 1.0885128749865724e+38
2047.52 8.074127686328184e+37
2048.05 1.0698559862401443e+38
2048.58 1.0874276708584026e+38
2049.11 1.0683060752333688e+38
2049.64 9.082465163399462e+37
2050.17 7.816279112020287e+37
2050.7 1.0908897737863106e+38
2051.23 1.0424116771364304e+38
2051.76 9.72510628315145e+37
2052.3 1.0911387967625659e+38
2052.83 8.91870161448362e+37
2053.36 1.015646721097653e+38
2053.89 1.0831257293668151e+38
2054.43 1.0874099029763846e+38
2054.96 1.0830151975093972e+38
2055.49 1.0786879778524947e+38
2056.02 1.0814608119972482e+38
2056.55 5.150453578977566e+37
2057.09 1.0782239709845777e+38
2057.62 5.744482620231724e+37
2058.16 1.0266938512113085e+38
2058.69 7.96372306637184e+37
2059.22 4.575622691411858e+37
2059.76 8.244780996255766e+37
2060.29 4.783002452456256e+37
2060.82 1.0755624260751914e+38
2061.36 1.0150980445340136e+38
2061.89 1.0443794977920091e+38
2062.43 4.596638645488877e+37
2062.96 1.075515438747566e+38
2063.5 1.0669201193017504e+38
2064.03 9.866514987537926e+37
2064.56 1.0565392663211553e+38
2065.1 1.0324164565480967e+38
2065.64 9.197477613972339e+37
2066.17 1.0675295558313326e+38
2066.71 1.063044841179001e+38
2067.24 1.0529499464162644e+38
2067.78 1.0619592993921233e+38
2068.31 1.068512801880054e+38
2068.85 5.707010784973455e+37
2069.39 1.0551328298466244e+38
2069.92 1.067123232253051e+38
2070.46 1.0048014718463516e+38
2071.0 1.0567226796213737e+38
2071.53 9.795788098416738e+37
2072.07 1.0458864296986563e+38
2072.61 1.036099143836483e+38
2073.14 1.0557754285155823e+38
2073.68 1.0624627619679048e+38
2074.22 1.0596300837811305e+38
2074.76 1.0157616294283702e+38
2075.29 1.0601554981530612e+38
2075.83 9.578427816356875e+37
2076.37 1.0179888005381012e+38
2076.91 7.993705423448899e+37
2077.45 1.0526103372480839e+38
2077.98 8.409579552029027e+37
2078.52 9.374643051818783e+37
2079.06 9.637055712889299e+37
2079.6 5.906746634870835e+37
2080.14 1.0395575276809146e+38
2080.68 1.0522706348603699e+38
2081.22 1.0513547077719397e+38
2081.76 9.94790896396737e+37
2082.3 1.0477362403368771e+38
2082.84 1.048841785641042e+38
2083.38 9.979619224383373e+37
2083.92 1.0112961703849739e+38
2084.46 1.0475443198929523e+38
2085.0 4.514326087736094e+37
2085.54 6.896309145585974e+37
2086.08 1.0403355363038708e+38
2086.62 1.0131326148434634e+38
2087.16 1.0339602901024878e+38
2087.7 5.538352857232351e+37
2088.24 1.0276410537588755e+38
2088.78 1.0215158743559485e+38
2089.32 6.052851582380839e+37
2089.87 8.224100917970831e+37
2090.41 1.0383566066508114e+38
2090.95 5.318681127860631e+37
2091.49 1.0346687965915478e+38
2092.03 4.939536752763507e+37
2092.57 9.137648868576864e+37
2093.12 1.0328531729227432e+38
2093.66 5.318209717307602e+37
2094.2 6.311374172219785e+37
2094.75 9.424081430606468e+37
2095.29 1.0231417294410891e+38
2095.83 6.513730123887626e+37
2096.38 6.284283946057501e+37
2096.92 9.639373289661728e+37
2097.46 1.0275219718849249e+38
2098.0 6.224650526657811e+37
2098.55 6.415488907022472e+37
2099.09 1.0240516847891148e+38
2099.64 9.913505340797776e+37
2100.18 1.014730503857605e+38
2100.73 9.621792799476055e+37
2101.27 1.011891331216228e+38
2101.81 9.260873774763087e+37
2102.36 1.0186870220369734e+38
2102.9 1.012631734260612e+38
2103.45 8.345665210202418e+37
2103.99 8.562280670491784e+37
2104.54 4.559239307797207e+37
2105.08 1.0171844115860413e+38
2105.63 6.446701651624543e+37
2106.18 9.665138717845434e+37
2106.72 9.756494828267752e+37
2107.27 1.0147113711307723e+38
2107.81 9.054487574090582e+37
2108.36 9.09963904330456e+37
2108.91 7.904094144028311e+37
2109.45 8.541527863672743e+37
2110.0 1.0107146017119127e+38
2110.55 1.0084338347399269e+38
2111.09 1.0046524426310595e+38
2111.64 9.948795665744555e+37
2112.19 1.0010839608543358e+38
2112.74 9.959571276704907e+37
2113.28 9.68770482800482e+37
2113.83 9.989359096445733e+37
2114.38 8.080620073482155e+37
2114.93 8.373166308660471e+37
2115.48 8.737386644062256e+37
2116.02 1.0032194853556235e+38
2116.57 1.0023526012532355e+38
2117.12 8.332964554673285e+37
2117.67 9.974814612018036e+37
2118.22 7.823304540745216e+37
2118.77 9.952847649505926e+37
2119.32 6.748293211069966e+37
2119.87 9.97326768977981e+37
2120.42 9.283701765411023e+37
2120.97 7.364777730437888e+37
2121.51 9.464641746157739e+37
2122.06 9.31285138137907e+37
2122.61 9.916732382028096e+37
2123.17 8.584228536102497e+37
2123.72 9.782226988309889e+37
2124.26 5.769482543779746e+37
2124.82 8.602997443354322e+37
2125.37 9.656498015132543e+37
2125.92 8.766215342553566e+37
2126.47 9.89329370474518e+37
2127.02 9.888845950366807e+37
2127.57 9.8438795919063e+37
2128.12 7.63195483107956e+37
2128.67 9.741113224175603e+37
2129.23 9.709742835519986e+37
2129.78 9.812832776893388e+37
2130.33 7.375792021323934e+37
2130.88 9.796186116635172e+37
2131.43 9.47334606109771e+37
2131.99 9.768769615256986e+37
2132.54 9.17278434560482e+37
2133.09 9.78041064877966e+37
2133.65 9.748832486607304e+37
2134.2 9.742335310248991e+37
2134.75 9.717505260919305e+37
2135.3 9.723279025061195e+37
2135.86 9.695082053341621e+37
2136.41 9.739828556622516e+37
2136.97 6.813542543843019e+37
2137.52 9.515859670917338e+37
2138.07 5.566241548353894e+37
2138.63 8.763764343494626e+37
2139.18 9.680824794018177e+37
2139.74 9.351940427696167e+37
2140.29 9.431666791613586e+37
2140.84 9.688841499056203e+37
2141.4 8.977014733728615e+37
2141.96 8.228438260890691e+37
2142.51 9.613018359623163e+37
2143.06 9.533722823272656e+37
2143.62 8.3905763861722975e+37
2144.18 5.446100066353671e+37
2144.73 9.369411822519738e+37
2145.29 8.963285735355572e+37
2145.84 9.637231020907122e+37
2146.4 8.969735740789452e+37
2146.96 7.333462945305998e+37
2147.51 9.622403470678618e+37
2148.07 9.585014231140766e+37
2148.63 6.569506326195264e+37
2149.18 9.152565168327661e+37
2149.74 9.568455599913933e+37
2150.3 9.18920104939491e+37
2150.85 9.579554299072752e+37
2151.41 9.271343807848806e+37
2151.97 9.57484199142888e+37
2152.53 5.191241336628358e+37
2153.08 9.321868336974427e+37
2153.64 9.541136363166382e+37
2154.2 9.548994320007213e+37
2154.76 9.328822050530351e+37
2155.32 9.37712214377187e+37
2155.88 9.52954420651364e+37
2156.44 9.416512285828007e+37
2156.99 9.287724738365626e+37
2157.55 9.5019970837842e+37
2158.11 9.470945021757763e+37
2158.67 8.971173389461875e+37
2159.23 6.1005964867125305e+37
2159.79 9.265491925033185e+37
2160.35 9.236869528108509e+37
2160.91 9.441218979811448e+37
2161.47 9.267379696357635e+37
2162.03 6.468396492854182e+37
2162.59 8.479691781102007e+37
2163.15 9.403783908843051e+37
2163.71 7.779975113597237e+37
2164.27 9.40361282496517e+37
2164.83 9.182186866483595e+37
2165.4 9.392650115394215e+37
2165.96 8.482678644463758e+37
2166.52 9.370467372411272e+37
2167.08 9.245282996303156e+37
2167.64 5.093457662713e+37
2168.2 9.354598907500313e+37
2168.76 8.383745940925839e+37
2169.33 9.293733035585623e+37
2169.89 9.27770890039756e+37
2170.45 7.74459871191039e+37
2171.01 9.315885635451521e+37
2171.58 8.586769798449494e+37
2172.14 9.308971790847244e+37
2172.7 9.232878918666157e+37
2173.27 9.297131689398934e+37
2173.83 9.167253836919978e+37
2174.39 8.71193155900483e+37
2174.96 8.86533195378763e+37
2175.52 8.996792076117053e+37
2176.08 9.155200688895903e+37
2176.65 9.205336412149743e+37
2177.21 9.216461795504732e+37
2177.78 9.144659087296504e+37
2178.34 9.213529929274764e+37
2178.91 9.226140838981846e+37
2179.47 9.02266928246355e+37
2180.03 8.708680797830357e+37
2180.6 9.15797802796146e+37
2181.17 5.349378688549351e+37
2181.73 9.185288517957645e+37
2182.3 9.179839199643257e+37
2182.86 9.068296286079873e+37
2183.43 8.317339393699911e+37
2183.99 9.159735539709623e+37
2184.56 8.588456794784546e+37
2185.12 9.140155675984274e+37
2185.69 7.453012623587557e+37
2186.26 7.867046280729178e+37
2186.82 9.10754449909225e+37
2187.39 8.447960513710388e+37
2187.96 9.093571188418785e+37
2188.53 8.470449101924717e+37
2189.09 9.005101373752847e+37
2189.66 9.021057051777006e+37
2190.23 9.098513157996924e+37
2190.79 7.756478336492135e+37
2191.36 8.295006478306081e+37
2191.93 7.0173812482584935e+37
2192.5 9.08112103779929e+37
2193.07 9.040898543319993e+37
2193.64 8.904371528896138e+37
2194.21 8.682089850751158e+37
2194.77 9.061946472632294e+37
2195.34 8.965944702618178e+37
2195.91 9.018191502633838e+37
2196.48 8.336432896590272e+37
2197.05 9.009351355811677e+37
2197.62 9.018392184601697e+37
2198.19 8.99140680413448e+37
2198.76 8.991674576608827e+37
2199.33 7.510660278017286e+37
2199.9 8.857914174690789e+37
2200.47 8.988858805327005e+37
2201.04 8.877127652794e+37
2201.61 8.800894908647444e+37
2202.18 8.392626288571513e+37
2202.75 8.767439448896284e+37
2203.32 8.904399199856821e+37
2203.89 7.521901565481516e+37
2204.46 8.047356507416318e+37
2205.03 8.866582473720415e+37
2205.61 8.919215644413441e+37
2206.18 8.853721506641226e+37
2206.75 8.830276051705377e+37
2207.32 8.741167474668072e+37
2207.89 8.886858266897314e+37
2208.47 8.741316688218085e+37
2209.04 8.79698341301577e+37
2209.61 4.95777536292564e+37
2210.18 8.851348744959638e+37
2210.76 7.461267367707373e+37
2211.33 8.59334672171781e+37
2211.9 8.640969050917455e+37
2212.48 8.80600721812127e+37
2213.05 8.362424368295642e+37
2213.62 8.802939133564492e+37
2214.2 8.795152069067025e+37
2214.77 8.678152633496065e+37
2215.34 7.810340383597677e+37
2215.92 7.619246478931079e+37
2216.49 8.404993666750743e+37
2217.07 8.554432788635728e+37
2217.64 8.699361333044884e+37
2218.22 7.279372213706912e+37
2218.79 8.512152930721567e+37
2219.37 7.850673280057145e+37
2219.94 8.713383962992426e+37
2220.52 8.65708041919002e+37
2221.09 8.37374649637993e+37
2221.67 8.678294601461758e+37
2222.25 8.696800467826677e+37
2222.82 8.601930165985181e+37
2223.4 8.674909386842481e+37
2223.97 8.668051122420829e+37
2224.55 8.663995405653912e+37
2225.13 8.604203666845977e+37
2225.7 8.397088030962245e+37
2226.28 8.633738041154126e+37
2226.86 8.64715677188441e+37
2227.43 6.808365392381029e+37
2228.01 8.288833737533436e+37
2228.59 7.821234585855346e+37
2229.17 8.118099757106842e+37
2229.74 8.60785110301881e+37
2230.32 8.5006413748853205e+37
2230.9 8.552080896049427e+37
2231.48 8.618076269470688e+37
2232.06 8.59267993991119e+37
2232.64 8.543771856472951e+37
2233.21 7.537300656512261e+37
2233.79 8.532224869272438e+37
2234.37 7.209150664689936e+37
2234.95 8.55523237016496e+37
2235.53 8.583308612573884e+37
2236.11 8.579282113895599e+37
2236.69 6.197859983295617e+37
2237.27 8.562602191394043e+37
2237.85 8.52660235395088e+37
2238.43 7.918842325440011e+37
2239.01 7.871980897002115e+37
2239.59 8.530511145578403e+37
2240.17 8.409384800138811e+37
2240.75 8.517238655998793e+37
2241.33 8.50737975789332e+37
2241.91 8.499871285361328e+37
2242.49 8.448182795974139e+37
2243.07 8.480763717530696e+37
2243.66 8.475015540378018e+37
2244.24 8.193433379017211e+37
2244.82 6.659378298839573e+37
2245.4 8.40794589366143e+37
2245.98 8.449064590334817e+37
2246.56 8.2645791017283085e+37
2247.15 8.428783268458375e+37
2247.73 8.421634146897517e+37
2248.31 7.968664304698532e+37
2248.89 8.350085990568516e+37
2249.48 8.346552490632569e+37
2250.06 8.395276595865861e+37
2250.64 8.342596306301089e+37
2251.23 8.381314901839819e+37
2251.81 7.984776692014662e+37
2252.39 8.308748486548748e+37
2252.98 6.793435986014564e+37
2253.56 7.908807099947509e+37
2254.15 8.351504352057609e+37
2254.73 8.318482541535079e+37
2255.31 8.338853658654139e+37
2255.9 8.271727155420518e+37
2256.48 8.127580017554186e+37
2257.07 8.307287337859885e+37
2257.65 8.299591934399264e+37
2258.24 6.794443103556334e+37
2258.82 8.122295466664454e+37
2259.41 7.891901791516604e+37
2260.0 8.273583926353799e+37
2260.58 8.177480884588089e+37
2261.17 7.634667599584603e+37
2261.75 8.2748303284122135e+37
2262.34 5.29799844827757e+37
2262.93 8.263628445623249e+37
2263.51 8.125513475916592e+37
2264.1 8.184818541415165e+37
2264.69 8.248539225410497e+37
2265.27 8.122231988149261e+37
2265.86 8.0004482572916665e+37
2266.45 8.229876712303696e+37
2267.03 8.214840370367169e+37
2267.62 8.223800519848758e+37
2268.21 6.753397704489114e+37
2268.8 8.195310268765224e+37
2269.39 8.205761153074782e+37
2269.97 8.114154219583034e+37
2270.56 8.196702074643285e+37
2271.15 8.186073312948249e+37
2271.74 8.143960745028407e+37
2272.33 8.069363413628856e+37
2272.92 8.169268497294246e+37
2273.51 8.169744027631347e+37
2274.09 7.036341512836789e+37
2274.68 8.158869556337141e+37
2275.27 8.155405942888427e+37
2275.86 8.027218458712501e+37
2276.45 8.089716277788984e+37
2277.04 7.391838931540893e+37
2277.63 7.320783320129469e+37
2278.22 7.235757211411951e+37
2278.81 8.125105133255819e+37
2279.41 7.918800117598071e+37
2280.0 8.088957756022099e+37
2280.59 8.014528342452773e+37
2281.18 8.094017476632163e+37
2281.77 8.061998426109573e+37
2282.36 8.092898550052344e+37
2282.95 8.073859066888217e+37
2283.54 8.081189990938527e+37
2284.14 8.036288828322597e+37
2284.73 8.021242571100717e+37
2285.32 7.955777782336827e+37
2285.91 8.059114171631763e+37
2286.5 8.048838287372046e+37
2287.1 7.909380434765372e+37
2287.69 6.53865903541546e+37
2288.28 7.9425639729696145e+37
2288.88 8.020235415574633e+37
2289.47 8.010197022666188e+37
2290.06 7.706615086866717e+37
2290.66 7.98064758520332e+37
2291.25 7.7792373807391335e+37
2291.84 7.971516736139769e+37
2292.44 7.722821468240742e+37
2293.03 7.930627092877725e+37
2293.63 7.770548426580849e+37
2294.22 7.8741728038736165e+37
2294.81 7.7457759553126145e+37
2295.41 7.812539807032414e+37
2296.0 7.7832314207332575e+37
2296.6 5.908444321167546e+37
2297.2 7.324276586809647e+37
2297.79 4.356964749490007e+37
2298.39 7.981995027824722e+37
2298.98 7.714960622347723e+37
2299.58 7.65195431895756e+37
2300.17 7.907029713167556e+37
2300.77 7.759959430777199e+37
2301.37 7.864043211369911e+37
2301.96 7.884238687101859e+37
2302.56 7.82888938015336e+37
2303.16 7.74694525647039e+37
2303.75 6.808516341698955e+37
2304.35 7.85008983956856e+37
2304.95 7.8400480108649095e+37
2305.54 7.831977914936516e+37
2306.14 7.832411556840873e+37
2306.74 7.717331756346381e+37
2307.34 7.09874300498587e+37
2307.94 7.794634338054603e+37
2308.53 7.746468136366233e+37
2309.13 7.776426627065305e+37
2309.73 7.792834062577216e+37
2310.33 7.783455605825076e+37
2310.93 7.759442107448227e+37
2311.53 7.752037732091871e+37
2312.13 7.752476275268548e+37
2312.73 7.732103209960403e+37
2313.32 7.452558554998574e+37
2313.93 6.6013204050258635e+37
2314.52 7.663679719130335e+37
2315.12 7.728282138190824e+37
2315.72 7.711275575275718e+37
2316.32 6.304553363816448e+37
2316.93 7.387956560137952e+37
2317.52 7.441939832468719e+37
2318.13 7.590618090603586e+37
2318.73 7.605079623980995e+37
2319.33 7.634396392729808e+37
2319.93 5.040069376408561e+37
2320.53 7.605534637018464e+37
2321.13 7.623609989122326e+37
2321.73 7.618235531541601e+37
2322.33 6.930846781995163e+37
2322.94 6.339151944656071e+37
2323.54 7.571118546272764e+37
2324.14 7.559321797701647e+37
2324.74 7.372436072488573e+37
2325.35 7.542668758561213e+37
2325.95 7.535293616437785e+37
2326.55 7.418028939018703e+37
2327.16 7.495208521115505e+37
2327.76 6.981100169993069e+37
2328.36 6.214075279292522e+37
2328.97 7.541726905861918e+37
2329.57 7.541452253181016e+37
2330.17 7.508493956246988e+37
2330.78 7.376040875930835e+37
2331.38 7.344647436602081e+37
2331.98 6.100713663697748e+37
2332.59 7.516894215191238e+37
2333.19 5.9852050787395e+37
2333.8 7.318313558280969e+37
2334.4 7.482125324205629e+37
2335.01 7.252498049993107e+37
2335.61 7.469903432092341e+37
2336.22 7.508012179846046e+37
2336.82 7.504970478328254e+37
2337.43 6.413629488042573e+37
2338.03 7.491329780101903e+37
2338.64 6.919364152633931e+37
2339.25 7.070009083942831e+37
2339.85 7.244880240382281e+37
2340.46 7.3423208813276725e+37
2341.07 6.802192542014917e+37
2341.67 7.393753300171045e+37
2342.28 7.429589392833369e+37
2342.89 7.434954647151104e+37
2343.5 7.41267666366031e+37
2344.1 7.222077665878548e+37
2344.71 7.268259911657596e+37
2345.32 7.391446133247878e+37
2345.93 7.307245258478976e+37
2346.53 7.409434379747908e+37
2347.14 7.370102419622249e+37
2347.75 6.434376941803548e+37
2348.36 7.327174046723556e+37
2348.97 6.988178132559323e+37
2349.58 7.386308749947522e+37
2350.19 7.383168223031074e+37
2350.79 7.369439603312532e+37
2351.4 7.366845333435125e+37
2352.01 7.246691683745888e+37
2352.62 7.369678600258122e+37
2353.23 7.013860180733165e+37
2353.84 7.365070009695458e+37
2354.45 6.46670734068117e+37
2355.06 7.140891240107696e+37
2355.67 7.222973775419922e+37
2356.28 7.341175689973742e+37
2356.89 7.293996501098765e+37
2357.5 7.327670290250431e+37
2358.12 7.213654106438326e+37
2358.73 7.142336021337301e+37
2359.34 7.305208117452089e+37
2359.95 7.190221289770382e+37
2360.56 7.261869365751609e+37
2361.17 7.191639660163138e+37
2361.78 7.24028925261581e+37
2362.4 7.221221682096247e+37
2363.01 7.172200366400638e+37
2363.62 7.191520774952942e+37
2364.24 7.027866453106332e+37
2364.85 7.24134057619744e+37
2365.46 7.080625189218747e+37
2366.07 7.059065024829914e+37
2366.69 6.53796157761185e+37
2367.3 7.08906939070814e+37
2367.91 7.210368369368361e+37
2368.53 7.209449018773479e+37
2369.14 7.191306649630893e+37
2369.76 7.118897405989287e+37
2370.37 7.1888422552169865e+37
2370.98 6.981200271351445e+37
2371.6 6.293392413497805e+37
2372.21 7.177024433440229e+37
2372.83 7.167880325174222e+37
2373.44 7.150656821161805e+37
2374.06 7.165209648257373e+37
2374.67 5.713445393569778e+37
2375.29 7.158557998806663e+37
2375.91 6.950949544320911e+37
2376.52 7.104051311031677e+37
2377.14 6.376887202224549e+37
2377.75 7.133355420352418e+37
2378.37 7.125976481264058e+37
2378.99 7.087405780855658e+37
2379.6 7.096323909772012e+37
2380.22 7.098047716259406e+37
2380.83 6.977944513681438e+37
2381.45 6.902216753154218e+37
2382.07 7.0847507644791105e+37
2382.69 6.5782845221273e+37
2383.3 7.004944485688376e+37
2383.92 6.847280007627703e+37
2384.54 7.050368957359068e+37
2385.16 6.649975776824162e+37
2385.78 6.974734556985932e+37
2386.4 6.787852442757556e+37
2387.01 6.349492093397269e+37
2387.63 7.038156341302856e+37
2388.25 7.0251248659338645e+37
2388.87 7.014508673749547e+37
2389.49 6.859133433267676e+37
2390.11 6.685363847734357e+37
2390.73 7.02021075502923e+37
2391.35 7.012650081624969e+37
2391.97 6.976498788176072e+37
2392.59 7.008646195798121e+37
2393.21 6.987596907634029e+37
2393.83 7.002235813323566e+37
2394.45 6.7566330737249e+37
2395.07 6.988275735669418e+37
2395.69 6.957045965614684e+37
2396.31 6.436331238777599e+37
2396.93 6.9618691894488e+37
2397.55 6.727719121094914e+37
2398.17 6.959017535405207e+37
2398.79 6.479095339673059e+37
2399.42 6.883662576436907e+37
2400.04 6.677868172207051e+37
2400.66 6.872782158134516e+37
2401.28 6.932278142723353e+37
2401.91 6.908923672135181e+37
2402.53 6.591203489776708e+37
2403.15 6.2724133209007625e+37
2403.77 6.895953821849265e+37
2404.4 6.395052586947694e+37
2405.02 6.86779390768481e+37
2405.64 6.392711802502805e+37
2406.27 6.88362892479856e+37
2406.89 6.862509950094005e+37
2407.51 6.759716711434195e+37
2408.14 6.760536513396801e+37
2408.76 6.6218940987799e+37
2409.39 6.82351671909812e+37
2410.01 6.206516137545379e+37
2410.64 6.853139696057382e+37
2411.26 6.467462156614057e+37
2411.89 6.680932082155118e+37
2412.51 6.83312699373473e+37
2413.14 6.824223676763808e+37
2413.76 6.821123372419159e+37
2414.39 6.675553014733159e+37
2415.01 6.820880111287276e+37
2415.64 6.809955992752651e+37
2416.26 6.814997253334942e+37
2416.89 6.625712657175591e+37
2417.52 6.774943535129394e+37
2418.14 6.803213442203148e+37
2418.77 6.7920026535282985e+37
2419.4 4.920173342080556e+37
2420.02 6.791758051978497e+37
2420.65 6.772781852966441e+37
2421.28 6.681921167384953e+37
2421.91 6.686241681156311e+37
2422.53 6.775226308603447e+37
2423.16 6.761103239134195e+37
2423.79 6.666873143130211e+37
2424.42 6.332438513756627e+37
2425.05 6.678116892453023e+37
2425.68 6.755399752484627e+37
2426.3 6.727798527046765e+37
2426.93 6.73245270006669e+37
2427.56 6.737739748868787e+37
2428.19 6.730839797142855e+37
2428.82 6.7205153775430625e+37
2429.45 6.500608582794079e+37
2430.08 6.620183425567804e+37
2430.71 6.60000114175836e+37
2431.34 6.701902596088871e+37
2431.97 6.343931669502581e+37
2432.6 6.689879140176478e+37
2433.23 6.68024056844522e+37
2433.86 6.362491843856363e+37
2434.49 6.656548385044255e+37
2435.12 6.614794358019259e+37
2435.75 6.520948357411704e+37
2436.39 6.657098150246222e+37
2437.02 6.628122975351017e+37
2437.65 6.642941319087027e+37
2438.28 6.583393423316541e+37
2438.91 4.745354897178288e+37
2439.54 6.633103734361526e+37
2440.18 6.588321168311479e+37
2440.81 6.501416749650221e+37
2441.44 6.5506328417136e+37
2442.07 6.559395160191304e+37
2442.71 6.623494375247297e+37
2443.34 6.618497648601148e+37
2443.97 6.581511165273236e+37
2444.61 6.608674593060249e+37
2445.24 6.334221188269054e+37
2445.88 6.5264761759895355e+37
2446.51 6.468417971497427e+37
2447.14 6.512888050514472e+37
2447.78 6.564605890834611e+37
2448.41 6.506954677954576e+37
2449.05 5.852030884414476e+37
2449.68 6.571263454669605e+37
2450.32 6.029906224401089e+37
2450.95 6.509625948495483e+37
2451.59 6.553152995233082e+37
2452.22 6.541886070121969e+37
2452.86 6.540408642296935e+37
2453.49 6.53817441122792e+37
2454.13 6.532485878532942e+37
2454.76 6.505393908502611e+37
2455.4 6.435535821553474e+37
2456.04 6.501556871478428e+37
2456.67 6.473845299106738e+37
2457.31 6.337711800860255e+37
2457.95 6.502070890999995e+37
2458.58 6.467663045771421e+37
2459.22 6.492405614861899e+37
2459.86 6.446785301496448e+37
2460.5 6.400896847340331e+37
2461.14 6.346578018578104e+37
2461.77 6.052058710532719e+37
2462.41 6.429255366065747e+37
2463.05 6.441400977281024e+37
2463.69 5.907845098435873e+37
2464.33 6.452103547547709e+37
2464.96 6.447078514655399e+37
2465.6 6.339843683722619e+37
2466.24 6.434238458207612e+37
2466.88 6.42613146999229e+37
2467.52 6.281316721367458e+37
2468.16 6.383780156679916e+37
2468.8 6.412469842109326e+37
2469.44 6.408509269484152e+37
2470.08 6.350472427752837e+37
2470.72 6.391187684882027e+37
2471.36 6.285168058367627e+37
2472.0 6.376837916128905e+37
2472.64 6.309219568229805e+37
2473.28 6.081057905492219e+37
2473.92 6.345453739775319e+37
2474.56 6.346197066428086e+37
2475.21 6.356870708953113e+37
2475.85 6.283106175431336e+37
2476.49 6.351496144281521e+37
2477.13 6.339552479390785e+37
2477.77 6.344813457769305e+37
2478.42 6.2986974154694475e+37
2479.06 6.286357828228127e+37
2479.7 6.324619443045224e+37
2480.34 6.327392996838696e+37
2480.99 6.230303368382193e+37
2481.63 6.2084466549100895e+37
2482.27 6.019645078258764e+37
2482.92 6.180286025719883e+37
2483.56 6.269412304858108e+37
2484.2 6.275187714251702e+37
2484.85 6.246419936730244e+37
2485.49 6.277511884262672e+37
2486.14 6.287486329699754e+37
2486.78 6.282437976492131e+37
2487.42 6.284180836058488e+37
2488.07 6.260121786774337e+37
2488.71 5.933626728992168e+37
2489.36 6.264889195304169e+37
2490.0 6.259426863622376e+37
2490.65 6.213576017503981e+37
2491.29 6.23890532753469e+37
2491.94 6.238052822084076e+37
2492.59 6.239353810352634e+37
2493.23 6.209475516188647e+37
2493.88 6.002511340941347e+37
2494.52 6.213005995668307e+37
2495.17 6.220433562625687e+37
2495.82 6.217908922710139e+37
2496.47 6.201825861626875e+37
2497.11 6.201721406220473e+37
2497.76 5.945009487538764e+37
2498.41 6.19296802742387e+37
2499.05 6.0961296099745515e+37
2499.7 5.994182252395825e+37
