WAVE FLUX
1000.04 1.722468272299789e+38
1000.53 1.5668036739930188e+38
1001.02 1.2714923773006368e+38
1001.51 1.6688774205254513e+38
1002.01 1.648492783051516e+38
1002.5 1.52091743903073e+38
1002.99 1.5481317162299703e+38
1003.48 1.725918938117585e+38
1003.97 1.7133746024499705e+38
1004.46 1.7249534120642864e+38
1004.96 1.7209315209620784e+38
1005.45 1.491303168140826e+38
1005.94 1.0920870608272605e+38
1006.43 1.6973399275984103e+38
1006.93 1.4230786147281815e+38
1007.42 1.686243217293259e+38
1007.92 1.6674886690288591e+38
1008.41 1.6695348525919676e+38
1008.91 1.4604292829318516e+38
1009.4 1.6739583811067097e+38
1009.9 5.114954497055704e+37
1010.39 5.415591560860416e+37
1010.89 1.6580554365103495e+38
1011.38 1.6272962901827992e+38
1011.88 1.6211931059670138e+38
1012.37 9.872671182956833e+37
1012.87 1.3995979098416914e+38
1013.37 1.6116238866487154e+38
1013.86 1.6122978303601211e+38
1014.36 1.5731794284950446e+38
1014.86 1.6026708075465599e+38
1015.36 1.6171016518850219e+38
1015.85 1.1064758526659649e+38
1016.35 1.4448049714836595e+38
1016.85 1.5970238132246673e+38
1017.35 1.3825500370819846e+38
1017.85 1.5479974345265297e+38
1018.35 6.822863820935961e+37
1018.85 1.568273169486327e+38
1019.35 1.47737837597061e+38
1019.85 8.633437841206012e+37
1020.35 1.490609684696195e+38
1020.85 1.5239590599334601e+38
1021.35 1.1759928152598889e+38
1021.85 1.4964582808793477e+38
1022.35 1.5160832878564546e+38
1022.85 1.0184429861131446e+38
1023.35 1.5034025628416478e+38
1023.85 1.4906237779933268e+38
1024.35 1.4822176540958052e+38
1024.86 1.4673120991364085e+38
1025.36 7.554660886971408e+37
1025.86 7.971891996376404e+36
1026.37 1.3259685204995645e+38
1026.87 1.2743949714275905e+38
1027.37 1.427217217080831e+38
1027.88 1.4867881159038383e+38
1028.38 1.4221966016971807e+38
1028.89 1.4588103103277885e+38
1029.39 1.3971436059459359e+38
1029.9 1.0819376178725262e+38
1030.4 1.3069609984634557e+38
1030.91 3.0173123892686026e+37
1031.41 1.2585006676989176e+38
1031.92 1.4377323868477036e+38
1032.42 1.4042367614327543e+38
1032.93 1.5199232492339515e+38
1033.44 1.1689242129080272e+38
1033.94 1.0395823582434161e+38
1034.45 1.3970116184922674e+38
1034.96 1.4629860102386072e+38
1035.46 8.048284441685112e+37
1035.97 1.2421082554865574e+38
1036.48 1.4323072052630562e+38
1036.99 3.4415833989884946e+37
1037.5 1.1172794339172937e+38
1038.01 1.389356276740948e+38
1038.51 1.5499761463409056e+38
1039.02 1.5174162572989997e+38
1039.53 1.470478531805139e+38
1040.04 1.4136156796050337e+38
1040.55 1.4232203951798568e+38
1041.06 1.5910831508817342e+38
1041.57 1.5751555897658085e+38
1042.08 1.6031371023553164e+38
1042.59 1.5934360320700194e+38
1043.11 1.6241585904339885e+38
1043.62 1.6302059564678892e+38
1044.13 1.6347485146938314e+38
1044.64 1.628267625384251e+38
1045.15 1.6102900877777969e+38
1045.67 1.6323742468749078e+38
1046.18 1.616746563255587e+38
1046.69 1.6436078334989852e+38
1047.2 1.6435065759258744e+38
1047.72 1.6443236968468264e+38
1048.23 1.6100243602984584e+38
1048.75 1.643699821544791e+38
1049.26 1.6402232191862347e+38
1049.78 1.5782224979607122e+38
1050.29 1.5903708017034914e+38
1050.81 1.6030513982819608e+38
1051.32 1.5113320493732164e+38
1051.83 1.6356375360431817e+38
1052.35 1.599707377668298e+38
1052.87 1.6013378905804953e+38
1053.38 1.6338183298310416e+38
1053.9 1.6386351411914268e+38
1054.42 1.6393615379776976e+38
1054.93 1.6431313151601628e+38
1055.45 1.1173272955650182e+38
1055.97 1.6064186920056307e+38
1056.49 1.6341528529409026e+38
1057.01 1.6036359070236262e+38
1057.52 1.5459060062838965e+38
1058.04 1.6271424840243572e+38
1058.56 1.461652862394071e+38
1059.08 1.4891009705001437e+38
1059.6 1.5919824374607093e+38
1060.12 1.4031084434966552e+38
1060.64 1.5920715925850169e+38
1061.16 1.005465614856167e+38
1061.68 6.775862002775317e+37
1062.2 1.5518904920994151e+38
1062.72 4.610744762021764e+37
1063.24 1.2986268521180265e+38
1063.76 1.5949406508285777e+38
1064.28 1.5233729384580393e+38
1064.81 1.5620556346587654e+38
1065.33 1.5928435935819357e+38
1065.85 1.1654063649578434e+38
1066.37 1.5438204977953707e+38
1066.9 1.594781114134804e+38
1067.42 1.5349438983356543e+38
1067.94 1.5043768073539192e+38
1068.47 1.5485198361161566e+38
1068.99 7.029360218052392e+37
1069.52 1.426407021698728e+38
1070.04 1.569910046467616e+38
1070.56 8.924331101077133e+37
1071.09 1.55870089911719e+38
1071.61 1.5488478389357062e+38
1072.14 1.4493310870082166e+38
1072.67 1.5111224099081748e+38
1073.19 1.4913650558371523e+38
1073.72 1.3810280566593053e+38
1074.24 1.490898287645502e+38
1074.77 1.5391451581775891e+38
1075.3 1.5578277767673024e+38
1075.82 1.5843758055667957e+38
1076.35 1.5760096064575827e+38
1076.88 1.5601607328789236e+38
1077.41 1.5792058774679281e+38
1077.94 1.1505086561029187e+38
1078.47 1.5778379029760412e+38
1078.99 1.5719485807208607e+38
1079.52 1.4647857557287142e+38
1080.05 1.5691704475302141e+38
1080.58 1.5659598955484382e+38
1081.11 1.563342328003744e+38
1081.64 1.5615876516714444e+38
1082.17 1.5516846976488283e+38
1082.7 1.5364616873817599e+38
1083.23 1.1642017968608178e+38
1083.77 1.499254478545922e+38
1084.3 1.5067256836759694e+38
1084.83 1.3073651447837413e+38
1085.36 1.501968358138492e+38
1085.89 1.5171476165993703e+38
1086.43 1.4708594859778101e+38
1086.96 1.5289732580350262e+38
1087.49 1.524853181839491e+38
1088.02 1.2786399753230822e+38
1088.56 1.5046005849866782e+38
1089.09 9.963209940192195e+37
1089.63 8.526845774635412e+37
1090.16 1.4369828286007249e+38
1090.69 1.5404408171690226e+38
1091.23 1.5437482541767175e+38
1091.77 1.4990042331339907e+38
1092.3 1.5327102528492136e+38
1092.84 1.5406947830063609e+38
1093.37 1.3247103989265257e+38
1093.91 1.5493119518629745e+38
1094.44 1.5409736036837205e+38
1094.98 1.5325658554947194e+38
1095.52 1.1488784026242751e+38
1096.06 1.474268655698179e+38
1096.59 7.013004270665244e+37
1097.13 1.5413031613584302e+38
1097.67 8.018647827395387e+37
1098.21 9.851897125760938e+37
1098.74 1.536031561755966e+38
1099.28 1.5320675057347936e+38
1099.82 1.5009746798803626e+38
1100.36 1.527535730108202e+38
1100.9 1.5310577437293182e+38
1101.44 1.430888311055732e+38
1101.98 1.5236581640660862e+38
1102.52 1.5175250285919231e+38
1103.06 1.4910970289340652e+38
1103.6 1.4986663680616927e+38
1104.15 1.1079603052897298e+38
1104.69 1.4920813705783594e+38
1105.23 1.51005089893677e+38
1105.77 1.475648902228823e+38
1106.31 1.5106776974949526e+38
1106.85 1.4901143727049796e+38
1107.4 1.475501306998567e+38
1107.94 1.369684181774286e+38
1108.48 5.434719620069288e+37
1109.03 1.4731129341508275e+38
1109.57 1.4998246569981992e+38
1110.11 1.4700233221977615e+38
1110.66 1.490580232004004e+38
1111.2 1.445340924160679e+38
1111.75 1.4888997350594962e+38
1112.29 1.4388662703736975e+38
1112.84 1.4891654693736068e+38
1113.39 1.4907294260803468e+38
1113.93 1.479821845414898e+38
1114.48 1.47987172168803e+38
1115.02 1.4760383633811657e+38
1115.57 1.4564549587306875e+38
1116.12 1.4606932663050827e+38
1116.67 1.3034648422617944e+38
1117.21 1.4139245395469667e+38
1117.76 1.47623535820657e+38
1118.31 1.4702490435487863e+38
1118.86 1.4790084776494643e+38
1119.41 1.2520378919991595e+38
1119.95 1.4751487064519975e+38
1120.5 1.471635063358498e+38
1121.05 1.4531437899686481e+38
1121.6 1.4524965372626669e+38
1122.15 1.4651925575071343e+38
1122.7 1.4646723396628115e+38
1123.25 1.441573195427751e+38
1123.8 6.678266799284505e+37
1124.36 1.3543711710863953e+38
1124.91 3.917896085078918e+37
1125.46 1.3657547159264328e+38
1126.01 1.4178388742289836e+38
1126.56 1.3941742555907398e+38
1127.11 1.4235985511307227e+38
1127.67 1.4179201642137667e+38
1128.22 6.897419437829708e+37
1128.77 4.476251110853344e+37
1129.33 1.408583042765633e+38
1129.88 1.3132553718772073e+38
1130.44 4.814881807123442e+37
1130.99 1.406862899182388e+38
1131.54 1.4550272104977706e+38
1132.1 1.4570113689596712e+38
1132.65 1.4545135212317228e+38
1133.21 1.4548578429447496e+38
1133.77 1.442398102843918e+38
1134.32 1.4353633364995635e+38
1134.88 1.3922476105229148e+38
1135.43 1.4405292814346902e+38
1135.99 1.451791468293084e+38
1136.55 1.4354828814768299e+38
1137.1 1.4157021112739245e+38
1137.66 1.4414187402793627e+38
1138.22 1.4406967779765149e+38
1138.78 1.4293068774233105e+38
1139.34 7.84532953498022e+37
1139.9 1.1761348217544782e+38
1140.45 1.377463943935454e+38
1141.01 1.4295311518815615e+38
1141.57 6.457690864166363e+37
1142.13 1.422912502488915e+38
1142.69 1.4266664770722606e+38
1143.25 1.3907227108570125e+38
1143.81 1.4122709499508548e+38
1144.38 1.0047187089116604e+38
1144.94 8.123695007136535e+37
1145.5 1.4187975597363515e+38
1146.06 1.4182148193740535e+38
1146.62 1.4138980339056536e+38
1147.18 1.4069859930197813e+38
1147.75 1.4138859606554864e+38
1148.31 1.367872605447616e+38
1148.87 1.3978742856213175e+38
1149.44 1.4128227384799999e+38
1150.0 1.3785969667993212e+38
1150.0 1.3785969667993212e+38
1150.3 1.385742076755871e+38
1150.6 1.4070924074146607e+38
1150.89 1.2430762551441326e+38
1151.19 1.3388517117436511e+38
1151.49 1.4102119545767866e+38
1151.79 1.4068258387698675e+38
1152.09 1.3618517728474947e+38
1152.39 1.3925249988826493e+38
1152.69 1.3743046326675084e+38
1152.98 1.3870147428248692e+38
1153.28 1.3543700732708701e+38
1153.58 1.3354068299532752e+38
1153.88 1.3191297128660772e+38
1154.18 1.3564489890140757e+38
1154.48 1.3790302315403536e+38
1154.78 1.3748400119316325e+38
1155.08 1.3393256315507556e+38
1155.38 1.3382974792188014e+38
1155.68 1.3780173628376325e+38
1155.98 9.629272749217675e+37
1156.28 1.3759064302428296e+38
1156.57 1.362653216910696e+38
1156.88 1.3712629782542295e+38
1157.18 1.3758210634371052e+38
1157.47 1.3723559904568652e+38
1157.78 1.3645645833818456e+38
1158.07 8.595833493633818e+37
1158.38 1.371357509211927e+38
1158.68 1.3765738727409465e+38
1158.97 1.3383296515594298e+38
1159.28 1.3760567098405564e+38
1159.58 1.301473640230843e+38
1159.88 1.3908080881807357e+38
1160.18 1.336828653733736e+38
1160.48 1.396706242612714e+38
1160.78 1.3971049275473198e+38
1161.08 1.3968248743209909e+38
1161.38 1.3599834979792243e+38
1161.68 1.3859708710838038e+38
1161.98 1.385564326209007e+38
1162.28 1.3908427477952882e+38
1162.58 1.3944306906668426e+38
1162.89 1.3921975555275434e+38
1163.19 1.2914574443284696e+38
1163.49 1.3851376341049322e+38
1163.79 1.2319540545325685e+38
1164.09 1.377884662360403e+38
1164.39 1.3613021108170491e+38
1164.7 1.3224104276205704e+38
1165.0 1.262917683448131e+38
1165.3 1.3676702002395934e+38
1165.6 1.3163834687606593e+38
1165.9 1.25032709662803e+38
1166.21 1.3708660502506142e+38
1166.51 1.3728042968779632e+38
1166.81 1.0801021826957915e+38
1167.11 1.376159870069937e+38
1167.42 1.3098374509597162e+38
1167.72 1.3663331387655927e+38
1168.02 1.343305867411146e+38
1168.32 1.36756479210258e+38
1168.63 1.370208777590633e+38
1168.93 1.3097069008741511e+38
1169.23 1.363371260565803e+38
1169.54 1.3687077533359475e+38
1169.84 1.3651682342396984e+38
1170.14 1.2878225088733148e+38
1170.44 1.2991280713872113e+38
1170.75 1.3527342225630904e+38
1171.05 1.0947474523337049e+38
1171.35 1.3609347292426947e+38
1171.66 1.3259486881203834e+38
1171.96 1.2168280834439504e+38
1172.27 1.3603802089390945e+38
1172.57 1.3430897388306564e+38
1172.87 1.2709182466638099e+38
1173.18 1.3545309939619265e+38
1173.48 1.3051253285763347e+38
1173.79 1.3402684727566295e+38
1174.09 1.3373291213781438e+38
1174.4 1.322770360782606e+38
1174.7 1.3120449213929702e+38
1175.0 4.601287158110061e+37
1175.31 4.972656298029826e+37
1175.61 5.04782209606581e+37
1175.92 4.521498872580496e+37
1176.22 1.0636916056714587e+38
1176.53 1.1977507004445685e+38
1176.83 1.2784036164515008e+38
1177.14 1.2848246929727055e+38
1177.44 1.286398285704613e+38
1177.75 1.2911683814018433e+38
1178.05 1.2905153203413414e+38
1178.36 1.2930889261273557e+38
1178.66 1.332133581698111e+38
1178.97 1.3360494931444504e+38
1179.27 1.3271501918206383e+38
1179.58 1.3382407092522689e+38
1179.89 1.2845561583452907e+38
1180.19 1.338405956935947e+38
1180.5 1.2980925392445423e+38
1180.8 1.2826942455687721e+38
1181.11 1.3357032750932703e+38
1181.42 1.2995685198820528e+38
1181.72 1.2753819772572252e+38
1182.03 1.3376919619887354e+38
1182.33 1.3368480013454336e+38
1182.64 1.331329565035169e+38
1182.95 8.902624656706366e+37
1183.25 1.3150347084981543e+38
1183.56 1.3249320114263933e+38
1183.87 1.283568373498653e+38
1184.17 1.3119293065403903e+38
1184.48 7.263592891915365e+37
1184.79 1.1075590065006206e+38
1185.09 1.3320812171327133e+38
1185.4 1.2570004780637053e+38
1185.71 1.3123754430940719e+38
1186.02 1.321747722174518e+38
1186.32 1.320335684951067e+38
1186.63 1.269758144634141e+38
1186.94 1.3060483427509863e+38
1187.25 1.3073872476182306e+38
1187.56 1.3027632528118657e+38
1187.86 1.3037892448937446e+38
1188.17 1.2999643890872893e+38
1188.48 1.2878757161314508e+38
1188.79 1.2888176371537472e+38
1189.09 1.2685681412322623e+38
1189.4 1.278144796314008e+38
1189.71 1.2782280036519412e+38
1190.02 1.272547703507197e+38
1190.33 1.2356095521391958e+38
1190.64 1.2691836128445773e+38
1190.94 1.2636851634802477e+38
1191.25 1.0423720627776532e+38
1191.56 1.2642913012120302e+38
1191.87 1.2269486416352405e+38
1192.18 1.2579104030044938e+38
1192.49 1.2502776831928856e+38
1192.8 1.222009320032122e+38
1193.11 1.2137425592458822e+38
1193.42 1.2319852677653367e+38
1193.73 1.227571320967117e+38
1194.04 9.279853599537572e+37
1194.34 8.93610026420781e+37
1194.65 1.2311956895493528e+38
1194.96 1.23454648952377e+38
1195.27 1.2143144166501814e+38
1195.58 1.2116046350050012e+38
1195.89 1.2050468601818592e+38
1196.2 1.1429918830078046e+38
1196.51 1.1872787841440158e+38
1196.82 1.1741869285060482e+38
1197.13 1.1668493984673067e+38
1197.44 1.12625030662979e+38
1197.75 1.1728221539629863e+38
1198.06 1.1763601034016523e+38
1198.38 1.1670957759624739e+38
1198.69 1.1810378415647916e+38
1199.0 1.175316135614945e+38
1199.31 1.1907104543155973e+38
1199.62 1.1734551356141575e+38
1199.93 1.1955951259030735e+38
1200.24 1.1543587298899587e+38
1200.55 1.1711811105046128e+38
1200.86 9.788435244820503e+37
1201.17 1.1818722562976927e+38
1201.48 1.1301315469460878e+38
1201.8 9.19906310385948e+37
1202.11 5.912782345769902e+37
1202.42 1.1652147449613352e+38
1202.73 1.1661461817985998e+38
1203.04 1.1555258096201575e+38
1203.35 1.15938721874716e+38
1203.67 1.1575223325005094e+38
1203.98 1.1593300458213367e+38
1204.29 1.1224978986020728e+38
1204.6 1.1491506923750093e+38
1204.92 1.0803892755161451e+38
1205.23 1.1302218849569243e+38
1205.54 1.1206109469170394e+38
1205.85 1.1125393617207745e+38
1206.16 1.1046732094321003e+38
1206.48 2.1249450506154042e+37
1206.79 1.0929772952062375e+38
1207.1 1.0782780957433866e+38
1207.42 1.0698623394428659e+38
1207.73 1.1001295783445959e+38
1208.04 1.0794560713957808e+38
1208.35 1.091589809262152e+38
1208.67 1.0947234087079894e+38
1208.98 1.1130665984802682e+38
1209.29 1.1044784932000454e+38
1209.61 1.10505149675557e+38
1209.92 1.1000849580679673e+38
1210.23 1.09680727582965e+38
1210.55 9.939254271949182e+37
1210.86 1.08726133006126e+38
1211.18 1.0227252624603456e+38
1211.49 1.0789437043818437e+38
1211.8 1.0700975459223925e+38
1212.12 1.07045146099709e+38
1212.43 1.070567423966064e+38
1212.75 1.0673219915875647e+38
1213.06 1.0615291425392583e+38
1213.38 1.0600907285393545e+38
1213.69 1.025983997401963e+38
1214.0 1.0381628780359292e+38
1214.32 1.0495250802963955e+38
1214.63 9.486938312070436e+37
1214.95 1.0388060144626901e+38
1215.26 5.975635774856342e+37
1215.58 1.3916713165176069e+37
1215.89 8.957396824539457e+36
1216.21 1.0482335273243697e+38
1216.52 1.0525445993952042e+38
1216.84 9.922305860813699e+37
1217.15 9.27651434951254e+37
1217.47 1.061725812120487e+38
1217.79 8.300522192391745e+37
1218.1 1.0676720134503425e+38
1218.42 1.0533465017924018e+38
1218.73 8.388768769366613e+37
1219.05 1.0744097483630377e+38
1219.36 1.0764379632948802e+38
1219.68 1.0786270650802895e+38
1220.0 9.700546186269845e+37
1220.31 1.0713527639808178e+38
1220.63 1.0803619212097757e+38
1220.94 9.936378315590635e+37
1221.26 8.0378652752495845e+37
1221.58 1.0828243046849622e+38
1221.9 1.003367265298665e+38
1222.21 1.0520951446163813e+38
1222.53 1.0755564275761848e+38
1222.84 1.0781839773289886e+38
1223.16 8.856245284647087e+37
1223.48 1.0815743937210213e+38
1223.8 8.444447831285008e+37
1224.11 1.0694260337393947e+38
1224.43 1.0951897984679947e+38
1224.75 1.099285336261881e+38
1225.06 1.1021675656650493e+38
1225.38 1.1049842157841278e+38
1225.7 1.0997246370055653e+38
1226.02 8.732002823196195e+37
1226.34 1.121092696139016e+38
1226.65 1.1232298971005638e+38
1226.97 1.0940346118838284e+38
1227.29 1.1141286589483855e+38
1227.61 1.1238219503842838e+38
1227.93 1.1329026764244432e+38
1228.24 1.1298459489656635e+38
1228.56 1.1076227153074826e+38
1228.88 1.1424826282966592e+38
1229.2 1.1428850101574004e+38
1229.52 1.0937106377122212e+38
1229.84 1.073111318590613e+38
1230.16 1.146218503126736e+38
1230.47 1.142042187893681e+38
1230.79 1.0865733730619993e+38
1231.11 1.1638171467013598e+38
1231.43 1.1350805373372283e+38
1231.75 1.1701396039496818e+38
1232.07 1.1741598969365217e+38
1232.39 1.1771180418583994e+38
1232.71 1.1799733602655747e+38
1233.03 1.1361876269035045e+38
1233.35 1.1784621474988035e+38
1233.67 1.1832819209550444e+38
1233.99 1.1842227468608214e+38
1234.31 1.18851232916764e+38
1234.63 1.1791425078493625e+38
1234.95 1.1938856333990629e+38
1235.27 1.1863819450926318e+38
1235.59 1.1960729529500403e+38
1235.91 1.1968504566328562e+38
1236.23 1.1183518306819294e+38
1236.55 1.1990832782299222e+38
1236.87 1.1995884409834423e+38
1237.19 1.183800082474186e+38
1237.51 1.2018639306155073e+38
1237.83 1.2004797045891065e+38
1238.15 1.197965449601318e+38
1238.47 1.1640100183288975e+38
1238.79 1.123193737298374e+38
1239.11 1.2083961098392329e+38
1239.44 1.2126691863551385e+38
1239.76 1.2124916639919792e+38
1240.08 1.2125567158383281e+38
1240.4 1.2045259626771665e+38
1240.72 1.2117272040861871e+38
1241.04 1.212103466844734e+38
1241.36 1.2134745761327483e+38
1241.69 1.212648979447929e+38
1242.01 1.2119632978291953e+38
1242.33 1.2054737895612087e+38
1242.65 1.2030106740720651e+38
1242.97 1.2180695150489655e+38
1243.3 1.187696490627682e+38
1243.62 1.222981956394507e+38
1243.94 1.2234887656754954e+38
1244.26 1.222786223663218e+38
1244.58 1.2240701270633622e+38
1244.91 1.2229570426038839e+38
1245.23 1.1761242626612881e+38
1245.55 1.2088283614714617e+38
1245.88 1.203065840146251e+38
1246.2 1.1754766880283463e+38
1246.52 1.1812530981470699e+38
1246.84 1.187172069544909e+38
1247.17 1.1807862983675486e+38
1247.49 5.428382760011603e+37
1247.81 1.0605577353105284e+38
1248.14 1.1851036313750174e+38
1248.46 1.140465177100109e+38
1248.79 1.2021687720406458e+38
1249.11 1.207860332200651e+38
1249.43 1.2124384270664094e+38
1249.76 1.2072322693074981e+38
1250.08 1.1814772269659946e+38
1250.4 1.1765648577020148e+38
1250.73 1.2118344397728576e+38
1251.05 1.2096111944981003e+38
1251.38 1.2018886058109924e+38
1251.7 1.200223734307854e+38
1252.03 1.2129803977230466e+38
1252.35 1.2126692413824225e+38
1252.68 1.177292659553746e+38
1253.0 1.2116670430720097e+38
1253.32 1.210909365497637e+38
1253.65 1.1666193993741837e+38
1253.97 1.2081843199499855e+38
1254.3 1.2093735225901275e+38
1254.62 1.2082405481078291e+38
1254.95 1.1771342507425063e+38
1255.27 1.0820775878029832e+38
1255.6 1.206852472323638e+38
1255.93 1.2057845989562052e+38
1256.25 1.205016663756613e+38
1256.58 1.1149092064056055e+38
1256.9 1.1994585252254147e+38
1257.23 1.1967750388112708e+38
1257.55 1.1960999342258437e+38
1257.88 1.1809975258689074e+38
1258.2 1.1952009561795309e+38
1258.53 9.73782130542447e+37
1258.86 1.1363072211958507e+38
1259.18 1.1664618671598296e+38
1259.51 1.1491127343486284e+38
1259.84 1.176783763187294e+38
1260.16 1.1877215493957055e+38
1260.49 1.1476366870171793e+38
1260.82 1.1584291794400061e+38
1261.14 1.1747942880816083e+38
1261.47 1.1759380780328873e+38
1261.8 1.1705577590416751e+38
1262.12 1.166248270679588e+38
1262.45 1.1777806363851985e+38
1262.78 1.176546184134824e+38
1263.11 1.1726473443475856e+38
1263.43 1.1738706538888116e+38
1263.76 1.172373461672721e+38
1264.09 1.1706615804343247e+38
1264.42 1.1694871604140544e+38
1264.74 1.1342888567546143e+38
1265.07 1.1266052530125162e+38
1265.4 1.0983601923023682e+38
1265.73 1.1618203302607459e+38
1266.06 1.1623565230002342e+38
1266.38 1.1663656322800403e+38
1266.71 1.1412455179308698e+38
1267.04 1.1679160926721334e+38
1267.37 1.1623536064893683e+38
1267.7 1.1695063844797052e+38
1268.03 1.1499078178990738e+38
1268.35 1.1741041018886177e+38
1268.68 1.1705551209020891e+38
1269.01 1.0283955918217438e+38
1269.34 1.173850778305154e+38
1269.67 1.1760383587515333e+38
1270.0 1.1489445031253023e+38
1270.33 1.1760031118989191e+38
1270.66 1.1422784182845402e+38
1270.99 1.1789361193222856e+38
1271.32 1.1768319503673121e+38
1271.65 1.1797880932244113e+38
1271.97 1.1608550123598788e+38
1272.31 1.180067599318698e+38
1272.63 1.152930947998046e+38
1272.96 1.182803916884568e+38
1273.29 1.1755750941786874e+38
1273.62 1.1034017913720433e+38
1273.95 1.1846834236641373e+38
1274.28 1.18507430612254e+38
1274.61 1.1858865620345122e+38
1274.94 1.186051213769186e+38
1275.28 1.18648628960961e+38
1275.61 1.1864789055894561e+38
1275.94 1.1855575530027607e+38
1276.27 1.186009502145218e+38
1276.6 1.185865281149919e+38
1276.93 1.1798483137982495e+38
1277.26 1.1571793649451828e+38
1277.59 1.1573105373629562e+38
1277.92 1.1836044982729487e+38
1278.25 1.184801740880026e+38
1278.58 1.1845278580279753e+38
1278.92 9.523637697740008e+37
1279.25 1.1799676249973285e+38
1279.58 1.1836465165372326e+38
1279.91 1.1643154611489362e+38
1280.24 1.1810947546725983e+38
1280.57 1.1759937271568114e+38
1280.91 1.1805591481858074e+38
1281.24 1.1818083029472226e+38
1281.57 1.1698341365216218e+38
1281.9 1.1797675214010662e+38
1282.23 1.178984210382596e+38
1282.57 1.178325489355076e+38
1282.9 1.1776476804909976e+38
1283.23 1.1766978352020998e+38
1283.56 1.1184146926568562e+38
1283.9 1.1722881448631288e+38
1284.23 9.971306324109071e+37
1284.56 1.1732989630253291e+38
1284.9 1.1741346053326561e+38
1285.23 1.1737948682031389e+38
1285.56 1.1738283410881312e+38
1285.9 1.1708313135270353e+38
1286.23 1.1702205392761955e+38
1286.56 1.1535717125706274e+38
1286.9 1.1713921921122918e+38
1287.23 1.1708000383947568e+38
1287.56 1.125821473736863e+38
1287.9 1.1682971729679532e+38
1288.23 1.1567294629781405e+38
1288.56 1.1658067990677198e+38
1288.9 1.1639932556400228e+38
1289.23 1.1429965764527545e+38
1289.57 1.1593352299640142e+38
1289.9 1.1596691804912878e+38
1290.23 1.1557657100280505e+38
1290.57 1.1584771603416115e+38
1290.9 1.1443217893846635e+38
1291.24 9.266040364569084e+37
1291.57 1.0817807611953337e+38
1291.91 1.1535592951252013e+38
1292.24 1.146540159725867e+38
1292.58 1.150458478695287e+38
1292.91 1.1510683718873265e+38
1293.25 1.0151905197129132e+38
1293.58 1.1422552975991662e+38
1293.92 1.1395211895413718e+38
1294.25 1.1473906792598908e+38
1294.59 4.081904064962113e+37
1294.92 1.1374311343653553e+38
1295.26 1.1338682494713929e+38
1295.59 1.1304944220327488e+38
1295.93 1.0820293088209558e+38
1296.27 9.6076922995206e+37
1296.6 1.050417139421713e+38
1296.94 1.119460886299789e+38
1297.28 1.1209652557782572e+38
1297.61 1.1209987091225627e+38
1297.95 1.1188267854430438e+38
1298.28 1.125972955789362e+38
1298.62 1.0584580891918368e+38
1298.96 4.3349392783666625e+37
1299.29 1.1274685121494737e+38
1299.63 1.1307455200806783e+38
1299.97 1.1286351325045302e+38
1300.3 1.1114911434510895e+38
1300.64 1.1237825677426114e+38
1300.98 1.1144417061598531e+38
1301.32 1.117336174876644e+38
1301.65 1.1216906243693049e+38
1301.99 1.1206604816977988e+38
1302.33 1.120816234188104e+38
1302.67 1.120828535864236e+38
1303.0 1.1197946286873676e+38
1303.34 4.0543022259044844e+37
1303.68 1.1193657255924447e+38
1304.02 1.1212599394662345e+38
1304.35 1.088646480907586e+38
1304.69 1.1067172535410454e+38
1305.03 1.1188090199326625e+38
1305.37 1.0560542837366232e+38
1305.71 1.1190203875096238e+38
1306.05 1.0609146023960936e+38
1306.38 1.1217899336408787e+38
1306.72 1.1182406887237912e+38
1307.06 1.122789559626821e+38
1307.4 1.1173771195557019e+38
1307.74 1.1224811814140834e+38
1308.08 1.1227775367141517e+38
1308.42 1.1226171681063462e+38
1308.76 1.0200658377971058e+38
1309.09 1.1227470097033614e+38
1309.43 1.090885654303432e+38
1309.77 1.1121173918161798e+38
1310.11 1.1056313814410833e+38
1310.45 1.1230332488118288e+38
1310.79 1.1232845207024457e+38
1311.13 1.120035111805421e+38
1311.47 1.1209570789487032e+38
1311.81 1.1181532830281927e+38
1312.15 1.1239723452398904e+38
1312.49 1.0179933028165069e+38
1312.83 1.1248074420516437e+38
1313.17 1.124802236761704e+38
1313.51 1.1254551857685497e+38
1313.85 1.125833044248928e+38
1314.19 1.1260415701944835e+38
1314.53 1.120965311994364e+38
1314.88 1.1266912123240414e+38
1315.22 1.1263734352877356e+38
1315.56 1.12160330202961e+38
1315.9 1.1220085933130029e+38
1316.24 1.0884252282316972e+38
1316.58 1.1242361019335408e+38
1316.92 1.1246223692959529e+38
1317.26 1.1033000380436562e+38
1317.6 1.1234700656119947e+38
1317.94 1.1228326907060335e+38
1318.29 1.1205920381824852e+38
1318.63 1.1111164675820983e+38
1318.97 1.120139119133216e+38
1319.31 1.1062582663438082e+38
1319.65 1.108175318811073e+38
1320.0 1.1189376096622314e+38
1320.34 1.1154278045314296e+38
1320.68 1.116912169037955e+38
1321.02 1.1171103190023228e+38
1321.36 1.1051381127665648e+38
1321.71 1.1150716388680636e+38
1322.05 1.1152082875145656e+38
1322.39 1.114389223341664e+38
1322.74 1.1129953969959464e+38
1323.08 1.104572224360444e+38
1323.42 1.1101754937389163e+38
1323.76 1.0928013116123706e+38
1324.11 1.1040354140317207e+38
1324.45 1.0975158919897828e+38
1324.79 1.0960213004533461e+38
1325.14 1.1048194359660098e+38
1325.48 1.1059146619576641e+38
1325.82 1.1028558842450534e+38
1326.17 1.1039329238873754e+38
1326.51 1.1018203525695982e+38
1326.85 1.0918774361077388e+38
1327.2 1.0735520200284594e+38
1327.54 1.0521541514875877e+38
1327.89 1.0993650187036015e+38
1328.23 1.0978070584692397e+38
1328.58 1.0962758718862842e+38
1328.92 1.0938151606335648e+38
1329.27 1.0957600284005693e+38
1329.61 1.0716066674916429e+38
1329.95 1.087435020923363e+38
1330.3 1.0682151701887156e+38
1330.64 1.0895073390044668e+38
1330.99 1.087226398774986e+38
1331.33 1.0881262376577629e+38
1331.68 1.0840024179241654e+38
1332.02 1.0879480088286918e+38
1332.37 1.0745316596668347e+38
1332.71 1.0859255920586935e+38
1333.06 1.0850801231132201e+38
1333.41 1.0842116259009267e+38
1333.75 1.0820326053302206e+38
1334.1 1.0820211550553734e+38
1334.44 3.502350796286905e+37
1334.79 1.0236583339291042e+38
1335.13 1.0532392909267891e+38
1335.48 1.0784541033233143e+38
1335.83 4.725679645570475e+37
1336.17 1.0566610217012314e+38
1336.52 1.0711584725513909e+38
1336.86 1.0763118821870814e+38
1337.21 1.0803104934449394e+38
1337.56 1.0808351174509351e+38
1337.91 1.080837730839259e+38
1338.25 1.0808057957639857e+38
1338.6 8.121934224658843e+37
1338.94 1.0813020143625595e+38
1339.29 1.0818633481847347e+38
1339.64 1.0684144423280258e+38
1339.99 1.0822711628626426e+38
1340.33 1.075414263138689e+38
1340.68 1.0821584640288688e+38
1341.03 1.0822253013152817e+38
1341.38 1.0744864798599503e+38
1341.72 1.082303505775443e+38
1342.07 1.080869381715551e+38
1342.42 8.341790589143618e+37
1342.77 1.0815653567002482e+38
1343.11 1.0760455927995344e+38
1343.46 8.29894286785922e+37
1343.81 1.0788599443090829e+38
1344.16 1.0772091118518894e+38
1344.51 1.0776640595545371e+38
1344.86 1.0063115138968331e+38
1345.21 1.0750522290556335e+38
1345.55 1.0688709395428443e+38
1345.9 1.0692852389098234e+38
1346.25 1.0721140883307646e+38
1346.6 1.0670167407189635e+38
1346.95 1.0631351275419424e+38
1347.3 1.0281597577753354e+38
1347.65 1.0717028694209368e+38
1348.0 1.0575345797980048e+38
1348.35 1.0779568825709709e+38
1348.7 1.0768771489826331e+38
1349.05 1.0747911448593562e+38
1349.4 1.0761227209408777e+38
1349.74 1.0738082804900973e+38
1350.09 1.0516120054807228e+38
1350.44 1.0631260565515098e+38
1350.8 1.0728567005148256e+38
1351.15 1.0723792319309788e+38
1351.49 1.0643047066864594e+38
1351.84 1.0709893417873046e+38
1352.2 1.0702092072166015e+38
1352.55 1.0526892761167122e+38
1352.9 1.0684415228898083e+38
1353.25 1.066440472465872e+38
1353.6 1.066130948200698e+38
1353.95 1.0657666186884728e+38
1354.3 1.0433613254171323e+38
1354.65 1.0613287364484836e+38
1355.0 1.0647489805602398e+38
1355.35 1.0390771396906905e+38
1355.7 1.0627281602502541e+38
1356.06 9.748270489827116e+37
1356.41 1.057077661003182e+38
1356.76 1.0605080351976499e+38
1357.11 9.897927379284443e+37
1357.46 1.0583794787944869e+38
1357.81 1.0373780545279485e+38
1358.17 1.0566229591602023e+38
1358.52 1.0532699079200805e+38
1358.87 1.052407096717853e+38
1359.22 1.0180219292883195e+38
1359.57 1.0508233281527383e+38
1359.93 1.0481569005612105e+38
1360.28 1.0477485369856861e+38
1360.63 1.0448803881126012e+38
1360.98 1.0426170878965353e+38
1361.34 1.0262970551732052e+38
1361.69 1.0150487994524381e+38
1362.04 1.0431976134201315e+38
1362.4 1.0378659794074277e+38
1362.75 1.0352182553725741e+38
1363.1 1.0284158560361593e+38
1363.46 8.112954196806554e+37
1363.81 1.0325928535078542e+38
1364.16 1.036176152838989e+38
1364.52 1.0366266508286476e+38
1364.87 1.0239081568119974e+38
1365.22 9.99446414774306e+37
1365.58 1.024034461585884e+38
1365.93 1.0358080495844254e+38
1366.29 1.0378062620789688e+38
1366.64 1.0376054718279727e+38
1366.99 9.804566593514888e+37
1367.35 1.034421416259614e+38
1367.7 1.0328797749174108e+38
1368.06 1.0301450407757822e+38
1368.41 1.0337985063592568e+38
1368.77 1.0349449695170436e+38
1369.12 1.0336871238142805e+38
1369.48 9.976734983319596e+37
1369.83 1.0337806046697264e+38
1370.19 1.0189262021127197e+38
1370.54 1.0327051266483657e+38
1370.9 1.02909416046328e+38
1371.25 1.0211129827502184e+38
1371.61 1.002739602966985e+38
1371.96 1.0270682684054924e+38
1372.32 1.0251055735739575e+38
1372.67 1.0300477144232386e+38
1373.03 9.589251369514839e+37
1373.39 1.0271571085853562e+38
1373.74 1.0111391214354702e+38
1374.1 9.565775204688135e+37
1374.45 1.0124487820541711e+38
1374.81 9.919574924314106e+37
1375.17 1.0118762394575738e+38
1375.52 1.012102127291658e+38
1375.88 1.0274914941388554e+38
1376.23 1.0212929796759248e+38
1376.59 1.0263807153579331e+38
1376.95 9.683450959524682e+37
1377.31 9.960163087396602e+37
1377.66 1.017377466440403e+38
1378.02 9.911598474370703e+37
1378.38 1.0231202068684137e+38
1378.73 1.0088303078493011e+38
1379.09 1.0218558961102186e+38
1379.45 1.0122771569138047e+38
1379.81 1.0240478498539065e+38
1380.16 1.0190073144664531e+38
1380.52 1.017554199569419e+38
1380.88 9.960567786042758e+37
1381.24 9.963802725113046e+37
1381.6 9.57786246956182e+37
1381.95 1.0232466064463394e+38
1382.31 1.0228060583811427e+38
1382.67 1.0125120243367568e+38
1383.03 1.0208673294554627e+38
1383.39 1.0192117150717207e+38
1383.75 9.943113177575756e+37
1384.1 1.0022411256155858e+38
1384.46 1.0118733974291974e+38
1384.82 1.012314610998375e+38
1385.18 1.0183773049763603e+38
1385.54 1.0143102944906644e+38
1385.9 9.010460396965853e+37
1386.26 9.93013559270407e+37
1386.62 1.0074741446978076e+38
1386.98 1.0146881921044686e+38
1387.34 9.777648015825887e+37
1387.7 1.013407593728869e+38
1388.06 1.0087425803227394e+38
1388.42 1.0115133994424696e+38
1388.78 1.0116427293798296e+38
1389.14 1.0078395756412232e+38
1389.49 1.010231779021119e+38
1389.85 1.0109641093130069e+38
1390.21 9.94590557807198e+37
1390.58 1.0096139686799298e+38
1390.94 1.0066640095335375e+38
1391.3 1.0046859259572693e+38
1391.66 9.99862405582878e+37
1392.02 9.94408496505855e+37
1392.38 9.625485433959928e+37
1392.74 9.862970415362868e+37
1393.1 9.69849168859431e+37
1393.46 9.807019224669457e+37
1393.82 5.648707939526581e+37
1394.18 9.808481010505024e+37
1394.55 9.787648874805147e+37
1394.91 9.869727710485336e+37
1395.27 8.890746425335937e+37
1395.63 9.944459097656748e+37
1395.99 9.560659542084119e+37
1396.35 1.0000203228886175e+38
1396.72 9.99753214863279e+37
1397.08 9.944395012442265e+37
1397.44 9.927393855439803e+37
1397.8 9.974403000255345e+37
1398.16 8.165048886514172e+37
1398.53 9.92859745319559e+37
1398.89 9.70572668093651e+37
1399.25 9.996878451260327e+37
1399.61 9.96017204663115e+37
1399.98 9.529886264130729e+37
1400.34 9.819929958163862e+37
1400.7 9.486757918388136e+37
1401.07 9.813559769978854e+37
1401.43 9.845663013243854e+37
1401.79 9.907662609492042e+37
1402.16 9.922501610705557e+37
1402.52 9.89044594606558e+37
1402.88 4.0386906198771454e+37
1403.25 6.965476710974395e+37
1403.61 9.966891170603811e+37
1403.97 9.94642410325898e+37
1404.34 9.95342932209902e+37
1404.7 9.942724174597486e+37
1405.06 9.9335703609823e+37
1405.43 9.876129248003545e+37
1405.79 9.85717232818359e+37
1406.16 9.675405482749135e+37
1406.52 9.851327016466674e+37
1406.89 8.155197671276515e+37
1407.25 9.69359099019394e+37
1407.62 9.830201495128304e+37
1407.98 9.809842427020062e+37
1408.35 9.825351158319327e+37
1408.71 9.158911873926953e+37
1409.08 9.563039632123165e+37
1409.44 9.519825109543517e+37
1409.81 9.267545887451777e+37
1410.17 9.454438762272354e+37
1410.54 9.73281621957615e+37
1410.9 9.797388432665244e+37
1411.27 9.68985115223262e+37
1411.64 9.672794743794486e+37
1412.0 9.668628586045354e+37
1412.37 9.680561664797728e+37
1412.73 9.776769552326146e+37
1413.1 9.771539114802086e+37
1413.46 9.762281429133353e+37
1413.83 9.748371122402123e+37
1414.2 9.610945727226394e+37
1414.56 9.384650844061638e+37
1414.93 9.598900702161858e+37
1415.3 9.70916379169168e+37
1415.67 9.401194083362065e+37
1416.03 9.585229042587684e+37
1416.4 9.712097118998363e+37
1416.77 9.697598939553882e+37
1417.13 8.56396889309149e+37
1417.5 9.703019481906751e+37
1417.87 9.43602880427391e+37
1418.23 9.689370645269687e+37
1418.6 9.481428334331029e+37
1418.97 9.617443933300752e+37
1419.34 9.525370771608816e+37
1419.71 9.568332068484317e+37
1420.07 9.237923224772074e+37
1420.44 8.865896402363127e+37
1420.81 9.560543351536167e+37
1421.18 8.611298874907895e+37
1421.55 9.544107220911645e+37
1421.92 9.53487500161674e+37
1422.28 9.307783134621144e+37
1422.65 9.287491651968753e+37
1423.02 9.566696479899085e+37
1423.39 9.584446424664321e+37
1423.76 9.57822669550997e+37
1424.13 9.375541676926878e+37
1424.5 8.338298489255248e+37
1424.87 9.595532249219895e+37
1425.23 9.596621619612469e+37
1425.6 9.586170583917734e+37
1425.97 9.470283107968397e+37
1426.34 8.855320169702404e+37
1426.71 9.476754939516795e+37
1427.08 9.570018319918579e+37
1427.45 8.487164094008563e+37
1427.82 8.40593729187627e+37
1428.19 8.757128524748735e+37
1428.56 9.045336449325247e+37
1428.93 8.670174626009204e+37
1429.3 9.154117015556244e+37
1429.68 9.513315462540273e+37
1430.05 9.483850654088693e+37
1430.42 8.893973172457571e+37
1430.79 9.394436774373158e+37
1431.16 9.507153265101165e+37
1431.53 9.459231399502228e+37
1431.9 9.500290074918899e+37
1432.27 9.519495651733255e+37
1432.64 9.504790721974374e+37
1433.01 9.478388728560243e+37
1433.38 9.48495714723772e+37
1433.76 9.270109555370921e+37
1434.13 9.472872590374533e+37
1434.5 9.29538897382759e+37
1434.87 9.466509540063334e+37
1435.24 9.022700987813726e+37
1435.61 9.333310070663047e+37
1435.99 9.19095957448712e+37
1436.36 9.452033603337065e+37
1436.73 9.01755169453699e+37
1437.1 9.393427893276555e+37
1437.48 9.36181074728358e+37
1437.85 9.372529902970493e+37
1438.22 9.253527233594027e+37
1438.59 9.372576319245131e+37
1438.97 9.40816194310785e+37
1439.34 9.378260049123358e+37
1439.71 9.046647043420844e+37
1440.09 9.440287274181832e+37
1440.46 9.266307835725568e+37
1440.83 9.241340072207466e+37
1441.21 9.269928285779676e+37
1441.58 9.409893963889678e+37
1441.95 9.430341089079053e+37
1442.33 9.241206643824427e+37
1442.7 9.271376392219151e+37
1443.07 9.42043507974062e+37
1443.45 9.248760491233543e+37
1443.82 9.41510568997917e+37
1444.2 9.385871113254385e+37
1444.57 9.409043786336622e+37
1444.95 8.958492472682129e+37
1445.32 9.319004893022136e+37
1445.69 9.356178460956707e+37
1446.07 9.36698630554374e+37
1446.44 9.297670571585177e+37
1446.82 9.219231653303523e+37
1447.19 8.905588971319424e+37
1447.57 9.25394602404223e+37
1447.94 9.369221319566709e+37
1448.32 9.339569017153629e+37
1448.69 9.349133518594624e+37
1449.07 8.981128505878224e+37
1449.45 9.270216218159733e+37
1449.82 9.18560742745061e+37
1450.2 9.28203086107388e+37
1450.57 9.32991431716109e+37
1450.95 9.261261642757736e+37
1451.33 9.29008488138253e+37
1451.7 9.173055516175967e+37
1452.08 9.27650969555884e+37
1452.45 8.891107492028578e+37
1452.83 9.260746270999885e+37
1453.21 9.286342366356165e+37
1453.58 9.182578509500709e+37
1453.96 9.16052448270498e+37
1454.34 9.11499392044198e+37
1454.71 9.187010510669382e+37
1455.09 9.226948411124703e+37
1455.47 8.968021243453376e+37
1455.85 9.216230738672254e+37
1456.22 9.165160103705653e+37
1456.6 9.018355779372308e+37
1456.98 9.227874445176399e+37
1457.36 8.759736973139307e+37
1457.73 9.129631144162336e+37
1458.11 9.118154068490133e+37
1458.49 8.765896958498486e+37
1458.87 9.143470409156254e+37
1459.24 8.443160800608552e+37
1459.62 9.079101370348915e+37
1460.0 9.150910859234754e+37
1460.38 8.944934630846168e+37
1460.76 9.066696270929625e+37
1461.14 9.144021952779146e+37
1461.52 9.10838589269925e+37
1461.9 9.136945478128418e+37
1462.27 8.80905605488118e+37
1462.65 8.976484920480229e+37
1463.03 9.124344175594727e+37
1463.41 9.076363641286131e+37
1463.79 9.0091700103529e+37
1464.17 9.086193972024248e+37
1464.55 9.094157668379485e+37
1464.93 9.077289204928052e+37
1465.31 8.448831678687254e+37
1465.69 8.928139984562944e+37
1466.07 9.084874684563704e+37
1466.45 8.352573777463269e+37
1466.83 8.60109124896562e+37
1467.21 9.02274987232613e+37
1467.59 9.049017747118112e+37
1467.97 9.030146436220796e+37
1468.35 8.917013551144145e+37
1468.73 9.023068661318572e+37
1469.11 9.007843578284903e+37
1469.49 8.9579646092649e+37
1469.87 7.210017409866275e+37
1470.25 8.846486481828854e+37
1470.64 8.96701544452218e+37
1471.02 8.472782316849088e+37
1471.4 9.005670885275756e+37
1471.78 8.9368175229159e+37
1472.16 8.96982973103977e+37
1472.54 8.84843334279166e+37
1472.92 8.72445372801568e+37
1473.31 8.955134363560952e+37
1473.69 8.98363869011556e+37
1474.07 8.978579235656754e+37
1474.45 8.97418311914817e+37
1474.83 8.96840874681357e+37
1475.21 8.72616479115834e+37
1475.6 8.884954629449839e+37
1475.98 8.859766011664902e+37
1476.36 8.846686704225837e+37
1476.74 8.881919842793041e+37
1477.13 8.87615603709058e+37
1477.51 8.765435006697729e+37
1477.89 8.809231264411948e+37
1478.28 8.320818950114463e+37
1478.66 8.869249066456173e+37
1479.04 8.873573867941662e+37
1479.43 8.774247968443336e+37
1479.81 8.868319282594118e+37
1480.19 8.87410485409281e+37
1480.58 8.89011222257134e+37
1480.96 8.874594832413288e+37
1481.34 8.850845560785847e+37
1481.73 8.766073875762093e+37
1482.11 8.877622891614352e+37
1482.5 8.873455446765515e+37
1482.88 8.763441119192437e+37
1483.27 8.745304064644183e+37
1483.65 8.837630466037473e+37
1484.03 8.767826638784867e+37
1484.42 8.736188147909034e+37
1484.8 8.813144092135733e+37
1485.19 8.821167434256084e+37
1485.57 8.823355580753505e+37
1485.96 8.75568648433451e+37
1486.34 8.592079829136166e+37
1486.73 8.80313583942573e+37
1487.11 8.806332319544856e+37
1487.5 8.800390796322467e+37
1487.89 8.655172944966894e+37
1488.27 8.793662636428212e+37
1488.66 8.782297170070498e+37
1489.04 8.743899015818534e+37
1489.43 8.747181212436273e+37
1489.81 8.340933106825506e+37
1490.2 8.702796619560818e+37
1490.59 8.758890939091273e+37
1490.97 8.753016028291508e+37
1491.36 8.743114985357907e+37
1491.75 8.548847663844405e+37
1492.13 8.69077210639796e+37
1492.52 8.738417083759098e+37
1492.91 8.74248957358491e+37
1493.29 8.65415302675177e+37
1493.68 6.642891754128958e+37
1494.07 8.716782573442431e+37
1494.45 8.610244310907668e+37
1494.84 8.71457270937746e+37
1495.23 7.852772416931812e+37
1495.62 8.560832915172299e+37
1496.01 8.701283551136297e+37
1496.39 8.69101051319293e+37
1496.78 8.675094930362633e+37
1497.17 8.673362298334964e+37
1497.56 8.250151031117975e+37
1497.94 8.324676499605451e+37
1498.33 8.610052338569873e+37
1498.72 7.78798799791681e+37
1499.11 8.365861546480475e+37
1499.5 8.556241363338845e+37
1499.89 8.623947556632317e+37
1500.28 6.67837340538122e+37
1500.66 8.64981758345385e+37
1501.05 8.629601205939382e+37
1501.44 8.591331170634348e+37
1501.83 6.106765776376767e+37
1502.22 8.322416472153676e+37
1502.61 8.628533365058038e+37
1503.0 8.254386132960039e+37
1503.39 8.607778827994527e+37
1503.78 8.57268765694267e+37
1504.17 8.456874121576713e+37
1504.56 7.830805411441213e+37
1504.95 8.476944032869333e+37
1505.34 8.498131465408045e+37
1505.73 8.198611123734558e+37
1506.12 8.323366863516916e+37
1506.51 8.556719111524857e+37
1506.9 8.499997760022669e+37
1507.29 8.56358431558328e+37
1507.68 8.391030246642494e+37
1508.07 8.546661149579706e+37
1508.46 8.537613966626163e+37
1508.85 8.315621014102328e+37
1509.24 8.272175120428321e+37
1509.64 8.516191246826657e+37
1510.03 8.48071374730472e+37
1510.42 8.501287145137705e+37
1510.81 8.450364175687564e+37
1511.2 7.540155036421473e+37
1511.59 6.964622728511046e+37
1511.98 8.42241747183485e+37
1512.38 7.496653854990617e+37
1512.77 7.841882106843496e+37
1513.16 8.099138733028278e+37
1513.55 6.979495332825485e+37
1513.94 8.439758495076459e+37
1514.34 8.4519789533012275e+37
1514.73 8.461586434112512e+37
1515.12 8.452378749823517e+37
1515.52 7.311535825664512e+37
1515.91 8.340883288370589e+37
1516.3 8.307221851291724e+37
1516.69 7.914018246427617e+37
1517.09 8.284465663588542e+37
1517.48 8.455482256743041e+37
1517.87 8.415847810789215e+37
1518.27 8.43263732333551e+37
1518.66 7.911162533198667e+37
1519.05 8.408332059609682e+37
1519.45 8.423439106228222e+37
1519.84 8.418260133813769e+37
1520.23 8.410424726750189e+37
1520.63 7.581787794677569e+37
1521.02 8.387818599076211e+37
1521.42 8.365717665386275e+37
1521.81 8.379839358396244e+37
1522.21 8.369776546726103e+37
1522.6 8.360075499540797e+37
1522.99 8.3530433961020945e+37
1523.39 8.169450821872247e+37
1523.79 8.3298941360024e+37
1524.18 8.252470434930862e+37
1524.57 7.642740721072769e+37
1524.97 7.63893013385057e+37
1525.36 7.158267124691535e+37
1525.76 7.082842564149341e+37
1526.16 8.089519596253737e+37
1526.55 8.090422398231598e+37
1526.95 7.9475568675108965e+37
1527.34 7.959984610122135e+37
1527.74 7.478595132049684e+37
1528.14 8.040270463437908e+37
1528.53 8.173799132462085e+37
1528.93 8.113578493694043e+37
1529.32 8.17070945516617e+37
1529.72 8.132842858497284e+37
1530.12 6.404218787439502e+37
1530.51 7.708629763144055e+37
1530.91 8.128279675633515e+37
1531.31 5.43633081581207e+37
1531.7 6.472003130937412e+37
1532.1 7.875700716412859e+37
1532.5 7.474998252643989e+37
1532.9 6.676298784355396e+37
1533.29 6.730793089934779e+37
1533.69 8.161194542842155e+37
1534.09 8.096717933810734e+37
1534.48 8.112365493611155e+37
1534.88 8.04228733414297e+37
1535.28 8.144045627435026e+37
1535.68 7.749840075907716e+37
1536.08 8.14763706064763e+37
1536.47 8.035498480342225e+37
1536.87 8.098257295261677e+37
1537.27 7.561044591353199e+37
1537.67 8.117141491343333e+37
1538.07 7.943378305855611e+37
1538.47 8.121594652901312e+37
1538.86 7.785503045294761e+37
1539.26 8.076256523262034e+37
1539.66 8.123520813513363e+37
1540.06 7.704472948119023e+37
1540.46 7.910291529876821e+37
1540.86 7.983628144023823e+37
1541.26 8.135837323297671e+37
1541.66 8.136593699711969e+37
1542.06 7.682806229767442e+37
1542.46 7.919539040154157e+37
1542.86 7.991473846457332e+37
1543.26 8.117955173382517e+37
1543.66 6.553333004560249e+37
1544.06 7.906763968872031e+37
1544.46 6.805674196981587e+37
1544.86 6.472269534506281e+37
1545.26 7.982397314459734e+37
1545.66 7.930036003880148e+37
1546.06 8.066697892184478e+37
1546.46 6.952788522859323e+37
1546.86 7.711425517497156e+37
1547.26 7.067637441915031e+37
1547.66 5.97184900601065e+37
1548.06 5.390628658747414e+37
1548.47 8.050113032060141e+37
1548.87 8.031249615275111e+37
1549.27 8.018836235294125e+37
1549.67 8.030546600795572e+37
1550.07 7.712012832906513e+37
1550.47 7.946260142278664e+37
1550.88 4.6175922952355995e+37
1551.28 7.868796346800494e+37
1551.68 8.0053605631724695e+37
1552.08 5.618895374277474e+37
1552.48 7.984537948127541e+37
1552.89 7.833456752063912e+37
1553.29 6.796922888779354e+37
1553.69 7.977160110348564e+37
1554.09 7.841890466594826e+37
1554.5 7.968499914367388e+37
1554.9 7.327585865737777e+37
1555.3 7.38619491417688e+37
1555.71 7.9128563321907925e+37
1556.11 7.536635523757542e+37
1556.51 5.374908032853635e+37
1556.92 7.321717633172698e+37
1557.32 7.457359929411441e+37
1557.72 7.821572065824347e+37
1558.13 7.828085538415108e+37
1558.53 7.73856080586038e+37
1558.93 7.711103750601728e+37
1559.34 7.6669709267870945e+37
1559.74 7.795726522325037e+37
1560.15 7.24224399302469e+37
1560.55 7.2393127600844045e+37
1560.96 7.79979966634525e+37
1561.36 6.505553745092247e+37
1561.77 7.785792320922286e+37
1562.17 7.745585441513583e+37
1562.57 7.702503048062008e+37
1562.98 7.759842412306671e+37
1563.39 7.734288174149287e+37
1563.79 7.489113027479463e+37
1564.19 7.288351001326269e+37
1564.6 7.000997714936232e+37
1565.01 7.719725309206635e+37
1565.41 7.711792298777071e+37
1565.82 7.529931994000423e+37
1566.22 6.948180599268237e+37
1566.63 6.972608071488466e+37
1567.04 7.352353691995898e+37
1567.44 7.733116100725419e+37
1567.85 7.734995594951568e+37
1568.25 5.642774663356592e+37
1568.66 6.840886665002235e+37
1569.07 7.66501479079391e+37
1569.47 7.728646322411502e+37
1569.88 7.777724090158147e+37
1570.29 7.542509134235704e+37
1570.69 7.599840111427829e+37
1571.1 7.720386006293913e+37
1571.51 7.701900210407567e+37
1571.92 7.757026476714032e+37
1572.32 7.755472932453204e+37
1572.73 7.71937748768729e+37
1573.14 7.757288536447152e+37
1573.55 7.751630668143917e+37
1573.95 7.740493015196693e+37
1574.36 7.747715053943339e+37
1574.77 6.364370780774695e+37
1575.18 6.524363294093891e+37
1575.59 6.845582758601187e+37
1575.99 7.737357625767424e+37
1576.4 7.289067702530162e+37
1576.81 7.575803025217012e+37
1577.22 6.885622400858115e+37
1577.63 7.68508680895146e+37
1578.04 6.808957709700502e+37
1578.45 7.702813361809752e+37
1578.86 7.698426458975012e+37
1579.27 7.5754348339733325e+37
1579.68 7.699835840028904e+37
1580.08 7.657465680088857e+37
1580.49 7.718792652842188e+37
1580.9 7.058024185352323e+37
1581.31 7.667623127818772e+37
1581.72 7.685784412665856e+37
1582.13 7.702934638503944e+37
1582.54 7.594191837547389e+37
1582.95 7.6750046266301815e+37
1583.36 7.492825526465842e+37
1583.77 7.357666413335363e+37
1584.18 7.564141792901539e+37
1584.59 7.635839567838127e+37
1585.01 6.2865537879181175e+37
1585.42 7.630900892169425e+37
1585.83 6.750830516029871e+37
1586.24 7.551035978773088e+37
1586.65 7.658977245425139e+37
1587.06 7.664011485998735e+37
1587.47 7.252315814935922e+37
1587.88 7.6748227880649355e+37
1588.3 7.515637248198478e+37
1588.71 7.441369067151543e+37
1589.12 7.663869219827408e+37
1589.53 7.66683516550723e+37
1589.94 7.653696444622559e+37
1590.35 7.667811773988561e+37
1590.77 7.6541653306423765e+37
1591.18 7.641277096334492e+37
1591.59 7.52303173298277e+37
1592.0 6.42424143330873e+37
1592.42 7.639806475340486e+37
1592.83 7.632538614773784e+37
1593.24 7.61011218387283e+37
1593.66 7.592687799514468e+37
1594.07 7.539854012575427e+37
1594.48 7.62219285082778e+37
1594.89 7.224869181649613e+37
1595.31 7.508956586554293e+37
1595.72 7.55130403611274e+37
1596.14 7.618159795000107e+37
1596.55 7.612537051497076e+37
1596.96 7.601023353734812e+37
1597.38 7.528581007019276e+37
1597.79 7.589930981721444e+37
1598.2 7.582716058004155e+37
1598.62 7.512700297606827e+37
1599.03 7.571700919794491e+37
1599.45 7.560304006401752e+37
1599.86 7.558347055549062e+37
1600.28 7.390244473762169e+37
1600.69 7.456065564986684e+37
1601.11 7.123406581115663e+37
1601.52 7.34472475220645e+37
1601.94 6.176581294917101e+37
1602.35 7.517068050232122e+37
1602.77 7.509216340684176e+37
1603.18 6.023270169079455e+37
1603.6 7.438578590992723e+37
1604.01 7.488488803094132e+37
1604.43 7.461536844022082e+37
1604.84 6.486946566626926e+37
1605.26 7.444383875634361e+37
1605.68 7.3726366617545355e+37
1606.09 7.322840343430406e+37
1606.51 7.44559879652143e+37
1606.93 7.33312096020295e+37
1607.34 7.440742496974857e+37
1607.76 4.9663967540639805e+37
1608.18 7.340666853237227e+37
1608.59 7.3941501970215365e+37
1609.01 5.885172389602889e+37
1609.43 7.390976553798343e+37
1609.84 5.8168008437518e+37
1610.26 6.480450819551791e+37
1610.68 7.419719317167771e+37
1611.09 7.144528364873054e+37
1611.51 7.4063754899848865e+37
1611.93 7.047091358774295e+37
1612.35 7.40481538977055e+37
1612.77 6.046719761181198e+37
1613.18 7.397821587025685e+37
1613.6 7.2552690978268445e+37
1614.02 5.640248825483679e+37
1614.44 7.387745213625517e+37
1614.86 7.383807674373485e+37
1615.28 6.433804780761214e+37
1615.69 7.094782783548156e+37
1616.11 6.990725029657569e+37
1616.53 7.347815167773849e+37
1616.95 7.35067068313417e+37
1617.37 7.345843001226512e+37
1617.79 7.15208898485816e+37
1618.21 7.333632890185979e+37
1618.63 7.074853913471766e+37
1619.05 7.231786484247581e+37
1619.47 7.17332644966821e+37
1619.89 7.306637140844094e+37
1620.31 6.700968864801821e+37
1620.73 6.821729336783249e+37
1621.15 5.755770590372402e+37
1621.57 5.806953289773362e+37
1621.99 7.18198733785184e+37
1622.41 7.150336130562682e+37
1622.83 7.2482407158767395e+37
1623.25 7.207290938000146e+37
1623.67 6.782021206575574e+37
1624.09 6.669481123932599e+37
1624.51 7.229831864257207e+37
1624.93 6.214597263450085e+37
1625.35 7.19662154129949e+37
1625.78 7.172650416260401e+37
1626.2 6.909676293990096e+37
1626.62 7.202356209021187e+37
1627.04 7.179464530297541e+37
1627.46 6.573088578453865e+37
1627.88 6.818368131537891e+37
1628.31 6.0827812506876225e+37
1628.73 7.201267551791147e+37
1629.15 5.443165249383422e+37
1629.57 7.1656955186235045e+37
1629.99 7.189346846758894e+37
1630.42 6.950952320643082e+37
1630.84 7.190096617255724e+37
1631.26 7.100365835086005e+37
1631.68 4.308552017735951e+37
1632.11 6.027019410693547e+37
1632.53 7.005442466926212e+37
1632.95 7.173609351448055e+37
1633.38 7.175028139144464e+37
1633.8 7.125435643769131e+37
1634.22 7.151567141118158e+37
1634.65 6.945643653589509e+37
1635.07 7.068964030375647e+37
1635.49 7.082233453733922e+37
1635.92 7.097106168516397e+37
1636.34 6.875957279831539e+37
1636.77 7.148238019682414e+37
1637.19 7.0775363537502615e+37
1637.61 7.124925998823997e+37
1638.04 6.927640068163433e+37
1638.46 7.0822389336738405e+37
1638.89 7.12184647760279e+37
1639.31 6.837030946941058e+37
1639.74 7.10411031765645e+37
1640.16 5.378763820566464e+37
1640.59 5.471749209870917e+37
1641.01 7.093386474274386e+37
1641.44 7.098182225294059e+37
1641.86 5.863954585703318e+37
1642.29 7.078160718252761e+37
1642.71 6.801867283459335e+37
1643.14 7.091363335314624e+37
1643.57 6.895725548371812e+37
1643.99 7.0696561753436975e+37
1644.42 6.900695176703053e+37
1644.84 7.018116385559201e+37
1645.27 6.88469804288395e+37
1645.7 7.058062301567679e+37
1646.12 7.013622884710436e+37
1646.55 7.049107196506229e+37
1646.98 6.8179022881180875e+37
1647.41 6.9903744117372065e+37
1647.83 7.023947306603242e+37
1648.26 6.967306222901957e+37
1648.69 6.799454990946753e+37
1649.11 6.929851376486058e+37
1649.54 6.905524146565551e+37
1649.97 6.810528892260878e+37
1650.4 6.953697991693158e+37
1650.82 6.93183055667955e+37
1651.25 6.949648726668441e+37
1651.68 6.746889491256412e+37
1652.11 6.7809753196267985e+37
1652.54 6.936570477738952e+37
1652.96 5.767626184020437e+37
1653.39 5.951944570158463e+37
1653.82 6.8565022902287615e+37
1654.25 6.810123514859552e+37
1654.68 6.890826746560073e+37
1655.11 6.889045596846403e+37
1655.54 6.8633974921491e+37
1655.96 6.890547320039802e+37
1656.39 6.895661658602794e+37
1656.82 6.289349729284568e+37
1657.25 6.882445667717702e+37
1657.68 6.785369534505324e+37
1658.11 6.740383305087335e+37
1658.54 6.852429710903466e+37
1658.97 6.5954601708574e+37
1659.4 6.714564412137967e+37
1659.83 6.910649751566582e+37
1660.26 6.908365158404134e+37
1660.69 6.8682084482801355e+37
1661.12 6.892816377053972e+37
1661.55 6.348492845733933e+37
1661.98 6.915206438620056e+37
1662.42 6.5078917381580135e+37
1662.85 6.917798731108527e+37
1663.28 6.856881690562632e+37
1663.71 6.917118575744614e+37
1664.14 6.927063051919048e+37
1664.57 6.905898461962125e+37
1665.0 6.836027234464807e+37
1665.43 6.893418139391929e+37
1665.86 6.909259059601222e+37
1666.3 6.898347302176517e+37
1666.73 6.854268442746211e+37
1667.16 6.865491375095861e+37
1667.59 6.826134826828057e+37
1668.03 6.309591425915055e+37
1668.46 6.583510080591752e+37
1668.89 6.835316571613521e+37
1669.32 6.756166507215342e+37
1669.76 6.4830350678286005e+37
1670.19 6.793315920225731e+37
1670.62 6.723326426390689e+37
1671.05 5.779150795723872e+37
1671.49 6.771263322725121e+37
1671.92 6.600122460734762e+37
1672.35 6.597771140647859e+37
1672.79 6.366210216557875e+37
1673.22 6.704226547147221e+37
1673.65 5.64308314901964e+37
1674.09 6.76650670121792e+37
1674.52 6.737860694102334e+37
1674.96 6.7690778326685425e+37
1675.39 6.748220844462088e+37
1675.82 6.663731405619876e+37
1676.26 6.631152900214092e+37
1676.69 6.701468019060477e+37
1677.13 6.224897894667957e+37
1677.56 6.77446940892433e+37
1678.0 6.773374491552775e+37
1678.43 6.769015182591728e+37
1678.87 6.760677810070256e+37
1679.3 6.735715820870725e+37
1679.74 6.767964742216919e+37
1680.17 6.767261834495183e+37
1680.61 6.73124113221296e+37
1681.04 6.749313462957748e+37
1681.48 6.759571693223079e+37
1681.92 6.286980614389434e+37
1682.35 6.758599722847737e+37
1682.79 6.7591955476190825e+37
1683.22 6.755599006588348e+37
1683.66 6.636479974222214e+37
1684.1 6.745619850066081e+37
1684.53 6.743568525263601e+37
1684.97 6.75231247764178e+37
1685.41 6.747816038328419e+37
1685.84 6.605645597508447e+37
1686.28 6.631986004580435e+37
1686.72 6.002764172076825e+37
1687.15 6.698084520471129e+37
1687.59 6.353319590238203e+37
1688.03 6.652631691756921e+37
1688.47 6.701953300962799e+37
1688.9 6.698088007103996e+37
1689.34 6.698506861426175e+37
1689.78 6.678157604541293e+37
1690.22 6.557414090659085e+37
1690.66 6.309855375536943e+37
1691.09 6.663429994401562e+37
1691.53 6.656713558907035e+37
1691.97 6.648165067046681e+37
1692.41 6.160693690692234e+37
1692.85 6.645340935936806e+37
1693.29 6.646667000745164e+37
1693.72 6.642831163644643e+37
1694.16 6.637640702021195e+37
1694.6 6.251053998537334e+37
1695.04 5.1505749814502635e+37
1695.48 6.554330323754839e+37
1695.92 6.542640933426482e+37
1696.36 6.612465736233247e+37
1696.8 6.494060319149726e+37
1697.24 6.602105014552486e+37
1697.68 6.596521919711899e+37
1698.12 6.303589784601261e+37
1698.56 6.584214955342477e+37
1699.0 6.364269994223781e+37
1699.44 6.554920809449127e+37
1699.88 6.570418618052897e+37
1700.32 6.3039956213880665e+37
1700.76 6.078693836226527e+37
1701.2 6.546473517182646e+37
1701.64 6.0350563198430995e+37
1702.08 6.342894603020992e+37
1702.53 6.473962136057449e+37
1702.97 6.532491685116921e+37
1703.41 6.405359659542778e+37
1703.85 6.520897596070856e+37
1704.29 6.515483958780616e+37
1704.73 6.485389544954871e+37
1705.18 6.509963648693773e+37
1705.62 6.484399400158816e+37
1706.06 6.358649325815149e+37
1706.5 6.286988212151849e+37
1706.94 6.474474136804117e+37
1707.39 4.86016119492098e+37
1707.83 6.482246399430815e+37
1708.27 6.443555711989756e+37
1708.71 6.133867857147824e+37
1709.16 6.469786034204331e+37
1709.6 6.347503206224885e+37
1710.04 6.413546850859696e+37
1710.49 6.353199701309529e+37
1710.93 6.238805988651354e+37
1711.37 5.170842745897361e+37
1711.82 6.250781767601166e+37
1712.26 6.401634108854369e+37
1712.7 5.369137838635953e+37
1713.15 6.417772779597723e+37
1713.59 6.3545749287189225e+37
1714.04 6.415655217864321e+37
1714.48 6.4142944705898345e+37
1714.93 6.39819245927223e+37
1715.37 5.360757376552797e+37
1715.81 6.309008893533085e+37
1716.26 6.319469043360213e+37
1716.7 6.387759296741392e+37
1717.15 5.789949827584955e+37
1717.59 6.3689969210933585e+37
1718.04 6.23753019529204e+37
1718.48 5.620116354568077e+37
1718.93 6.122371565635448e+37
1719.38 5.57212562815537e+37
1719.82 6.103341891299385e+37
1720.27 6.352023528992492e+37
1720.71 5.927301686206083e+37
1721.16 6.207679796356922e+37
1721.6 5.787654732587965e+37
1722.05 6.120046683186284e+37
1722.5 5.200874884490439e+37
1722.94 6.174781933182195e+37
1723.39 6.312065365599202e+37
1723.84 5.919525833544141e+37
1724.28 5.3560105654472105e+37
1724.73 6.276855703781565e+37
1725.18 6.136212173307526e+37
1725.62 5.209802032693867e+37
1726.07 6.287415984474864e+37
1726.52 6.105777966983643e+37
1726.97 6.3038404161631895e+37
1727.41 5.6047191870760555e+37
1727.86 6.26485273664889e+37
1728.31 6.095374654534381e+37
1728.76 6.115921115946441e+37
1729.2 6.241882927722639e+37
1729.65 6.310637378388023e+37
1730.1 6.3064110665997505e+37
1730.55 6.018650670281225e+37
1731.0 6.296197620154606e+37
1731.45 5.798037031504307e+37
1731.9 6.29738058092037e+37
1732.34 6.223822893892399e+37
1732.79 6.195019477132855e+37
1733.24 6.2595632353226975e+37
1733.69 6.17478025635795e+37
1734.14 6.215391779082482e+37
1734.59 6.289425094488636e+37
1735.04 6.298383099442152e+37
1735.49 6.2799765483680925e+37
1735.94 6.241094577819964e+37
1736.39 6.054146864418693e+37
1736.84 6.279387268667521e+37
1737.29 6.090161757704763e+37
1737.74 6.246115183280256e+37
1738.19 5.426597134985935e+37
1738.64 5.841771966117088e+37
1739.09 6.120366102351874e+37
1739.54 6.248449914394236e+37
1739.99 6.219404984708096e+37
1740.44 6.236668183333296e+37
1740.9 5.98226011288284e+37
1741.35 6.225859654379998e+37
1741.8 6.222800194480593e+37
1742.25 6.065201829042667e+37
1742.7 6.147257585316975e+37
1743.15 6.210018524573439e+37
1743.6 6.20387800686233e+37
1744.06 6.19987418159206e+37
1744.51 6.185135975872622e+37
1744.96 6.093278807917347e+37
1745.41 6.011817215611833e+37
1745.86 6.187704286489287e+37
1746.32 6.187796749833704e+37
1746.77 6.098125154325595e+37
1747.22 5.4168693264545275e+37
1747.68 5.738751819698005e+37
1748.13 5.545446704988144e+37
1748.58 6.145059347918777e+37
1749.04 5.56986762299431e+37
1749.49 6.122559872109494e+37
1749.94 6.150996251553367e+37
1750.4 5.9743430160360345e+37
1750.85 6.179366985318284e+37
1751.3 5.75532396111345e+37
1751.76 5.552194699421643e+37
1752.21 6.176412484700209e+37
1752.67 6.175940734055584e+37
1753.12 5.853381255723684e+37
1753.57 6.023668971277867e+37
1754.03 6.15910660751654e+37
1754.48 6.163113078367094e+37
1754.94 6.1263613054975575e+37
1755.39 6.164548200401213e+37
1755.85 6.128620090732798e+37
1756.3 6.147307960035415e+37
1756.76 6.135774199967657e+37
1757.21 6.13053684348275e+37
1757.67 6.115510269602726e+37
1758.12 5.929138914786702e+37
1758.58 5.672305140707844e+37
1759.04 6.07721984181362e+37
1759.49 6.088387828801087e+37
1759.95 6.0805661802783305e+37
1760.4 4.660398761624621e+37
1760.86 5.000677276883746e+37
1761.32 5.909002226384117e+37
1761.77 6.046555273583991e+37
1762.23 6.022412410747261e+37
1762.69 6.028395716526946e+37
1763.14 5.9952908626789285e+37
1763.6 5.806678860612152e+37
1764.06 5.888168249633742e+37
1764.51 5.985845448555437e+37
1764.97 5.597807792878089e+37
1765.43 5.984998099870945e+37
1765.89 5.878799990729052e+37
1766.34 5.967972042350924e+37
1766.8 5.989415984466033e+37
1767.26 5.984288033501448e+37
1767.72 5.97275804382225e+37
1768.18 5.975836295239016e+37
1768.64 5.983962937631607e+37
1769.09 5.992360508520257e+37
1769.55 5.089007210582192e+37
1770.01 5.960198436073454e+37
1770.47 5.200119068707757e+37
1770.93 5.939432001811171e+37
1771.39 5.954696714546989e+37
1771.85 5.983214528451776e+37
1772.31 5.999266866427316e+37
1772.77 5.986208255133833e+37
1773.22 5.961203057720059e+37
1773.68 5.916454122709008e+37
1774.14 6.002256458462141e+37
1774.6 5.93428934953626e+37
1775.06 6.003325076521587e+37
1775.52 5.965594954541433e+37
1775.98 3.9421912379783482e+37
1776.44 5.984261559270296e+37
1776.9 5.960067391788073e+37
1777.36 5.984545992392071e+37
1777.82 5.713986365090884e+37
1778.29 5.977170150390725e+37
1778.75 5.730883871485742e+37
1779.21 5.9442338122857355e+37
1779.67 5.966043186200728e+37
1780.13 5.949680237479496e+37
1780.59 5.933077236770601e+37
1781.05 5.827898575086518e+37
1781.52 5.950693313639993e+37
1781.98 5.853593180500964e+37
1782.44 5.9110517158959985e+37
1782.9 5.871756260479869e+37
1783.36 5.935082935654722e+37
1783.82 5.932972190576142e+37
1784.29 5.929260814203005e+37
1784.75 5.911104343417463e+37
1785.21 5.814246162520935e+37
1785.68 5.920922513129117e+37
1786.14 5.916539896435402e+37
1786.6 5.917278203969544e+37
1787.06 5.838664652114872e+37
1787.53 5.905566116572163e+37
1787.99 5.747548342431997e+37
1788.45 5.660852237871789e+37
1788.92 5.780764767689998e+37
1789.38 5.907134507184404e+37
1789.84 5.889958089244655e+37
1790.31 5.655674111605744e+37
1790.77 5.882710915478444e+37
1791.24 5.844944213847791e+37
1791.7 5.496626555099046e+37
1792.17 5.47449182712706e+37
1792.63 5.880925252382952e+37
1793.09 5.7124885480259e+37
1793.56 5.889769477165386e+37
1794.02 5.869588930253956e+37
1794.49 5.89125573307799e+37
1794.95 5.354114096884769e+37
1795.42 5.886494183025911e+37
1795.89 5.864456900579968e+37
1796.35 5.878579110110161e+37
1796.81 5.835070658684841e+37
1797.28 5.86797877768332e+37
1797.75 5.79623831487129e+37
1798.21 5.812699382966336e+37
1798.68 5.845774953616614e+37
1799.15 5.855534784215821e+37
1799.61 5.851173273115915e+37
1800.08 5.732778355844847e+37
1800.55 5.835678443533885e+37
1801.01 5.811973010365825e+37
1801.48 5.355501184024895e+37
1801.94 5.821247388864855e+37
1802.41 5.829285604595433e+37
1802.88 5.814604291695867e+37
1803.35 5.531077405836538e+37
1803.81 5.81693931897891e+37
1804.28 5.796080695187111e+37
1804.75 5.810698536492988e+37
1805.22 5.758926631751782e+37
1805.68 5.738112173652073e+37
1806.15 5.786957818039143e+37
1806.62 5.751056826520133e+37
1807.09 5.762627012251335e+37
1807.56 5.7804004574492385e+37
1808.03 5.668283324781341e+37
1808.49 5.769799534776188e+37
1808.96 5.772368109484519e+37
1809.43 5.433265359091533e+37
1809.9 5.755262561662164e+37
1810.37 5.704757183758441e+37
1810.84 5.752111023462466e+37
1811.31 5.420202933379564e+37
1811.78 5.570163759761114e+37
1812.25 5.630992121597634e+37
1812.72 5.533817469047094e+37
1813.19 5.6123944405688245e+37
1813.66 5.720075305011286e+37
1814.13 5.705932242609695e+37
1814.6 5.718886146107183e+37
1815.07 5.62299692338506e+37
1815.54 5.637172909257173e+37
1816.01 5.306446449479195e+37
1816.48 5.672013469579902e+37
1816.95 5.552708206898326e+37
1817.42 5.547187438729128e+37
1817.89 5.69138377966716e+37
1818.36 5.692729829776673e+37
1818.83 5.6897870690887225e+37
1819.31 5.156659027471145e+37
1819.78 5.520715516525763e+37
1820.25 5.679550440264121e+37
1820.72 5.677395676471472e+37
1821.19 5.48018271380063e+37
1821.67 5.243091606663902e+37
1822.14 5.56249734426644e+37
1822.61 5.631720943886376e+37
1823.08 4.594121601148761e+37
1823.55 5.652793718059825e+37
1824.03 5.650116468055249e+37
1824.5 5.653376132698711e+37
1824.97 5.480175747767498e+37
1825.44 5.117589032957395e+37
1825.92 5.623962691060503e+37
1826.39 5.594210494312973e+37
1826.86 5.386371361265393e+37
1827.34 5.584123067361637e+37
1827.81 5.620769692376455e+37
1828.29 5.493595008393264e+37
1828.76 5.595955972495259e+37
1829.23 5.316670991170366e+37
1829.71 5.599495999219232e+37
1830.18 5.492169942251888e+37
1830.66 5.151857846734891e+37
1831.13 5.594031435178867e+37
1831.61 5.508108289876287e+37
1832.08 5.586448113935291e+37
1832.56 5.5240501183733e+37
1833.03 5.454133784526955e+37
1833.51 5.572099488456976e+37
1833.98 5.562488332578444e+37
1834.46 5.565455391082122e+37
1834.93 5.362819319788998e+37
1835.41 5.541603812779273e+37
1835.88 5.51667703164842e+37
1836.36 5.515597121177023e+37
1836.83 5.345405494626869e+37
1837.31 5.107475029698105e+37
1837.79 5.37320056450692e+37
1838.26 4.481747947814337e+37
1838.74 5.342762308609705e+37
1839.22 5.517874644702653e+37
1839.69 5.510624612168701e+37
1840.17 5.075529487310244e+37
1840.65 5.498254497349976e+37
1841.12 5.497418434788627e+37
1841.6 4.981032916132508e+37
1842.08 5.449215439254694e+37
1842.56 4.456297626261973e+37
1843.03 5.362397638943617e+37
1843.51 4.745735741213246e+37
1843.99 4.709357490039822e+37
1844.47 5.074812175821272e+37
1844.94 4.743191805308578e+37
1845.42 4.98810384298137e+37
1845.9 5.438591651371955e+37
1846.38 5.331434800847302e+37
1846.86 5.282496589951443e+37
1847.34 4.930080570430032e+37
1847.82 5.424035467079523e+37
1848.29 5.41996967149331e+37
1848.77 5.352215205618366e+37
1849.25 5.152087567788381e+37
1849.73 5.28211144227122e+37
1850.21 4.0437764744141796e+37
1850.69 5.15572076270091e+37
1851.17 4.96865224373585e+37
1851.65 5.397788504955148e+37
1852.13 5.315954637256326e+37
1852.61 4.710498739705469e+37
1853.09 5.385623106423448e+37
1853.57 5.380019907478912e+37
1854.05 4.802583562913828e+37
1854.53 5.368945161207895e+37
1855.01 4.2117414943575945e+37
1855.49 5.179469222756779e+37
1855.97 5.31456191451864e+37
1856.45 5.360744061011589e+37
1856.94 5.35541735778975e+37
1857.42 5.355698817578258e+37
1857.9 5.257348017971348e+37
1858.38 5.34702258267252e+37
1858.86 5.317089005643364e+37
1859.34 5.345853019535475e+37
1859.83 4.221123165991203e+37
1860.31 5.340988155537459e+37
1860.79 5.279634614659889e+37
1861.27 5.336102361392404e+37
1861.76 5.297339210859733e+37
1862.24 5.3312758182854235e+37
1862.72 5.3272161988007835e+37
1863.2 5.253540372206187e+37
1863.69 5.32365272749485e+37
1864.17 5.309241083945275e+37
1864.65 5.264788863163676e+37
1865.14 4.652776692705054e+37
1865.62 4.944155980672248e+37
1866.1 5.277513982842236e+37
1866.58 4.419871324033522e+37
1867.07 5.271923897971622e+37
1867.55 5.31372229680243e+37
1868.04 5.315940175610145e+37
1868.52 5.307007715356776e+37
1869.01 5.309096634555219e+37
1869.49 5.310333113301507e+37
1869.97 4.714452169539087e+37
1870.46 5.310776092271879e+37
1870.94 5.153791663729561e+37
1871.43 4.960956524645593e+37
1871.91 5.294535921083246e+37
1872.4 5.293119798052406e+37
1872.88 5.304777570096992e+37
1873.37 5.297069239296542e+37
1873.85 5.144095827551966e+37
1874.34 5.172459296334118e+37
1874.83 5.299884242096589e+37
1875.31 5.138113618235945e+37
1875.8 5.300354884523553e+37
1876.29 5.1347668657911875e+37
1876.77 5.271483736212597e+37
1877.26 5.29077611660924e+37
1877.74 5.285256938422973e+37
1878.23 5.279522161185708e+37
1878.72 5.2738942509936475e+37
1879.2 5.257219370535692e+37
1879.69 5.258696906553473e+37
1880.18 5.259335615181521e+37
1880.67 4.560249707899693e+37
1881.15 4.323535555138525e+37
1881.64 5.079259403720572e+37
1882.13 4.490932112972121e+37
1882.62 5.178422171882025e+37
1883.1 5.030283777681088e+37
1883.59 5.223785830682929e+37
1884.08 5.215122532749009e+37
1884.57 3.750257251240446e+37
1885.06 4.0468975328802687e+37
1885.55 5.203212584394553e+37
1886.04 4.689950034382415e+37
1886.52 4.862360333603595e+37
1887.01 4.758127516322254e+37
1887.5 3.5928440904469967e+37
1887.99 5.181675192599299e+37
1888.48 5.178161497520608e+37
1888.97 5.174182356534937e+37
1889.46 3.838406540366203e+37
1889.95 5.165279486737178e+37
1890.44 5.135331054857612e+37
1890.93 4.6286785491169895e+37
1891.42 4.680884156316903e+37
1891.91 4.606007951989658e+37
1892.4 4.8865275918861e+37
1892.89 4.0534095200912927e+37
1893.38 5.135259989620974e+37
1893.87 4.6554566221803835e+37
1894.36 4.8955311747925375e+37
1894.85 5.106480514748717e+37
1895.34 3.160925593845401e+37
1895.84 5.074384412139304e+37
1896.33 4.7243936720952295e+37
1896.82 3.2943838358468777e+37
1897.31 4.9218572588613515e+37
1897.8 5.120153643066461e+37
1898.29 5.114113444416002e+37
1898.79 4.565938089012992e+37
1899.28 3.0366336114702157e+37
1899.77 5.057931446488929e+37
1900.26 5.117720457826516e+37
1900.76 5.116354908816219e+37
1901.25 5.055818110729619e+37
1901.74 5.116612033650992e+37
1902.23 5.106154852984206e+37
1902.73 5.113300380244846e+37
1903.22 4.432461819455199e+37
1903.71 4.749839500994177e+37
1904.21 4.835281894883736e+37
1904.7 5.112215190257212e+37
1905.19 4.998326645213591e+37
1905.69 5.083431650225114e+37
1906.18 5.103780555243186e+37
1906.68 4.8654763798236015e+37
1907.17 5.048488998763498e+37
1907.66 4.044081025526908e+37
1908.16 5.080990657577716e+37
1908.65 4.961571495580075e+37
1909.15 5.055494292839173e+37
1909.64 5.066469291728497e+37
1910.14 4.936908807972674e+37
1910.63 5.0107770610943e+37
1911.13 5.054773449863878e+37
1911.62 3.6858671428153506e+37
1912.12 5.046186148567629e+37
1912.61 5.041122733342883e+37
1913.11 5.036311000818102e+37
1913.61 4.1928689070658797e+37
1914.1 3.0464470554713233e+37
1914.6 5.022854849078899e+37
1915.09 3.0409240782102753e+37
1915.59 4.934206505820971e+37
1916.09 4.919850227833909e+37
1916.58 4.575179696291722e+37
1917.08 4.2570178071682e+37
1917.58 4.875005802710651e+37
1918.07 4.78285220696614e+37
1918.57 4.067561456642606e+37
1919.07 4.890307158532753e+37
1919.56 4.17908702599537e+37
1920.06 4.940035466994661e+37
1920.56 4.981786449480087e+37
1921.06 4.738035925227808e+37
1921.56 3.744871156030467e+37
1922.05 4.803327178024058e+37
1922.55 4.974923511832544e+37
1923.05 3.7830522378441113e+37
1923.55 4.956795992548095e+37
1924.05 4.651347915453288e+37
1924.55 3.6910247032755206e+37
1925.05 4.959955464344e+37
1925.54 4.938067032082548e+37
1926.04 3.2992294249913597e+37
1926.54 4.953559768223695e+37
1927.04 4.9260244380870695e+37
1927.54 4.784374760194917e+37
1928.04 4.490680145157878e+37
1928.54 4.53141078733238e+37
1929.04 4.681550909922995e+37
1929.54 4.860817538969533e+37
1930.04 4.821941516179695e+37
1930.54 4.805774720068793e+37
1931.04 4.924864652163573e+37
1931.54 3.0432473728446395e+37
1932.04 4.927604361366583e+37
1932.54 4.909560941728808e+37
1933.04 4.925175206266277e+37
1933.55 4.902321217179204e+37
1934.05 4.920128716105223e+37
1934.55 4.917452936857874e+37
1935.05 4.906603731436049e+37
1935.55 4.915361612704617e+37
1936.05 4.90351004405598e+37
1936.55 4.746058478129027e+37
1937.06 4.583463848251422e+37
1937.56 4.8624588539223845e+37
1938.06 4.617468668827422e+37
1938.56 4.907719302331638e+37
1939.06 4.710864467698313e+37
1939.57 4.812642170322284e+37
1940.07 4.127905593403781e+37
1940.57 4.466260069403071e+37
1941.08 4.904662382911164e+37
1941.58 4.267987125341639e+37
1942.08 4.90212503514807e+37
1942.58 4.900241522143569e+37
1943.09 4.887650058781117e+37
1943.59 4.119025910460886e+37
1944.1 4.897475538173132e+37
1944.6 4.878420147807099e+37
1945.1 4.894711615682262e+37
1945.61 4.859548334841188e+37
1946.11 4.88603163733685e+37
1946.62 4.868478996969055e+37
1947.12 4.866384374421542e+37
1947.63 4.868180069485081e+37
1948.13 4.630241344626373e+37
1948.64 4.783433718706511e+37
1949.14 4.854347512175442e+37
1949.65 4.258690011381777e+37
1950.15 4.841548359810212e+37
1950.66 4.841667393425797e+37
1951.16 4.7582444865767905e+37
1951.67 4.831763323552893e+37
1952.17 4.809226472963298e+37
1952.68 3.101139156242282e+37
1953.19 4.451768162007478e+37
1953.69 4.798740510315586e+37
1954.2 3.129054632846712e+37
1954.7 4.485408718645233e+37
1955.21 4.693331807452779e+37
1955.72 4.742517591654272e+37
1956.22 4.795620422700846e+37
1956.73 4.793449059665998e+37
1957.24 4.695945060150295e+37
1957.75 4.774269088187461e+37
1958.25 4.791290041997709e+37
1958.76 4.1320533240708105e+37
1959.27 3.742255943338114e+37
1959.78 4.74456612743685e+37
1960.29 3.048644759596741e+37
1960.79 4.769532006779132e+37
1961.3 4.1818036341577206e+37
1961.81 4.678932831709982e+37
1962.32 4.727004775648377e+37
1962.83 4.620290482262707e+37
1963.33 4.771863222061482e+37
1963.84 4.766329964753632e+37
1964.35 4.0436428393812755e+37
1964.86 4.3295361736087e+37
1965.37 4.0406222646415424e+37
1965.88 4.783161318655516e+37
1966.39 4.782819129351007e+37
1966.9 4.768008456350721e+37
1967.41 4.780418776453e+37
1967.92 4.712558388862707e+37
1968.43 4.750242747816979e+37
1968.94 4.772741367664497e+37
1969.45 4.747986726350248e+37
1969.96 4.75764247386434e+37
1970.47 4.7664569962490165e+37
1970.98 4.762549845078733e+37
1971.49 4.721330808625752e+37
1972.0 4.731153523679031e+37
1972.52 4.7228679403371e+37
1973.03 4.755099699995954e+37
1973.54 4.744147304505747e+37
1974.05 4.748808865713481e+37
1974.56 4.744254818079354e+37
1975.07 4.7462400694667325e+37
1975.58 4.724101839077453e+37
1976.1 3.488979923322048e+37
1976.61 4.73542950497487e+37
1977.12 4.726264650687323e+37
1977.63 4.688896021667239e+37
1978.15 4.724027492478852e+37
1978.66 4.370818958380208e+37
1979.17 4.656616365095815e+37
1979.69 4.634163593913717e+37
1980.2 4.702331036212261e+37
1980.71 4.702543814286293e+37
1981.22 4.69761932258349e+37
1981.74 4.692274602188002e+37
1982.25 4.6805134899153705e+37
1982.77 3.5258764968284456e+37
1983.28 4.680526588865195e+37
1983.79 4.633775429635066e+37
1984.31 3.2059170714068394e+37
1984.82 4.39415213117719e+37
1985.34 4.657432198366111e+37
1985.85 4.652545527844297e+37
1986.36 4.630102123267984e+37
1986.88 4.5882619193695145e+37
1987.4 3.517263158104862e+37
1987.91 4.315518540125805e+37
1988.43 4.636685891342351e+37
1988.94 4.633513158586617e+37
1989.46 4.594153650605907e+37
1989.97 3.3825250449349162e+37
1990.49 4.567089661065136e+37
1991.0 4.616965128391711e+37
1991.52 3.363034754785534e+37
1992.04 3.3145132498332877e+37
1992.55 4.59437925832458e+37
1993.07 4.597745384453472e+37
1993.58 4.58988432867522e+37
1994.1 2.9390933867830173e+37
1994.62 4.587278632156309e+37
1995.14 4.490365331515978e+37
1995.65 3.706299071493337e+37
1996.17 4.580696121627955e+37
1996.69 4.579346623045998e+37
1997.2 4.576216051235804e+37
1997.72 4.576325861969754e+37
1998.24 4.550176161720855e+37
1998.76 4.559644487354223e+37
1999.28 4.568504311850054e+37
1999.8 4.427830791178738e+37
2000.31 3.747350063491028e+37
2000.83 4.526605423545105e+37
2001.35 4.559459245519398e+37
2001.87 3.709622410950571e+37
2002.39 4.308569472729763e+37
2002.91 4.561541782714343e+37
2003.43 4.560195327244889e+37
2003.94 4.558312543446534e+37
2004.46 4.556658845649804e+37
2004.98 4.52775043248254e+37
2005.5 4.46119315164651e+37
2006.02 4.445142061305208e+37
2006.54 4.54410224093199e+37
2007.06 4.527236914768411e+37
2007.58 4.527235976791209e+37
2008.1 4.5256920439538215e+37
2008.62 4.423905463668761e+37
2009.14 3.7728764415147713e+37
2009.67 4.523013690486743e+37
2010.19 4.413934181979291e+37
2010.71 4.360884268070117e+37
2011.23 4.4420029198986475e+37
2011.75 4.507350488688899e+37
2012.27 4.114607009248934e+37
2012.79 4.485095308706948e+37
2013.31 3.6782498866910623e+37
2013.84 4.490667717396084e+37
2014.36 4.488086430599914e+37
2014.88 4.486927250853317e+37
2015.4 4.2410954126517433e+37
2015.93 4.462842701700748e+37
2016.45 4.461515840572994e+37
2016.97 4.47252322046363e+37
2017.49 4.447488792160143e+37
2018.02 4.1634675508572136e+37
2018.54 4.474451268327971e+37
2019.06 4.451345074560162e+37
2019.58 4.476398478666504e+37
2020.11 4.476703864475242e+37
2020.63 4.473234055350282e+37
2021.16 4.4743638807664795e+37
2021.68 4.469670838995003e+37
2022.2 4.472207745425742e+37
2022.73 4.33694276792795e+37
2023.25 4.471287522120407e+37
2023.78 4.465479793135973e+37
2024.3 4.468533472445379e+37
2024.82 4.468529677397218e+37
2025.35 4.460482996713626e+37
2025.88 4.343973920940153e+37
2026.4 4.450313875062761e+37
2026.93 4.455291114357303e+37
2027.45 4.45173189615002e+37
2027.98 4.44513276367714e+37
2028.5 4.359840366535288e+37
2029.03 4.441277602983217e+37
2029.55 4.438339231320177e+37
2030.08 4.341771209887831e+37
2030.61 4.431346096259866e+37
2031.13 4.423261463095776e+37
2031.66 4.4226591251135145e+37
2032.19 4.359228239277762e+37
2032.71 4.399096175012943e+37
2033.24 4.413175060395207e+37
2033.77 4.262148839583149e+37
2034.29 4.389159502959953e+37
2034.82 4.355836482522678e+37
2035.35 3.5459554635979825e+37
2035.88 4.295510625929098e+37
2036.4 4.394720541916169e+37
2036.93 4.394739495252239e+37
2037.46 4.14420057159597e+37
2037.99 3.570224577443558e+37
2038.52 4.389552244748801e+37
2039.04 4.380813044377253e+37
2039.57 3.992762695141422e+37
2040.1 3.641462490250064e+37
2040.63 4.359077326969803e+37
2041.16 3.627708095917491e+37
2041.69 4.377513132289138e+37
2042.22 4.375512443350585e+37
2042.74 4.366528501367871e+37
2043.28 4.37191116462251e+37
2043.8 4.318947403451718e+37
2044.33 4.36681535468289e+37
2044.86 4.210067111992608e+37
2045.39 4.333243973253039e+37
2045.92 4.356652694573934e+37
2046.45 3.6784143210434e+37
2046.98 4.347386938928067e+37
2047.52 4.257180189598239e+37
2048.05 4.33590269070419e+37
2048.58 4.3335214143371715e+37
2049.11 4.323540429167577e+37
2049.64 4.260069860928428e+37
2050.17 4.23631528175497e+37
2050.7 4.336864067704494e+37
2051.23 4.323319454428131e+37
2051.76 4.29813088616125e+37
2052.3 4.32311949772659e+37
2052.83 4.270651531495443e+37
2053.36 4.303126844084269e+37
2053.89 4.307938484752146e+37
2054.43 4.304108003219968e+37
2054.96 4.296542100172238e+37
2055.49 4.29702299373112e+37
2056.02 4.292021248372604e+37
2056.55 3.5918495404809776e+37
2057.09 4.29250471308039e+37
2057.62 3.899693715347119e+37
2058.16 4.282028742919675e+37
2058.69 4.199668440955093e+37
2059.22 2.871539157011558e+37
2059.76 4.207525670884203e+37
2060.29 3.256472075462174e+37
2060.82 4.280239277964393e+37
2061.36 4.270287905928622e+37
2061.89 4.273597098049563e+37
2062.43 2.910559663055127e+37
2062.96 4.273192114709971e+37
2063.5 4.270070764903288e+37
2064.03 4.256733862411719e+37
2064.56 4.26684310656199e+37
2065.1 4.259350773932988e+37
2065.64 4.236656223815639e+37
2066.17 4.260203637011453e+37
2066.71 4.254860047245454e+37
2067.24 4.26165646117124e+37
2067.78 4.260973035781464e+37
2068.31 4.260672875496768e+37
2068.85 2.792427436411225e+37
2069.39 4.2594018943933125e+37
2069.92 4.258419548743685e+37
2070.46 4.252195421929832e+37
2071.0 4.252479250603364e+37
2071.53 4.2392876672306586e+37
2072.07 4.2532374924551655e+37
2072.61 4.230188880358272e+37
2073.14 4.2526370018678074e+37
2073.68 4.252244143894868e+37
2074.22 4.2496165493248246e+37
2074.76 4.2406934061895203e+37
2075.29 4.24039627765392e+37
2075.83 4.218185075435326e+37
2076.37 4.2232819612861217e+37
2076.91 4.1386438008843964e+37
2077.45 4.2219244511282723e+37
2077.98 4.1237217825757734e+37
2078.52 4.1918415138663267e+37
2079.06 4.1977867502723143e+37
2079.6 2.7849689859400993e+37
2080.14 4.212726655549204e+37
2080.68 4.2131695969558732e+37
2081.22 4.2121883810364593e+37
2081.76 4.203416040085453e+37
2082.3 4.2103061981231676e+37
2082.84 4.209032237033778e+37
2083.38 4.19730699016318e+37
2083.92 4.2065842667730555e+37
2084.46 4.206038358427771e+37
2085.0 2.791770503769949e+37
2085.54 4.0527326676647098e+37
2086.08 4.195758002792357e+37
2086.62 4.187992495484609e+37
2087.16 4.1886523436415055e+37
2087.7 3.8075250747484606e+37
2088.24 4.161250035218114e+37
2088.78 4.174619061218259e+37
2089.32 3.904105756459362e+37
2089.87 4.1110249801902336e+37
2090.41 4.1658019697954214e+37
2090.95 3.4249392301297465e+37
2091.49 4.1575876140872476e+37
2092.03 3.4361853196055673e+37
2092.57 4.113777867017854e+37
2093.12 4.1435372866401333e+37
2093.66 3.681196648848371e+37
2094.2 3.927007621372704e+37
2094.75 4.119004974785054e+37
2095.29 4.127742838344792e+37
2095.83 3.9453442940151678e+37
2096.38 3.9213625674106447e+37
2096.92 4.120175969525247e+37
2097.46 4.1244272525337373e+37
2098.0 3.9121048046273473e+37
2098.55 3.927008391630883e+37
2099.09 4.1199282946717463e+37
2099.64 4.113193796960604e+37
2100.18 4.1152343433029097e+37
2100.73 4.105699178694967e+37
2101.27 4.112337907541181e+37
2101.81 4.0936788253546526e+37
2102.36 4.109844542840357e+37
2102.9 4.108618556615993e+37
2103.45 4.05732663141226e+37
2103.99 4.0595480137298716e+37
2104.54 3.072660173599013e+37
2105.08 4.1036167420044775e+37
2105.63 3.922835576537395e+37
2106.18 4.089358735534046e+37
2106.72 4.0901005568387224e+37
2107.27 4.093810143103055e+37
2107.81 4.0709076936623444e+37
2108.36 4.064176650853209e+37
2108.91 4.026581129156013e+37
2109.45 4.0472123060176252e+37
2110.0 4.0817857369013644e+37
2110.55 4.0798012994046575e+37
2111.09 4.0763550547139526e+37
2111.64 4.073982970567085e+37
2112.19 4.0708048555824213e+37
2112.74 4.0704305742030043e+37
2113.28 4.0611652974784253e+37
2113.83 4.064257475948535e+37
2114.38 4.004366261528283e+37
2114.93 4.0090780646470765e+37
2115.48 4.019520088727979e+37
2116.02 4.0557578452294728e+37
2116.57 4.0538155357066446e+37
2117.12 4.0117319833562125e+37
2117.67 4.045101694191945e+37
2118.22 3.87086090897293e+37
2118.77 4.047151302897679e+37
2119.32 3.9111483250345067e+37
2119.87 4.044279756687127e+37
2120.42 4.0311701002983744e+37
2120.97 3.96763689045911e+37
2121.51 4.0319899466896354e+37
2122.06 4.0260134467876865e+37
2122.61 4.0346901704410184e+37
2123.17 4.002486277129059e+37
2123.72 4.027582194851083e+37
2124.26 3.762001367227675e+37
2124.82 3.9975840289916834e+37
2125.37 4.0180501332479943e+37
2125.92 3.997270213837121e+37
2126.47 4.01393747370922e+37
2127.02 4.0105529073692944e+37
2127.57 4.005061440627144e+37
2128.12 3.876456337419211e+37
2128.67 3.997544708898448e+37
2129.23 3.986153383043575e+37
2129.78 3.990622660835081e+37
2130.33 3.913729194538386e+37
2130.88 3.980817767611984e+37
2131.43 3.9745053046178337e+37
2131.99 3.9724570606766814e+37
2132.54 3.958559669277432e+37
2133.09 3.964651090617943e+37
2133.65 3.9601227107522143e+37
2134.2 3.953934576852202e+37
2134.75 3.950556808900966e+37
2135.3 3.946713250398653e+37
2135.86 3.9408062294642417e+37
2136.41 3.9446129417354723e+37
2136.97 3.838170374899783e+37
2137.52 3.9408332033012595e+37
2138.07 3.6136317996795067e+37
2138.63 3.9183878162468595e+37
2139.18 3.939119920367434e+37
2139.74 3.9276483963805513e+37
2140.29 3.935654459108336e+37
2140.84 3.938382796266183e+37
2141.4 3.925377254622335e+37
2141.96 3.8867377063027057e+37
2142.51 3.9346594288940357e+37
2143.06 3.931384750135393e+37
2143.62 3.904608743125424e+37
2144.18 3.5555945760920456e+37
2144.73 3.9253532757678246e+37
2145.29 3.9158344942392286e+37
2145.84 3.9258370913240988e+37
2146.4 3.911538583356754e+37
2146.96 3.851950721784752e+37
2147.51 3.919108939151231e+37
2148.07 3.915932237303493e+37
2148.63 3.7871365264781016e+37
2149.18 3.879227285906752e+37
2149.74 3.9085040338770016e+37
2150.3 3.903173685542744e+37
2150.85 3.9075535663407612e+37
2151.41 3.898424948521263e+37
2151.97 3.905209514293296e+37
2152.53 3.5533891855885e+37
2153.08 3.8967159931449285e+37
2153.64 3.900407444747646e+37
2154.2 3.898873625905309e+37
2154.76 3.8941658187518776e+37
2155.32 3.8895339873509546e+37
2155.88 3.890647024482005e+37
2156.44 3.8864044572144474e+37
2156.99 3.8786022896786093e+37
2157.55 3.8788582558691963e+37
2158.11 3.8746796575479282e+37
2158.67 3.8657255397701184e+37
2159.23 3.7147060627765397e+37
2159.79 3.854586821875694e+37
2160.35 3.856331739342295e+37
2160.91 3.855318262962926e+37
2161.47 3.8481926389300114e+37
2162.03 3.729824424290318e+37
2162.59 3.818959276272271e+37
2163.15 3.8376670019771096e+37
2163.71 3.744518429991466e+37
2164.27 3.8289384705628775e+37
2164.83 3.8203617581371067e+37
2165.4 3.819124385501325e+37
2165.96 3.729203420201742e+37
2166.52 3.8146750653145454e+37
2167.08 3.811627295733217e+37
2167.64 3.446318240928692e+37
2168.2 3.8108051707073507e+37
2168.76 3.7919585759384494e+37
2169.33 3.8077882103986396e+37
2169.89 3.7990742304597757e+37
2170.45 3.7585815487046346e+37
2171.01 3.801602067954931e+37
2171.58 3.78802441341756e+37
2172.14 3.7971817479441335e+37
2172.7 3.7931485276138372e+37
2173.27 3.7924895229254574e+37
2173.83 3.7890454881434123e+37
2174.39 3.775846459406745e+37
2174.96 3.778953770389951e+37
2175.52 3.773086758913442e+37
2176.08 3.767383478662278e+37
2176.65 3.7783008443846896e+37
2177.21 3.7726796408799455e+37
2177.78 3.7635425932741956e+37
2178.34 3.7709896725252517e+37
2178.91 3.768716789103402e+37
2179.47 3.7627247596496515e+37
2180.03 3.747261423709154e+37
2180.6 3.7603876193238327e+37
2181.17 3.500180704344592e+37
2181.73 3.756306289703373e+37
2182.3 3.753843097604807e+37
2182.86 3.7503896817855953e+37
2183.43 3.7293718448633e+37
2183.99 3.745347790943435e+37
2184.56 3.732158774579727e+37
2185.12 3.7393035014580356e+37
2185.69 3.6766206248890497e+37
2186.26 3.705773039399953e+37
2186.82 3.7338569904592943e+37
2187.39 3.6530851483619865e+37
2187.96 3.731393463898789e+37
2188.53 3.724114373541907e+37
2189.09 3.7363097489490882e+37
2189.66 3.7341205765459056e+37
2190.23 3.7379647643290653e+37
2190.79 3.705604876406126e+37
2191.36 3.722021102944141e+37
2191.93 3.6757969574141545e+37
2192.5 3.7381149409335636e+37
2193.07 3.7334361157817285e+37
2193.64 3.736146702007431e+37
2194.21 3.73167503291958e+37
2194.77 3.737223638199683e+37
2195.34 3.7345828298931724e+37
2195.91 3.73101465217654e+37
2196.48 3.7141972970959326e+37
2197.05 3.723786067274807e+37
2197.62 3.720298434300637e+37
2198.19 3.71655471244462e+37
2198.76 3.712464948998647e+37
2199.33 3.6569686527863715e+37
2199.9 3.704580724651201e+37
2200.47 3.7018454962888477e+37
2201.04 3.6952274851898855e+37
2201.61 3.691754011519753e+37
2202.18 3.6709009582766743e+37
2202.75 3.6854862475988613e+37
2203.32 3.6824377521268287e+37
2203.89 3.6368995410061857e+37
2204.46 3.6572561283561143e+37
2205.03 3.672111021633205e+37
2205.61 3.668396239950742e+37
2206.18 3.6614890933382327e+37
2206.75 3.6544300192401867e+37
2207.32 3.634593511444527e+37
2207.89 3.654166788270986e+37
2208.47 3.650434286611362e+37
2209.04 3.639789356261534e+37
2209.61 3.3414049948561295e+37
2210.18 3.639951782012905e+37
2210.76 3.6054655766713552e+37
2211.33 3.6314695450684764e+37
2211.9 3.6275611646850464e+37
2212.48 3.624560730409265e+37
2213.05 3.6130868354406564e+37
2213.62 3.6150978199420536e+37
2214.2 3.6103273102990013e+37
2214.77 3.597447430622388e+37
2215.34 3.515369097710774e+37
2215.92 3.5648795491139207e+37
2216.49 3.5904956375587243e+37
2217.07 3.563707820909179e+37
2217.64 3.5918158025731153e+37
2218.22 3.546681160275243e+37
2218.79 3.583046752393264e+37
2219.37 3.565903654833989e+37
2219.94 3.578785365386823e+37
2220.52 3.5711495925767207e+37
2221.09 3.5419300410742936e+37
2221.67 3.5698225322736686e+37
2222.25 3.567328151686044e+37
2222.82 3.5636892158026876e+37
2223.4 3.5597242129122547e+37
2223.97 3.556562116300487e+37
2224.55 3.5534846613185067e+37
2225.13 3.5444137085968086e+37
2225.7 3.546827267446351e+37
2226.28 3.5539296971464385e+37
2226.86 3.5544035101352453e+37
2227.43 3.4365239447924356e+37
2228.01 3.552185561976215e+37
2228.59 3.542621885184319e+37
2229.17 3.5501347100323057e+37
2229.74 3.5598294531548565e+37
2230.32 3.5594806849732343e+37
2230.9 3.5620002698251365e+37
2231.48 3.5630316971439023e+37
2232.06 3.563745008470489e+37
2232.64 3.5637261492664734e+37
2233.21 3.5439127470094726e+37
2233.79 3.566766311919498e+37
2234.37 3.533037737319894e+37
2234.95 3.5690007344323312e+37
2235.53 3.565480076368588e+37
2236.11 3.5617993833547493e+37
2236.69 3.4429469223933395e+37
2237.27 3.5538774517812977e+37
2237.85 3.55028438168878e+37
2238.43 3.5364209071935127e+37
2239.01 3.5300286330369373e+37
2239.59 3.5387178107380775e+37
2240.17 3.5348193929587967e+37
2240.75 3.531083324792115e+37
2241.33 3.5271055963489414e+37
2241.91 3.5233766726277524e+37
2242.49 3.5181236766296473e+37
2243.07 3.5152045017363617e+37
2243.66 3.511721402441522e+37
2244.24 3.5029599896744924e+37
2244.82 3.38204210454517e+37
2245.4 3.500639067601939e+37
2245.98 3.4977957521851567e+37
2246.56 3.4919180574556584e+37
2247.15 3.4912069813550415e+37
2247.73 3.487779917331548e+37
2248.31 3.4723243257947433e+37
2248.89 3.4819307044748197e+37
2249.48 3.478718989822417e+37
2250.06 3.4752620967451294e+37
2250.64 3.471345007177985e+37
2251.23 3.468016669425322e+37
2251.81 3.4579185110513688e+37
2252.39 3.4561603707601934e+37
2252.98 3.412325102383399e+37
2253.56 3.39097719836982e+37
2254.15 3.4485831267636268e+37
2254.73 3.4461868345369955e+37
2255.31 3.44698676320503e+37
2255.9 3.4446007999538257e+37
2256.48 3.4289504318900903e+37
2257.07 3.442200274453817e+37
2257.65 3.440420699899675e+37
2258.24 3.365370041971834e+37
2258.82 3.4366080023484874e+37
2259.41 3.4308515600328875e+37
2260.0 3.4347995103870024e+37
2260.58 3.4337945632614015e+37
2261.17 3.420267044668975e+37
2261.75 3.4307343630307305e+37
2262.34 3.2715594346322107e+37
2262.93 3.4269707352535006e+37
2263.51 3.425002359347458e+37
2264.1 3.4238045070620156e+37
2264.69 3.4221435734343445e+37
2265.27 3.40608374631739e+37
2265.86 3.416581497819508e+37
2266.45 3.418984209862981e+37
2267.03 3.41763759411171e+37
2267.62 3.4182307312675387e+37
2268.21 3.3799620573484815e+37
2268.8 3.4149127319460207e+37
2269.39 3.4157491568480037e+37
2269.97 3.414868716488941e+37
2270.56 3.4145383284430708e+37
2271.15 3.4137398831785815e+37
2271.74 3.4132534805553037e+37
2272.33 3.412140653256228e+37
2272.92 3.4118637907533336e+37
2273.51 3.4111371007804166e+37
2274.09 3.3785711638358703e+37
2274.68 3.409380803007773e+37
2275.27 3.4087384716485913e+37
2275.86 3.407163022347954e+37
2276.45 3.4037219114694517e+37
2277.04 3.38526251693366e+37
2277.63 3.3868599882201356e+37
2278.22 3.381570086715199e+37
2278.81 3.4010532381269483e+37
2279.41 3.378525818828468e+37
2280.0 3.3986072417282354e+37
2280.59 3.383187657071019e+37
2281.18 3.3957767003780084e+37
2281.77 3.3946697404149923e+37
2282.36 3.3936212350312765e+37
2282.95 3.392281842402602e+37
2283.54 3.3910220194767483e+37
2284.14 3.3896109139571753e+37
2284.73 3.384099203366981e+37
2285.32 3.384077453811329e+37
2285.91 3.3823527674920175e+37
2286.5 3.3787080958483947e+37
2287.1 3.375139215265604e+37
2287.69 3.28752354744974e+37
2288.28 3.3612291282074074e+37
2288.88 3.364203594563099e+37
2289.47 3.36064947541047e+37
2290.06 3.352811214492163e+37
2290.66 3.3533263228406826e+37
2291.25 3.34603872505644e+37
2291.84 3.346092947686653e+37
2292.44 3.341111442915882e+37
2293.03 3.3385715351398723e+37
2293.63 3.3328084469718074e+37
2294.22 3.3314124323626754e+37
2294.81 3.3274332956117743e+37
2295.41 3.324372230860501e+37
2296.0 3.32297590974439e+37
2296.6 3.2614830339035034e+37
2297.2 3.2943939993478484e+37
2297.79 2.7082541247221474e+37
2298.39 3.3140542701508088e+37
2298.98 3.2777433706440285e+37
2299.58 3.3079628219648475e+37
2300.17 3.3079747172014782e+37
2300.77 3.2917815169825323e+37
2301.37 3.3033595565265403e+37
2301.96 3.3015046083699593e+37
2302.56 3.299007507185218e+37
2303.16 3.2875665754428604e+37
2303.75 3.2418317154588315e+37
2304.35 3.291407736398292e+37
2304.95 3.2885547337804986e+37
2305.54 3.2838564772776304e+37
2306.14 3.279988460814884e+37
2306.74 3.261487466544563e+37
2307.34 3.2601085457534356e+37
2307.94 3.272006211790552e+37
2308.53 3.268695776375916e+37
2309.13 3.270488584417546e+37
2309.73 3.269481802007307e+37
2310.33 3.267406195522234e+37
2310.93 3.26494856680651e+37
2311.53 3.262714958159052e+37
2312.13 3.259980795334619e+37
2312.73 3.2541655434921067e+37
2313.32 3.251600816238469e+37
2313.93 3.2262697931924885e+37
2314.52 3.2489613695890297e+37
2315.12 3.2462956221710818e+37
2315.72 3.236005169111441e+37
2316.32 3.193082301861304e+37
2316.93 3.21478471740022e+37
2317.52 3.206850740508453e+37
2318.13 3.198577638283241e+37
2318.73 3.1912379620949685e+37
2319.33 3.180694183331668e+37
2319.93 3.047258812501711e+37
2320.53 3.1610547805037113e+37
2321.13 3.1538967504503267e+37
2321.73 3.1452436510467727e+37
2322.33 3.12191189858248e+37
2322.94 3.097837585277845e+37
2323.54 3.117531848509726e+37
2324.14 3.1084184524642607e+37
2324.74 3.098821247584335e+37
2325.35 3.097103880617059e+37
2325.95 3.0996992364069213e+37
2326.55 3.10512864228686e+37
2327.16 3.1041156200977055e+37
2327.76 3.10494073013238e+37
2328.36 3.0876052023760315e+37
2328.97 3.124870926329286e+37
2329.57 3.12934184672037e+37
2330.17 3.1331049695657285e+37
2330.78 3.1353020859404686e+37
2331.38 3.141720798745177e+37
2331.98 3.0816921773147304e+37
2332.59 3.1515137836308086e+37
2333.19 3.1138097450403987e+37
2333.8 3.1579506005608867e+37
2334.4 3.162538960027692e+37
2335.01 3.1643963550207595e+37
2335.61 3.1660332597719364e+37
2336.22 3.1620340928721103e+37
2336.82 3.157972124529757e+37
2337.43 3.125681737646697e+37
2338.03 3.1492196364432624e+37
2338.64 3.104016600777954e+37
2339.25 3.1341071926938076e+37
2339.85 3.1325108383750015e+37
2340.46 3.1279172216764357e+37
2341.07 3.1142855540940446e+37
2341.67 3.117249021074801e+37
2342.28 3.1196487555023607e+37
2342.89 3.114640364786242e+37
2343.5 3.111209573722031e+37
2344.1 3.0667705459938715e+37
2344.71 3.0713022514344023e+37
2345.32 3.100781190883061e+37
2345.93 3.0910114919173253e+37
2346.53 3.1018739725913174e+37
2347.14 3.1024165700478393e+37
2347.75 3.0817169576357515e+37
2348.36 3.103495267575457e+37
2348.97 3.0486387543202276e+37
2349.58 3.1039458954739695e+37
2350.19 3.1051302674302107e+37
2350.79 3.1047595039452984e+37
2351.4 3.1061485357787073e+37
2352.01 3.0982672793039556e+37
2352.62 3.1068150415476817e+37
2353.23 3.101314233874686e+37
2353.84 3.1083102729406993e+37
2354.45 3.0872875239741456e+37
2355.06 3.1036596562950625e+37
2355.67 3.0908409859485734e+37
2356.28 3.1008547021404635e+37
2356.89 3.0965896868108213e+37
2357.5 3.0925364724430165e+37
2358.12 3.0886966337992987e+37
2358.73 3.0848001507232184e+37
2359.34 3.080767059290233e+37
2359.95 3.0608376586428003e+37
2360.56 3.069422844370716e+37
2361.17 3.062609167665779e+37
2361.78 3.064881757377478e+37
2362.4 3.0555714036786037e+37
2363.01 3.056526370941396e+37
2363.62 3.0526689129177924e+37
2364.24 3.0411697467911594e+37
2364.85 3.044967480328656e+37
2365.46 3.0124511609575473e+37
2366.07 3.040192160159574e+37
2366.69 3.0334483251840704e+37
2367.3 3.0171291114442256e+37
2367.91 3.041855211726344e+37
2368.53 3.0413463837168754e+37
2369.14 3.0399349949249852e+37
2369.76 3.040398450665779e+37
2370.37 3.0397453179053416e+37
2370.98 3.039651453879916e+37
2371.6 3.0199857391709626e+37
2372.21 3.0386946969708716e+37
2372.83 3.037770828252589e+37
2373.44 3.0357337646877043e+37
2374.06 3.037235127569224e+37
2374.67 2.9975211626883214e+37
2375.29 3.034465120619916e+37
2375.91 2.990562161862603e+37
2376.52 3.0254789058502085e+37
2377.14 2.9852433835058475e+37
2377.75 3.017129465610661e+37
2378.37 3.0126743495974145e+37
2378.99 3.008148241185416e+37
2379.6 3.00328226611357e+37
2380.22 2.9986118003165173e+37
2380.83 2.993859618134453e+37
2381.45 2.9519317359568687e+37
2382.07 2.9858944232690274e+37
2382.69 2.91024999721486e+37
2383.3 2.9758126463826275e+37
2383.92 2.941763227598391e+37
2384.54 2.965991635247751e+37
2385.16 2.933510032248538e+37
2385.78 2.9500628365798437e+37
2386.4 2.93600239537464e+37
2387.01 2.9392335079501127e+37
2387.63 2.9655760621914545e+37
2388.25 2.966586464447489e+37
2388.87 2.966886442726059e+37
2389.49 2.95215595105164e+37
2390.11 2.964479188409958e+37
2390.73 2.9716822252420793e+37
2391.35 2.972308394854538e+37
2391.97 2.9728964598459916e+37
2392.59 2.9741561560331587e+37
2393.21 2.974312786772693e+37
2393.83 2.975545443908696e+37
2394.45 2.972287313200736e+37
2395.07 2.976217560522399e+37
2395.69 2.970642789065738e+37
2396.31 2.8964382545638844e+37
2396.93 2.967361593169259e+37
2397.55 2.9610532475322426e+37
2398.17 2.960699763373674e+37
2398.79 2.946247404557428e+37
2399.42 2.948519937188054e+37
2400.04 2.9018271421870157e+37
2400.66 2.94875055002447e+37
2401.28 2.9456966813451835e+37
2401.91 2.9418501786382925e+37
2402.53 2.93383478587505e+37
2403.15 2.9206588429326684e+37
2403.77 2.9331383285195053e+37
2404.4 2.9206805475428643e+37
2405.02 2.9250642901664725e+37
2405.64 2.8573989326408155e+37
2406.27 2.924625942141987e+37
2406.89 2.9231999661829405e+37
2407.51 2.90090758068401e+37
2408.14 2.9203573977694095e+37
2408.76 2.915134822902837e+37
2409.39 2.9153166400897985e+37
2410.01 2.903141866605874e+37
2410.64 2.916207043266769e+37
2411.26 2.8540077449098684e+37
2411.89 2.8798394502408614e+37
2412.51 2.912413662505089e+37
2413.14 2.911331768254172e+37
2413.76 2.9092516876951313e+37
2414.39 2.906961956383633e+37
2415.01 2.907470173434461e+37
2415.64 2.9069210884438555e+37
2416.26 2.9067006383749295e+37
2416.89 2.880456940537664e+37
2417.52 2.9050724030864088e+37
2418.14 2.9052504116393695e+37
2418.77 2.9043002546267994e+37
2419.4 2.826427461097372e+37
2420.02 2.9039767540112493e+37
2420.65 2.9021690743897756e+37
2421.28 2.9022167044812033e+37
2421.91 2.9023292423185483e+37
2422.53 2.901766590453991e+37
2423.16 2.901488362969981e+37
2423.79 2.900542589329744e+37
2424.42 2.8923894446272215e+37
2425.05 2.893289946052747e+37
2425.68 2.8964331793552277e+37
2426.3 2.892453264737564e+37
2426.93 2.889133371491089e+37
2427.56 2.886213283835248e+37
2428.19 2.882637603612707e+37
2428.82 2.878725615552405e+37
2429.45 2.870175013558226e+37
2430.08 2.8650498191099436e+37
2430.71 2.859343608284853e+37
2431.34 2.8655246398709944e+37
2431.97 2.855248732603355e+37
2432.6 2.8586273294291615e+37
2433.23 2.8549564518690964e+37
2433.86 2.846273424586924e+37
2434.49 2.848202511905952e+37
2435.12 2.844673148009768e+37
2435.75 2.832536847017301e+37
2436.39 2.845158044655931e+37
2437.02 2.843506914439281e+37
2437.65 2.8444557435312116e+37
2438.28 2.8446318750436912e+37
2438.91 2.7623750835617173e+37
2439.54 2.845379428933441e+37
2440.18 2.8399700236050127e+37
2440.81 2.8436489890530795e+37
2441.44 2.8444717943642165e+37
2442.07 2.8450841970214456e+37
2442.71 2.8450673622082755e+37
2443.34 2.844853047904078e+37
2443.97 2.8445739967943848e+37
2444.61 2.8444920567201496e+37
2445.24 2.8096131259446124e+37
2445.88 2.834273048430828e+37
2446.51 2.831662092718771e+37
2447.14 2.8290567737066552e+37
2447.78 2.8356363255866385e+37
2448.41 2.8255913722004775e+37
2449.05 2.8209973415693397e+37
2449.68 2.829815225003903e+37
2450.32 2.818317979211539e+37
2450.95 2.820542879786996e+37
2451.59 2.8233630297873e+37
2452.22 2.8209587435960765e+37
2452.86 2.819201640427148e+37
2453.49 2.8173767164416004e+37
2454.13 2.8153005319406875e+37
2454.76 2.811552662935367e+37
2455.4 2.8007712576473384e+37
2456.04 2.808627242721736e+37
2456.67 2.8031587231341387e+37
2457.31 2.802117534994219e+37
2457.95 2.801713703861261e+37
2458.58 2.7977879348787357e+37
2459.22 2.7971322492854596e+37
2459.86 2.791309506984768e+37
2460.5 2.7916752160664367e+37
2461.14 2.7776620067314595e+37
2461.77 2.782778365160513e+37
2462.41 2.7816822557787855e+37
2463.05 2.7816010910228585e+37
2463.69 2.770807528275602e+37
2464.33 2.7786470823904486e+37
2464.96 2.776280744254573e+37
2465.6 2.7616439877694224e+37
2466.24 2.771667355966929e+37
2466.88 2.7693727977970854e+37
2467.52 2.748190314242463e+37
2468.16 2.764852644757249e+37
2468.8 2.7624353813482286e+37
2469.44 2.7601435412746193e+37
2470.08 2.7571026262331445e+37
2470.72 2.7553843460509387e+37
2471.36 2.7386109258157434e+37
2472.0 2.749933694027615e+37
2472.64 2.74866068959878e+37
2473.28 2.7363692580702337e+37
2473.92 2.7415424675158814e+37
2474.56 2.741766245889961e+37
2475.21 2.7400583573033055e+37
2475.85 2.7336666254662914e+37
2476.49 2.7408367061227675e+37
2477.13 2.7405067162615555e+37
2477.77 2.7414906022769785e+37
2478.42 2.7419002303874834e+37
2479.06 2.7418166719226877e+37
2479.7 2.7426120611800207e+37
2480.34 2.7429074532070764e+37
2480.99 2.7305193947226164e+37
2481.63 2.7418740285363215e+37
2482.27 2.7404783751783504e+37
2482.92 2.724303195559032e+37
2483.56 2.7421994304914424e+37
2484.2 2.7446253036487343e+37
2484.85 2.7438540218787284e+37
2485.49 2.7433133314410695e+37
2486.14 2.74041747905124e+37
2486.78 2.737772598231492e+37
2487.42 2.7349431225192475e+37
2488.07 2.7319318944258923e+37
2488.71 2.723443324118839e+37
2489.36 2.726537700419814e+37
2490.0 2.7237817180198453e+37
2490.65 2.7164986368440833e+37
2491.29 2.7179644587503144e+37
2491.94 2.71440104330959e+37
2492.59 2.712525861587463e+37
2493.23 2.7094122447265825e+37
2493.88 2.673319079810517e+37
2494.52 2.7035635542863577e+37
2495.17 2.702193546075774e+37
2495.82 2.702363122365371e+37
2496.47 2.7024637318732785e+37
2497.11 2.7029874173591656e+37
2497.76 2.7020444066157167e+37
2498.41 2.7022110999702816e+37
2499.05 2.702251471438229e+37
2499.7 2.6737485739363884e+37
