WAVE FLUX
1000.04 1.0247539862925028e+38
1000.53 5.541839842451619e+37
1001.02 2.646202232653537e+37
1001.51 9.586111332333656e+37
1002.01 6.486240264358778e+37
1002.5 5.926524406338169e+37
1002.99 6.3166420425063005e+37
1003.48 1.020308723792425e+38
1003.97 9.664019576522372e+37
1004.46 1.0160846663854103e+38
1004.96 1.0085580427782822e+38
1005.45 3.6641141597189146e+37
1005.94 2.1894356925139033e+37
1006.43 9.300529682685088e+37
1006.93 3.6076118827624077e+37
1007.42 9.878149216151058e+37
1007.92 8.280282606403293e+37
1008.41 8.460502851756649e+37
1008.91 3.6486690370866533e+37
1009.4 9.662450023923241e+37
1009.9 1.8947062248396987e+37
1010.39 3.0847477894555844e+37
1010.89 1.0017423405124525e+38
1011.38 9.229127765839026e+37
1011.88 9.912587540795155e+37
1012.37 1.9911111875922479e+37
1012.87 4.095789362117989e+37
1013.37 9.830838923856651e+37
1013.86 9.678066439496416e+37
1014.36 9.873011009525097e+37
1014.86 8.93776510920328e+37
1015.36 9.796483866329538e+37
1015.85 6.597048352261381e+37
1016.35 4.752215793183792e+37
1016.85 9.661474008516217e+37
1017.35 4.936635447386654e+37
1017.85 8.172938811041637e+37
1018.35 1.5693147988008284e+37
1018.85 9.88155473637879e+37
1019.35 6.295149629937414e+37
1019.85 1.8140100975804144e+37
1020.35 7.677139601728084e+37
1020.85 9.215462104883932e+37
1021.35 8.238850738125561e+37
1021.85 9.414212745353804e+37
1022.35 1.0345625214797405e+38
1022.85 2.0957685258163328e+37
1023.35 1.028789949493996e+38
1023.85 9.57057051108407e+37
1024.35 8.757549434113731e+37
1024.86 8.171683541289304e+37
1025.36 3.5985709341010904e+37
1025.86 4.27168249534925e+36
1026.37 3.3088441910624426e+37
1026.87 2.210027144375109e+37
1027.37 6.939536954770898e+37
1027.88 7.761805207226563e+37
1028.38 5.87803113286177e+37
1028.89 8.087639650419077e+37
1029.39 6.567260011410203e+37
1029.9 2.1653366038586097e+37
1030.4 5.112320166444534e+37
1030.91 2.363650976949671e+37
1031.41 4.1429408893162144e+37
1031.92 6.448711882262625e+37
1032.42 4.659148460395416e+37
1032.93 8.118956410445798e+37
1033.44 4.714013855834756e+37
1033.94 2.3091158051276793e+37
1034.45 5.205042994695872e+37
1034.96 5.393152618607799e+37
1035.46 1.7795671571857004e+37
1035.97 4.618608830543279e+37
1036.48 4.9615071961936355e+37
1036.99 2.358369680797864e+37
1037.5 3.359181071503241e+37
1038.01 5.507748948298373e+37
1038.51 9.755840309994332e+37
1039.02 8.32254813387263e+37
1039.53 5.831914009890311e+37
1040.04 7.0567751506550015e+37
1040.55 6.811931698213031e+37
1041.06 1.0351969226083883e+38
1041.57 7.750200327900148e+37
1042.08 9.961287233287748e+37
1042.59 9.2121115910886e+37
1043.11 1.0397225281095353e+38
1043.62 1.0278021701852328e+38
1044.13 1.0343369964297985e+38
1044.64 9.336593368592327e+37
1045.15 8.373380016532085e+37
1045.67 9.436913341821327e+37
1046.18 8.649363888895706e+37
1046.69 9.972808569106342e+37
1047.2 9.953258404335503e+37
1047.72 1.0173921923799906e+38
1048.23 1.0260330092599675e+38
1048.75 1.0357329374680473e+38
1049.26 9.95393134702206e+37
1049.78 8.650676145566712e+37
1050.29 1.0065663247493482e+38
1050.81 8.0087305501075725e+37
1051.32 5.198557483729154e+37
1051.83 9.945682060722739e+37
1052.35 8.483254253678024e+37
1052.87 7.903031146065331e+37
1053.38 9.703573426576089e+37
1053.9 1.0099399569270017e+38
1054.42 1.0203782736635004e+38
1054.93 1.028191583365072e+38
1055.45 2.2027147488473736e+37
1055.97 8.513654898712612e+37
1056.49 9.956395235045776e+37
1057.01 1.0020977443185906e+38
1057.52 6.569497779253462e+37
1058.04 1.0103330907397807e+38
1058.56 4.569093777788343e+37
1059.08 6.564961332330689e+37
1059.6 9.971650628641358e+37
1060.12 5.458545652934981e+37
1060.64 8.608911622533622e+37
1061.16 1.8581762287941158e+37
1061.68 1.6769971405441674e+37
1062.2 6.2313732823805755e+37
1062.72 2.1274953337158183e+37
1063.24 3.286031476718693e+37
1063.76 9.847899717145725e+37
1064.28 7.520444090464281e+37
1064.81 1.0044574347120299e+38
1065.33 9.969058754979973e+37
1065.85 2.5977949007527357e+37
1066.37 8.101408232159733e+37
1066.9 1.0143568493176246e+38
1067.42 7.132395904952951e+37
1067.94 6.748164383345765e+37
1068.47 8.043598692423926e+37
1068.99 1.918459192150319e+37
1069.52 4.475081886421461e+37
1070.04 8.390422496644848e+37
1070.56 2.0591602396425803e+37
1071.09 9.59830119579248e+37
1071.61 1.0027153566963214e+38
1072.14 6.574692650451743e+37
1072.67 8.135111032456927e+37
1073.19 9.019533665433657e+37
1073.72 6.312326162172997e+37
1074.24 7.330508735855954e+37
1074.77 9.386904000736916e+37
1075.3 8.103227040518236e+37
1075.82 9.637626931919883e+37
1076.35 9.407592434616006e+37
1076.88 9.925255361551684e+37
1077.41 9.96594051133712e+37
1077.94 6.060238904155236e+37
1078.47 9.876474166370256e+37
1078.99 9.690531411902526e+37
1079.52 5.149048741953549e+37
1080.05 9.62964815170248e+37
1080.58 9.738676283420585e+37
1081.11 9.704002584949333e+37
1081.64 9.883937480033477e+37
1082.17 9.876904264188143e+37
1082.7 9.327538541277338e+37
1083.23 2.228333448348881e+37
1083.77 7.738521012883935e+37
1084.3 8.645104384820788e+37
1084.83 3.8125880496338615e+37
1085.36 8.035656974865444e+37
1085.89 7.724934611887121e+37
1086.43 6.352512757800538e+37
1086.96 9.183730353021168e+37
1087.49 9.415008290193797e+37
1088.02 3.150244453047287e+37
1088.56 7.479813077189982e+37
1089.09 1.949863503631787e+37
1089.63 1.6363130661277692e+37
1090.16 5.290029755442412e+37
1090.69 8.627977108728401e+37
1091.23 9.560500742722558e+37
1091.77 7.261180089273929e+37
1092.3 7.914081161783938e+37
1092.84 8.915209616000392e+37
1093.37 3.4768876146509374e+37
1093.91 9.96061304086735e+37
1094.44 9.43843158229449e+37
1094.98 1.0005599538594741e+38
1095.52 2.0371151664043268e+37
1096.06 6.631598719013412e+37
1096.59 1.632714413565344e+37
1097.13 9.752446448861316e+37
1097.67 1.8051656060014496e+37
1098.21 1.9175133595584334e+37
1098.74 9.575672002744438e+37
1099.28 9.7002611567447e+37
1099.82 7.685932977444634e+37
1100.36 9.865202548274908e+37
1100.9 9.95227970191155e+37
1101.44 6.936280304933786e+37
1101.98 9.734260247318908e+37
1102.52 9.875193322790263e+37
1103.06 7.335891160286998e+37
1103.6 8.186262012848299e+37
1104.15 2.329288298962106e+37
1104.69 8.003951455740413e+37
1105.23 9.515564286198702e+37
1105.77 8.570101893664111e+37
1106.31 9.602902923448325e+37
1106.85 7.789240877798083e+37
1107.4 7.404871292371124e+37
1107.94 6.17100450788108e+37
1108.48 1.1088391279318525e+37
1109.03 7.911654261251097e+37
1109.57 8.582878768687324e+37
1110.11 6.807576180621099e+37
1110.66 9.415882360503107e+37
1111.2 6.773874202197883e+37
1111.75 9.248821183604276e+37
1112.29 6.154198901676796e+37
1112.84 9.509769703849569e+37
1113.39 9.643496092639003e+37
1113.93 8.680062721243859e+37
1114.48 8.728261735332836e+37
1115.02 9.178245321678006e+37
1115.57 9.464493486927412e+37
1116.12 7.975355046080951e+37
1116.67 3.7055106488535504e+37
1117.21 6.6433925553371815e+37
1117.76 9.253520219448393e+37
1118.31 8.602784902780817e+37
1118.86 9.744069273940803e+37
1119.41 3.1969182976553697e+37
1119.95 9.791635823856297e+37
1120.5 9.858484825454606e+37
1121.05 7.848805119667965e+37
1121.6 9.543923893054287e+37
1122.15 9.319975249469431e+37
1122.7 9.595321495508245e+37
1123.25 9.490714097465485e+37
1123.8 2.422369026380614e+37
1124.36 7.928748405728858e+37
1124.91 1.978560476381012e+37
1125.46 9.140989218364173e+37
1126.01 9.088589698644455e+37
1126.56 8.591819667818311e+37
1127.11 7.301326358577084e+37
1127.67 7.420512705233769e+37
1128.22 1.380964664546616e+37
1128.77 1.3792087883273144e+37
1129.33 7.766497557804292e+37
1129.88 4.460380034354287e+37
1130.44 1.3100319551711665e+37
1130.99 9.314251529701068e+37
1131.54 9.387340981763641e+37
1132.1 9.770981961943174e+37
1132.65 9.254478090787375e+37
1133.21 9.258418412932905e+37
1133.77 9.36871550266453e+37
1134.32 7.737801405659669e+37
1134.88 6.1540755417130065e+37
1135.43 8.735498382412593e+37
1135.99 9.483612309346986e+37
1136.55 8.874208097746087e+37
1137.1 9.15283848669278e+37
1137.66 9.220214278794388e+37
1138.22 9.349233889474562e+37
1138.78 8.514949736522211e+37
1139.34 1.6814675590957463e+37
1139.9 2.769523334026664e+37
1140.45 8.160376747621791e+37
1141.01 9.249910349448265e+37
1141.57 2.0332585003542851e+37
1142.13 9.592017930362308e+37
1142.69 9.577466354037517e+37
1143.25 9.314066316186495e+37
1143.81 8.4563221203213405e+37
1144.38 2.1564280800339083e+37
1144.94 1.9883018313472243e+37
1145.5 9.57910394078865e+37
1146.06 9.571409825335146e+37
1146.62 9.396209290081477e+37
1147.18 8.763235711293e+37
1147.75 9.068732978385674e+37
1148.31 9.019337946684315e+37
1148.87 8.783927427007214e+37
1149.44 9.602225875764983e+37
1150.0 7.370147863725176e+37
1150.0 7.370147863725176e+37
1150.3 8.797285707152904e+37
1150.6 9.584229426586765e+37
1150.89 5.058965397596173e+37
1151.19 6.469719660649977e+37
1151.49 9.629241707436781e+37
1151.79 9.551619781310782e+37
1152.09 9.447294720475813e+37
1152.39 9.387547188345445e+37
1152.69 6.8938867307360405e+37
1152.98 8.899156549749264e+37
1153.28 8.92088784893787e+37
1153.58 7.134409861634068e+37
1153.88 4.927776834957467e+37
1154.18 6.256223337531381e+37
1154.48 9.116807847016103e+37
1154.78 8.824741366054379e+37
1155.08 6.169814159607129e+37
1155.38 6.919337990309712e+37
1155.68 9.118313207641454e+37
1155.98 2.245018287932846e+37
1156.28 9.08689085615056e+37
1156.57 7.74841323392076e+37
1156.88 8.45612640219356e+37
1157.18 8.005112029002868e+37
1157.47 8.293018236361966e+37
1157.78 8.670681934960962e+37
1158.07 2.173794221646573e+37
1158.38 8.88090228661952e+37
1158.68 8.597220538166993e+37
1158.97 6.465658842819569e+37
1159.28 7.494622294033978e+37
1159.58 4.694237117674183e+37
1159.88 9.270723766290107e+37
1160.18 5.326221951367489e+37
1160.48 9.419825082397845e+37
1160.78 8.552543964000641e+37
1161.08 9.476973130835774e+37
1161.38 7.5142036741041775e+37
1161.68 8.658521340274266e+37
1161.98 8.061640229823716e+37
1162.28 9.334436059070931e+37
1162.58 9.452251501924367e+37
1162.89 9.416180395436678e+37
1163.19 5.045904131381758e+37
1163.49 9.201585910822717e+37
1163.79 3.7493966795064173e+37
1164.09 9.051792888498814e+37
1164.39 7.351259138625191e+37
1164.7 5.9524635856179305e+37
1165.0 4.392192961682267e+37
1165.3 8.857311968860923e+37
1165.6 5.7422516630221925e+37
1165.9 4.871521654833577e+37
1166.21 8.94941877855199e+37
1166.51 8.69575127075629e+37
1166.81 1.8741916827494768e+37
1167.11 8.344153228323417e+37
1167.42 5.622269348541216e+37
1167.72 8.175896903620629e+37
1168.02 7.927986125083222e+37
1168.32 8.400267017441423e+37
1168.63 8.906175648719477e+37
1168.93 7.2079643096986765e+37
1169.23 8.880552672194784e+37
1169.54 8.851133226807328e+37
1169.84 8.921063501822464e+37
1170.14 5.123635080042596e+37
1170.44 5.406621154091772e+37
1170.75 7.279132945141983e+37
1171.05 3.6567391791913067e+37
1171.35 8.803074697623925e+37
1171.66 6.0946684609172405e+37
1171.96 4.619590718646063e+37
1172.27 8.758510925693207e+37
1172.57 7.424939034822535e+37
1172.87 4.423264369300126e+37
1173.18 8.641343396929727e+37
1173.48 6.178745409074032e+37
1173.79 7.924234320013058e+37
1174.09 7.280180474187351e+37
1174.4 8.152819467692085e+37
1174.7 6.749681499017378e+37
1175.0 3.2538898024377244e+37
1175.31 3.272279839296957e+37
1175.61 3.246231317677595e+37
1175.92 3.3583451230488786e+37
1176.22 2.874751916748326e+37
1176.53 4.468278640582256e+37
1176.83 8.595161474665578e+37
1177.14 8.962824628510523e+37
1177.44 8.224303290590807e+37
1177.75 7.407132908936628e+37
1178.05 7.689280579891203e+37
1178.36 6.284348884357988e+37
1178.66 8.80673291851359e+37
1178.97 8.548348887641145e+37
1179.27 8.269244263444276e+37
1179.58 9.152734898395225e+37
1179.89 6.203036123580413e+37
1180.19 9.233987765794794e+37
1180.5 6.18709288587224e+37
1180.8 6.008180653997548e+37
1181.11 9.358567545264768e+37
1181.42 6.39224319042433e+37
1181.72 5.419727794827788e+37
1182.03 9.287710736144298e+37
1182.33 9.268837201316812e+37
1182.64 9.184436774005603e+37
1182.95 2.917339959953901e+37
1183.25 7.382696666923253e+37
1183.56 8.044881351816446e+37
1183.87 7.131410807818736e+37
1184.17 6.909148829997458e+37
1184.48 2.550715477870387e+37
1184.79 2.8338754732492644e+37
1185.09 9.286714920199988e+37
1185.4 5.562621168660863e+37
1185.71 8.878696849779116e+37
1186.02 8.797931591345808e+37
1186.32 9.250009238337974e+37
1186.63 6.149097170817323e+37
1186.94 8.411473374090691e+37
1187.25 9.127857892690025e+37
1187.56 8.924320252140749e+37
1187.86 9.120179499273305e+37
1188.17 9.088972861922959e+37
1188.48 8.363992261526833e+37
1188.79 9.044535630171759e+37
1189.09 9.016572434982557e+37
1189.4 7.943792707925992e+37
1189.71 8.967011518115421e+37
1190.02 8.745311206742627e+37
1190.33 8.4949183171630345e+37
1190.64 8.970371019013727e+37
1190.94 8.473006961712311e+37
1191.25 3.694133699367623e+37
1191.56 8.894867079251775e+37
1191.87 8.998694620569088e+37
1192.18 8.681620864714814e+37
1192.49 8.547614325113443e+37
1192.8 6.97297431383742e+37
1193.11 6.056807552048357e+37
1193.42 8.511134917209467e+37
1193.73 6.994925899248879e+37
1194.04 6.970421757158411e+37
1194.34 6.154354715060505e+37
1194.65 9.066184847335175e+37
1194.96 9.056776390452912e+37
1195.27 7.521981438057262e+37
1195.58 8.814293976889437e+37
1195.89 8.741134869348419e+37
1196.2 5.413920183513925e+37
1196.51 8.522395185527195e+37
1196.82 8.150663801202207e+37
1197.13 8.210339782518894e+37
1197.44 7.787171699277705e+37
1197.75 8.508204669872657e+37
1198.06 8.553999636159566e+37
1198.38 7.34113962413301e+37
1198.69 8.525335525300318e+37
1199.0 8.226908121124588e+37
1199.31 8.653124368443492e+37
1199.62 8.76714688324433e+37
1199.93 8.764538286998456e+37
1200.24 8.672300493778586e+37
1200.55 7.540482189515305e+37
1200.86 4.481106107290155e+37
1201.17 8.714000890517837e+37
1201.48 5.897379742686219e+37
1201.8 5.568613671996911e+37
1202.11 1.994026533070664e+37
1202.42 8.317523393343497e+37
1202.73 8.819872407961402e+37
1203.04 7.972654672938284e+37
1203.35 8.686444216745054e+37
1203.67 8.68369866470345e+37
1203.98 8.970994181728298e+37
1204.29 8.984531043262069e+37
1204.6 8.8863613641123e+37
1204.92 6.47139582964311e+37
1205.23 8.719972598770037e+37
1205.54 8.610568162940545e+37
1205.85 8.471414955643829e+37
1206.16 7.564879392212643e+37
1206.48 7.322229983678805e+36
1206.79 7.86267257655425e+37
1207.1 7.19806506314023e+37
1207.42 6.169887031673504e+37
1207.73 8.61886769205835e+37
1208.04 6.980564500142712e+37
1208.35 6.954663108209552e+37
1208.67 6.987888449179244e+37
1208.98 8.905026067585747e+37
1209.29 8.110500825144794e+37
1209.61 8.67438705977084e+37
1209.92 8.341169423181481e+37
1210.23 8.541323398591303e+37
1210.55 3.9563234281086396e+37
1210.86 8.464280319739549e+37
1211.18 6.15057203726337e+37
1211.49 8.378156480145643e+37
1211.8 7.50412487649281e+37
1212.12 7.828588414633467e+37
1212.43 8.398503024484524e+37
1212.75 8.348990735921617e+37
1213.06 8.1652814980761e+37
1213.38 8.40978121765173e+37
1213.69 5.545618117238075e+37
1214.0 6.570609790237812e+37
1214.32 8.4803792887674815e+37
1214.63 4.471728708500191e+37
1214.95 8.561572863949303e+37
1215.26 3.9840284678349847e+37
1215.58 1.4191924380393516e+37
1215.89 6.666482806576975e+36
1216.21 8.734178150537615e+37
1216.52 8.72758062273108e+37
1216.84 5.17076570770784e+37
1217.15 4.2452422678662664e+37
1217.47 8.686563925406951e+37
1217.79 3.5731672988741067e+37
1218.1 8.673934345545113e+37
1218.42 6.736512659213765e+37
1218.73 3.6243563733997692e+37
1219.05 8.68192060384079e+37
1219.36 8.720133248931318e+37
1219.68 8.737034925323428e+37
1220.0 4.609322810553147e+37
1220.31 8.755016118748348e+37
1220.63 8.247026511863596e+37
1220.94 4.345295468507387e+37
1221.26 3.2783037373866566e+37
1221.58 8.593232417958445e+37
1221.9 4.809885866835432e+37
1222.21 5.920794921072903e+37
1222.53 7.686884926089306e+37
1222.84 8.298711686186935e+37
1223.16 3.5321529919923834e+37
1223.48 8.296222371053909e+37
1223.8 3.1098922073121217e+37
1224.11 7.797923361571717e+37
1224.43 8.462912857199189e+37
1224.75 8.505189170941733e+37
1225.06 8.4335217479500605e+37
1225.38 7.909124123151104e+37
1225.7 7.728460982271965e+37
1226.02 2.1618567835657263e+37
1226.34 8.749533805940949e+37
1226.65 8.708319174530174e+37
1226.97 8.760043482575004e+37
1227.29 6.881504576145386e+37
1227.61 8.774756087291382e+37
1227.93 8.425189290474807e+37
1228.24 7.489021659380272e+37
1228.56 8.346052292560762e+37
1228.88 8.665377342475692e+37
1229.2 8.227308560082617e+37
1229.52 5.251023914272221e+37
1229.84 5.026297110821641e+37
1230.16 7.897284411964557e+37
1230.47 7.639975875804028e+37
1230.79 4.768129656902505e+37
1231.11 8.512033628135629e+37
1231.43 8.549558345262022e+37
1231.75 8.560387550588155e+37
1232.07 8.569817083958935e+37
1232.39 7.929180430846425e+37
1232.71 8.526999890542852e+37
1233.03 6.442538662337209e+37
1233.35 7.529692894426402e+37
1233.67 8.466237347496514e+37
1233.99 8.249916350139646e+37
1234.31 8.432468303720602e+37
1234.63 7.888727478662405e+37
1234.95 8.361752328584409e+37
1235.27 7.230722421322902e+37
1235.59 8.247436201236845e+37
1235.91 8.10090114541948e+37
1236.23 5.436763694783787e+37
1236.55 8.00386138520396e+37
1236.87 7.636689152222405e+37
1237.19 6.349497423520125e+37
1237.51 7.857777536783238e+37
1237.83 7.927954204337381e+37
1238.15 8.07244595919092e+37
1238.47 6.799767639383866e+37
1238.79 8.259438861997855e+37
1239.11 9.370545430195552e+37
1239.44 8.888487190008084e+37
1239.76 9.056101292811874e+37
1240.08 8.89958813887595e+37
1240.4 8.636493687768273e+37
1240.72 8.522534475076288e+37
1241.04 8.37180473371555e+37
1241.36 8.350830776583044e+37
1241.69 8.141589700322219e+37
1242.01 8.23181864291743e+37
1242.33 7.50748250511657e+37
1242.65 8.459428569282013e+37
1242.97 9.30570826342299e+37
1243.3 7.765065481871534e+37
1243.62 9.196986932860764e+37
1243.94 8.384686144206862e+37
1244.26 8.81471539519477e+37
1244.58 8.95971533802473e+37
1244.91 8.931316828444466e+37
1245.23 6.992442580712162e+37
1245.55 8.367239691503471e+37
1245.88 8.550634526663641e+37
1246.2 6.09189744350768e+37
1246.52 7.131464217407489e+37
1246.84 8.317028450257819e+37
1247.17 7.7825294765948585e+37
1247.49 1.3166895842656758e+37
1247.81 3.493402117909834e+37
1248.14 7.855063924008854e+37
1248.46 6.555316768203892e+37
1248.79 8.499468479405086e+37
1249.11 8.683846045775976e+37
1249.43 8.661811229039606e+37
1249.76 8.819667913242346e+37
1250.08 8.731210394433954e+37
1250.4 8.405439829552109e+37
1250.73 8.320906100456319e+37
1251.05 8.4568728655778845e+37
1251.38 7.871571268526056e+37
1251.7 7.330368933067946e+37
1252.03 8.393132995179892e+37
1252.35 8.500096347612431e+37
1252.68 6.820224893802533e+37
1253.0 8.3870307918261045e+37
1253.32 8.320861029935191e+37
1253.65 6.102735460318028e+37
1253.97 8.02202407921378e+37
1254.3 8.439221066217939e+37
1254.62 8.208330852971657e+37
1254.95 5.827245699595446e+37
1255.27 4.720304822491272e+37
1255.6 8.527440476677218e+37
1255.93 8.504781508460714e+37
1256.25 8.61234374061864e+37
1256.58 5.093735711988953e+37
1256.9 7.594544233842598e+37
1257.23 7.869025524394529e+37
1257.55 7.638826710792861e+37
1257.88 6.785200268384452e+37
1258.2 8.664035369936936e+37
1258.53 2.62829405125372e+37
1258.86 5.466843201696584e+37
1259.18 8.594557433592976e+37
1259.51 7.805085894809449e+37
1259.84 7.751113001967763e+37
1260.16 8.562697229087296e+37
1260.49 8.1939928812240755e+37
1260.82 8.515647698856504e+37
1261.14 8.575017365155803e+37
1261.47 8.569147803423718e+37
1261.8 7.810309531907562e+37
1262.12 8.452464565005037e+37
1262.45 8.481181296307849e+37
1262.78 8.553062741931878e+37
1263.11 8.396588154444745e+37
1263.43 8.452595308271127e+37
1263.76 8.291334816316942e+37
1264.09 8.484016444952213e+37
1264.42 8.399039538919134e+37
1264.74 8.292000390511129e+37
1265.07 7.807693051893317e+37
1265.4 4.696939705576888e+37
1265.73 7.8840148230273e+37
1266.06 7.954016325605918e+37
1266.38 8.238252910816983e+37
1266.71 6.477482436846719e+37
1267.04 7.883426122237953e+37
1267.37 8.322453290225715e+37
1267.7 7.952918662021967e+37
1268.03 7.254189176960452e+37
1268.35 8.48896567939276e+37
1268.68 7.818055808425069e+37
1269.01 3.7539967229707193e+37
1269.34 8.526564935310825e+37
1269.67 7.695585834773392e+37
1270.0 6.2329988450697995e+37
1270.33 8.486002075736552e+37
1270.66 5.639401982645118e+37
1270.99 8.2555182896477595e+37
1271.32 8.53407922501051e+37
1271.65 8.549585307393214e+37
1271.97 8.494667429568295e+37
1272.31 8.550233012731163e+37
1272.63 6.648108601549838e+37
1272.96 8.16815250232171e+37
1273.29 8.128266161737415e+37
1273.62 4.919047358456618e+37
1273.95 8.52571395010362e+37
1274.28 8.491651582937562e+37
1274.61 8.407615889887605e+37
1274.94 8.562889610473772e+37
1275.28 8.566292521806571e+37
1275.61 8.576830979029754e+37
1275.94 7.813528390857093e+37
1276.27 8.58849073899853e+37
1276.6 8.555954592069574e+37
1276.93 7.907879976294125e+37
1277.26 8.594367403646933e+37
1277.59 8.25412777558195e+37
1277.92 8.531819070811501e+37
1278.25 8.5872749265013e+37
1278.58 8.585958395474699e+37
1278.92 2.442157770533559e+37
1279.25 8.579544961083707e+37
1279.58 8.104890721288711e+37
1279.91 7.9386581019934335e+37
1280.24 8.415790532424026e+37
1280.57 8.474747876392795e+37
1280.91 8.573140486659853e+37
1281.24 8.430709350541619e+37
1281.57 6.885097111297412e+37
1281.9 8.383878798342441e+37
1282.23 8.308463124381167e+37
1282.57 8.3911010409729625e+37
1282.9 8.3969179178578225e+37
1283.23 8.34968024799274e+37
1283.56 5.764148225355803e+37
1283.9 8.148534608623703e+37
1284.23 3.0279208118697106e+37
1284.56 8.223340292674154e+37
1284.9 8.284038703906614e+37
1285.23 7.940237147913358e+37
1285.56 8.187849935360083e+37
1285.9 7.981496693270237e+37
1286.23 8.041701522297789e+37
1286.56 6.504688607066945e+37
1286.9 8.271360903782497e+37
1287.23 8.349013099791242e+37
1287.56 5.611582204320651e+37
1287.9 8.027755836651428e+37
1288.23 6.928791699690524e+37
1288.56 8.288721400861468e+37
1288.9 8.201725946387484e+37
1289.23 6.254932232873034e+37
1289.57 7.9988480033361e+37
1289.9 8.118058357201082e+37
1290.23 8.205510331884829e+37
1290.57 8.280501544223757e+37
1290.9 7.280448166664948e+37
1291.24 2.548651312516729e+37
1291.57 4.490339222077902e+37
1291.91 8.308836545485395e+37
1292.24 7.32065906056101e+37
1292.58 8.31336850854905e+37
1292.91 8.336346134246792e+37
1293.25 4.470124013174351e+37
1293.58 7.941737011828601e+37
1293.92 7.092987838113683e+37
1294.25 8.386872090934957e+37
1294.59 1.5549126269069123e+37
1294.92 8.270118823258851e+37
1295.26 8.100041798243846e+37
1295.59 8.139687045683382e+37
1295.93 6.441675167123824e+37
1296.27 3.719052137023584e+37
1296.6 4.0089127891513973e+37
1296.94 8.057843164083336e+37
1297.28 8.069383055895884e+37
1297.61 7.843838779724129e+37
1297.95 7.820230025674875e+37
1298.28 8.108481907596845e+37
1298.62 5.71202556044322e+37
1298.96 2.0811796319042821e+37
1299.29 7.182200954271367e+37
1299.63 7.39367589682378e+37
1299.97 7.7892601733793655e+37
1300.3 6.173509449376094e+37
1300.64 7.881137731610781e+37
1300.98 7.68255052224619e+37
1301.32 7.09567795384878e+37
1301.65 8.059781959606282e+37
1301.99 8.024709048546515e+37
1302.33 8.089622412490612e+37
1302.67 8.114335627378605e+37
1303.0 7.766254049721652e+37
1303.34 1.688944317154307e+37
1303.68 7.653766300284611e+37
1304.02 8.202347855119783e+37
1304.35 8.2418218494626225e+37
1304.69 7.52737277607789e+37
1305.03 8.091266999116836e+37
1305.37 3.9148810864208903e+37
1305.71 8.1558583449440335e+37
1306.05 5.362878274262626e+37
1306.38 8.248190085036534e+37
1306.72 8.219188927762808e+37
1307.06 8.257556080113877e+37
1307.4 7.687208231927558e+37
1307.74 8.209505401438701e+37
1308.08 8.152909489319424e+37
1308.42 8.106029065451718e+37
1308.76 4.115623341705571e+37
1309.09 8.128934788956663e+37
1309.43 8.050602461421261e+37
1309.77 7.585427793418424e+37
1310.11 5.94723741912065e+37
1310.45 8.047746477481307e+37
1310.79 8.034283885939199e+37
1311.13 7.824141891508471e+37
1311.47 7.448805217227243e+37
1311.81 7.457707483072266e+37
1312.15 7.941887966501545e+37
1312.49 3.4668408097867286e+37
1312.83 7.968066622125138e+37
1313.17 7.955299285219811e+37
1313.51 7.959037542076495e+37
1313.85 7.915492200540512e+37
1314.19 7.9763071055498775e+37
1314.53 7.371095600407201e+37
1314.88 7.830168987326113e+37
1315.22 7.916096214652421e+37
1315.56 7.679940570801947e+37
1315.9 7.524373687129138e+37
1316.24 5.506026724448507e+37
1316.58 8.056838329352848e+37
1316.92 8.119689111756116e+37
1317.26 7.687813085831912e+37
1317.6 8.167343359438098e+37
1317.94 8.124700429642897e+37
1318.29 7.927176740069243e+37
1318.63 6.610871454636624e+37
1318.97 8.142001153931697e+37
1319.31 6.937120837622129e+37
1319.65 6.73289780031169e+37
1320.0 8.131076414032264e+37
1320.34 7.815507278468904e+37
1320.68 8.0389456725846965e+37
1321.02 8.152401314711141e+37
1321.36 7.319550572574333e+37
1321.71 8.107188928953353e+37
1322.05 8.096809255959286e+37
1322.39 8.177114851846555e+37
1322.74 8.099949371202536e+37
1323.08 6.983051283114614e+37
1323.42 8.037169199336791e+37
1323.76 6.927934238314289e+37
1324.11 7.589087363843517e+37
1324.45 6.82506695447285e+37
1324.79 6.416211262426044e+37
1325.14 7.657280211867271e+37
1325.48 7.926057453316565e+37
1325.82 6.950043927747956e+37
1326.17 7.393957263822829e+37
1326.51 7.79424445204869e+37
1326.85 6.896182461801359e+37
1327.2 5.455873277026601e+37
1327.54 5.27815647138224e+37
1327.89 7.9394007471293705e+37
1328.23 7.712526728913179e+37
1328.58 7.628100918820964e+37
1328.92 7.585156075364814e+37
1329.27 8.0007022335676e+37
1329.61 8.049058567733356e+37
1329.95 7.0377132191902235e+37
1330.3 5.764395928957361e+37
1330.64 7.792481131749175e+37
1330.99 8.053833662191811e+37
1331.33 7.831148394011564e+37
1331.68 7.542967535226949e+37
1332.02 7.553576447316589e+37
1332.37 6.431882333486451e+37
1332.71 8.03585546894365e+37
1333.06 7.62229407962944e+37
1333.41 8.0238474472380155e+37
1333.75 7.885556610092386e+37
1334.1 8.00494156441181e+37
1334.44 8.756418294572901e+36
1334.79 5.1546257212276e+37
1335.13 5.614554033442623e+37
1335.48 7.950471131790612e+37
1335.83 9.42968511736781e+36
1336.17 5.762714708748976e+37
1336.52 6.671802204620728e+37
1336.86 7.261379753189145e+37
1337.21 7.979822624271879e+37
1337.56 7.9891544322386545e+37
1337.91 7.7782141491489595e+37
1338.25 7.987089128321499e+37
1338.6 4.803779123764488e+37
1338.94 7.975069712018769e+37
1339.29 7.99010088477901e+37
1339.64 6.55335619348553e+37
1339.99 7.9958118243542155e+37
1340.33 6.836527565960029e+37
1340.68 7.984838586045994e+37
1341.03 7.941760036569609e+37
1341.38 6.838990626625853e+37
1341.72 7.92951717810858e+37
1342.07 7.640757940265821e+37
1342.42 2.5648463758924087e+37
1342.77 7.876088691945142e+37
1343.11 7.380823194797144e+37
1343.46 4.723427334227383e+37
1343.81 7.801924420703739e+37
1344.16 7.290326273555715e+37
1344.51 7.7591555281207045e+37
1344.86 4.696509955300929e+37
1345.21 7.717636584597811e+37
1345.55 7.136499606991631e+37
1345.9 7.700234713551481e+37
1346.25 7.545767954908153e+37
1346.6 7.076768519789209e+37
1346.95 7.776414310665856e+37
1347.3 5.383288695562871e+37
1347.65 7.494697812088192e+37
1348.0 6.146793314980721e+37
1348.35 7.968180410034961e+37
1348.7 7.613982877117647e+37
1349.05 7.546625274545392e+37
1349.4 7.944060020774789e+37
1349.74 7.689522498357161e+37
1350.09 7.904992296562956e+37
1350.44 7.226050588197903e+37
1350.8 7.91491446490079e+37
1351.15 7.83786306317532e+37
1351.49 7.27880287711883e+37
1351.84 7.883186807680536e+37
1352.2 7.897759312520704e+37
1352.55 6.247651791588095e+37
1352.9 7.774388680426735e+37
1353.25 7.640345257205674e+37
1353.6 7.6840715766579885e+37
1353.95 7.867534461887843e+37
1354.3 5.957700508312967e+37
1354.65 7.606324978533136e+37
1355.0 7.87728832852022e+37
1355.35 5.428664194522922e+37
1355.7 7.815821574948233e+37
1356.06 3.5868240738866015e+37
1356.41 7.365737879630282e+37
1356.76 7.858115049815797e+37
1357.11 4.510063208784644e+37
1357.46 7.828987852696188e+37
1357.81 6.023817185032231e+37
1358.17 7.804243264530399e+37
1358.52 7.214011598404575e+37
1358.87 7.7600237484861775e+37
1359.22 5.360360073686201e+37
1359.57 7.72019644451529e+37
1359.93 7.063430055522778e+37
1360.28 7.48390365791925e+37
1360.63 7.191580546212777e+37
1360.98 7.315318629113327e+37
1361.34 7.094833853726493e+37
1361.69 5.201765012269913e+37
1362.04 6.914553892581e+37
1362.4 7.167630023669255e+37
1362.75 7.58356004859445e+37
1363.1 6.983911668757778e+37
1363.46 2.8210310525346803e+37
1363.81 6.718633459263763e+37
1364.16 7.766698968154835e+37
1364.52 7.756994703774171e+37
1364.87 6.160488787957032e+37
1365.22 5.183564047075932e+37
1365.58 7.0175064069488935e+37
1365.93 7.375218603834744e+37
1366.29 7.42941412839367e+37
1366.64 7.672404013651361e+37
1366.99 4.386150823707862e+37
1367.35 7.428731734873252e+37
1367.7 7.66950373310003e+37
1368.06 7.672583568555522e+37
1368.41 7.376812421740831e+37
1368.77 7.682509571234135e+37
1369.12 7.390702983251835e+37
1369.48 4.993361692535443e+37
1369.83 7.680022680294854e+37
1370.19 7.586842685460917e+37
1370.54 7.644590656377179e+37
1370.9 7.215555625229317e+37
1371.25 7.269552557611424e+37
1371.61 4.907553671146255e+37
1371.96 6.936263402887482e+37
1372.32 7.407038550439225e+37
1372.67 7.3651204834449635e+37
1373.03 3.7732506493570653e+37
1373.39 6.873394849669156e+37
1373.74 6.678963592749909e+37
1374.1 4.870275091795949e+37
1374.45 6.01467579860489e+37
1374.81 5.099534719516772e+37
1375.17 7.606413635896883e+37
1375.52 5.623626096562739e+37
1375.88 7.621818979068975e+37
1376.23 6.840267303541127e+37
1376.59 7.583474984565024e+37
1376.95 4.23805085189019e+37
1377.31 5.293516246991314e+37
1377.66 6.298042841089623e+37
1378.02 5.123315414309409e+37
1378.38 7.338477403410959e+37
1378.73 5.8410987127468375e+37
1379.09 7.15137146409217e+37
1379.45 7.510420895658956e+37
1379.81 7.447002619604736e+37
1380.16 7.169801218645985e+37
1380.52 6.512732717212898e+37
1380.88 5.4896018743231205e+37
1381.24 5.8605252618352e+37
1381.6 5.037420697244628e+37
1381.95 7.618433962008716e+37
1382.31 7.582213856944966e+37
1382.67 6.839687508629095e+37
1383.03 7.3324320294417e+37
1383.39 7.313014762685721e+37
1383.75 5.375569933238146e+37
1384.1 6.284204796846637e+37
1384.46 6.784069486246755e+37
1384.82 6.420460455997255e+37
1385.18 6.826107917306708e+37
1385.54 6.594838421791068e+37
1385.9 2.6652236666921037e+37
1386.26 5.038519748302491e+37
1386.62 5.844850443484112e+37
1386.98 6.637158553130902e+37
1387.34 4.9197480860081935e+37
1387.7 6.700504866514844e+37
1388.06 6.272211771532196e+37
1388.42 6.668278172504465e+37
1388.78 6.737028129777126e+37
1389.14 6.489656055549381e+37
1389.49 6.904336764422556e+37
1389.85 6.971209556202621e+37
1390.21 5.990665902932292e+37
1390.58 7.178784806838092e+37
1390.94 7.103006865522545e+37
1391.3 7.399784178996554e+37
1391.66 7.447766813411159e+37
1392.02 7.304957908929867e+37
1392.38 4.835213855656906e+37
1392.74 7.243974142868548e+37
1393.1 5.915156561453736e+37
1393.46 7.270345418078402e+37
1393.82 4.236066390605753e+37
1394.18 6.054133075513883e+37
1394.55 6.074746849811663e+37
1394.91 6.2146200604694e+37
1395.27 2.907174295680077e+37
1395.63 6.66553635842946e+37
1395.99 4.271927432336988e+37
1396.35 6.72599859853611e+37
1396.72 6.478941997928963e+37
1397.08 6.473177437632006e+37
1397.44 5.8794319604813125e+37
1397.8 6.818478127990881e+37
1398.16 3.258999979281972e+37
1398.53 6.7381320384162515e+37
1398.89 5.010917973114203e+37
1399.25 7.279880538958651e+37
1399.61 6.8580357507434685e+37
1399.98 5.0266458590527415e+37
1400.34 6.133774125533315e+37
1400.7 4.899810728717978e+37
1401.07 6.340759413753139e+37
1401.43 6.357191489073095e+37
1401.79 7.433709592217214e+37
1402.16 7.547832927674683e+37
1402.52 7.067342491671059e+37
1402.88 3.3682924431346505e+37
1403.25 2.918422644507089e+37
1403.61 7.854337783233974e+37
1403.97 7.47862531480817e+37
1404.34 7.742364080741636e+37
1404.7 7.686601410728304e+37
1405.06 7.4157304974303915e+37
1405.43 6.967464569243123e+37
1405.79 7.300182899193757e+37
1406.16 5.236175581703392e+37
1406.52 7.094616167387177e+37
1406.89 3.0828002396291497e+37
1407.25 6.697382713898743e+37
1407.62 7.329899278142868e+37
1407.98 7.173123137744572e+37
1408.35 7.318957384264279e+37
1408.71 4.453111067172359e+37
1409.08 6.473062803813776e+37
1409.44 5.971139031020434e+37
1409.81 4.346365125693726e+37
1410.17 5.358429683970438e+37
1410.54 5.691218154107029e+37
1410.9 7.180725416778465e+37
1411.27 5.729167932327579e+37
1411.64 5.7238415927139405e+37
1412.0 6.025227698263783e+37
1412.37 5.668869491586608e+37
1412.73 7.2294341870073855e+37
1413.1 7.2300266250108585e+37
1413.46 7.223321968260074e+37
1413.83 7.210249526391396e+37
1414.2 5.633862984765894e+37
1414.56 4.818956717250233e+37
1414.93 5.76289063707504e+37
1415.3 7.076117601160587e+37
1415.67 4.974159078335069e+37
1416.03 6.317370586815794e+37
1416.4 7.193500806643896e+37
1416.77 7.176861925464514e+37
1417.13 2.8100847609189366e+37
1417.5 7.130214500376616e+37
1417.87 4.842432303556611e+37
1418.23 7.045696781899124e+37
1418.6 5.358938084743044e+37
1418.97 6.6883384392221405e+37
1419.34 6.024627116215761e+37
1419.71 6.258336609098515e+37
1420.07 4.966090411720267e+37
1420.44 3.371387782504156e+37
1420.81 7.049669320872515e+37
1421.18 3.680004840948814e+37
1421.55 7.042707413683407e+37
1421.92 6.754099925391226e+37
1422.28 5.042683194246176e+37
1422.65 4.648301898716655e+37
1423.02 6.9224942183381995e+37
1423.39 6.871326436331547e+37
1423.76 6.606260513314319e+37
1424.13 6.3905915292528105e+37
1424.5 2.51636503510261e+37
1424.87 7.081702044576136e+37
1425.23 7.079104288590846e+37
1425.6 6.934051327317507e+37
1425.97 5.594787201130224e+37
1426.34 3.74835919111944e+37
1426.71 6.277198867877642e+37
1427.08 7.082701219195641e+37
1427.45 3.628461386171155e+37
1427.82 4.001704850791816e+37
1428.19 4.405842861062026e+37
1428.56 4.752785701675202e+37
1428.93 3.5263059499137103e+37
1429.3 4.157248459197045e+37
1429.68 7.041225363110144e+37
1430.05 7.019692486235754e+37
1430.42 3.9394025317655477e+37
1430.79 6.861035535391751e+37
1431.16 6.947137729257335e+37
1431.53 6.195795676795322e+37
1431.9 6.953920566321831e+37
1432.27 7.197756608789898e+37
1432.64 7.101502765895543e+37
1433.01 6.881740621180925e+37
1433.38 7.12527543385067e+37
1433.76 5.282716387806599e+37
1434.13 7.107632487982932e+37
1434.5 5.382853173473995e+37
1434.87 7.015742245099525e+37
1435.24 4.550731918173529e+37
1435.61 5.784544623942865e+37
1435.99 4.565429288708634e+37
1436.36 7.013821182979597e+37
1436.73 4.0998070145064495e+37
1437.1 6.138854618673335e+37
1437.48 6.3227175267188595e+37
1437.85 6.019186954405705e+37
1438.22 5.676120154260567e+37
1438.59 6.309369276965648e+37
1438.97 6.624831157617284e+37
1439.34 6.507599338358063e+37
1439.71 4.2106861194365554e+37
1440.09 7.070888103644202e+37
1440.46 5.88316014436978e+37
1440.83 6.014147235651576e+37
1441.21 5.453180570209383e+37
1441.58 7.072096491580164e+37
1441.95 7.100837840885982e+37
1442.33 5.8690991085795775e+37
1442.7 5.506257838339141e+37
1443.07 7.04972587537644e+37
1443.45 5.8668780469006145e+37
1443.82 7.091813226163666e+37
1444.2 6.573434893773554e+37
1444.57 7.076615824784506e+37
1444.95 4.131267322643633e+37
1445.32 5.802559502858653e+37
1445.69 6.9519980018743575e+37
1446.07 6.71058679604358e+37
1446.44 6.231010017567624e+37
1446.82 5.158339794431661e+37
1447.19 4.05532629307666e+37
1447.57 5.619709144957634e+37
1447.94 6.985973722816769e+37
1448.32 6.708898734022345e+37
1448.69 6.903685445802061e+37
1449.07 4.6679756768283e+37
1449.45 5.920001659711624e+37
1449.82 5.437576329493145e+37
1450.2 6.183496120767047e+37
1450.57 6.86986049904274e+37
1450.95 6.042125038740603e+37
1451.33 6.622542328615425e+37
1451.7 5.494593234674637e+37
1452.08 6.391865789679513e+37
1452.45 4.534130070649053e+37
1452.83 6.938276448167879e+37
1453.21 6.850544404739602e+37
1453.58 6.162915986574329e+37
1453.96 5.639530820857764e+37
1454.34 5.613427965922762e+37
1454.71 6.523365978782382e+37
1455.09 6.77455330249185e+37
1455.47 5.014289076864136e+37
1455.85 6.519244250702703e+37
1456.22 6.454386371467188e+37
1456.6 4.850085206244415e+37
1456.98 6.884068572223447e+37
1457.36 4.391120069550075e+37
1457.73 6.264352573954171e+37
1458.11 6.078499434158501e+37
1458.49 4.426160915229513e+37
1458.87 6.374175636051022e+37
1459.24 3.821026967502498e+37
1459.62 5.86100361054519e+37
1460.0 6.783004127361836e+37
1460.38 5.083882577799049e+37
1460.76 6.196170057679962e+37
1461.14 6.727509363967491e+37
1461.52 6.123638133363815e+37
1461.9 6.761086154146737e+37
1462.27 4.503801303331537e+37
1462.65 5.887407377191343e+37
1463.03 6.805454227415861e+37
1463.41 6.488556544056475e+37
1463.79 5.410921969810274e+37
1464.17 5.75140064896048e+37
1464.55 6.810565857650351e+37
1464.93 6.639457102832296e+37
1465.31 3.308218593138881e+37
1465.69 5.192126334840441e+37
1466.07 6.863057026918819e+37
1466.45 3.021523018357435e+37
1466.83 3.7419084688426197e+37
1467.21 6.443841062303673e+37
1467.59 6.724501666209018e+37
1467.97 6.47680507547599e+37
1468.35 5.801558626640659e+37
1468.73 6.756326825215873e+37
1469.11 6.625849422021734e+37
1469.49 6.048790782579591e+37
1469.87 2.1174343577299868e+37
1470.25 5.145054941597904e+37
1470.64 6.352431027706186e+37
1471.02 3.7279324117998927e+37
1471.4 6.712830290147736e+37
1471.78 5.869620541248959e+37
1472.16 6.497688100119162e+37
1472.54 5.643654887829482e+37
1472.92 4.6866300703283935e+37
1473.31 5.86800955335107e+37
1473.69 6.802547009707095e+37
1474.07 6.818681942912419e+37
1474.45 6.821177752181989e+37
1474.83 6.823089907182841e+37
1475.21 5.289277998085607e+37
1475.6 6.41399751123382e+37
1475.98 6.739659414025023e+37
1476.36 5.862508791350482e+37
1476.74 6.696701455366958e+37
1477.13 6.683407745172958e+37
1477.51 5.461452094796492e+37
1477.89 6.56455922884078e+37
1478.28 4.197911085758082e+37
1478.66 6.676681958101857e+37
1479.04 6.68790991050818e+37
1479.43 5.730863962019951e+37
1479.81 6.504061665591374e+37
1480.19 6.446004969986793e+37
1480.58 6.658907847551673e+37
1480.96 6.585275217452147e+37
1481.34 6.152443426913996e+37
1481.73 6.649468770270996e+37
1482.11 6.723673023990565e+37
1482.5 6.735603959925616e+37
1482.88 6.742369194245859e+37
1483.27 5.408870412926357e+37
1483.65 6.344185413054412e+37
1484.03 5.59927722079444e+37
1484.42 5.380960405079454e+37
1484.8 6.182150376483736e+37
1485.19 6.614843314449785e+37
1485.57 6.6770866517575395e+37
1485.96 6.086265598088564e+37
1486.34 4.7070018673318905e+37
1486.73 6.581782260526192e+37
1487.11 6.659925649169032e+37
1487.5 6.6582437433453525e+37
1487.89 5.159406990991467e+37
1488.27 6.655653802806163e+37
1488.66 6.594059030893347e+37
1489.04 6.076663350717611e+37
1489.43 6.041557331116326e+37
1489.81 4.26267119910909e+37
1490.2 5.973378111060999e+37
1490.59 6.557031537857028e+37
1490.97 5.589042080305053e+37
1491.36 6.566929730996012e+37
1491.75 4.777354982542488e+37
1492.13 5.556806271258237e+37
1492.52 6.578301712747091e+37
1492.91 6.5336450171809705e+37
1493.29 6.012219025562566e+37
1493.68 2.045216355748654e+37
1494.07 6.35653517265533e+37
1494.45 5.320248541071321e+37
1494.84 6.653101348126558e+37
1495.23 2.829231229207046e+37
1495.62 4.731292751051345e+37
1496.01 6.610951303899886e+37
1496.39 6.28533392052872e+37
1496.78 6.560201463966643e+37
1497.17 6.53307555433677e+37
1497.56 4.1700731033282447e+37
1497.94 4.445451538240636e+37
1498.33 5.827206045673313e+37
1498.72 3.3020647450320057e+37
1499.11 4.569899779889258e+37
1499.5 5.130903034225385e+37
1499.89 5.98956837548325e+37
1500.28 2.4605509293131e+37
1500.66 6.4976714131744195e+37
1501.05 6.346583969547785e+37
1501.44 5.936219262488262e+37
1501.83 2.4720935186738045e+37
1502.22 4.1299570729860874e+37
1502.61 6.513103792343239e+37
1503.0 3.795795814750257e+37
1503.39 6.223727127238031e+37
1503.78 5.821146834197278e+37
1504.17 4.827301622024156e+37
1504.56 3.586788753547327e+37
1504.95 5.5721609886300085e+37
1505.34 5.229714206049712e+37
1505.73 4.220038118282173e+37
1506.12 4.529023608991351e+37
1506.51 6.563983382642871e+37
1506.9 5.866267128083328e+37
1507.29 6.564464469975109e+37
1507.68 4.949214742592834e+37
1508.07 6.549261398224554e+37
1508.46 6.546628253894091e+37
1508.85 4.5815486407212675e+37
1509.24 4.460220094148758e+37
1509.64 6.5124678656776155e+37
1510.03 6.111229189455404e+37
1510.42 6.488815095575666e+37
1510.81 6.463593978231135e+37
1511.2 2.4475332175323927e+37
1511.59 2.151048802315565e+37
1511.98 5.7429118561331565e+37
1512.38 2.447880131134079e+37
1512.77 3.170267322213202e+37
1513.16 4.169322196570988e+37
1513.55 2.102391585288047e+37
1513.94 6.135021313159888e+37
1514.34 6.392786555564457e+37
1514.73 6.391631148290975e+37
1515.12 6.277421187903274e+37
1515.52 2.2519559417287465e+37
1515.91 4.963453158542896e+37
1516.3 5.010051868691737e+37
1516.69 3.9057609006284395e+37
1517.09 4.713715218942162e+37
1517.48 6.446844717241874e+37
1517.87 5.794925373030424e+37
1518.27 6.310592109313511e+37
1518.66 3.2178356747836144e+37
1519.05 6.200327043250162e+37
1519.45 6.430723347547978e+37
1519.84 6.426583415584935e+37
1520.23 6.412940825064483e+37
1520.63 3.6336735245662726e+37
1521.02 6.272904390565595e+37
1521.42 6.07113424712773e+37
1521.81 6.361912252394761e+37
1522.21 6.352499041354816e+37
1522.6 6.343646147384026e+37
1522.99 6.336406176283117e+37
1523.39 4.828711150829411e+37
1523.79 6.202809146514738e+37
1524.18 5.23638048464339e+37
1524.57 2.789436995977154e+37
1524.97 2.686453589586407e+37
1525.36 2.343404727204469e+37
1525.76 2.1893143073880297e+37
1526.16 4.428215907800673e+37
1526.55 4.768840333571762e+37
1526.95 3.938304200293728e+37
1527.34 3.9934037815518414e+37
1527.74 2.6685299512043396e+37
1528.14 4.497106966664681e+37
1528.53 5.668183914704934e+37
1528.93 5.18630209100421e+37
1529.32 6.2502374563775745e+37
1529.72 5.934709458049949e+37
1530.12 2.5099861187819974e+37
1530.51 3.202195893249878e+37
1530.91 6.231222950844378e+37
1531.31 1.8139900724546202e+37
1531.7 1.9305398383933248e+37
1532.1 4.2159708153093143e+37
1532.5 3.6093873889500706e+37
1532.9 2.7961915227602923e+37
1533.29 2.8096431351580542e+37
1533.69 6.150882172736579e+37
1534.09 5.319953163514229e+37
1534.48 5.96200321974175e+37
1534.88 4.919962483135904e+37
1535.28 6.22212066463004e+37
1535.68 3.8062169498772715e+37
1536.08 6.215358142962133e+37
1536.47 4.846567403894046e+37
1536.87 5.548934647193472e+37
1537.27 3.5336877345876446e+37
1537.67 5.769171649258359e+37
1538.07 4.1008830373277285e+37
1538.47 5.321734377708905e+37
1538.86 3.4836220593457597e+37
1539.26 4.424928170496304e+37
1539.66 4.96622290965923e+37
1540.06 2.8983457979815225e+37
1540.46 3.537966450171972e+37
1540.86 3.7255703965024423e+37
1541.26 4.855206270336982e+37
1541.66 4.78193404574754e+37
1542.06 2.896542782033512e+37
1542.46 3.31668197258643e+37
1542.86 3.5703128964657213e+37
1543.26 4.576808723462072e+37
1543.66 1.6955906199521978e+37
1544.06 3.286415523782258e+37
1544.46 2.4044024414637534e+37
1544.86 2.2463142830113855e+37
1545.26 3.5933212687617446e+37
1545.66 3.384128022744395e+37
1546.06 4.015454831179477e+37
1546.46 2.2663274234964296e+37
1546.86 2.756102300456652e+37
1547.26 2.5116808595342135e+37
1547.66 2.580149769145624e+37
1548.06 3.508476960165507e+37
1548.47 5.491813652292413e+37
1548.87 4.976948684749883e+37
1549.27 4.841121541095225e+37
1549.67 4.506491411816069e+37
1550.07 3.3328516143957393e+37
1550.47 4.314595856919909e+37
1550.88 4.37577839291434e+37
1551.28 5.565505591800581e+37
1551.68 6.935704049009298e+37
1552.08 2.3434585067775978e+37
1552.48 6.414625872731541e+37
1552.89 4.9769677388993005e+37
1553.29 3.2988992328771958e+37
1553.69 6.4821246656712e+37
1554.09 5.002889983726553e+37
1554.5 6.455161701971179e+37
1554.9 3.7438890315683167e+37
1555.3 3.1896623313034006e+37
1555.71 6.243897655426877e+37
1556.11 3.66344659238474e+37
1556.51 1.9237538552284793e+37
1556.92 2.984170381879285e+37
1557.32 3.6815726190835456e+37
1557.72 6.0521932670867e+37
1558.13 5.796112688472794e+37
1558.53 6.013330168025142e+37
1558.93 4.582424898980052e+37
1559.34 4.448620465688644e+37
1559.74 5.827847005877376e+37
1560.15 2.8426841501538637e+37
1560.55 3.0342932803362236e+37
1560.96 5.9705188619931e+37
1561.36 2.2461475796437617e+37
1561.77 5.978434439136631e+37
1562.17 5.362179191967321e+37
1562.57 3.8138520673655474e+37
1562.98 5.965946680027273e+37
1563.39 5.943996344626239e+37
1563.79 5.288534623293654e+37
1564.19 3.365474804489631e+37
1564.6 3.105068429821529e+37
1565.01 5.861569046220065e+37
1565.41 5.758715989230666e+37
1565.82 4.154826908455028e+37
1566.22 3.3396034312072526e+37
1566.63 3.2139819968081167e+37
1567.04 3.747073210378396e+37
1567.44 5.911485556283917e+37
1567.85 5.765443580374895e+37
1568.25 2.3168446891903935e+37
1568.66 2.6434568822274065e+37
1569.07 4.932856344673913e+37
1569.47 5.320827639342025e+37
1569.88 6.046617434143249e+37
1570.29 4.919861000563894e+37
1570.69 4.3639313467805615e+37
1571.1 5.36218596784608e+37
1571.51 5.397686633636443e+37
1571.92 5.890234465555499e+37
1572.32 5.937335327008595e+37
1572.73 5.46918147575363e+37
1573.14 5.994352960250478e+37
1573.55 5.98620918753748e+37
1573.95 5.959103033162425e+37
1574.36 5.968507714237362e+37
1574.77 2.696927963554044e+37
1575.18 2.7747915398685137e+37
1575.59 3.088413864643154e+37
1575.99 5.912733711656359e+37
1576.4 3.8670923751797474e+37
1576.81 4.732638161637586e+37
1577.22 3.391752921331e+37
1577.63 5.326117681873265e+37
1578.04 3.103954265115143e+37
1578.45 5.980139216351991e+37
1578.86 5.462826203449322e+37
1579.27 4.493614739165037e+37
1579.68 5.7750059125310955e+37
1580.08 5.266339567387602e+37
1580.49 5.969827344359143e+37
1580.9 3.184309918578272e+37
1581.31 5.320274018528387e+37
1581.72 5.420963266098935e+37
1582.13 5.71876342386968e+37
1582.54 4.626726264758645e+37
1582.95 5.650561403581008e+37
1583.36 4.106907461266247e+37
1583.77 3.87669310404562e+37
1584.18 4.657827002152617e+37
1584.59 5.752299261520149e+37
1585.01 2.6843256102036913e+37
1585.42 5.5776237876819915e+37
1585.83 3.124468308093974e+37
1586.24 4.584272134317999e+37
1586.65 5.876170486592646e+37
1587.06 5.883682866220525e+37
1587.47 3.3465930064244793e+37
1587.88 5.7955025208167655e+37
1588.3 5.764911038533533e+37
1588.71 4.0393091464718417e+37
1589.12 5.899528343845656e+37
1589.53 5.788577839163123e+37
1589.94 5.552117188891987e+37
1590.35 5.874283987691819e+37
1590.77 5.633572010910509e+37
1591.18 5.456768237028643e+37
1591.59 4.601642495986519e+37
1592.0 2.8334253058092473e+37
1592.42 5.544884656072109e+37
1592.83 5.656853063368894e+37
1593.24 5.217616220772333e+37
1593.66 5.219687622002842e+37
1594.07 4.644173749970344e+37
1594.48 5.31440287172801e+37
1594.89 3.3489115020678706e+37
1595.31 4.902289704121522e+37
1595.72 4.876160424941106e+37
1596.14 5.847395956384145e+37
1596.55 5.795943078225267e+37
1596.96 5.821772433400983e+37
1597.38 4.790494786458456e+37
1597.79 5.772130978984171e+37
1598.2 5.760781788216348e+37
1598.62 4.828478100734118e+37
1599.03 5.8382747081398485e+37
1599.45 5.771241365097855e+37
1599.86 5.814560614548982e+37
1600.28 4.066321449390888e+37
1600.69 5.07648241237814e+37
1601.11 3.090913016273114e+37
1601.52 4.273635769699621e+37
1601.94 2.057730563686126e+37
1602.35 5.83688744308767e+37
1602.77 5.80847141370761e+37
1603.18 2.670601505217105e+37
1603.6 4.953756501651527e+37
1604.01 5.823929081574456e+37
1604.43 5.411370319356516e+37
1604.84 3.0399253422811214e+37
1605.26 5.813319760198147e+37
1605.68 4.94294584233192e+37
1606.09 4.2124857209540444e+37
1606.51 5.55220989264362e+37
1606.93 4.50170601236136e+37
1607.34 5.720051619633098e+37
1607.76 1.923945240117045e+37
1608.18 4.558864321849628e+37
1608.59 5.404454381651134e+37
1609.01 2.621911417467429e+37
1609.43 5.141581697102729e+37
1609.84 2.547253141253235e+37
1610.26 2.998723317461444e+37
1610.68 5.768811460299509e+37
1611.09 3.892345537132468e+37
1611.51 5.734045620889812e+37
1611.93 3.5805935108882524e+37
1612.35 5.7441510591581185e+37
1612.77 2.074004723813026e+37
1613.18 5.736399083144581e+37
1613.6 4.345782800397439e+37
1614.02 2.2074970194581807e+37
1614.44 5.750880157252827e+37
1614.86 5.742541620469664e+37
1615.28 3.020595081153273e+37
1615.69 3.8655028424084157e+37
1616.11 3.67084492626626e+37
1616.53 5.316585513010784e+37
1616.95 5.707694899754728e+37
1617.37 5.724368491938229e+37
1617.79 3.9704897167190163e+37
1618.21 5.717535355059154e+37
1618.63 3.9137806147102656e+37
1619.05 5.327948490909397e+37
1619.47 3.9887823178883205e+37
1619.89 5.68335555591826e+37
1620.31 3.7011698240800015e+37
1620.73 3.880274403412954e+37
1621.15 2.498852986639943e+37
1621.57 2.6650083761340484e+37
1621.99 4.465341947849206e+37
1622.41 4.214880333724986e+37
1622.83 5.615295056608033e+37
1623.25 5.124832735404461e+37
1623.67 3.345455915551979e+37
1624.09 3.5454168089678586e+37
1624.51 5.539141235715454e+37
1624.93 2.925338205541315e+37
1625.35 5.150151722759426e+37
1625.78 4.915754132299141e+37
1626.2 3.714098406036552e+37
1626.62 5.40075190520209e+37
1627.04 4.995370133873481e+37
1627.46 3.3383710190662634e+37
1627.88 3.32001250406092e+37
1628.31 2.126627493051874e+37
1628.73 5.532461827180423e+37
1629.15 2.0588856443668337e+37
1629.57 5.362079803406496e+37
1629.99 5.502704085075739e+37
1630.42 3.876507515293605e+37
1630.84 5.600482271076264e+37
1631.26 4.93810929521512e+37
1631.68 1.8376552190476516e+37
1632.11 2.4955551205841124e+37
1632.53 3.947673800369134e+37
1632.95 5.557961407427582e+37
1633.38 5.6078457953553305e+37
1633.8 4.9151564112988125e+37
1634.22 5.258730230759972e+37
1634.65 4.2215573574334455e+37
1635.07 4.485372643154954e+37
1635.49 5.061310486214124e+37
1635.92 4.841562448268045e+37
1636.34 4.305473462406827e+37
1636.77 5.58307643995962e+37
1637.19 4.6462322290310825e+37
1637.61 5.44902678414554e+37
1638.04 3.924704962508898e+37
1638.46 4.909984028499263e+37
1638.89 5.418572934035636e+37
1639.31 2.8385598128112413e+37
1639.74 5.505392437984968e+37
1640.16 2.4900135341895053e+37
1640.59 3.7884680614591934e+37
1641.01 5.535062486894586e+37
1641.44 5.564071214230206e+37
1641.86 2.7609026957103244e+37
1642.29 4.787698382353687e+37
1642.71 3.6826970594760745e+37
1643.14 5.551691002324641e+37
1643.57 4.832283548571692e+37
1643.99 5.232364050774838e+37
1644.42 3.824860518573494e+37
1644.84 3.529303735833604e+37
1645.27 4.017456227441657e+37
1645.7 5.221694376399265e+37
1646.12 5.236285244894465e+37
1646.55 5.521700122118644e+37
1646.98 3.703392989888285e+37
1647.41 5.058651419074243e+37
1647.83 5.507841021331315e+37
1648.26 4.836218488461827e+37
1648.69 3.618598928890896e+37
1649.11 4.477677801464252e+37
1649.54 5.472677635549597e+37
1649.97 4.0945348406023422e+37
1650.4 5.070874552570635e+37
1650.82 5.095858372552478e+37
1651.25 5.264095851569418e+37
1651.68 3.490297329932779e+37
1652.11 3.8095316104329973e+37
1652.54 5.421995350636714e+37
1652.96 2.3822986529122394e+37
1653.39 2.8382924495881486e+37
1653.82 4.649809935748601e+37
1654.25 4.425569985987311e+37
1654.68 5.348634887955777e+37
1655.11 5.31103567600535e+37
1655.54 5.426501311895741e+37
1655.96 5.194734859459375e+37
1656.39 5.384318490375347e+37
1656.82 2.5057181034372433e+37
1657.25 5.110892798629626e+37
1657.68 4.1792073247852015e+37
1658.11 4.24442181778661e+37
1658.54 4.567541303335364e+37
1658.97 3.645794805486806e+37
1659.4 3.693493506856284e+37
1659.83 5.402928488338714e+37
1660.26 5.30030524544294e+37
1660.69 4.694790081131803e+37
1661.12 5.065902304996511e+37
1661.55 3.2170565260482962e+37
1661.98 5.329745483874491e+37
1662.42 3.279888011725941e+37
1662.85 5.405677732852127e+37
1663.28 5.406626956830312e+37
1663.71 5.375895463632861e+37
1664.14 5.401425970914487e+37
1664.57 4.970014292967286e+37
1665.0 4.283487703233662e+37
1665.43 4.9125367512234825e+37
1665.86 5.39023898501593e+37
1666.3 5.364663831493164e+37
1666.73 4.879222829249853e+37
1667.16 5.090356939961247e+37
1667.59 4.871243445204947e+37
1668.03 3.029715290653883e+37
1668.46 3.483071053880899e+37
1668.89 5.351801472212775e+37
1669.32 4.408859814335698e+37
1669.76 3.245617232741638e+37
1670.19 4.653314545186313e+37
1670.62 4.496733105835037e+37
1671.05 2.6395545335805253e+37
1671.49 5.31741719745462e+37
1671.92 3.588414291416103e+37
1672.35 3.8364833474794455e+37
1672.79 3.325743437766302e+37
1673.22 4.495941907232447e+37
1673.65 2.481621247640523e+37
1674.09 5.314281891492095e+37
1674.52 4.810673996198141e+37
1674.96 5.312925318001034e+37
1675.39 4.897327962946542e+37
1675.82 4.030602183401288e+37
1676.26 3.871677264143638e+37
1676.69 4.344435509120819e+37
1677.13 3.182523722357848e+37
1677.56 5.3013947607051945e+37
1678.0 5.3102156669240985e+37
1678.43 5.288140877670539e+37
1678.87 5.090037313818505e+37
1679.3 5.279027080159078e+37
1679.74 5.3034601277342345e+37
1680.17 5.274730564755545e+37
1680.61 4.636129039149749e+37
1681.04 5.2966884724202785e+37
1681.48 4.645876243761276e+37
1681.92 2.973072255387862e+37
1682.35 5.238617671368481e+37
1682.79 5.288951780394577e+37
1683.22 5.262839405034748e+37
1683.66 3.722918486068357e+37
1684.1 5.2820773429997e+37
1684.53 5.109666591601124e+37
1684.97 5.2604581474704895e+37
1685.41 5.278730818743408e+37
1685.84 3.980782203991065e+37
1686.28 3.7968132076439377e+37
1686.72 2.9592686999611723e+37
1687.15 3.9924297614214165e+37
1687.59 3.3791907581160904e+37
1688.03 4.325374352320179e+37
1688.47 5.25058622026193e+37
1688.9 5.251387559887094e+37
1689.34 5.248225067266041e+37
1689.78 5.1459198671018265e+37
1690.22 3.907853013369746e+37
1690.66 3.357516196158906e+37
1691.09 5.145233266871845e+37
1691.53 5.228430651969617e+37
1691.97 4.83508817579771e+37
1692.41 2.518614006178822e+37
1692.85 5.003744417994343e+37
1693.29 5.189634599281204e+37
1693.72 5.21014866001617e+37
1694.16 5.199578479022119e+37
1694.6 3.1714838750625234e+37
1695.04 1.828162975995857e+37
1695.48 4.338256035123302e+37
1695.92 4.2374148989537347e+37
1696.36 5.188271141764881e+37
1696.8 4.777151209844978e+37
1697.24 5.178962862006545e+37
1697.68 5.17760394131048e+37
1698.12 2.984063166306143e+37
1698.56 5.169246845711173e+37
1699.0 3.1597536418805905e+37
1699.44 4.72021668524168e+37
1699.88 5.155323482287128e+37
1700.32 3.370069793840504e+37
1700.76 3.1570563823184506e+37
1701.2 4.93107076483199e+37
1701.64 2.482091310823461e+37
1702.08 4.825423965014218e+37
1702.53 4.03728060517194e+37
1702.97 4.587986080159016e+37
1703.41 3.9107684558554814e+37
1703.85 5.126112613856302e+37
1704.29 5.0155460873240825e+37
1704.73 4.627849331500461e+37
1705.18 5.116128799362959e+37
1705.62 4.490763343977567e+37
1706.06 3.4190851817093073e+37
1706.5 3.3460844347096543e+37
1706.94 5.085548393467413e+37
1707.39 1.9867886120014127e+37
1707.83 5.077135537535401e+37
1708.27 4.608713139465195e+37
1708.71 2.874178386995363e+37
1709.16 5.056075526899425e+37
1709.6 5.047466141809413e+37
1710.04 4.358304777777443e+37
1710.49 4.051434879453516e+37
1710.93 3.1935601106338474e+37
1711.37 2.4876465943928453e+37
1711.82 3.216389302500396e+37
1712.26 4.631156994626752e+37
1712.7 2.25670296791898e+37
1713.15 4.789398355356759e+37
1713.59 3.9864562556711117e+37
1714.04 4.956720071054818e+37
1714.48 4.986739045935806e+37
1714.93 4.943452736799822e+37
1715.37 1.996686684552741e+37
1715.81 3.933563591112695e+37
1716.26 4.021461331244138e+37
1716.7 4.839577968215866e+37
1717.15 2.8461564667970204e+37
1717.59 5.013704840634108e+37
1718.04 3.8339603070874647e+37
1718.48 2.8266611969768396e+37
1718.93 3.0078309394748707e+37
1719.38 2.104745387307467e+37
1719.82 2.898006856474433e+37
1720.27 4.9987296578799575e+37
1720.71 2.5445808638373093e+37
1721.16 3.3501059598563026e+37
1721.6 2.6433811267384484e+37
1722.05 3.0042396222064453e+37
1722.5 2.3861601469137916e+37
1722.94 3.269809313065683e+37
1723.39 4.625507590774021e+37
1723.84 2.4890879618970884e+37
1724.28 2.144667631670219e+37
1724.73 4.3481760362029995e+37
1725.18 4.612191458375011e+37
1725.62 2.5250148024632443e+37
1726.07 4.96677344766485e+37
1726.52 3.057334706641865e+37
1726.97 4.804832763903547e+37
1727.41 2.7175132678258663e+37
1727.86 4.523932019942098e+37
1728.31 3.4374195634305954e+37
1728.76 3.029247927034152e+37
1729.2 3.877493237636042e+37
1729.65 4.942626894506167e+37
1730.1 4.906218379535532e+37
1730.55 2.73039399783314e+37
1731.0 4.899705566328292e+37
1731.45 2.395573555365931e+37
1731.9 4.907991832176899e+37
1732.34 3.9448530818972015e+37
1732.79 3.9087856300375915e+37
1733.24 4.1713645564681622e+37
1733.69 3.4240214833412394e+37
1734.14 3.888955091165999e+37
1734.59 4.708978703263884e+37
1735.04 4.930020666814774e+37
1735.49 4.860172265854789e+37
1735.94 4.105521143118272e+37
1736.39 3.4112726343989496e+37
1736.84 4.917384729521777e+37
1737.29 3.5627374517372754e+37
1737.74 4.839392238442323e+37
1738.19 2.13570262537447e+37
1738.64 2.4298072909668705e+37
1739.09 3.5754798392109934e+37
1739.54 4.751347050820394e+37
1739.99 4.386907609184291e+37
1740.44 4.889046557632786e+37
1740.9 2.855738963684998e+37
1741.35 4.032595361994458e+37
1741.8 4.834395494416334e+37
1742.25 3.5721074634394667e+37
1742.7 4.829339561029502e+37
1743.15 4.873661694020723e+37
1743.6 4.8257473990583e+37
1744.06 4.849934566714586e+37
1744.51 4.865712283574222e+37
1744.96 3.754967000532096e+37
1745.41 3.9183336826906654e+37
1745.86 4.821509213427375e+37
1746.32 4.85876333521079e+37
1746.77 4.698410887053227e+37
1747.22 2.0807532277434653e+37
1747.68 2.395821610617255e+37
1748.13 2.1897144181785397e+37
1748.58 4.317777694803404e+37
1749.04 2.245957557722154e+37
1749.49 4.0091577971141926e+37
1749.94 4.513297990611578e+37
1750.4 2.944641597130713e+37
1750.85 4.84375392393462e+37
1751.3 3.18937111240021e+37
1751.76 3.119073774415598e+37
1752.21 4.832131865604894e+37
1752.67 4.827947951633756e+37
1753.12 2.813409852489002e+37
1753.57 3.3887503238271435e+37
1754.03 4.682415671375759e+37
1754.48 4.638931915416832e+37
1754.94 4.058453938075186e+37
1755.39 4.825315473503643e+37
1755.85 4.402428378096401e+37
1756.3 4.776018390431705e+37
1756.76 4.756870583841557e+37
1757.21 4.798176084413772e+37
1757.67 4.793802913364766e+37
1758.12 3.4657527345644607e+37
1758.58 2.3267112480899057e+37
1759.04 4.401050341965414e+37
1759.49 4.78617612835006e+37
1759.95 4.781479715225592e+37
1760.4 2.5493463284854047e+37
1760.86 2.4872956793722673e+37
1761.32 3.858647080038596e+37
1761.77 4.763759681264952e+37
1762.23 4.419361708984241e+37
1762.69 4.723874427083299e+37
1763.14 4.461778165639383e+37
1763.6 2.8620563565420665e+37
1764.06 4.1736458313936637e+37
1764.51 4.439902169849539e+37
1764.97 2.9863141916413517e+37
1765.43 4.73079262783838e+37
1765.89 4.728885932264525e+37
1766.34 4.2297343206841067e+37
1766.8 4.725584999368556e+37
1767.26 4.644810141377953e+37
1767.72 4.587090931590856e+37
1768.18 4.338005241392515e+37
1768.64 4.506603668245618e+37
1769.09 4.713704921061573e+37
1769.55 1.9814578749632252e+37
1770.01 4.252917471763742e+37
1770.47 1.9261164914421178e+37
1770.93 3.9572378692761545e+37
1771.39 3.96755901208128e+37
1771.85 4.409258106546743e+37
1772.31 4.645162050868503e+37
1772.77 4.476282213076852e+37
1773.22 3.9852224552878836e+37
1773.68 3.60375580293375e+37
1774.14 4.684209166394961e+37
1774.6 3.5908743322763966e+37
1775.06 4.6938204176646015e+37
1775.52 4.455562935582678e+37
1775.98 1.7698043476034218e+37
1776.44 4.684237318216151e+37
1776.9 4.264581582632233e+37
1777.36 4.6773720346630695e+37
1777.82 2.820199729756628e+37
1778.29 4.677074962120604e+37
1778.75 2.6667529030889523e+37
1779.21 4.2474483256482873e+37
1779.67 4.668584538918111e+37
1780.13 4.445080128378251e+37
1780.59 4.186315598435318e+37
1781.05 3.1345135115203737e+37
1781.52 4.65982232956336e+37
1781.98 3.6807400001941645e+37
1782.44 4.176818581945339e+37
1782.9 3.7473963541288826e+37
1783.36 4.649437205976506e+37
1783.82 4.646869617019843e+37
1784.29 4.645387067494267e+37
1784.75 4.298574490914354e+37
1785.21 4.493156198432656e+37
1785.68 4.638117923254579e+37
1786.14 4.468770239971511e+37
1786.6 4.634182327301398e+37
1787.06 3.8931211822940573e+37
1787.53 4.602517454865945e+37
1787.99 3.728207545602823e+37
1788.45 2.795015185674532e+37
1788.92 3.236731281662794e+37
1789.38 4.619273937794146e+37
1789.84 4.2459102001688017e+37
1790.31 2.7090540714082304e+37
1790.77 4.2023015860092626e+37
1791.24 3.894801541461046e+37
1791.7 2.3187529881868427e+37
1792.17 2.7095753200906874e+37
1792.63 4.478793417301907e+37
1793.09 3.1233678187225458e+37
1793.56 4.480323469746692e+37
1794.02 4.290305903753144e+37
1794.49 4.607122780314167e+37
1794.95 2.209434543711015e+37
1795.42 4.603925891581868e+37
1795.89 4.2395916321195785e+37
1796.35 4.597455687531461e+37
1796.81 4.147873339792896e+37
1797.28 4.581994337523617e+37
1797.75 3.736002170002397e+37
1798.21 4.298328653881796e+37
1798.68 4.2810834185728625e+37
1799.15 4.505476843247581e+37
1799.61 4.552377281951495e+37
1800.08 3.1951877464788966e+37
1800.55 4.451573909976449e+37
1801.01 4.042386167225968e+37
1801.48 2.2796518699102676e+37
1801.94 4.300118731600412e+37
1802.41 4.560477236136893e+37
1802.88 4.421504786371504e+37
1803.35 2.5720754365162043e+37
1803.81 4.55077229773666e+37
1804.28 4.1300465736641606e+37
1804.75 4.545335312589385e+37
1805.22 3.7885433061103033e+37
1805.68 3.957694939779311e+37
1806.15 4.247819133711323e+37
1806.62 3.7704566243669315e+37
1807.09 4.014156347324923e+37
1807.56 4.430184292367203e+37
1808.03 3.9837378300017486e+37
1808.49 4.366844234276319e+37
1808.96 4.515893114370743e+37
1809.43 2.8575468398948874e+37
1809.9 4.359902446906498e+37
1810.37 3.600373640240987e+37
1810.84 4.445906926927418e+37
1811.31 2.86348157612206e+37
1811.78 2.843544883988113e+37
1812.25 3.3695042799687247e+37
1812.72 2.7018990013043667e+37
1813.19 3.12071570754208e+37
1813.66 4.36012086938447e+37
1814.13 4.3200998387247125e+37
1814.6 4.464800061984282e+37
1815.07 3.315098566344808e+37
1815.54 3.561341318553786e+37
1816.01 2.30517625253315e+37
1816.48 3.979659773677822e+37
1816.95 3.7132420005929976e+37
1817.42 3.3907429897096214e+37
1817.89 4.370491331576246e+37
1818.36 4.412451006711367e+37
1818.83 4.447736135183433e+37
1819.31 2.1445876816639604e+37
1819.78 2.988951727021513e+37
1820.25 4.417652471791057e+37
1820.72 4.4402243674083245e+37
1821.19 3.128273019873863e+37
1821.67 2.5952235641806814e+37
1822.14 3.3401277044439718e+37
1822.61 3.9645495516498327e+37
1823.08 2.0188498091987817e+37
1823.55 4.340151534267807e+37
1824.03 4.353426977548657e+37
1824.5 4.418333972029148e+37
1824.97 2.855948984364385e+37
1825.44 2.5870255374316434e+37
1825.92 4.0370258037852577e+37
1826.39 3.9672607333008304e+37
1826.86 2.9075113021814493e+37
1827.34 3.7987228058468346e+37
1827.81 4.306189788982086e+37
1828.29 2.998378691878912e+37
1828.76 4.0423390297043194e+37
1829.23 2.493209395355076e+37
1829.71 4.378036793006054e+37
1830.18 3.135593487595736e+37
1830.66 2.158924198361451e+37
1831.13 4.334004182863926e+37
1831.61 3.1929491758352124e+37
1832.08 4.368653461132033e+37
1832.56 3.532304770454195e+37
1833.03 3.1279508253351654e+37
1833.51 4.291811923289339e+37
1833.98 4.197701214438613e+37
1834.46 4.290167681396213e+37
1834.93 2.7319785414708e+37
1835.41 4.340498277528212e+37
1835.88 4.34415044696039e+37
1836.36 3.8446480011054624e+37
1836.83 2.6335431017857183e+37
1837.31 2.603264909286808e+37
1837.79 2.870857524290066e+37
1838.26 1.7208116518241034e+37
1838.74 2.767661028154545e+37
1839.22 4.315733986721328e+37
1839.69 4.315195357546671e+37
1840.17 2.558074901911105e+37
1840.65 4.303241272201491e+37
1841.12 4.304976210660474e+37
1841.6 2.026052361815809e+37
1842.08 3.713873808419014e+37
1842.56 1.8526455044737954e+37
1843.03 3.077894944808682e+37
1843.51 1.8542620957837048e+37
1843.99 1.842877122018873e+37
1844.47 2.1398401912976543e+37
1844.94 1.8777534962724675e+37
1845.42 2.0546388443506945e+37
1845.9 4.139088455632962e+37
1846.38 3.060928300736329e+37
1846.86 2.8055476438817616e+37
1847.34 2.0786498525572588e+37
1847.82 4.208045367488214e+37
1848.29 4.1201166287603934e+37
1848.77 3.600659994928158e+37
1849.25 2.4385688666211534e+37
1849.73 2.9288018227902126e+37
1850.21 1.6531977581788037e+37
1850.69 2.411638019398467e+37
1851.17 2.0660953951184334e+37
1851.65 4.2401368071466733e+37
1852.13 3.3420668716926172e+37
1852.61 1.8310838118076812e+37
1853.09 4.2321162531325207e+37
1853.57 4.205391273808777e+37
1854.05 2.0306930057749575e+37
1854.53 4.1601850904302327e+37
1855.01 1.66566784431285e+37
1855.49 2.655069936974602e+37
1855.97 4.2006085347115413e+37
1856.45 4.215289839995056e+37
1856.94 4.188108231851824e+37
1857.42 4.2117768619587405e+37
1857.9 3.173803676017704e+37
1858.38 4.1338019326700787e+37
1858.86 3.604400578886998e+37
1859.34 4.200110865113302e+37
1859.83 1.6743912539001295e+37
1860.31 4.1990391846021207e+37
1860.79 3.387508290932869e+37
1861.27 4.1268913523108136e+37
1861.76 3.6055285139065214e+37
1862.24 4.1845978940963e+37
1862.72 4.188395116199515e+37
1863.2 3.2615660746856897e+37
1863.69 4.1788759774077525e+37
1864.17 4.071280652259974e+37
1864.65 3.738561025614737e+37
1865.14 1.8308153794752289e+37
1865.62 2.1396063681631026e+37
1866.1 3.5484273421518166e+37
1866.58 1.8022198554737117e+37
1867.07 3.5642103157163894e+37
1867.55 4.147926107898998e+37
1868.04 4.170055978087281e+37
1868.52 4.0044539354148717e+37
1869.01 4.1073109839608086e+37
1869.49 4.0924869972522733e+37
1869.97 1.8878505425734094e+37
1870.46 4.0837431245243417e+37
1870.94 3.0443565095242165e+37
1871.43 2.1900029960633887e+37
1871.91 3.885656651953392e+37
1872.4 3.750953568722423e+37
1872.88 3.8974538036649176e+37
1873.37 3.8763175285420324e+37
1873.85 2.935502091549093e+37
1874.34 2.7137584839861303e+37
1874.83 4.0869818111771054e+37
1875.31 2.643060892932021e+37
1875.8 4.0117758704515776e+37
1876.29 3.0001597426612847e+37
1876.77 4.140416159781677e+37
1877.26 4.114423008195969e+37
1877.74 4.134648585401239e+37
1878.23 4.130454543347286e+37
1878.72 4.122527377253099e+37
1879.2 4.1203770047368856e+37
1879.69 4.1212679132226083e+37
1880.18 4.1148661976844772e+37
1880.67 1.8266007099774918e+37
1881.15 1.7092542961249903e+37
1881.64 2.6470926366789875e+37
1882.13 1.7665231860938127e+37
1882.62 3.2559899168827376e+37
1883.1 2.4376169539283576e+37
1883.59 4.0926558283779625e+37
1884.08 4.0262362285858545e+37
1884.57 1.6068448844336316e+37
1885.06 1.6235437112121846e+37
1885.55 4.079593643467717e+37
1886.04 1.977938370135959e+37
1886.52 2.1681072209293186e+37
1887.01 2.0331858077956974e+37
1887.5 1.7640717646282243e+37
1887.99 4.040873505586645e+37
1888.48 4.0480649228818946e+37
1888.97 4.0604036350753737e+37
1889.46 1.7389994593281187e+37
1889.95 4.0535639852140893e+37
1890.44 3.731945894661515e+37
1890.93 1.9250499257142244e+37
1891.42 1.9340534413109014e+37
1891.91 1.9058169356037636e+37
1892.4 2.3146339267255853e+37
1892.89 1.674860663403719e+37
1893.38 4.0341507614727616e+37
1893.87 1.9141697023160156e+37
1894.36 2.3379138943988195e+37
1894.85 3.796387697569885e+37
1895.34 1.6823941936708381e+37
1895.84 3.3638366019935647e+37
1896.33 2.0151616858218538e+37
1896.82 1.5776743293916106e+37
1897.31 2.45254696847892e+37
1897.8 4.0141354417237605e+37
1898.29 4.010923440504146e+37
1898.79 1.7995081831694888e+37
1899.28 1.5331508871158668e+37
1899.77 3.4103284506167233e+37
1900.26 4.005228004277756e+37
1900.76 3.9986374915957104e+37
1901.25 3.20782962165253e+37
1901.74 3.9979103984764626e+37
1902.23 3.818463672929179e+37
1902.73 3.919720467660941e+37
1903.22 1.7936103954004647e+37
1903.71 2.0579121646692627e+37
1904.21 2.183078468486537e+37
1904.7 3.9891799308384166e+37
1905.19 2.7952955625970646e+37
1905.69 3.623874079238572e+37
1906.18 3.9821907685797237e+37
1906.68 2.305566597140097e+37
1907.17 3.3367169585856425e+37
1907.66 1.6001643638192424e+37
1908.16 3.912213040201979e+37
1908.65 2.7349056643534974e+37
1909.15 3.6474904391097037e+37
1909.64 3.8976384144000746e+37
1910.14 2.685322565891212e+37
1910.63 3.9542740125440074e+37
1911.13 3.952027542011259e+37
1911.62 1.5478517797627905e+37
1912.12 3.9486091326118026e+37
1912.61 3.9465360144802794e+37
1913.11 3.936410195371274e+37
1913.61 1.6954515784139923e+37
1914.1 2.065717271618092e+37
1914.6 3.9246299899131773e+37
1915.09 2.0740966479428812e+37
1915.59 3.0589501094773736e+37
1916.09 3.3002322314581723e+37
1916.58 1.921005760799924e+37
1917.08 1.7113535093326813e+37
1917.58 2.671454714288735e+37
1918.07 2.347424103109231e+37
1918.57 1.6446440223328627e+37
1919.07 2.8455453355878754e+37
1919.56 1.68102334692111e+37
1920.06 3.2037168681307875e+37
1920.56 3.846114354721578e+37
1921.06 2.2151395228918585e+37
1921.56 1.5803034534684877e+37
1922.05 2.446440111266723e+37
1922.55 3.890565303142128e+37
1923.05 1.5852177028227593e+37
1923.55 3.6823592798930543e+37
1924.05 2.0629744465609807e+37
1924.55 1.568400116230709e+37
1925.05 3.883026625877445e+37
1925.54 3.6108421940903255e+37
1926.04 1.5492016015483297e+37
1926.54 3.8695163483949243e+37
1927.04 3.592554361818067e+37
1927.54 2.4594213993079104e+37
1928.04 1.9297781059082456e+37
1928.54 2.0542390244512563e+37
1929.04 2.1695101519114364e+37
1929.54 2.956392390004923e+37
1930.04 2.719334898228034e+37
1930.54 2.616115634762379e+37
1931.04 3.732338648583159e+37
1931.54 1.5550986680310582e+37
1932.04 3.8234654320457575e+37
1932.54 3.677250568416689e+37
1933.04 3.849768095612919e+37
1933.55 3.5255309105442283e+37
1934.05 3.8458097185406287e+37
1934.55 3.8439655504791927e+37
1935.05 3.839733012204625e+37
1935.55 3.8366508458456825e+37
1936.05 3.7081295550962064e+37
1936.55 2.4737813341140004e+37
1937.06 2.0161989844969576e+37
1937.56 3.1183196350343126e+37
1938.06 2.0730586503019065e+37
1938.56 3.8085648957651545e+37
1939.06 2.2026390101988495e+37
1939.57 2.66504684129076e+37
1940.07 1.6744793529544184e+37
1940.57 1.8890032575212282e+37
1941.08 3.8203545853806427e+37
1941.58 1.7311845949743586e+37
1942.08 3.816411595948489e+37
1942.58 3.8138708234451817e+37
1943.09 3.573544425141395e+37
1943.59 1.7005005331572206e+37
1944.1 3.786365468796013e+37
1944.6 3.516179648099611e+37
1945.1 3.749629780786432e+37
1945.61 3.3323446833280543e+37
1946.11 3.798887989691999e+37
1946.62 3.549252744085911e+37
1947.12 3.6840243904831274e+37
1947.63 3.727824560735024e+37
1948.13 2.179956590990615e+37
1948.64 2.93095428136982e+37
1949.14 3.7735234383073726e+37
1949.65 1.7485800688837967e+37
1950.15 3.6935335267161927e+37
1950.66 3.771807214457373e+37
1951.16 2.8527330185795286e+37
1951.67 3.7598596727903927e+37
1952.17 3.6360716516240176e+37
1952.68 1.5263743020174802e+37
1953.19 1.9247769077458712e+37
1953.69 3.5059581701462605e+37
1954.2 1.546141639900558e+37
1954.7 1.9778089850988352e+37
1955.21 2.8501066779899135e+37
1955.72 3.075816534512337e+37
1956.22 3.7050966381198198e+37
1956.73 3.665868921811379e+37
1957.24 2.6669620848135404e+37
1957.75 3.3974113141011876e+37
1958.25 3.737944802874356e+37
1958.76 1.6825060105918911e+37
1959.27 1.5511204123123142e+37
1959.78 3.083662301915247e+37
1960.29 1.524093601371007e+37
1960.79 3.3567876360042904e+37
1961.3 1.7087309655672758e+37
1961.81 2.600193418294202e+37
1962.32 2.9439516934780098e+37
1962.83 2.3541686403266206e+37
1963.33 3.4656096926646286e+37
1963.84 3.445745919307682e+37
1964.35 1.654707587396161e+37
1964.86 1.803411886855487e+37
1965.37 1.6354846760764704e+37
1965.88 3.7084659668348247e+37
1966.39 3.7141794371139225e+37
1966.9 3.471484297703582e+37
1967.41 3.712826420166917e+37
1967.92 2.874566456068422e+37
1968.43 3.2524347385283146e+37
1968.94 3.708948574230033e+37
1969.45 3.345012079479805e+37
1969.96 3.52129602492373e+37
1970.47 3.7035626726694105e+37
1970.98 3.700746708141044e+37
1971.49 3.1064670498177927e+37
1972.0 3.23538363515894e+37
1972.52 3.1757725901145665e+37
1973.03 3.6676878912607013e+37
1973.54 3.4930315109014957e+37
1974.05 3.6607395015499456e+37
1974.56 3.53317949334284e+37
1975.07 3.682270952356958e+37
1975.58 3.4148599123034514e+37
1976.1 1.7369909201321094e+37
1976.61 3.660808346913142e+37
1977.12 3.5615827515239587e+37
1977.63 3.0495003802108824e+37
1978.15 3.665838140382058e+37
1978.66 1.9089766609144581e+37
1979.17 3.170837112215465e+37
1979.69 2.785256500301868e+37
1980.2 3.5864324642229453e+37
1980.71 3.6534187510662746e+37
1981.22 3.607493320672575e+37
1981.74 3.6466864782763497e+37
1982.25 3.4790980622289175e+37
1982.77 1.7295857165092155e+37
1983.28 3.636022782317517e+37
1983.79 3.019404849562016e+37
1984.31 1.5016701401628586e+37
1984.82 2.0337138771570755e+37
1985.34 3.5015831130623482e+37
1985.85 3.4711910508061025e+37
1986.36 3.2556645950453016e+37
1986.88 2.835898706768306e+37
1987.4 1.594062195264103e+37
1987.91 1.9266825522023643e+37
1988.43 3.6089248805199243e+37
1988.94 3.600287634253292e+37
1989.46 3.0781609296162713e+37
1989.97 1.5940903221834644e+37
1990.49 3.5921445278960735e+37
1991.0 3.5956037427727915e+37
1991.52 1.5988366307018656e+37
1992.04 1.4988043365565207e+37
1992.55 3.4245839419040525e+37
1993.07 3.5514314167862434e+37
1993.58 3.480756723606317e+37
1994.1 1.7455230611597269e+37
1994.62 3.5761357616121875e+37
1995.14 2.578469063948952e+37
1995.65 1.5949551186122367e+37
1996.17 3.569601143986021e+37
1996.69 3.568522419813025e+37
1997.2 3.5259266185529702e+37
1997.72 3.307752221210667e+37
1998.24 3.1514622102675797e+37
1998.76 3.396422145844278e+37
1999.28 3.3724398822960824e+37
1999.8 2.3820138250022025e+37
2000.31 1.540724133061934e+37
2000.83 2.973690844951692e+37
2001.35 3.392992285566234e+37
2001.87 1.6742265893869493e+37
2002.39 1.9755679528475237e+37
2002.91 3.516530911441885e+37
2003.43 3.540608908156686e+37
2003.94 3.5303160398415117e+37
2004.46 3.497601464443385e+37
2004.98 3.129262217380157e+37
2005.5 2.568453636564811e+37
2006.02 2.476343504472159e+37
2006.54 3.512680700112208e+37
2007.06 3.2945668010342853e+37
2007.58 3.3452316001510266e+37
2008.1 3.521773735969596e+37
2008.62 2.468321787755512e+37
2009.14 1.6817430631925796e+37
2009.67 3.491728773150002e+37
2010.19 2.8742275216585805e+37
2010.71 2.7944603832186516e+37
2011.23 2.674117730237902e+37
2011.75 3.4998503775804986e+37
2012.27 1.7758469906911464e+37
2012.79 3.2302479532316814e+37
2013.31 1.5390987198018033e+37
2013.84 3.4342481707727007e+37
2014.36 3.415321769004688e+37
2014.88 3.484070801792621e+37
2015.4 1.9913884471305594e+37
2015.93 3.1398608127522175e+37
2016.45 3.1383963616659185e+37
2016.97 3.2951302626068897e+37
2017.49 3.0477015064016404e+37
2018.02 1.8310776076981831e+37
2018.54 3.4580327291852215e+37
2019.06 3.0437832075140564e+37
2019.58 3.4734867966928355e+37
2020.11 3.472272401121877e+37
2020.63 3.4163375599446634e+37
2021.16 3.461231881724571e+37
2021.68 3.4189692942274097e+37
2022.2 3.4397611376343e+37
2022.73 2.275003088289265e+37
2023.25 3.4640040736338174e+37
2023.78 3.3790268440721907e+37
2024.3 3.4517919289035015e+37
2024.82 3.447481918856112e+37
2025.35 3.33780046286398e+37
2025.88 2.3373251775528163e+37
2026.4 3.20001380657656e+37
2026.93 3.448274965700101e+37
2027.45 3.436611986584563e+37
2027.98 3.293248399374725e+37
2028.5 2.7737712065515018e+37
2029.03 3.4289667671519693e+37
2029.55 3.4246837004974077e+37
2030.08 2.475045745343932e+37
2030.61 3.4303175451552086e+37
2031.13 3.316358081856482e+37
2031.66 3.3836561670291414e+37
2032.19 2.7089263701358454e+37
2032.71 3.1189771243705993e+37
2033.24 3.413749044473436e+37
2033.77 2.1880221564359735e+37
2034.29 3.093415178512163e+37
2034.82 2.75935016165507e+37
2035.35 1.4995031259442632e+37
2035.88 2.507183540372245e+37
2036.4 3.3531287314692634e+37
2036.93 3.3840135949062593e+37
2037.46 1.925228269404343e+37
2037.99 1.5003737075453796e+37
2038.52 3.395808908416336e+37
2039.04 3.256977134706787e+37
2039.57 1.738424877615762e+37
2040.1 1.5117514082602901e+37
2040.63 3.030905317389797e+37
2041.16 1.523399705572062e+37
2041.69 3.3862121192160417e+37
2042.22 3.3845507274180885e+37
2042.74 3.23455769443741e+37
2043.28 3.381930669946541e+37
2043.8 3.314839612849345e+37
2044.33 3.3764306844115585e+37
2044.86 2.132794806363889e+37
2045.39 2.923444455443274e+37
2045.92 3.3601749501176586e+37
2046.45 1.5382622641358287e+37
2046.98 3.359642666932334e+37
2047.52 2.433784020714706e+37
2048.05 3.3112763720955795e+37
2048.58 3.357788526306256e+37
2049.11 3.2973937268373737e+37
2049.64 2.756059927507643e+37
2050.17 2.3362386560256364e+37
2050.7 3.3645474709409692e+37
2051.23 3.2079834632251668e+37
2051.76 3.045877326361522e+37
2052.3 3.365239044282985e+37
2052.83 2.710987649072208e+37
2053.36 3.12338142541084e+37
2053.89 3.3475529731696604e+37
2054.43 3.3543106130733803e+37
2054.96 3.3468013531084307e+37
2055.49 3.3280505735988166e+37
2056.02 3.347513259082037e+37
2056.55 1.5102955831906665e+37
2057.09 3.3267349647765333e+37
2057.62 1.671455604231955e+37
2058.16 3.169941532013224e+37
2058.69 2.3962472449318743e+37
2059.22 1.4245545259907907e+37
2059.76 2.492592441229021e+37
2060.29 1.4308875857680348e+37
2060.82 3.3303515948730873e+37
2061.36 3.13137388370795e+37
2061.89 3.2305821767818284e+37
2062.43 1.424079284775479e+37
2062.96 3.3222001334345265e+37
2063.5 3.2960744394689435e+37
2064.03 3.042026812019032e+37
2064.56 3.270187230265125e+37
2065.1 3.215430717893135e+37
2065.64 2.8165767341304777e+37
2066.17 3.312696093301823e+37
2066.71 3.3054491714272294e+37
2067.24 3.2528610774745974e+37
2067.78 3.286363044332219e+37
2068.31 3.3079336167843745e+37
2068.85 1.8032408723292522e+37
2069.39 3.265179474123153e+37
2069.92 3.3033541728068926e+37
2070.46 3.093156092901456e+37
2071.0 3.2787003604859136e+37
2071.53 3.0202187973515577e+37
2072.07 3.252876627551694e+37
2072.61 3.227367863049451e+37
2073.14 3.265174498975631e+37
2073.68 3.294782497188586e+37
2074.22 3.2899828018723823e+37
2074.76 3.159542644162391e+37
2075.29 3.2872642483676664e+37
2075.83 2.9434746058442733e+37
2076.37 3.1623511173517814e+37
2076.91 2.4343961848451326e+37
2077.45 3.2635635993569816e+37
2077.98 2.5574223894315136e+37
2078.52 2.8864303193035316e+37
2079.06 2.985685424714148e+37
2079.6 1.8818869332764123e+37
2080.14 3.2251240769870037e+37
2080.68 3.262811194859195e+37
2081.22 3.261367912659111e+37
2081.76 3.085029945819055e+37
2082.3 3.2521720943363724e+37
2082.84 3.2548314218863197e+37
2083.38 3.0960971779132103e+37
2083.92 3.1155859804891937e+37
2084.46 3.252933500667311e+37
2085.0 1.4230730796413505e+37
2085.54 2.0604875460825796e+37
2086.08 3.2332162891800227e+37
2086.62 3.143021958799417e+37
2087.16 3.212324771221636e+37
2087.7 1.6346514186921274e+37
2088.24 3.216167400824229e+37
2088.78 3.155767019424845e+37
2089.32 1.7856207278895524e+37
2089.87 2.5060240140511394e+37
2090.41 3.2232119556053086e+37
2090.95 1.5992251659873345e+37
2091.49 3.216989521405411e+37
2092.03 1.4640958965146175e+37
2092.57 2.8552584541942693e+37
2093.12 3.208614566732762e+37
2093.66 1.5666425879841636e+37
2094.2 1.8711761065743723e+37
2094.75 2.916105692028234e+37
2095.29 3.180704221753154e+37
2095.83 1.9311959969006696e+37
2096.38 1.859900171985311e+37
2096.92 2.989620013674449e+37
2097.46 3.1899241537808276e+37
2098.0 1.838381340747815e+37
2098.55 1.909337703670988e+37
2099.09 3.184108276609383e+37
2099.64 3.0771176128265825e+37
2100.18 3.1494453231697687e+37
2100.73 2.991406293826753e+37
2101.27 3.1438658992677014e+37
2101.81 2.8734947898597457e+37
2102.36 3.172390687383888e+37
2102.9 3.140289832997279e+37
2103.45 2.635185724411804e+37
2103.99 2.6415158050998274e+37
2104.54 1.3843383321965776e+37
2105.08 3.1618123633653344e+37
2105.63 1.926129535071063e+37
2106.18 3.0068937531796155e+37
2106.72 3.0358854242482954e+37
2107.27 3.155012347431749e+37
2107.81 2.8048142730841387e+37
2108.36 2.827632636643822e+37
2108.91 2.413743351100946e+37
2109.45 2.624972904291748e+37
2110.0 3.14407723129635e+37
2110.55 3.1382767853557767e+37
2111.09 3.127718188559095e+37
2111.64 3.093423832131546e+37
2112.19 3.12577777931114e+37
2112.74 3.0934918205301494e+37
2113.28 3.009533569252607e+37
2113.83 3.108804366220856e+37
2114.38 2.513441297180386e+37
2114.93 2.582657630250882e+37
2115.48 2.7095163295380054e+37
2116.02 3.1246040872488415e+37
2116.57 3.123073874201018e+37
2117.12 2.5612245223491045e+37
2117.67 3.1197041981348088e+37
2118.22 2.3835943221792915e+37
2118.77 3.099688119498973e+37
2119.32 2.024525631991182e+37
2119.87 3.109514184412091e+37
2120.42 2.8902008424532187e+37
2120.97 2.260177081668254e+37
2121.51 2.943646582271609e+37
2122.06 2.8998309719181684e+37
2122.61 3.1036777710101873e+37
2123.17 2.6648236939405206e+37
2123.72 3.0555740539402216e+37
2124.26 1.713994109853038e+37
2124.82 2.658554583848931e+37
2125.37 3.0126070867733727e+37
2125.92 2.718214438929037e+37
2126.47 3.0871699890002603e+37
2127.02 3.0845098869738394e+37
2127.57 3.0740809168171615e+37
2128.12 2.4110811004465805e+37
2128.67 3.0397785354789984e+37
2129.23 3.0466222761907694e+37
2129.78 3.059924432944154e+37
2130.33 2.2461173253095403e+37
2130.88 3.062092556270535e+37
2131.43 2.9578341825317354e+37
2131.99 3.0529382165760237e+37
2132.54 2.851293722522727e+37
2133.09 3.048844721508254e+37
2133.65 3.0387088792990175e+37
2134.2 3.040434081562609e+37
2134.75 3.029755229313147e+37
2135.3 3.034912520852723e+37
2135.86 3.0310245705085404e+37
2136.41 3.0342298185238855e+37
2136.97 2.0510038796792912e+37
2137.52 2.9653594836947905e+37
2138.07 1.656619115131594e+37
2138.63 2.721997682542147e+37
2139.18 3.0255063319079874e+37
2139.74 2.8758277630386484e+37
2140.29 2.9493503048137565e+37
2140.84 3.0245897079153104e+37
2141.4 2.799508572751307e+37
2141.96 2.5514712692567374e+37
2142.51 3.001903702165533e+37
2143.06 2.9823469471966424e+37
2143.62 2.5956397477874814e+37
2144.18 1.6273691075934538e+37
2144.73 2.929693572127398e+37
2145.29 2.7914770815049876e+37
2145.84 3.0133352240304658e+37
2146.4 2.793079841363798e+37
2146.96 2.2411792925712276e+37
2147.51 3.0087352572092075e+37
2148.07 2.9989086505406583e+37
2148.63 1.9821620482820316e+37
2149.18 2.878490766734877e+37
2149.74 2.99441015473521e+37
2150.3 2.875512268590694e+37
2150.85 2.999241964262753e+37
2151.41 2.9110494623081394e+37
2151.97 2.9970395486993304e+37
2152.53 1.5479091064310404e+37
2153.08 2.913775561669793e+37
2153.64 2.990047644984817e+37
2154.2 2.9909900542709905e+37
2154.76 2.9145616539676396e+37
2155.32 2.925828214668591e+37
2155.88 2.985613728751048e+37
2156.44 2.9493502548302977e+37
2156.99 2.907363226233923e+37
2157.55 2.97706306887227e+37
2158.11 2.9664326050060364e+37
2158.67 2.800102593921107e+37
2159.23 1.8338570698959732e+37
2159.79 2.873175712182619e+37
2160.35 2.8932729524430384e+37
2160.91 2.962415608330901e+37
2161.47 2.909021412263486e+37
2162.03 1.9541569588254243e+37
2162.59 2.6575434218995104e+37
2163.15 2.948920101623146e+37
2163.71 2.4698993755039176e+37
2164.27 2.946814382472024e+37
2164.83 2.87237050254559e+37
2165.4 2.942517812473837e+37
2165.96 2.6810395047037635e+37
2166.52 2.9349128057479945e+37
2167.08 2.897650575729493e+37
2167.64 1.5177114015752635e+37
2168.2 2.9326874888550447e+37
2168.76 2.603340752791818e+37
2169.33 2.90906811097454e+37
2169.89 2.9225425107214e+37
2170.45 2.392828444960451e+37
2171.01 2.9200959726119383e+37
2171.58 2.683295405710781e+37
2172.14 2.917772900510545e+37
2172.7 2.89043367922266e+37
2173.27 2.9143657812471753e+37
2173.83 2.877044911707911e+37
2174.39 2.7230540666825953e+37
2174.96 2.777528400709925e+37
2175.52 2.830544405644713e+37
2176.08 2.891810299627682e+37
2176.65 2.8856013090986764e+37
2177.21 2.897988566361135e+37
2177.78 2.8968824178599204e+37
2178.34 2.892972599610813e+37
2178.91 2.8940511343020387e+37
2179.47 2.833839800065346e+37
2180.03 2.743431362535247e+37
2180.6 2.8716889220139303e+37
2181.17 1.6070068617255114e+37
2181.73 2.881420913619632e+37
2182.3 2.879961739116008e+37
2182.86 2.8478118396248406e+37
2183.43 2.603291093758564e+37
2183.99 2.8752033810923825e+37
2184.56 2.6888855183001304e+37
2185.12 2.870356347540728e+37
2185.69 2.299594584614231e+37
2186.26 2.4543350382957335e+37
2186.82 2.859643517271703e+37
2187.39 2.6652132337112395e+37
2187.96 2.864516980735173e+37
2188.53 2.654624369463864e+37
2189.09 2.832590310046253e+37
2189.66 2.842615923753189e+37
2190.23 2.8607784980353557e+37
2190.79 2.4163810699776e+37
2191.36 2.5983706261539315e+37
2191.93 2.1641239396258825e+37
2192.5 2.857000860638129e+37
2193.07 2.8567829843182767e+37
2193.64 2.8011553830900186e+37
2194.21 2.7353211266366834e+37
2194.77 2.8536251975216673e+37
2195.34 2.825062893166172e+37
2195.91 2.8393589057078745e+37
2196.48 2.613713532095886e+37
2197.05 2.8366780832186163e+37
2197.62 2.839838504794959e+37
2198.19 2.8292024292580044e+37
2198.76 2.831740804546274e+37
2199.33 2.3401759831877846e+37
2199.9 2.7911324263437296e+37
2200.47 2.830644588464315e+37
2201.04 2.8030084447301354e+37
2201.61 2.773733429852103e+37
2202.18 2.66106007580135e+37
2202.75 2.762320237892713e+37
2203.32 2.8050932064834614e+37
2203.89 2.35618032180623e+37
2204.46 2.5286636505459554e+37
2205.03 2.792024589221757e+37
2205.61 2.8092393229826045e+37
2206.18 2.7979697001100414e+37
2206.75 2.7923595452239947e+37
2207.32 2.783863304416699e+37
2207.89 2.7989090668493806e+37
2208.47 2.7501813250331713e+37
2209.04 2.781792182179757e+37
2209.61 1.4886581014443538e+37
2210.18 2.78883669718738e+37
2210.76 2.3244348932435397e+37
2211.33 2.7009348884366957e+37
2211.9 2.7251042734200145e+37
2212.48 2.776027409636806e+37
2213.05 2.630904675439622e+37
2213.62 2.7731459815370653e+37
2214.2 2.7696697752226453e+37
2214.77 2.7448008580490735e+37
2215.34 2.477206270154814e+37
2215.92 2.3736165550724696e+37
2216.49 2.6480070110955267e+37
2217.07 2.729139900842439e+37
2217.64 2.738497572497791e+37
2218.22 2.2579881536154565e+37
2218.79 2.681617809646321e+37
2219.37 2.461351446324536e+37
2219.94 2.74602276071445e+37
2220.52 2.7380948508697874e+37
2221.09 2.673985152691147e+37
2221.67 2.7359151103424593e+37
2222.25 2.7377818827638873e+37
2222.82 2.707640211148967e+37
2223.4 2.7334470044895143e+37
2223.97 2.7299588146451094e+37
2224.55 2.7286105172904367e+37
2225.13 2.7245034271320394e+37
2225.7 2.6440367730501975e+37
2226.28 2.717911423711503e+37
2226.86 2.724515613557637e+37
2227.43 2.0997951719703226e+37
2228.01 2.605455952011751e+37
2228.59 2.447712239885853e+37
2229.17 2.556915512441582e+37
2229.74 2.7183246151971554e+37
2230.32 2.6765990106410956e+37
2230.9 2.7015984128749918e+37
2231.48 2.72013394619693e+37
2232.06 2.7124143547875728e+37
2232.64 2.6996185500966707e+37
2233.21 2.3626718860113626e+37
2233.79 2.6970237980208715e+37
2234.37 2.250535808397869e+37
2234.95 2.703863389939087e+37
2235.53 2.7146619157457045e+37
2236.11 2.7125608227339285e+37
2236.69 1.9071849872238965e+37
2237.27 2.7071638509018376e+37
2237.85 2.6952833465386934e+37
2238.43 2.4932565807784594e+37
2239.01 2.4790991964609734e+37
2239.59 2.6962679772554983e+37
2240.17 2.6572654261322467e+37
2240.75 2.691218398412873e+37
2241.33 2.687966138260864e+37
2241.91 2.685328234149775e+37
2242.49 2.671419242655305e+37
2243.07 2.6801105496507476e+37
2243.66 2.677489816689582e+37
2244.24 2.5847118111639534e+37
2244.82 2.0589484088292196e+37
2245.4 2.6557004561836937e+37
2245.98 2.668073860846641e+37
2246.56 2.606892717763186e+37
2247.15 2.662756401423934e+37
2247.73 2.661594630713045e+37
2248.31 2.5281830750883236e+37
2248.89 2.6400277769756364e+37
2249.48 2.635049798763391e+37
2250.06 2.652363406421393e+37
2250.64 2.6352397376040723e+37
2251.23 2.647790086173316e+37
2251.81 2.523127220511018e+37
2252.39 2.634193344134633e+37
2252.98 2.1083545146759444e+37
2253.56 2.5220516813308885e+37
2254.15 2.6372545491891083e+37
2254.73 2.6315326330778266e+37
2255.31 2.6336416886127434e+37
2255.9 2.6178439697622305e+37
2256.48 2.5884843282665386e+37
2257.07 2.6288703980018597e+37
2257.65 2.628267581397621e+37
2258.24 2.1042491184047776e+37
2258.82 2.5688540839828384e+37
2259.41 2.494278761719228e+37
2260.0 2.6185542190515666e+37
2260.58 2.5849054273924304e+37
2261.17 2.4035149785522533e+37
2261.75 2.6175591381236657e+37
2262.34 1.6089962908950274e+37
2262.93 2.6156973317163575e+37
2263.51 2.571352036843968e+37
2264.1 2.593036726790524e+37
2264.69 2.6112946821624945e+37
2265.27 2.5930926495028667e+37
2265.86 2.5426437739159504e+37
2266.45 2.6078581194871146e+37
2267.03 2.605599614855964e+37
2267.62 2.6055575342438856e+37
2268.21 2.1150361260668832e+37
2268.8 2.6020779795758e+37
2269.39 2.6021001808852947e+37
2269.97 2.5715458000406044e+37
2270.56 2.599569663730747e+37
2271.15 2.59809868437277e+37
2271.74 2.583526666174843e+37
2272.33 2.560720538824966e+37
2272.92 2.591899170607688e+37
2273.51 2.592338128556232e+37
2274.09 2.214619388757504e+37
2274.68 2.592019928941801e+37
2275.27 2.5906713298271433e+37
2275.86 2.5510882980331444e+37
2276.45 2.5773452743335334e+37
2277.04 2.3429768145437996e+37
2277.63 2.3108988075092933e+37
2278.22 2.2891312595327553e+37
2278.81 2.5828108224476566e+37
2279.41 2.5451967709188417e+37
2280.0 2.572327694683272e+37
2280.59 2.570340543301044e+37
2281.18 2.574975386201099e+37
2281.77 2.56412440688294e+37
2282.36 2.57465777869661e+37
2282.95 2.5690038394649254e+37
2283.54 2.571506675330408e+37
2284.14 2.556381259692573e+37
2284.73 2.5617558249024514e+37
2285.32 2.532432145047719e+37
2285.91 2.5653165290624653e+37
2286.5 2.56111033938755e+37
2287.1 2.515894065572006e+37
2287.69 2.1221770772789624e+37
2288.28 2.5430388276677464e+37
2288.88 2.5519688021982e+37
2289.47 2.5482357238572393e+37
2290.06 2.455193150918297e+37
2290.66 2.538453038875925e+37
2291.25 2.4742203777630606e+37
2291.84 2.5345266690791354e+37
2292.44 2.449976544607986e+37
2293.03 2.518302004597228e+37
2293.63 2.4637887558092307e+37
2294.22 2.5013737139568912e+37
2294.81 2.467061788613522e+37
2295.41 2.4958968539059086e+37
2296.0 2.491955220383591e+37
2296.6 1.8493400814337868e+37
2297.2 2.385512962693774e+37
2297.79 1.4067734642235892e+37
2298.39 2.541150064237933e+37
2298.98 2.493809592033499e+37
2299.58 2.446340764093518e+37
2300.17 2.5200533833146247e+37
2300.77 2.4954938386216987e+37
2301.37 2.5033701959217633e+37
2301.96 2.5097003880994376e+37
2302.56 2.4940986345653106e+37
2303.16 2.4838892419291323e+37
2303.75 2.179935272787967e+37
2304.35 2.500183498039867e+37
2304.95 2.496183798432896e+37
2305.54 2.4954249412314407e+37
2306.14 2.493049098707042e+37
2306.74 2.468542812400571e+37
2307.34 2.246156824189612e+37
2307.94 2.483513326089634e+37
2308.53 2.4739420813852443e+37
2309.13 2.477397448738939e+37
2309.73 2.480243648398637e+37
2310.33 2.477193925942396e+37
2310.93 2.470722782829172e+37
2311.53 2.4659568247922875e+37
2312.13 2.465840151104415e+37
2312.73 2.4694051617447984e+37
2313.32 2.368613170738506e+37
2313.93 2.077109590390159e+37
2314.52 2.439772457281987e+37
2315.12 2.458842658315799e+37
2315.72 2.45593603439146e+37
2316.32 1.9696291646005215e+37
2316.93 2.3527524772964264e+37
2317.52 2.352507669946637e+37
2318.13 2.4103876457787246e+37
2318.73 2.412055214257813e+37
2319.33 2.4259304741024156e+37
2319.93 1.5283451797505878e+37
2320.53 2.4172201988815858e+37
2321.13 2.416241485313432e+37
2321.73 2.4118220370750183e+37
2322.33 2.182599799352759e+37
2322.94 1.9693947276302215e+37
2323.54 2.3944331215444903e+37
2324.14 2.389113574641846e+37
2324.74 2.3258342072371756e+37
2325.35 2.382202179045659e+37
2325.95 2.3879827085539647e+37
2326.55 2.346476505075126e+37
2327.16 2.3883612573009896e+37
2327.76 2.1987577444930457e+37
2328.36 1.9327826135949785e+37
2328.97 2.3892552577435342e+37
2329.57 2.391146687418303e+37
2330.17 2.383209890316919e+37
2330.78 2.339637896446583e+37
2331.38 2.3312283038117287e+37
2331.98 1.9305445980447807e+37
2332.59 2.390220664814668e+37
2333.19 1.8637793858171433e+37
2333.8 2.328375398801355e+37
2334.4 2.3877564158319843e+37
2335.01 2.311939721859586e+37
2335.61 2.38017495080694e+37
2336.22 2.3900796010004744e+37
2336.82 2.389280763243499e+37
2337.43 2.0277880618973564e+37
2338.03 2.3850013699856024e+37
2338.64 2.219110931218557e+37
2339.25 2.243245041823889e+37
2339.85 2.303528884477355e+37
2340.46 2.3486396992996766e+37
2341.07 2.155790623468055e+37
2341.67 2.3659227066052327e+37
2342.28 2.364698067833378e+37
2342.89 2.3689695560526703e+37
2343.5 2.3611105803035177e+37
2344.1 2.3224720554992194e+37
2344.71 2.3381968481667976e+37
2345.32 2.355319676139627e+37
2345.93 2.3462735928038065e+37
2346.53 2.360472822375636e+37
2347.14 2.3493424462687766e+37
2347.75 2.029120608548439e+37
2348.36 2.336840812463189e+37
2348.97 2.2452729292975778e+37
2349.58 2.357996726521642e+37
2350.19 2.356336980594369e+37
2350.79 2.3543797087062717e+37
2351.4 2.3533531029084326e+37
2352.01 2.32739093136664e+37
2352.62 2.355356789120589e+37
2353.23 2.2348275429360754e+37
2353.84 2.354324183659758e+37
2354.45 2.054988519256488e+37
2355.06 2.2847792608606327e+37
2355.67 2.329683586692974e+37
2356.28 2.347291841583965e+37
2356.89 2.334560678862666e+37
2357.5 2.342490545856612e+37
2358.12 2.304215720897697e+37
2358.73 2.284089380463957e+37
2359.34 2.334394326796935e+37
2359.95 2.3169359243979444e+37
2360.56 2.3275341141783606e+37
2361.17 2.3065689519999877e+37
2361.78 2.3137070264258586e+37
2362.4 2.316987518022611e+37
2363.01 2.289315694459811e+37
2363.62 2.2956656864079813e+37
2364.24 2.248366682566515e+37
2364.85 2.3108670082247506e+37
2365.46 2.284843983397349e+37
2366.07 2.254029808031374e+37
2366.69 2.078106935815492e+37
2367.3 2.288442319928762e+37
2367.91 2.302878625099438e+37
2368.53 2.3032789125446855e+37
2369.14 2.300868237723858e+37
2369.76 2.275380810146217e+37
2370.37 2.299018032218936e+37
2370.98 2.232723165861127e+37
2371.6 1.9950505943937148e+37
2372.21 2.296291748615453e+37
2372.83 2.2941040966689266e+37
2373.44 2.2927032117597735e+37
2374.06 2.29336390843404e+37
2374.67 1.7919890718568318e+37
2375.29 2.2920420226863134e+37
2375.91 2.2477031743548846e+37
2376.52 2.2717290773115e+37
2377.14 2.0433285176455863e+37
2377.75 2.282187732852052e+37
2378.37 2.279690235575946e+37
2378.99 2.2684126927580444e+37
2379.6 2.2686844572355616e+37
2380.22 2.2723998409445836e+37
2380.83 2.2304171213775477e+37
2381.45 2.230313048640393e+37
2382.07 2.2649800152695e+37
2382.69 2.1074711715001445e+37
2383.3 2.240309272631764e+37
2383.92 2.2108176620299223e+37
2384.54 2.2517232100044982e+37
2385.16 2.142358568363127e+37
2385.78 2.2450342184509858e+37
2386.4 2.1823679558991585e+37
2387.01 2.0572592671658004e+37
2387.63 2.251079564902579e+37
2388.25 2.249836606890054e+37
2388.87 2.250360666023758e+37
2389.49 2.217421720237269e+37
2390.11 2.1354801766547065e+37
2390.73 2.249197245936131e+37
2391.35 2.247895110595699e+37
2391.97 2.23739456209733e+37
2392.59 2.24754910521717e+37
2393.21 2.243204287172267e+37
2393.83 2.2469113619428186e+37
2394.45 2.164442666389791e+37
2395.07 2.2446119836233993e+37
2395.69 2.2423783841590955e+37
2396.31 2.0688351940808696e+37
2396.93 2.2345212122560315e+37
2397.55 2.158203026257896e+37
2398.17 2.2356677311475854e+37
2398.79 2.101173307193445e+37
2399.42 2.2192952226443943e+37
2400.04 2.162854642232635e+37
2400.66 2.2095326262791484e+37
2401.28 2.2253701465879263e+37
2401.91 2.2193255044277917e+37
2402.53 2.1118311463103154e+37
2403.15 2.0112232955396747e+37
2403.77 2.2141655859450645e+37
2404.4 2.042055713452395e+37
2405.02 2.210467762785118e+37
2405.64 2.0569031264935613e+37
2406.27 2.2103690151519285e+37
2406.89 2.203962871052673e+37
2407.51 2.1932743233526074e+37
2408.14 2.1677890309130005e+37
2408.76 2.1305592673874147e+37
2409.39 2.1988270461137115e+37
2410.01 1.9883868810763007e+37
2410.64 2.202686633877535e+37
2411.26 2.0890137834129195e+37
2411.89 2.1706225813099607e+37
2412.51 2.197216830991754e+37
2413.14 2.195130623904213e+37
2413.76 2.1968272422616596e+37
2414.39 2.1540435624367e+37
2415.01 2.1953760096197414e+37
2415.64 2.19233391612918e+37
2416.26 2.1940791146247185e+37
2416.89 2.163503860535355e+37
2417.52 2.1871980731866563e+37
2418.14 2.191860487733177e+37
2418.77 2.1906355191761926e+37
2419.4 1.535190924318097e+37
2420.02 2.1897933057961057e+37
2420.65 2.1879664167540475e+37
2421.28 2.154997778843308e+37
2421.91 2.156189733540177e+37
2422.53 2.186840279836779e+37
2423.16 2.1833277533350856e+37
2423.79 2.1534473403559354e+37
2424.42 2.0450474255280398e+37
2425.05 2.169237940713509e+37
2425.68 2.1821371117400223e+37
2426.3 2.174283840764895e+37
2426.93 2.175911840037957e+37
2427.56 2.176285282243123e+37
2428.19 2.1743365694956636e+37
2428.82 2.172271925013494e+37
2429.45 2.1013647187461047e+37
2430.08 2.1515637824874382e+37
2430.71 2.1452480146761643e+37
2431.34 2.1642933415336817e+37
2431.97 2.0430695774263313e+37
2432.6 2.1603080133936723e+37
2433.23 2.1580307942638147e+37
2433.86 2.0491157235192708e+37
2434.49 2.150621133011772e+37
2435.12 2.1364082241975386e+37
2435.75 2.121906542706957e+37
2436.39 2.151670489846669e+37
2437.02 2.1481466486739184e+37
2437.65 2.150554442266486e+37
2438.28 2.130703097104889e+37
2438.91 1.483549319162984e+37
2439.54 2.144146731930314e+37
2440.18 2.1419156997381946e+37
2440.81 2.1079435247063241e+37
2441.44 2.1201322040290046e+37
2442.07 2.1249514012481922e+37
2442.71 2.1459565135187953e+37
2443.34 2.145891923356249e+37
2443.97 2.1346093259265866e+37
2444.61 2.144736174405259e+37
2445.24 2.0722010926064643e+37
2445.88 2.1272290370968903e+37
2446.51 2.1085638415889215e+37
2447.14 2.1253932985894488e+37
2447.78 2.1319925761181207e+37
2448.41 2.1225387849716777e+37
2449.05 1.8865057045658097e+37
2449.68 2.131395766900075e+37
2450.32 1.9598611004744707e+37
2450.95 2.1216182649652941e+37
2451.59 2.126152947272128e+37
2452.22 2.1235983690999288e+37
2452.86 2.1226627961895347e+37
2453.49 2.1208935633795424e+37
2454.13 2.119081843232138e+37
2454.76 2.1141534328577472e+37
2455.4 2.101777121572088e+37
2456.04 2.1097093774921997e+37
2456.67 2.1070397884437313e+37
2457.31 2.0546898405378518e+37
2457.95 2.1106610495553836e+37
2458.58 2.1071087387021836e+37
2459.22 2.1079735519095722e+37
2459.86 2.1023512387782427e+37
2460.5 2.0776902819384473e+37
2461.14 2.0729104866673815e+37
2461.77 1.976638026901791e+37
2462.41 2.0970537524839675e+37
2463.05 2.0967085080746935e+37
2463.69 1.9078987434063191e+37
2464.33 2.097371215903306e+37
2464.96 2.0960101053838558e+37
2465.6 2.0767160532462025e+37
2466.24 2.0915172639670722e+37
2466.88 2.0888191702462728e+37
2467.52 2.0597653182793892e+37
2468.16 2.0746846375133134e+37
2468.8 2.0847684457457838e+37
2469.44 2.083131921368824e+37
2470.08 2.065145765142561e+37
2470.72 2.0779044626159046e+37
2471.36 2.059014164916715e+37
2472.0 2.0750254057001428e+37
2472.64 2.050874418312755e+37
2473.28 1.9830707172817575e+37
2473.92 2.068528003582425e+37
2474.56 2.0633431612283397e+37
2475.21 2.0667602717251136e+37
2475.85 2.0522635818352047e+37
2476.49 2.0657521321416693e+37
2477.13 2.064370512996859e+37
2477.77 2.064648417532183e+37
2478.42 2.0506741400072754e+37
2479.06 2.0472693945662346e+37
2479.7 2.0604171900894786e+37
2480.34 2.0614065075017088e+37
2480.99 2.0458696015987615e+37
2481.63 2.0288586096067656e+37
2482.27 1.9733193485667157e+37
2482.92 2.0329620527309156e+37
2483.56 2.051222965014148e+37
2484.2 2.0476368612489316e+37
2484.85 2.0421312487324583e+37
2485.49 2.0494659359617835e+37
2486.14 2.0527668677126972e+37
2486.78 2.0525261446575207e+37
2487.42 2.0516723276555662e+37
2488.07 2.043902721389907e+37
2488.71 1.9306070899136243e+37
2489.36 2.0454962986484685e+37
2490.0 2.0441282757979815e+37
2490.65 2.0377924433723956e+37
2491.29 2.0378343357515575e+37
2491.94 2.0396147903390347e+37
2492.59 2.0376930444776706e+37
2493.23 2.0289456331596117e+37
2493.88 1.9750487839292372e+37
2494.52 2.0312343241834722e+37
2495.17 2.0316488504595763e+37
2495.82 2.0314637131942013e+37
2496.47 2.0279156972000754e+37
2497.11 2.027163520440717e+37
2497.76 1.9442566841165e+37
2498.41 2.029448319195664e+37
2499.05 1.995248328364534e+37
2499.7 1.9773816148607294e+37
