WAVE FLUX
1000.04 1.74108219563468e+38
1000.53 1.3760176958609718e+38
1001.02 9.01640515009074e+37
1001.51 1.6741260158347125e+38
1002.01 1.5790111063189268e+38
1002.5 1.3817629248018556e+38
1002.99 1.3719387438332629e+38
1003.48 1.752631508903084e+38
1003.97 1.731350733981602e+38
1004.46 1.7502151383223775e+38
1004.96 1.7427433026227043e+38
1005.45 1.1902994430095947e+38
1005.94 7.538829676384952e+37
1006.43 1.7044016175439993e+38
1006.93 1.1074624103982915e+38
1007.42 1.7053599947990216e+38
1007.92 1.643912399421312e+38
1008.41 1.6607503894816446e+38
1008.91 1.1658177394046481e+38
1009.4 1.7005896781621455e+38
1009.9 4.022239495652242e+37
1010.39 5.397673970171564e+37
1010.89 1.6982143832434933e+38
1011.38 1.6469115949856432e+38
1011.88 1.6642313699526357e+38
1012.37 6.346156419137072e+37
1012.87 1.1959389714293057e+38
1013.37 1.6504154802467363e+38
1013.86 1.6445512333086083e+38
1014.36 1.6054446083710908e+38
1014.86 1.616616100887754e+38
1015.36 1.6513115308860433e+38
1015.85 1.110600134606926e+38
1016.35 1.2457539780487786e+38
1016.85 1.635000648165673e+38
1017.35 1.1840597598397473e+38
1017.85 1.5302669827158252e+38
1018.35 3.995357595473056e+37
1018.85 1.6152790386533578e+38
1019.35 1.3799727335935727e+38
1019.85 5.242570172614096e+37
1020.35 1.4656708974567937e+38
1020.85 1.5712062028321453e+38
1021.35 1.2907560913687847e+38
1021.85 1.5375545649983595e+38
1022.35 1.5850462170357596e+38
1022.85 6.61238565239569e+37
1023.35 1.5746798212474543e+38
1023.85 1.5522765716157126e+38
1024.35 1.5444734473009314e+38
1024.86 1.5245690260057064e+38
1025.36 7.665404149493478e+37
1025.86 8.092715471811512e+36
1026.37 1.1149503314180416e+38
1026.87 9.885974829681248e+37
1027.37 1.3964466773721824e+38
1027.88 1.4559134188699535e+38
1028.38 1.2977033305231873e+38
1028.89 1.4029334613425998e+38
1029.39 1.2869635724644659e+38
1029.9 6.567428752803068e+37
1030.4 1.113170623513511e+38
1030.91 2.753131213789282e+37
1031.41 1.072843494313135e+38
1031.92 1.3590933637204151e+38
1032.42 1.2726369401782312e+38
1032.93 1.5584196281639017e+38
1033.44 1.0832762022227387e+38
1033.94 6.755563442150819e+37
1034.45 1.2450612594239175e+38
1034.96 1.330628913863809e+38
1035.46 4.655154629230262e+37
1035.97 9.758809593132008e+37
1036.48 1.1825367629900464e+38
1036.99 3.398902516829669e+37
1037.5 7.373355827781215e+37
1038.01 1.2055913393987517e+38
1038.51 1.568402491404697e+38
1039.02 1.4528516562074566e+38
1039.53 1.324634840258057e+38
1040.04 1.2765619403208085e+38
1040.55 1.2858653364428982e+38
1041.06 1.6289757449099034e+38
1041.57 1.5487382245483836e+38
1042.08 1.6333042745517503e+38
1042.59 1.5975287918300467e+38
1043.11 1.6644613502296536e+38
1043.62 1.6660642196222918e+38
1044.13 1.6718036329018476e+38
1044.64 1.6385743883561175e+38
1045.15 1.582868828855887e+38
1045.67 1.6443117063827205e+38
1046.18 1.5934055188944563e+38
1046.69 1.6715039383812999e+38
1047.2 1.6709152843636888e+38
1047.72 1.677173750066707e+38
1048.23 1.64312004842505e+38
1048.75 1.6802641576954263e+38
1049.26 1.6676312370572359e+38
1049.78 1.564870117877891e+38
1050.29 1.6169195980226706e+38
1050.81 1.563386360154399e+38
1051.32 1.3368786772324606e+38
1051.83 1.6553476716936156e+38
1052.35 1.5674624201275237e+38
1052.87 1.567663215734709e+38
1053.38 1.6484075452008575e+38
1053.9 1.6635896403538433e+38
1054.42 1.6681109362748873e+38
1054.93 1.6750550639965685e+38
1055.45 7.414226142905923e+37
1055.97 1.5864623025278469e+38
1056.49 1.6559592157178739e+38
1057.01 1.6302966231472338e+38
1057.52 1.4372680979941025e+38
1058.04 1.6526752034766175e+38
1058.56 1.2455244757175984e+38
1059.08 1.3509877578514399e+38
1059.6 1.6109492739864628e+38
1060.12 1.2153766460424557e+38
1060.64 1.5746289757750216e+38
1061.16 6.43879658803513e+37
1061.68 4.587921041882315e+37
1062.2 1.4518386773194036e+38
1062.72 4.0515628728917863e+37
1063.24 9.715580986310189e+37
1063.76 1.611314859122584e+38
1064.28 1.442645122811446e+38
1064.81 1.5824221696048282e+38
1065.33 1.6117322619680403e+38
1065.85 8.10757814187959e+37
1066.37 1.4985029132379616e+38
1066.9 1.6180550403603854e+38
1067.42 1.4547008757859895e+38
1067.94 1.3959222566147083e+38
1068.47 1.502163823178655e+38
1068.99 4.743430846869256e+37
1069.52 1.199850696810566e+38
1070.04 1.5467130297633768e+38
1070.56 5.916201703651155e+37
1071.09 1.5731767330331656e+38
1071.61 1.5702151124326622e+38
1072.14 1.3403132666026717e+38
1072.67 1.5089225109743236e+38
1073.19 1.5024476985415063e+38
1073.72 1.2538524296234154e+38
1074.24 1.4489652418304736e+38
1074.77 1.553220439499512e+38
1075.3 1.5433594084587907e+38
1075.82 1.597372208497806e+38
1076.35 1.5742265624035299e+38
1076.88 1.5806911465856009e+38
1077.41 1.5999985477003418e+38
1077.94 1.1065383800315368e+38
1078.47 1.5943308354973302e+38
1078.99 1.5831204878771144e+38
1079.52 1.2929935866367228e+38
1080.05 1.5792667971863119e+38
1080.58 1.5781168329830548e+38
1081.11 1.5707767634095116e+38
1081.64 1.5758901240890955e+38
1082.17 1.5668769431949924e+38
1082.7 1.5368723378150868e+38
1083.23 8.045705955768258e+37
1083.77 1.4766519144126457e+38
1084.3 1.5017299464501577e+38
1084.83 1.0755039459050523e+38
1085.36 1.4801965059335543e+38
1085.89 1.4856614097492075e+38
1086.43 1.3563918010287565e+38
1086.96 1.5217077052258702e+38
1087.49 1.518531289314447e+38
1088.02 9.708124193112332e+37
1088.56 1.4548414005395597e+38
1089.09 6.41241342812515e+37
1089.63 5.314043934956219e+37
1090.16 1.2777910620615483e+38
1090.69 1.5353639386721038e+38
1091.23 1.5536330239866023e+38
1091.77 1.4262975631374445e+38
1092.3 1.5028654119593682e+38
1092.84 1.5403603247695974e+38
1093.37 1.0436526779531733e+38
1093.91 1.5700213061352088e+38
1094.44 1.5501087254878126e+38
1094.98 1.5564316003399429e+38
1095.52 7.790958094503795e+37
1096.06 1.3824699819073823e+38
1096.59 4.694890710104853e+37
1097.13 1.5584083253814353e+38
1097.67 5.260517518512008e+37
1098.21 6.456447123824938e+37
1098.74 1.5514725839332502e+38
1099.28 1.5508479431753422e+38
1099.82 1.4618698298391791e+38
1100.36 1.5508368631513669e+38
1100.9 1.5567584206257423e+38
1101.44 1.3265520280500129e+38
1101.98 1.5451978779345936e+38
1102.52 1.5417957087641192e+38
1103.06 1.4401573596347898e+38
1103.6 1.4787978782927877e+38
1104.15 7.611977175935636e+37
1104.69 1.4649304003923892e+38
1105.23 1.5305332871128432e+38
1105.77 1.4628638997655882e+38
1106.31 1.5237466476280967e+38
1106.85 1.4593810665367906e+38
1107.4 1.4222452014144165e+38
1107.94 1.2816835966451375e+38
1108.48 3.82419960289004e+37
1109.03 1.4394413860533649e+38
1109.57 1.486595914409964e+38
1110.11 1.406558043281818e+38
1110.66 1.5027688614136526e+38
1111.2 1.371240475781752e+38
1111.75 1.4943236838505098e+38
1112.29 1.352704037856845e+38
1112.84 1.5017821159497494e+38
1113.39 1.5081629386105992e+38
1113.93 1.4805278350506173e+38
1114.48 1.4791386172401925e+38
1115.02 1.4860665003827624e+38
1115.57 1.4713988172494016e+38
1116.12 1.4386297726339493e+38
1116.67 1.0568222700920339e+38
1117.21 1.3279935120332765e+38
1117.76 1.493219722536962e+38
1118.31 1.4693196112360387e+38
1118.86 1.5008489373881041e+38
1119.41 9.735581799490013e+37
1119.95 1.4985917352494892e+38
1120.5 1.4961994951554247e+38
1121.05 1.4321617753673402e+38
1121.6 1.471972483552579e+38
1122.15 1.4870190490441269e+38
1122.7 1.484576663921349e+38
1123.25 1.4574167466267893e+38
1123.8 5.153948126480994e+37
1124.36 1.3392826505425967e+38
1124.91 3.726043613858314e+37
1125.46 1.3689697521325773e+38
1126.01 1.4304453197500675e+38
1126.56 1.3984346511149432e+38
1127.11 1.3812221965014019e+38
1127.67 1.3823781730878888e+38
1128.22 4.801223739752405e+37
1128.77 3.6600356136486654e+37
1129.33 1.3707256005718414e+38
1129.88 1.1288195068597814e+38
1130.44 3.8178263481320415e+37
1130.99 1.424555920047369e+38
1131.54 1.4765277067587802e+38
1132.1 1.4856848871140692e+38
1132.65 1.4746140788060139e+38
1133.21 1.4772362162109946e+38
1133.77 1.4671123180865453e+38
1134.32 1.4229744340210049e+38
1134.88 1.2806003095728664e+38
1135.43 1.4356469953929592e+38
1135.99 1.478419926099411e+38
1136.55 1.4419040326684021e+38
1137.1 1.4279025099187015e+38
1137.66 1.4637822362592203e+38
1138.22 1.4627244326382929e+38
1138.78 1.4314145476114213e+38
1139.34 5.104202463148819e+37
1139.9 8.762073323088046e+37
1140.45 1.3626790630981906e+38
1141.01 1.4442908701022376e+38
1141.57 4.9479098654045315e+37
1142.13 1.4487670070850287e+38
1142.69 1.4520367869975838e+38
1143.25 1.4101168088563415e+38
1143.81 1.409320777751532e+38
1144.38 6.8555059217707395e+37
1144.94 5.476841633423979e+37
1145.5 1.446621776496609e+38
1146.06 1.4444475621013073e+38
1146.62 1.4356762650344832e+38
1147.18 1.4096371397251267e+38
1147.75 1.4312340266170934e+38
1148.31 1.3831202091753782e+38
1148.87 1.401099598839877e+38
1149.44 1.4402661155502631e+38
1150.0 1.3599169391717644e+38
1150.0 1.3599169391717644e+38
1150.3 1.3860791210504897e+38
1150.6 1.4339100945198635e+38
1150.89 1.1220618559448644e+38
1151.19 1.2673012620442433e+38
1151.49 1.4401279267140508e+38
1151.79 1.435902168094085e+38
1152.09 1.3892959733550779e+38
1152.39 1.4200534716811829e+38
1152.69 1.3377098341260514e+38
1152.98 1.4050577092307217e+38
1153.28 1.3742900564004512e+38
1153.58 1.2905007798701481e+38
1153.88 1.201818214081292e+38
1154.18 1.311320431293688e+38
1154.48 1.3935532595089316e+38
1154.78 1.3913874207853638e+38
1155.08 1.2640897055470562e+38
1155.38 1.2867480278210341e+38
1155.68 1.3880530835933707e+38
1155.98 6.606543961741416e+37
1156.28 1.3829697851505567e+38
1156.57 1.3436556188400951e+38
1156.88 1.3642449508570994e+38
1157.18 1.380155185256554e+38
1157.47 1.3634252242485367e+38
1157.78 1.3582020493846349e+38
1158.07 5.867954383456427e+37
1158.38 1.3739907361861086e+38
1158.68 1.376470489298981e+38
1158.97 1.2684283695047747e+38
1159.28 1.3485899528299806e+38
1159.58 1.1568287267251356e+38
1159.88 1.4126065405012928e+38
1160.18 1.2281881732577048e+38
1160.48 1.4266197106268618e+38
1160.78 1.4284812084703314e+38
1161.08 1.4279853347972505e+38
1161.38 1.3335074535080222e+38
1161.68 1.3965406067700339e+38
1161.98 1.4019366771411266e+38
1162.28 1.4139882223214525e+38
1162.58 1.425337322357965e+38
1162.89 1.4157479020339902e+38
1163.19 1.152119819710982e+38
1163.49 1.4050808711364942e+38
1163.79 1.027124371596963e+38
1164.09 1.3914213226858614e+38
1164.39 1.3350129974531279e+38
1164.7 1.234579200118021e+38
1165.0 1.088963430535546e+38
1165.3 1.373079210994805e+38
1165.6 1.2221319035750788e+38
1165.9 1.0922889681374693e+38
1166.21 1.3838557084164896e+38
1166.51 1.3837780415118812e+38
1166.81 7.584629382822322e+37
1167.11 1.382245649361004e+38
1167.42 1.2170664674100272e+38
1167.72 1.3644467088704573e+38
1168.02 1.3350738711008892e+38
1168.32 1.380463410950805e+38
1168.63 1.3881451586647989e+38
1168.93 1.2926179591098118e+38
1169.23 1.3825366049162046e+38
1169.54 1.3886123489079446e+38
1169.84 1.388164263947651e+38
1170.14 1.1760074710186843e+38
1170.44 1.1974502465610947e+38
1170.75 1.3432618476033213e+38
1171.05 9.081694513340378e+37
1171.35 1.3888671305957108e+38
1171.66 1.2742238711342496e+38
1171.96 1.0662576131421303e+38
1172.27 1.3885049990195924e+38
1172.57 1.3417778602390007e+38
1172.87 1.1403931203409143e+38
1173.18 1.3796669035362453e+38
1173.48 1.2542764516384848e+38
1173.79 1.3368842495349608e+38
1174.09 1.3301072178605826e+38
1174.4 1.3203516146731469e+38
1174.7 1.297799287181071e+38
1175.0 4.898382773294664e+37
1175.31 5.14757496039152e+37
1175.61 5.163915493390148e+37
1175.92 4.839254788261961e+37
1176.22 7.548067696696915e+37
1176.53 1.0517004566127224e+38
1176.83 1.2939109935340488e+38
1177.14 1.3059419320798457e+38
1177.44 1.2880584721813818e+38
1177.75 1.278819266467948e+38
1178.05 1.245699169155125e+38
1178.36 1.2369136470214448e+38
1178.66 1.344545666657281e+38
1178.97 1.3444503128647817e+38
1179.27 1.3262537460121262e+38
1179.58 1.3615347939019481e+38
1179.89 1.2126010207578557e+38
1180.19 1.3654281974727555e+38
1180.5 1.2358957221391827e+38
1180.8 1.2093803116416283e+38
1181.11 1.3682651561152143e+38
1181.42 1.2471971083226248e+38
1181.72 1.1896226920675642e+38
1182.03 1.369304562448246e+38
1182.33 1.3683437600859039e+38
1182.64 1.361411453293645e+38
1182.95 6.991440098733369e+37
1183.25 1.3062163641048793e+38
1183.56 1.3340757088142576e+38
1183.87 1.2424669166424299e+38
1184.17 1.2879645448331066e+38
1184.48 5.799414770772074e+37
1184.79 8.512343195238451e+37
1185.09 1.3662464111198678e+38
1185.4 1.1598639556961915e+38
1185.71 1.3325317644668906e+38
1186.02 1.3454990101016172e+38
1186.32 1.3524417241070842e+38
1186.63 1.2044309024920175e+38
1186.94 1.3127034840705522e+38
1187.25 1.335019054221233e+38
1187.56 1.325474361927682e+38
1187.86 1.3285205062233126e+38
1188.17 1.3253253949060873e+38
1188.48 1.2956399324665205e+38
1188.79 1.3124495808295717e+38
1189.09 1.2874438148062937e+38
1189.4 1.2750430487209033e+38
1189.71 1.2980267718614273e+38
1190.02 1.2879490225553764e+38
1190.33 1.2373819718371612e+38
1190.64 1.2873511865146813e+38
1190.94 1.2691522358432302e+38
1191.25 8.541186028232282e+37
1191.56 1.2799793503041913e+38
1191.87 1.2460281666144558e+38
1192.18 1.2692419562493783e+38
1192.49 1.2574581031514699e+38
1192.8 1.1827175664895923e+38
1193.11 1.1474481175060552e+38
1193.42 1.2377948985881605e+38
1193.73 1.1996240594329639e+38
1194.04 9.596094028236904e+37
1194.34 8.84407942721584e+37
1194.65 1.2493222729768603e+38
1194.96 1.2520674221873485e+38
1195.27 1.1982874111510014e+38
1195.58 1.222854957515554e+38
1195.89 1.2153811752342978e+38
1196.2 1.0508573067814054e+38
1196.51 1.1958847998286265e+38
1196.82 1.1787962680329638e+38
1197.13 1.1717995189194847e+38
1197.44 1.125325688612761e+38
1197.75 1.1836929146522729e+38
1198.06 1.1887482958094727e+38
1198.38 1.1561416847695868e+38
1198.69 1.1892795379349852e+38
1199.0 1.1802622531354558e+38
1199.31 1.2124989942273614e+38
1199.62 1.199733801450197e+38
1199.93 1.2221026444095844e+38
1200.24 1.1758754614943671e+38
1200.55 1.1628168743242931e+38
1200.86 8.388566142319111e+37
1201.17 1.2047238557794823e+38
1201.48 1.0636287800228155e+38
1201.8 8.431176491676104e+37
1202.11 4.29188188770158e+37
1202.42 1.1805155184975037e+38
1202.73 1.1941850814039985e+38
1203.04 1.1694452845669845e+38
1203.35 1.1869681738046765e+38
1203.67 1.1850618178637678e+38
1203.98 1.1940282900596405e+38
1204.29 1.1582886577352254e+38
1204.6 1.183405208092685e+38
1204.92 1.0304493356557212e+38
1205.23 1.1615429594499744e+38
1205.54 1.149560516459965e+38
1205.85 1.1381545108369932e+38
1206.16 1.1121080589557791e+38
1206.48 1.889895979632553e+37
1206.79 1.1087615706468753e+38
1207.1 1.0712313633522006e+38
1207.42 1.0323760015060725e+38
1207.73 1.1322602352910116e+38
1208.04 1.06782717774397e+38
1208.35 1.0894249800512682e+38
1208.67 1.093322155815232e+38
1208.98 1.1540752413000834e+38
1209.29 1.1188350248505447e+38
1209.61 1.1409099950992934e+38
1209.92 1.1315219039979561e+38
1210.23 1.128661067349488e+38
1210.55 8.51750239200402e+37
1210.86 1.1159952988946566e+38
1211.18 9.684903390945683e+37
1211.49 1.1052042117312648e+38
1211.8 1.0793488436079533e+38
1212.12 1.0786257655726293e+38
1212.43 1.1005079855927387e+38
1212.75 1.0974717532294119e+38
1213.06 1.0897426560178314e+38
1213.38 1.0936368643458748e+38
1213.69 9.818474199699616e+37
1214.0 1.0338705482528472e+38
1214.32 1.088954792893044e+38
1214.63 8.504086297389046e+37
1214.95 1.085026026669715e+38
1215.26 5.855409499618445e+37
1215.58 1.6033215832492468e+37
1215.89 9.705723951050969e+36
1216.21 1.097661130683094e+38
1216.52 1.1003906624638232e+38
1216.84 9.174897517333306e+37
1217.15 8.007887446382137e+37
1217.47 1.1069780474454912e+38
1217.79 6.892808822859938e+37
1218.1 1.112580690046019e+38
1218.42 1.0544211883409527e+38
1218.73 6.9685418395590875e+37
1219.05 1.1188934663614173e+38
1219.36 1.1214084224641668e+38
1219.68 1.1238164848094847e+38
1220.0 8.559836451871614e+37
1220.31 1.1162070835492897e+38
1220.63 1.1144814532374158e+38
1220.94 8.797075854739653e+37
1221.26 6.56066708414104e+37
1221.58 1.1200530668120848e+38
1221.9 9.153954856296281e+37
1222.21 1.0167736570276441e+38
1222.53 1.0921773357688685e+38
1222.84 1.1020062692337873e+38
1223.16 7.310566864879432e+37
1223.48 1.1061163091347412e+38
1223.8 6.810230417809184e+37
1224.11 1.0796198079406055e+38
1224.43 1.1263980831414239e+38
1224.75 1.1331994696652368e+38
1225.06 1.1300726631366308e+38
1225.38 1.129808429291015e+38
1225.7 1.1172997567553966e+38
1226.02 6.4597273791853005e+37
1226.34 1.164049548552978e+38
1226.65 1.1653470797996637e+38
1226.97 1.1373342684881e+38
1227.29 1.1158352079178149e+38
1227.61 1.1672930122862257e+38
1227.93 1.1681028391718705e+38
1228.24 1.148513567921596e+38
1228.56 1.1411758095088954e+38
1228.88 1.1830713603646348e+38
1229.2 1.1752657061336974e+38
1229.52 1.0262687571672712e+38
1229.84 9.836067317749736e+37
1230.16 1.1712795228033349e+38
1230.47 1.1616888270191476e+38
1230.79 9.964398245047518e+37
1231.11 1.2045445351446402e+38
1231.43 1.1760811477629893e+38
1231.75 1.20968451963126e+38
1232.07 1.2099126699506235e+38
1232.39 1.1915881018483596e+38
1232.71 1.2112353847001458e+38
1233.03 1.1020411682403877e+38
1233.35 1.1935363569288822e+38
1233.67 1.2168589446834637e+38
1233.99 1.2183211820131609e+38
1234.31 1.2290250045408213e+38
1234.63 1.2007788730031141e+38
1234.95 1.2358787659243636e+38
1235.27 1.2067102853861564e+38
1235.59 1.2374298385961917e+38
1235.91 1.2339766940198872e+38
1236.23 1.052248025813057e+38
1236.55 1.2314390065023807e+38
1236.87 1.2284979566104447e+38
1237.19 1.1704846140445343e+38
1237.51 1.2292338358823154e+38
1237.83 1.2276575359192096e+38
1238.15 1.223280836327867e+38
1238.47 1.1345926777649507e+38
1238.79 1.1584649760568459e+38
1239.11 1.2633611237250276e+38
1239.44 1.2566082568028107e+38
1239.76 1.2571993082108827e+38
1240.08 1.2567071273753308e+38
1240.4 1.244070811092376e+38
1240.72 1.246992170157998e+38
1241.04 1.2508067313304306e+38
1241.36 1.2554031409413505e+38
1241.69 1.251582741071656e+38
1242.01 1.2535367286189639e+38
1242.33 1.2363680872044378e+38
1242.65 1.2216864397565064e+38
1242.97 1.2809699599545914e+38
1243.3 1.2108736428962841e+38
1243.62 1.2768846364254696e+38
1243.94 1.271092162766918e+38
1244.26 1.2730945640825781e+38
1244.58 1.2749392907631824e+38
1244.91 1.2736761550336448e+38
1245.23 1.1645823253612736e+38
1245.55 1.247632251946766e+38
1245.88 1.2418281260704146e+38
1246.2 1.152978114885234e+38
1246.52 1.185110179919965e+38
1246.84 1.2197615136682898e+38
1247.17 1.2043970249472905e+38
1247.49 4.413313330475956e+37
1247.81 8.88871227684685e+37
1248.14 1.2058446745411223e+38
1248.46 1.1056252413000993e+38
1248.79 1.2341401381256265e+38
1249.11 1.2452448494008804e+38
1249.43 1.2510324873334091e+38
1249.76 1.2490952696759065e+38
1250.08 1.2219694870413833e+38
1250.4 1.210609164445246e+38
1250.73 1.2444100015219983e+38
1251.05 1.2456399659966682e+38
1251.38 1.2207598677123243e+38
1251.7 1.1989255724681514e+38
1252.03 1.2481432757452003e+38
1252.35 1.24792631948908e+38
1252.68 1.1610421188073457e+38
1253.0 1.2421429458624036e+38
1253.32 1.2403958175871204e+38
1253.65 1.1425088662258596e+38
1253.97 1.236563522197337e+38
1254.3 1.2401645829705787e+38
1254.62 1.2359254134528304e+38
1254.95 1.1322475254859049e+38
1255.27 9.726516245657528e+37
1255.6 1.2384325395850509e+38
1255.93 1.236940440619305e+38
1256.25 1.2377727551660935e+38
1256.58 1.009119099339055e+38
1256.9 1.2158484176763319e+38
1257.23 1.2165836356412007e+38
1257.55 1.2110284636565966e+38
1257.88 1.1696590993890054e+38
1258.2 1.2258527132862594e+38
1258.53 7.561407863893489e+37
1258.86 1.0618192699345802e+38
1259.18 1.194585576850179e+38
1259.51 1.1565908931416232e+38
1259.84 1.182926485643159e+38
1260.16 1.211195357312738e+38
1260.49 1.164474343802886e+38
1260.82 1.1812992751203945e+38
1261.14 1.198880825192346e+38
1261.47 1.1997347815996002e+38
1261.8 1.1774581513742492e+38
1262.12 1.186143910399469e+38
1262.45 1.1962988509360717e+38
1262.78 1.1978125691932391e+38
1263.11 1.1895567000853809e+38
1263.43 1.1932795737837085e+38
1263.76 1.1803491126670357e+38
1264.09 1.188794955722329e+38
1264.42 1.1865762582165503e+38
1264.74 1.1521920410776273e+38
1265.07 1.124111485884311e+38
1265.4 9.920716005455832e+37
1265.73 1.169687769509298e+38
1266.06 1.1658287950540683e+38
1266.38 1.1804997952957416e+38
1266.71 1.1139600478586147e+38
1267.04 1.1796399759228073e+38
1267.37 1.1811723358542774e+38
1267.7 1.180424710219183e+38
1268.03 1.1388455770797396e+38
1268.35 1.1981036233944001e+38
1268.68 1.183887353830657e+38
1269.01 8.57074234900825e+37
1269.34 1.2005574357542598e+38
1269.67 1.1857428813420158e+38
1270.0 1.1128584472403462e+38
1270.33 1.2030668395369406e+38
1270.66 1.0957946310211902e+38
1270.99 1.2041711430432339e+38
1271.32 1.2061797932436504e+38
1271.65 1.2109239482118767e+38
1271.97 1.18692126685146e+38
1272.31 1.2113023485224761e+38
1272.63 1.1427676249236739e+38
1272.96 1.2108958658376114e+38
1273.29 1.1974637711989242e+38
1273.62 1.0077753076026126e+38
1273.95 1.2205002227797955e+38
1274.28 1.2212478290372262e+38
1274.61 1.2202748972906194e+38
1274.94 1.223850392781992e+38
1275.28 1.2254412233622038e+38
1275.61 1.2257481596427008e+38
1275.94 1.2108941232973378e+38
1276.27 1.225244911078208e+38
1276.6 1.2248830374736673e+38
1276.93 1.2072052196624645e+38
1277.26 1.1970350415405162e+38
1277.59 1.1918331575612194e+38
1277.92 1.2191310732416763e+38
1278.25 1.2246750629597912e+38
1278.58 1.2244661980093983e+38
1278.92 7.294056542317577e+37
1279.25 1.2203371116887495e+38
1279.58 1.2202785158039675e+38
1279.91 1.1836930955965196e+38
1280.24 1.2181865202459507e+38
1280.57 1.2158818580894203e+38
1280.91 1.2213995055223082e+38
1281.24 1.220856449695901e+38
1281.57 1.174299064802963e+38
1281.9 1.2152194830199663e+38
1282.23 1.2141814694091304e+38
1282.57 1.2147451864737618e+38
1282.9 1.214075350513907e+38
1283.23 1.211763780103536e+38
1283.56 1.0652900220131489e+38
1283.9 1.2016877125119934e+38
1284.23 8.163201907182513e+37
1284.56 1.2058297984988596e+38
1284.9 1.2080838925203227e+38
1285.23 1.2040535070869929e+38
1285.56 1.205931857961469e+38
1285.9 1.2011394432602011e+38
1286.23 1.1988492011573685e+38
1286.56 1.1444121152753468e+38
1286.9 1.2048730659310816e+38
1287.23 1.2059156932391881e+38
1287.56 1.0835198143333527e+38
1287.9 1.2022188394278053e+38
1288.23 1.1644725660654288e+38
1288.56 1.1982093119622315e+38
1288.9 1.194969627698105e+38
1289.23 1.1266944581911465e+38
1289.57 1.1790079822256381e+38
1289.9 1.187261328589403e+38
1290.23 1.1843426391203622e+38
1290.57 1.1874913601073907e+38
1290.9 1.1496726796887475e+38
1291.24 7.222163794985499e+37
1291.57 9.871168612448375e+37
1291.91 1.1809870192606555e+38
1292.24 1.1511840676791828e+38
1292.58 1.1775784236613932e+38
1292.91 1.178250105428661e+38
1293.25 8.886608532545318e+37
1293.58 1.1573919761726455e+38
1293.92 1.142344901109156e+38
1294.25 1.1745910145109532e+38
1294.59 3.850655998364191e+37
1294.92 1.1607811676477033e+38
1295.26 1.1515775725499871e+38
1295.59 1.1502975662878123e+38
1295.93 1.0455672979970667e+38
1296.27 8.157817041013495e+37
1296.6 9.344184272038946e+37
1296.94 1.1365147143338418e+38
1297.28 1.1390960145672255e+38
1297.61 1.136552589747356e+38
1297.95 1.1327203539905585e+38
1298.28 1.1455378611111657e+38
1298.62 9.892019025418743e+37
1298.96 4.294312049614255e+37
1299.29 1.1314203106685588e+38
1299.63 1.1375519968797917e+38
1299.97 1.1408830126275418e+38
1300.3 1.0863453437500999e+38
1300.64 1.134945332870789e+38
1300.98 1.1270011962328726e+38
1301.32 1.1176094767972582e+38
1301.65 1.1365464682028307e+38
1301.99 1.1366730420784994e+38
1302.33 1.1381399102166507e+38
1302.67 1.1388787474990407e+38
1303.0 1.132533500831964e+38
1303.34 3.874771558716455e+37
1303.68 1.1318776548447807e+38
1304.02 1.1425520338244915e+38
1304.35 1.1109348458938599e+38
1304.69 1.1087767553254232e+38
1305.03 1.1355140778926789e+38
1305.37 9.436534403110734e+37
1305.71 1.1365363334184236e+38
1306.05 1.0108528303796628e+38
1306.38 1.1460310042246059e+38
1306.72 1.1428483657126562e+38
1307.06 1.1483197660870098e+38
1307.4 1.1340431494112567e+38
1307.74 1.1477250774357529e+38
1308.08 1.1476349725727903e+38
1308.42 1.1459124989487947e+38
1308.76 8.748073509249638e+37
1309.09 1.148043676032678e+38
1309.43 1.1131665120256424e+38
1309.77 1.121007048636248e+38
1310.11 1.077440919460643e+38
1310.45 1.1473400375820732e+38
1310.79 1.1481048281441585e+38
1311.13 1.1418876226731568e+38
1311.47 1.138107056322703e+38
1311.81 1.1347531053591764e+38
1312.15 1.148209327719772e+38
1312.49 8.716183220093158e+37
1312.83 1.150208576956987e+38
1313.17 1.150695146586928e+38
1313.51 1.1523210695181692e+38
1313.85 1.1527292514853335e+38
1314.19 1.1527996081077644e+38
1314.53 1.1382723410312767e+38
1314.88 1.154598457313552e+38
1315.22 1.1553693630982487e+38
1315.56 1.1419733455078639e+38
1315.9 1.145394605643526e+38
1316.24 1.047819465795201e+38
1316.58 1.1529970295219238e+38
1316.92 1.1574828340196965e+38
1317.26 1.1341736802490077e+38
1317.6 1.15694625351177e+38
1317.94 1.1558522007112538e+38
1318.29 1.1470577561922047e+38
1318.63 1.1157178746445692e+38
1318.97 1.153668730298728e+38
1319.31 1.1019740494125703e+38
1319.65 1.1159914219631967e+38
1320.0 1.1524763817472798e+38
1320.34 1.1443446271029322e+38
1320.68 1.1481803548766152e+38
1321.02 1.1484663072784569e+38
1321.36 1.1216910360691718e+38
1321.71 1.1466543944943328e+38
1322.05 1.148686404035115e+38
1322.39 1.1483145061379463e+38
1322.74 1.1452896965337e+38
1323.08 1.1181670154876453e+38
1323.42 1.1409571301015017e+38
1323.76 1.0904334576214165e+38
1324.11 1.1226821701267256e+38
1324.45 1.1028387478633116e+38
1324.79 1.0956724273694228e+38
1325.14 1.1275414970046513e+38
1325.48 1.1340376962043997e+38
1325.82 1.1177077647509603e+38
1326.17 1.124710515287319e+38
1326.51 1.1281947434607067e+38
1326.85 1.0966123435480409e+38
1327.2 1.0428110102732536e+38
1327.54 9.954681415457575e+37
1327.89 1.126777982899446e+38
1328.23 1.1221491466042683e+38
1328.58 1.1183931513389571e+38
1328.92 1.114226701571416e+38
1329.27 1.12155913565089e+38
1329.61 1.0986900163414158e+38
1329.95 1.0935182942731253e+38
1330.3 1.036217092415348e+38
1330.64 1.1083850720565222e+38
1330.99 1.1127211229208142e+38
1331.33 1.1090785081700393e+38
1331.68 1.10097969203247e+38
1332.02 1.112126163643484e+38
1332.37 1.0663934726839984e+38
1332.71 1.1096950480361041e+38
1333.06 1.1022651763013957e+38
1333.41 1.1053331383283027e+38
1333.75 1.1017265820626474e+38
1334.1 1.103903771910061e+38
1334.44 3.0357106998502453e+37
1334.79 9.511311569467373e+37
1335.13 1.0246885332277814e+38
1335.48 1.0986660931856093e+38
1335.83 3.556545602071216e+37
1336.17 1.0233608732609214e+38
1336.52 1.0685635816368479e+38
1336.86 1.0884743617539407e+38
1337.21 1.1041953210857129e+38
1337.56 1.1053729823368874e+38
1337.91 1.1027890209390687e+38
1338.25 1.1064074912004593e+38
1338.6 7.572577403487142e+37
1338.94 1.1075481505180917e+38
1339.29 1.1094645988926132e+38
1339.64 1.067034449209875e+38
1339.99 1.1110649620768591e+38
1340.33 1.0798462006104509e+38
1340.68 1.1085259237271807e+38
1341.03 1.1115325622188302e+38
1341.38 1.0830627561741208e+38
1341.72 1.1119783130633307e+38
1342.07 1.106272208760184e+38
1342.42 6.560873351543041e+37
1342.77 1.1107372914674715e+38
1343.11 1.0951000756931524e+38
1343.46 7.743062047556888e+37
1343.81 1.106869625983891e+38
1344.16 1.0985711690981277e+38
1344.51 1.1047798436710533e+38
1344.86 9.280622869227991e+37
1345.21 1.1009402943334128e+38
1345.55 1.078891315163933e+38
1345.9 1.0921052650340531e+38
1346.25 1.0954298728273284e+38
1346.6 1.0789115244981672e+38
1346.95 1.0921297900898631e+38
1347.3 9.752325793790447e+37
1347.65 1.0994026231199112e+38
1348.0 1.041394494930989e+38
1348.35 1.113953047009738e+38
1348.7 1.1071024449946016e+38
1349.05 1.1039870846444868e+38
1349.4 1.1117452226538197e+38
1349.74 1.1039732054535176e+38
1350.09 1.0863128333150802e+38
1350.44 1.0750998648505135e+38
1350.8 1.1078555355188747e+38
1351.15 1.106170329885771e+38
1351.49 1.088706502039334e+38
1351.84 1.1051958538623434e+38
1352.2 1.1044466245318229e+38
1352.55 1.0517906623703822e+38
1352.9 1.1001852552629398e+38
1353.25 1.0947428838869509e+38
1353.6 1.0960414278444894e+38
1353.95 1.0987507255020747e+38
1354.3 1.0232349043507126e+38
1354.65 1.0808569479109803e+38
1355.0 1.096605990553725e+38
1355.35 1.0127737940016925e+38
1355.7 1.0949691942951273e+38
1356.06 8.593441728385997e+37
1356.41 1.0798283662262907e+38
1356.76 1.0922186460639629e+38
1357.11 9.103913007382906e+37
1357.46 1.0895400842115068e+38
1357.81 1.0125229952227007e+38
1358.17 1.0868870480690584e+38
1358.52 1.0729006633405701e+38
1358.87 1.0811887052108942e+38
1359.22 9.803217410308207e+37
1359.57 1.0773670102007737e+38
1359.93 1.0633449580556317e+38
1360.28 1.0678762977288192e+38
1360.63 1.0617850428649571e+38
1360.98 1.056084832039303e+38
1361.34 1.0370096970159186e+38
1361.69 9.718610878780667e+37
1362.04 1.0512347532569281e+38
1362.4 1.0457030649063875e+38
1362.75 1.0559869068908544e+38
1363.1 1.0398508739706915e+38
1363.46 6.406375382757662e+37
1363.81 1.0363669663299788e+38
1364.16 1.0613925415319052e+38
1364.52 1.0591813623207488e+38
1364.87 1.0122503661933676e+38
1365.22 9.494505493047015e+37
1365.58 1.037590717131428e+38
1365.93 1.0528265373915807e+38
1366.29 1.0583942708729279e+38
1366.64 1.0620974686947392e+38
1366.99 8.96578368732064e+37
1367.35 1.0553251242215728e+38
1367.7 1.0581274779250538e+38
1368.06 1.0530114250677565e+38
1368.41 1.0543085334989984e+38
1368.77 1.0608270893484144e+38
1369.12 1.0519300247603686e+38
1369.48 9.470933862331159e+37
1369.83 1.0599600332814293e+38
1370.19 1.0427686608027545e+38
1370.54 1.0559960237519579e+38
1370.9 1.048117718068943e+38
1371.25 1.043053297601679e+38
1371.61 9.609321306602913e+37
1371.96 1.041380788048778e+38
1372.32 1.0475706725514963e+38
1372.67 1.0552227262835255e+38
1373.03 8.538517226146003e+37
1373.39 1.0430504969707208e+38
1373.74 1.019388861107201e+38
1374.1 8.900467847130371e+37
1374.45 1.0032895304379568e+38
1374.81 9.554553062541768e+37
1375.17 1.037623229733772e+38
1375.52 9.950106058499297e+37
1375.88 1.0539497784738118e+38
1376.23 1.036560622987003e+38
1376.59 1.0558498358022693e+38
1376.95 8.929876077673734e+37
1377.31 9.603941944908276e+37
1377.66 1.0236647278410523e+38
1378.02 9.567212765308754e+37
1378.38 1.047806358457859e+38
1378.73 1.0001159054505716e+38
1379.09 1.046095911585839e+38
1379.45 1.0384802710683017e+38
1379.81 1.0505402823928862e+38
1380.16 1.0430777045451312e+38
1380.52 1.0292625272863968e+38
1380.88 9.712832414218575e+37
1381.24 9.877587420090962e+37
1381.6 8.986038808700669e+37
1381.95 1.0543075348082298e+38
1382.31 1.0535937905028649e+38
1382.67 1.0239077424372735e+38
1383.03 1.0472073395851067e+38
1383.39 1.046689891005376e+38
1383.75 9.747059765209437e+37
1384.1 9.983572583285288e+37
1384.46 1.0258946043855688e+38
1384.82 1.031827669076468e+38
1385.18 1.0471563692964465e+38
1385.54 1.0388818405096598e+38
1385.9 7.690688077926768e+37
1386.26 9.726085152682087e+37
1386.62 1.0161370025290481e+38
1386.98 1.0413686841534082e+38
1387.34 9.441318070026231e+37
1387.7 1.0400119222049699e+38
1388.06 1.0265778422889957e+38
1388.42 1.035621243189515e+38
1388.78 1.0365059646505295e+38
1389.14 1.0308654786724012e+38
1389.49 1.0382322539448673e+38
1389.85 1.0391490042629446e+38
1390.21 9.872054655904275e+37
1390.58 1.038905873506547e+38
1390.94 1.0344525558058151e+38
1391.3 1.0351084711212482e+38
1391.66 1.0290175471960091e+38
1392.02 1.0196719653075906e+38
1392.38 9.14863397695092e+37
1392.74 1.010909454952976e+38
1393.1 9.639749133304822e+37
1393.46 1.0104872213885101e+38
1393.82 6.326351834860747e+37
1394.18 9.856694843917588e+37
1394.55 9.85372458447746e+37
1394.91 1.0037774615124663e+38
1395.27 7.682710297568597e+37
1395.63 1.020349153266654e+38
1395.99 9.085057401368676e+37
1396.35 1.0255291190567743e+38
1396.72 1.022603439569222e+38
1397.08 1.0164384162717894e+38
1397.44 1.0003154946873054e+38
1397.8 1.0243488634988696e+38
1398.16 7.062715450464029e+37
1398.53 1.0021958150599043e+38
1398.89 9.390862942134482e+37
1399.25 1.0299736879525745e+38
1399.61 1.017641229090061e+38
1399.98 9.070572361338758e+37
1400.34 9.826150874191644e+37
1400.7 8.965496854282824e+37
1401.07 9.73074940746946e+37
1401.43 9.873653341877693e+37
1401.79 1.0142318121446323e+38
1402.16 1.0206211228201635e+38
1402.52 1.0095122695248497e+38
1402.88 4.387075045972788e+37
1403.25 5.570508366344702e+37
1403.61 1.0265312929289277e+38
1403.97 1.0210898543799417e+38
1404.34 1.0254993668261384e+38
1404.7 1.0214035968291213e+38
1405.06 1.0191330856690498e+38
1405.43 1.0101013213377607e+38
1405.79 1.0075823372190193e+38
1406.16 9.351093197182147e+37
1406.52 1.0046106508327756e+38
1406.89 6.705366384940253e+37
1407.25 9.800432371543722e+37
1407.62 1.0040840167397638e+38
1407.98 1.002001536907039e+38
1408.35 1.00427144884166e+38
1408.71 8.470316533943492e+37
1409.08 9.67630785839719e+37
1409.44 9.58566976837052e+37
1409.81 8.591089629690923e+37
1410.17 9.1967249964879e+37
1410.54 9.649067402072537e+37
1410.9 1.0021176389181994e+38
1411.27 9.620134458737283e+37
1411.64 9.590146202119353e+37
1412.0 9.668343478189138e+37
1412.37 9.616373029031459e+37
1412.73 1.0008707554175705e+38
1413.1 1.0013235725774335e+38
1413.46 1.0001069502872458e+38
1413.83 9.985787715415438e+37
1414.2 9.499663062381404e+37
1414.56 8.951691231532534e+37
1414.93 9.554321724348404e+37
1415.3 9.91724689903458e+37
1415.67 8.93352180181279e+37
1416.03 9.52864069892528e+37
1416.4 9.945050625564917e+37
1416.77 9.92745618500781e+37
1417.13 7.203554539723907e+37
1417.5 9.943169216636546e+37
1417.87 9.019870320576986e+37
1418.23 9.926203157383992e+37
1418.6 9.285763097337876e+37
1418.97 9.802251757984755e+37
1419.34 9.484075075920425e+37
1419.71 9.66345279176626e+37
1420.07 8.938228183797558e+37
1420.44 7.8896858327241e+37
1420.81 9.766289586104586e+37
1421.18 7.670047573936911e+37
1421.55 9.743289984161697e+37
1421.92 9.68445277333754e+37
1422.28 8.99768806663197e+37
1422.65 8.809386398729114e+37
1423.02 9.768944290195368e+37
1423.39 9.776925469467975e+37
1423.76 9.76008633895084e+37
1424.13 9.33804243792111e+37
1424.5 6.653212247957443e+37
1424.87 9.817603545838974e+37
1425.23 9.82257014505301e+37
1425.6 9.792469014776124e+37
1425.97 9.378421689670464e+37
1426.34 7.981249843276741e+37
1426.71 9.486568589524167e+37
1427.08 9.800206925674066e+37
1427.45 7.5271549312118745e+37
1427.82 7.564131172138805e+37
1428.19 8.065477944247094e+37
1428.56 8.511011757958991e+37
1428.93 7.688426817519211e+37
1429.3 8.619269353708757e+37
1429.68 9.740529012611164e+37
1430.05 9.71693456494242e+37
1430.42 8.105783357001718e+37
1430.79 9.61157323691295e+37
1431.16 9.72956494730166e+37
1431.53 9.548665267333601e+37
1431.9 9.72246896622201e+37
1432.27 9.791486527479338e+37
1432.64 9.764903034837093e+37
1433.01 9.71095067511744e+37
1433.38 9.732639155304843e+37
1433.76 9.138700592061007e+37
1434.13 9.736746823316604e+37
1434.5 9.151534385336599e+37
1434.87 9.709609715966084e+37
1435.24 8.525924595312011e+37
1435.61 9.221157357088315e+37
1435.99 8.726727688051458e+37
1436.36 9.689001930371032e+37
1436.73 8.3705262044987e+37
1437.1 9.495759463726097e+37
1437.48 9.501101720455773e+37
1437.85 9.42437212149078e+37
1438.22 9.103567607104444e+37
1438.59 9.517631053828841e+37
1438.97 9.611517880220318e+37
1439.34 9.495160350160228e+37
1439.71 8.453130353099473e+37
1440.09 9.721404827505843e+37
1440.46 9.36066163728308e+37
1440.83 9.271597628641243e+37
1441.21 9.192171102928535e+37
1441.58 9.707618615126347e+37
1441.95 9.716028320023311e+37
1442.33 9.182674460487767e+37
1442.7 9.237356367749026e+37
1443.07 9.723513545228552e+37
1443.45 9.228470942265199e+37
1443.82 9.725692121137498e+37
1444.2 9.619805695922517e+37
1444.57 9.720505188336329e+37
1444.95 8.420513941039131e+37
1445.32 9.381125325102082e+37
1445.69 9.629303739401788e+37
1446.07 9.640659151321764e+37
1446.44 9.42301804872736e+37
1446.82 9.089963860629934e+37
1447.19 8.3414305342008825e+37
1447.57 9.282056646174788e+37
1447.94 9.681055101254374e+37
1448.32 9.58290203295631e+37
1448.69 9.647249803456719e+37
1449.07 8.636551786650581e+37
1449.45 9.419551974096023e+37
1449.82 9.147435948618562e+37
1450.2 9.462343451044915e+37
1450.57 9.637872720428115e+37
1450.95 9.39675264317165e+37
1451.33 9.576494812268786e+37
1451.7 9.125276157096824e+37
1452.08 9.498390268245206e+37
1452.45 8.411938102039118e+37
1452.83 9.561990086755786e+37
1453.21 9.57367414545705e+37
1453.58 9.362803593815422e+37
1453.96 9.173150647007042e+37
1454.34 9.140420677695263e+37
1454.71 9.432255942961793e+37
1455.09 9.487098925680799e+37
1455.47 8.756256100932228e+37
1455.85 9.45157520480121e+37
1456.22 9.388072245935008e+37
1456.6 8.821132086911064e+37
1456.98 9.501922484664376e+37
1457.36 8.237710427416084e+37
1457.73 9.318594247510556e+37
1458.11 9.18697589150056e+37
1458.49 8.266244454867085e+37
1458.87 9.332618927617802e+37
1459.24 7.66935521453253e+37
1459.62 9.119706588403086e+37
1460.0 9.393468426552976e+37
1460.38 8.738698782040219e+37
1460.76 9.218100442529712e+37
1461.14 9.37424280382801e+37
1461.52 9.253336037941277e+37
1461.9 9.371762439424558e+37
1462.27 8.368328385391964e+37
1462.65 9.08543940724853e+37
1463.03 9.368553661637904e+37
1463.41 9.285456522940128e+37
1463.79 8.96453366831589e+37
1464.17 9.048156448234647e+37
1464.55 9.336414679872231e+37
1464.93 9.295310939682374e+37
1465.31 7.622176174508323e+37
1465.69 8.829914436404893e+37
1466.07 9.32819168981562e+37
1466.45 7.355194335866282e+37
1466.83 7.914297703699709e+37
1467.21 9.216223168217694e+37
1467.59 9.274838108569688e+37
1467.97 9.22608644271831e+37
1468.35 8.891509792397732e+37
1468.73 9.247120720599026e+37
1469.11 9.212695674389777e+37
1469.49 9.055776279751923e+37
1469.87 5.668687017626718e+37
1470.25 8.708135045642705e+37
1470.64 9.074029991963842e+37
1471.02 7.799212338027693e+37
1471.4 9.237506016800805e+37
1471.78 9.042638566242613e+37
1472.16 9.17128346360602e+37
1472.54 8.87325650559707e+37
1472.92 8.427517692522492e+37
1473.31 9.003335587988367e+37
1473.69 9.221356711254961e+37
1474.07 9.21722828123404e+37
1474.45 9.211550417749733e+37
1474.83 9.206076139521513e+37
1475.21 8.483446862895514e+37
1475.6 9.061383697526368e+37
1475.98 9.069849467745916e+37
1476.36 8.906903975362804e+37
1476.74 9.056884036713168e+37
1477.13 9.067941514708883e+37
1477.51 8.727031109230665e+37
1477.89 8.922330324919926e+37
1478.28 7.743188843466829e+37
1478.66 9.06948985749169e+37
1479.04 9.079692231381568e+37
1479.43 8.825416628498755e+37
1479.81 9.046194328159381e+37
1480.19 9.056784052277971e+37
1480.58 9.12209195215798e+37
1480.96 9.096036463620374e+37
1481.34 9.01903630080566e+37
1481.73 8.994874363850235e+37
1482.11 9.121134909523613e+37
1482.5 9.118182276790886e+37
1482.88 9.009307355091109e+37
1483.27 8.717875260262515e+37
1483.65 9.028151872188226e+37
1484.03 8.807888143487573e+37
1484.42 8.714210709265752e+37
1484.8 8.979297161509579e+37
1485.19 9.054519129140215e+37
1485.57 9.061924573504103e+37
1485.96 8.952196170890254e+37
1486.34 8.357188202837547e+37
1486.73 9.03228631420511e+37
1487.11 9.043643534153914e+37
1487.5 9.037608342238687e+37
1487.89 8.570192114581633e+37
1488.27 9.03158869566653e+37
1488.66 9.007281713028941e+37
1489.04 8.91587399441899e+37
1489.43 8.89643804417413e+37
1489.81 7.886397030057688e+37
1490.2 8.826844900046646e+37
1490.59 8.991906034443183e+37
1490.97 8.591910587122687e+37
1491.36 8.951545007116019e+37
1491.75 8.30235783865092e+37
1492.13 8.742752404431454e+37
1492.52 8.988951288678797e+37
1492.91 8.990676316348288e+37
1493.29 8.817304863005497e+37
1493.68 5.224951611730332e+37
1494.07 8.952530810868392e+37
1494.45 8.576106900183178e+37
1494.84 8.995254699454008e+37
1495.23 6.740456335666295e+37
1495.62 8.413339837641579e+37
1496.01 8.955681837186147e+37
1496.39 8.91107024860781e+37
1496.78 8.919808251651247e+37
1497.17 8.904365074133064e+37
1497.56 7.729794761953969e+37
1497.94 7.9855962353343445e+37
1498.33 8.775232114809065e+37
1498.72 6.7913042601858275e+37
1499.11 8.088249122856893e+37
1499.5 8.485139940763216e+37
1499.89 8.787265307645301e+37
1500.28 5.494431330095522e+37
1500.66 8.89022458488081e+37
1501.05 8.842364439501325e+37
1501.44 8.718008173869179e+37
1501.83 5.234850836056288e+37
1502.22 7.90888736967632e+37
1502.61 8.870282152418148e+37
1503.0 7.74895198801692e+37
1503.39 8.812731669977843e+37
1503.78 8.723283620811857e+37
1504.17 8.290762973410788e+37
1504.56 7.051211615928195e+37
1504.95 8.43702788982313e+37
1505.34 8.469438553525598e+37
1505.73 7.717528245893643e+37
1506.12 8.023125070341628e+37
1506.51 8.79759514784361e+37
1506.9 8.62714334023896e+37
1507.29 8.794008391369758e+37
1507.68 8.270300275115126e+37
1508.07 8.769323419592572e+37
1508.46 8.757398841441088e+37
1508.85 8.008704020496436e+37
1509.24 7.963301171733108e+37
1509.64 8.720713000370736e+37
1510.03 8.603744473716295e+37
1510.42 8.689131802024093e+37
1510.81 8.613383016257554e+37
1511.2 6.306081271976417e+37
1511.59 5.588418276738664e+37
1511.98 8.481615508898561e+37
1512.38 6.293667040956148e+37
1512.77 6.985030829183939e+37
1513.16 7.598679195727686e+37
1513.55 5.595292873806199e+37
1513.94 8.57028693222015e+37
1514.34 8.640343968863844e+37
1514.73 8.651933509139884e+37
1515.12 8.622989747663013e+37
1515.52 6.03359999170991e+37
1515.91 8.169036761605799e+37
1516.3 8.199519093123652e+37
1516.69 7.352386851888605e+37
1517.09 8.107548683505288e+37
1517.48 8.67837463200304e+37
1517.87 8.53138492845864e+37
1518.27 8.626322868231204e+37
1518.66 7.14921064147814e+37
1519.05 8.603914273468588e+37
1519.45 8.640531658426897e+37
1519.84 8.635022432278037e+37
1520.23 8.624864718719435e+37
1520.63 6.914191067735567e+37
1521.02 8.590521898422963e+37
1521.42 8.532034903081077e+37
1521.81 8.58113999517497e+37
1522.21 8.56811762066748e+37
1522.6 8.553321664368204e+37
1522.99 8.543638617169488e+37
1523.39 8.02619973635862e+37
1523.79 8.500346431789104e+37
1524.18 8.24770685515695e+37
1524.57 6.696372721302528e+37
1524.97 6.636356690764258e+37
1525.36 5.890982183926942e+37
1525.76 5.814395849868598e+37
1526.16 7.764209220241993e+37
1526.55 7.9571840013066795e+37
1526.95 7.5484932544541595e+37
1527.34 7.563946987860661e+37
1527.74 6.43860576307381e+37
1528.14 7.758334416844562e+37
1528.53 8.293267059150061e+37
1528.93 8.056948235023884e+37
1529.32 8.337835294568561e+37
1529.72 8.249611052258827e+37
1530.12 5.409445826415953e+37
1530.51 7.001453445068146e+37
1530.91 8.290661766155763e+37
1531.31 4.322288951573115e+37
1531.7 5.131588086353653e+37
1532.1 7.447644438929287e+37
1532.5 6.749812229925862e+37
1532.9 5.755872958236143e+37
1533.29 5.776813657953423e+37
1533.69 8.28972117701166e+37
1534.09 8.089942213308539e+37
1534.48 8.224063625603131e+37
1534.88 7.915989487375513e+37
1535.28 8.2622454172629365e+37
1535.68 7.152698607622942e+37
1536.08 8.289579230198091e+37
1536.47 7.89193209812769e+37
1536.87 8.166173848415854e+37
1537.27 6.877356158730889e+37
1537.67 8.21701960021305e+37
1538.07 7.646642415980092e+37
1538.47 8.235754740975729e+37
1538.86 7.324804395061237e+37
1539.26 8.061405424294629e+37
1539.66 8.239863956128885e+37
1540.06 7.026144426391117e+37
1540.46 7.5415114603249395e+37
1540.86 7.755287602492489e+37
1541.26 8.267515862299577e+37
1541.66 8.270009632680756e+37
1542.06 6.968240912833961e+37
1542.46 7.526019192922274e+37
1542.86 7.810814273559295e+37
1543.26 8.233768596558566e+37
1543.66 5.229682592467705e+37
1544.06 7.59759778440396e+37
1544.46 5.946415582705302e+37
1544.86 5.513236386767196e+37
1545.26 7.8272618375687545e+37
1545.66 7.67089566278984e+37
1546.06 8.141767581230803e+37
1546.46 5.6949821898997845e+37
1546.86 7.065859158093197e+37
1547.26 5.957344614611885e+37
1547.66 4.85542333860696e+37
1548.06 5.727918702328452e+37
1548.47 8.431844507008891e+37
1548.87 8.211266653186018e+37
1549.27 8.220974225222295e+37
1549.67 8.144163456811569e+37
1550.07 7.115472405869567e+37
1550.47 7.541368882514541e+37
1550.88 5.349189392156283e+37
1551.28 7.757388405648848e+37
1551.68 8.198916100277866e+37
1552.08 4.495272270568384e+37
1552.48 8.133572229066207e+37
1552.89 7.585878659661573e+37
1553.29 5.878618750918372e+37
1553.69 8.15192666193845e+37
1554.09 7.679322931763914e+37
1554.5 8.150164408959845e+37
1554.9 6.609058626634599e+37
1555.3 6.613481766738454e+37
1555.71 8.063337707956078e+37
1556.11 6.945906656450883e+37
1556.51 4.319718074592703e+37
1556.92 6.5067686516822285e+37
1557.32 7.002267196300949e+37
1557.72 7.970003806539094e+37
1558.13 7.93374159936425e+37
1558.53 7.866790543813569e+37
1558.93 7.523302134294136e+37
1559.34 7.442495265652535e+37
1559.74 7.909815240495684e+37
1560.15 6.373172282508056e+37
1560.55 6.40437675692874e+37
1560.96 7.927655591862779e+37
1561.36 5.302388503939718e+37
1561.77 7.920849508468936e+37
1562.17 7.786934228121449e+37
1562.57 7.114746127546965e+37
1562.98 7.90300625550401e+37
1563.39 7.872853360565112e+37
1563.79 7.506014261745242e+37
1564.19 6.579216700396078e+37
1564.6 6.196286248808099e+37
1565.01 7.859369228136826e+37
1565.41 7.836544504074514e+37
1565.82 7.20310270853855e+37
1566.22 6.264188543191774e+37
1566.63 6.203755978124116e+37
1567.04 6.81626403926388e+37
1567.44 7.884205117764774e+37
1567.85 7.86818694500113e+37
1568.25 4.875445095496018e+37
1568.66 5.832997008049481e+37
1569.07 7.615267451532913e+37
1569.47 7.79135640613625e+37
1569.88 7.9690610296883645e+37
1570.29 7.516175339260935e+37
1570.69 7.417466058678367e+37
1571.1 7.804193482598411e+37
1571.51 7.737743085871987e+37
1571.92 7.925112572228667e+37
1572.32 7.910089477274303e+37
1572.73 7.813817621732476e+37
1573.14 7.948023030074322e+37
1573.55 7.941554407228542e+37
1573.95 7.9301336756661055e+37
1574.36 7.937966649533676e+37
1574.77 5.476185766087768e+37
1575.18 5.662085144378166e+37
1575.59 6.08611610559754e+37
1575.99 7.916153840940675e+37
1576.4 6.814436376473553e+37
1576.81 7.424908197156279e+37
1577.22 6.274974789933482e+37
1577.63 7.756152056436934e+37
1578.04 6.069812194505085e+37
1578.45 7.907909175064892e+37
1578.86 7.824915490583824e+37
1579.27 7.423832008382414e+37
1579.68 7.893658503194989e+37
1580.08 7.7029455940386365e+37
1580.49 7.929669239244536e+37
1580.9 6.30508684283364e+37
1581.31 7.770328287232489e+37
1581.72 7.8148303215350205e+37
1582.13 7.869488838145491e+37
1582.54 7.545229047963659e+37
1582.95 7.843717645966294e+37
1583.36 7.2706420030601e+37
1583.77 6.944472297833728e+37
1584.18 7.494173277657894e+37
1584.59 7.815816843393694e+37
1585.01 5.426505877922211e+37
1585.42 7.779771129242211e+37
1585.83 6.053464866863696e+37
1586.24 7.471235631311957e+37
1586.65 7.862885355279312e+37
1587.06 7.874282632227532e+37
1587.47 6.694989758097284e+37
1587.88 7.893338711667618e+37
1588.3 7.723307989191602e+37
1588.71 7.169636078030988e+37
1589.12 7.852658668836574e+37
1589.53 7.882036535588224e+37
1589.94 7.8414142328370045e+37
1590.35 7.8961249886200395e+37
1590.77 7.847860946290239e+37
1591.18 7.805100601129292e+37
1591.59 7.433308540167633e+37
1592.0 5.696397859338318e+37
1592.42 7.819763362976527e+37
1592.83 7.828244744258817e+37
1593.24 7.721767487801643e+37
1593.66 7.688400761895926e+37
1594.07 7.502475247986454e+37
1594.48 7.782659972320894e+37
1594.89 6.704140171605784e+37
1595.31 7.536018441645368e+37
1595.72 7.587846710308108e+37
1596.14 7.842552840880218e+37
1596.55 7.832680494695779e+37
1596.96 7.824862673596619e+37
1597.38 7.550212655936788e+37
1597.79 7.804782966063148e+37
1598.2 7.79997552100456e+37
1598.62 7.543192930917756e+37
1599.03 7.797295316829143e+37
1599.45 7.778562065127567e+37
1599.86 7.784920843303262e+37
1600.28 7.203965030214384e+37
1600.69 7.516509523244031e+37
1601.11 6.579881544809086e+37
1601.52 7.152507376688875e+37
1601.94 5.018481301077309e+37
1602.35 7.742871373674903e+37
1602.77 7.734956228912782e+37
1603.18 5.32130776741469e+37
1603.6 7.501076652251254e+37
1604.01 7.711594608420741e+37
1604.43 7.62286018905459e+37
1604.84 5.816940535645964e+37
1605.26 7.666145456956334e+37
1605.68 7.39897334418575e+37
1606.09 7.208932718390464e+37
1606.51 7.63750174169939e+37
1606.93 7.251137524135212e+37
1607.34 7.643890525495214e+37
1607.76 4.179077904863414e+37
1608.18 7.290749607975111e+37
1608.59 7.540486006518195e+37
1609.01 5.205569092597357e+37
1609.43 7.506949738219254e+37
1609.84 5.132808365772302e+37
1610.26 5.808490526695296e+37
1610.68 7.644164491757479e+37
1611.09 6.82306016371916e+37
1611.51 7.624863613613582e+37
1611.93 6.580487566672514e+37
1612.35 7.62873804172982e+37
1612.77 4.926285505418652e+37
1613.18 7.625111616960932e+37
1613.6 7.135242219648715e+37
1614.02 4.829145547637463e+37
1614.44 7.61654534074835e+37
1614.86 7.6129795419223615e+37
1615.28 5.786078560822742e+37
1615.69 6.766756862995505e+37
1616.11 6.562113969523055e+37
1616.53 7.499346011716301e+37
1616.95 7.572391696764265e+37
1617.37 7.568800364357037e+37
1617.79 6.906018089696746e+37
1618.21 7.553181091967527e+37
1618.63 6.770621612032479e+37
1619.05 7.387705156010174e+37
1619.47 7.02871590396615e+37
1619.89 7.518559494147435e+37
1620.31 6.281710736387451e+37
1620.73 6.44405364711165e+37
1621.15 5.046408131027713e+37
1621.57 5.157640142460954e+37
1621.99 7.14631442343848e+37
1622.41 6.999468700629897e+37
1622.83 7.442637368808897e+37
1623.25 7.298258628004669e+37
1623.67 6.262048732407246e+37
1624.09 6.1923739861853525e+37
1624.51 7.420990991368787e+37
1624.93 5.551578572196297e+37
1625.35 7.316038697719523e+37
1625.78 7.241085594627362e+37
1626.2 6.519148569682895e+37
1626.62 7.359101777881131e+37
1627.04 7.274201711747769e+37
1627.46 6.041429616229717e+37
1627.88 6.335020901011756e+37
1628.31 5.071361505630043e+37
1628.73 7.401822827260259e+37
1629.15 4.369220909889064e+37
1629.57 7.32695751859981e+37
1629.99 7.386795171219803e+37
1630.42 6.660529095510625e+37
1630.84 7.395505632678516e+37
1631.26 7.119835688069003e+37
1631.68 3.827190258420467e+37
1632.11 5.270073479255352e+37
1632.53 6.79298717358979e+37
1632.95 7.39054453703046e+37
1633.38 7.39295858155094e+37
1633.8 7.232010930282596e+37
1634.22 7.330575032281778e+37
1634.65 6.7895308390824075e+37
1635.07 7.071591652846379e+37
1635.49 7.234500474431949e+37
1635.92 7.204538641351651e+37
1636.34 6.777708931030339e+37
1636.77 7.381391516581388e+37
1637.19 7.124287057931791e+37
1637.61 7.338200147959746e+37
1638.04 6.717761963873709e+37
1638.46 7.193847758419068e+37
1638.89 7.337778786483999e+37
1639.31 5.788949862522623e+37
1639.74 7.34116748081548e+37
1640.16 4.820058314288107e+37
1640.59 5.604149823033266e+37
1641.01 7.342799433311878e+37
1641.44 7.344240513831567e+37
1641.86 5.276322163720679e+37
1642.29 7.168778233608425e+37
1642.71 6.476137885803951e+37
1643.14 7.330111904550317e+37
1643.57 6.976981592267584e+37
1643.99 7.264249508264961e+37
1644.42 6.749200176623342e+37
1644.84 6.586282210214092e+37
1645.27 6.709211986093723e+37
1645.7 7.251212796840081e+37
1646.12 7.2098209144924325e+37
1646.55 7.279718215785783e+37
1646.98 6.536221734179807e+37
1647.41 7.111299800127577e+37
1647.83 7.24831601299354e+37
1648.26 7.060427878685907e+37
1648.69 6.567550780771127e+37
1649.11 6.937615015803178e+37
1649.54 7.125384010558204e+37
1649.97 6.647283600996648e+37
1650.4 7.1058108659641315e+37
1650.82 7.065252437929655e+37
1651.25 7.118565088244672e+37
1651.68 6.364665133406014e+37
1652.11 6.592259157556826e+37
1652.54 7.136124426477377e+37
1652.96 5.012199642410624e+37
1653.39 5.3417717719037685e+37
1653.82 6.900036329671699e+37
1654.25 6.790292716651786e+37
1654.68 7.072829944027875e+37
1655.11 7.066648622137962e+37
1655.54 7.010196361296485e+37
1655.96 7.050411530194533e+37
1656.39 7.087520803229583e+37
1656.82 5.565434594332688e+37
1657.25 7.035431715281575e+37
1657.68 6.69166367790463e+37
1658.11 6.695397696646151e+37
1658.54 6.901518612769216e+37
1658.97 6.263164246623283e+37
1659.4 6.560567398592035e+37
1659.83 7.119033441392853e+37
1660.26 7.103562415443453e+37
1660.69 6.954256998341049e+37
1661.12 7.059514877595211e+37
1661.55 5.909631175197673e+37
1661.98 7.122050834798034e+37
1662.42 6.04061977532249e+37
1662.85 7.141412600768487e+37
1663.28 7.07976607547457e+37
1663.71 7.137771699668025e+37
1664.14 7.153199654111117e+37
1664.57 7.068818809207172e+37
1665.0 6.819262393607087e+37
1665.43 7.042994720136652e+37
1665.86 7.131346104172916e+37
1666.3 7.11554679677303e+37
1666.73 6.979608599486394e+37
1667.16 7.0387207903686605e+37
1667.59 6.903612748099864e+37
1668.03 5.735291084206163e+37
1668.46 6.226683125729463e+37
1668.89 7.0303813376652595e+37
1669.32 6.760595928129383e+37
1669.76 6.019676949479801e+37
1670.19 6.846519352151266e+37
1670.62 6.736826130632794e+37
1671.05 5.130854587535692e+37
1671.49 6.944190228598274e+37
1671.92 6.292130102534652e+37
1672.35 6.383707547222958e+37
1672.79 5.912892431945719e+37
1673.22 6.691342646961919e+37
1673.65 4.985312429915833e+37
1674.09 6.9509189500887745e+37
1674.52 6.802377146871403e+37
1674.96 6.969299104292656e+37
1675.39 6.897650347136522e+37
1675.82 6.587784136887841e+37
1676.26 6.523050232132471e+37
1676.69 6.7129357523431e+37
1677.13 5.764201660874812e+37
1677.56 6.998539096689226e+37
1678.0 6.999559549444242e+37
1678.43 6.994438229704274e+37
1678.87 6.964423358150157e+37
1679.3 6.963482816974882e+37
1679.74 7.001892017736321e+37
1680.17 7.002693274414982e+37
1680.61 6.862315450824599e+37
1681.04 6.989412621908262e+37
1681.48 6.872197330011057e+37
1681.92 5.815394891971471e+37
1682.35 6.994864406675635e+37
1682.79 7.004511319866309e+37
1683.22 7.001303542041165e+37
1683.66 6.562833914780418e+37
1684.1 7.004058005509586e+37
1684.53 6.95700223020524e+37
1684.97 7.004880560791984e+37
1685.41 7.003119221115481e+37
1685.84 6.532531926963427e+37
1686.28 6.589044083201407e+37
1686.72 5.514783679338336e+37
1687.15 6.655031901920852e+37
1687.59 6.012198452129771e+37
1688.03 6.731562586059845e+37
1688.47 6.94689408967442e+37
1688.9 6.942912967491065e+37
1689.34 6.942761776367345e+37
1689.78 6.9094122423333785e+37
1690.22 6.474870994927085e+37
1690.66 5.942725696940172e+37
1691.09 6.896607224726312e+37
1691.53 6.893770326226091e+37
1691.97 6.817897420627455e+37
1692.41 5.573136323700467e+37
1692.85 6.8385689157601e+37
1693.29 6.8765978014299985e+37
1693.72 6.874226133948043e+37
1694.16 6.866957218808064e+37
1694.6 5.832838266671959e+37
1695.04 4.339195625009626e+37
1695.48 6.60493980818334e+37
1695.92 6.552786380040947e+37
1696.36 6.835594862246202e+37
1696.8 6.655371482572931e+37
1697.24 6.823590600263161e+37
1697.68 6.816976186369263e+37
1698.12 5.942154441222604e+37
1698.56 6.797535462455292e+37
1699.0 6.055357634471709e+37
1699.44 6.6998148618982e+37
1699.88 6.781762384328312e+37
1700.32 6.000052422681746e+37
1700.76 5.656497244223341e+37
1701.2 6.729354193810851e+37
1701.64 5.419487982364152e+37
1702.08 6.407644790909009e+37
1702.53 6.484382820768622e+37
1702.97 6.602640576942291e+37
1703.41 6.363367383866278e+37
1703.85 6.726625389714269e+37
1704.29 6.705053668487006e+37
1704.73 6.611879480691131e+37
1705.18 6.708114754325855e+37
1705.62 6.593554488238103e+37
1706.06 6.184469089460668e+37
1706.5 6.017352145387463e+37
1706.94 6.671410652589968e+37
1707.39 4.121986885742443e+37
1707.83 6.668571240579927e+37
1708.27 6.559004424772411e+37
1708.71 5.717080161924416e+37
1709.16 6.648416823775662e+37
1709.6 6.524186857974126e+37
1710.04 6.469613144258195e+37
1710.49 6.291599713153234e+37
1710.93 5.946212276197173e+37
1711.37 4.639089436557214e+37
1711.82 5.985043355745198e+37
1712.26 6.485034783061041e+37
1712.7 4.684589793678982e+37
1713.15 6.554848701782784e+37
1713.59 6.31596044024685e+37
1714.04 6.570033840297271e+37
1714.48 6.566485775653992e+37
1714.93 6.55271955664854e+37
1715.37 4.521109076780557e+37
1715.81 6.238829336119986e+37
1716.26 6.298448524204539e+37
1716.7 6.519254933490018e+37
1717.15 5.242421283115061e+37
1717.59 6.544264098680287e+37
1718.04 6.119271761829297e+37
1718.48 5.208224182210468e+37
1718.93 5.780736306900857e+37
1719.38 4.731042689802042e+37
1719.82 5.714496721411426e+37
1720.27 6.518260210360103e+37
1720.71 5.350931057201762e+37
1721.16 6.006711467927065e+37
1721.6 5.113123573980081e+37
1722.05 5.780455611075771e+37
1722.5 4.632584992500352e+37
1722.94 5.961530842591965e+37
1723.39 6.414438944598621e+37
1723.84 5.3441792646585935e+37
1724.28 4.565772467724158e+37
1724.73 6.321389755351301e+37
1725.18 6.230225653435413e+37
1725.62 4.678359840021465e+37
1726.07 6.454768082060162e+37
1726.52 5.8039607739862355e+37
1726.97 6.447494011430465e+37
1727.41 5.060585888820225e+37
1727.86 6.340145608793822e+37
1728.31 5.826773105941942e+37
1728.76 5.8194160961847135e+37
1729.2 6.208541861245528e+37
1729.65 6.483882521442725e+37
1730.1 6.475552538188757e+37
1730.55 5.598163562015944e+37
1731.0 6.465947153470729e+37
1731.45 5.20589981359284e+37
1731.9 6.4715072399658455e+37
1732.34 6.2041736111604695e+37
1732.79 6.12481353977191e+37
1733.24 6.309574151033527e+37
1733.69 6.035866215144387e+37
1734.14 6.182092463712628e+37
1734.59 6.442963223770644e+37
1735.04 6.484868820000016e+37
1735.49 6.446330229506848e+37
1735.94 6.294193892217402e+37
1736.39 5.794610497112471e+37
1736.84 6.464182584714618e+37
1737.29 5.8997265640705935e+37
1737.74 6.415417182537598e+37
1738.19 4.695188190665183e+37
1738.64 5.287843664827929e+37
1739.09 6.000575510030609e+37
1739.54 6.375630671063216e+37
1739.99 6.316870376769405e+37
1740.44 6.418402758857178e+37
1740.9 5.604408187171271e+37
1741.35 6.219996798795022e+37
1741.8 6.398356905151415e+37
1742.25 5.90055569285199e+37
1742.7 6.32005305755998e+37
1743.15 6.391115345923807e+37
1743.6 6.377484796233594e+37
1744.06 6.377190142125977e+37
1744.51 6.364470108115148e+37
1744.96 6.043399187404422e+37
1745.41 5.922895842809219e+37
1745.86 6.3636750004014775e+37
1746.32 6.372324392891022e+37
1746.77 6.261772923101685e+37
1747.22 4.705394460222898e+37
1747.68 5.175776920654414e+37
1748.13 4.895910405967728e+37
1748.58 6.208681367522576e+37
1749.04 4.943940918076405e+37
1749.49 6.15778052690463e+37
1749.94 6.300628174274106e+37
1750.4 5.658487776978831e+37
1750.85 6.3801978206764785e+37
1751.3 5.446297949313279e+37
1751.76 5.2483417607878775e+37
1752.21 6.38390314316791e+37
1752.67 6.383301504181726e+37
1753.12 5.454849113707786e+37
1753.57 5.908077154002068e+37
1754.03 6.268989903249326e+37
1754.48 6.355171716365753e+37
1754.94 6.20890100906768e+37
1755.39 6.383298658388383e+37
1755.85 6.290179202399472e+37
1756.3 6.361596065964588e+37
1756.76 6.351380208759075e+37
1757.21 6.341457646846422e+37
1757.67 6.324892202544628e+37
1758.12 5.757890105695854e+37
1758.58 5.126134134924027e+37
1759.04 6.221317307191066e+37
1759.49 6.29182452803468e+37
1759.95 6.2821570975762e+37
1760.4 4.310634727331074e+37
1760.86 4.497580610145614e+37
1761.32 5.888941061831124e+37
1761.77 6.241394354463885e+37
1762.23 6.16684996376502e+37
1762.69 6.216862138040057e+37
1763.14 6.135636221143087e+37
1763.6 5.528901365190335e+37
1764.06 5.965660331628219e+37
1764.51 6.139158316197319e+37
1764.97 5.2361467762134845e+37
1765.43 6.169195876079389e+37
1765.89 6.057862723031042e+37
1766.34 6.07667876040607e+37
1766.8 6.173358529517066e+37
1767.26 6.158626978915704e+37
1767.72 6.152745914266553e+37
1768.18 6.110582194868369e+37
1768.64 6.137532085802128e+37
1769.09 6.17674113532752e+37
1769.55 4.378889808200571e+37
1770.01 6.078795955489133e+37
1770.47 4.483537520977762e+37
1770.93 5.972388541701414e+37
1771.39 6.021442151184526e+37
1771.85 6.131699786974757e+37
1772.31 6.186016118750479e+37
1772.77 6.136702609046618e+37
1773.22 6.038579077055202e+37
1773.68 5.889449811214894e+37
1774.14 6.191244578015946e+37
1774.6 5.919830443972637e+37
1775.06 6.191885769818773e+37
1775.52 6.096795199993314e+37
1775.98 3.5557230217264657e+37
1776.44 6.169235501527284e+37
1776.9 6.044403540398163e+37
1777.36 6.177816278094961e+37
1777.82 5.400146033119933e+37
1778.29 6.172383617009583e+37
1778.75 5.396357440186617e+37
1779.21 6.071920871754494e+37
1779.67 6.162907702654222e+37
1780.13 6.118274199639878e+37
1780.59 6.054771365817986e+37
1781.05 5.692676144846466e+37
1781.52 6.149666272511481e+37
1781.98 5.827341382973324e+37
1782.44 6.0283210225112095e+37
1782.9 5.921892754601721e+37
1783.36 6.136834242956885e+37
1783.82 6.13580638141871e+37
1784.29 6.132685729977945e+37
1784.75 6.070000599155643e+37
1785.21 5.992540518489733e+37
1785.68 6.128051056618466e+37
1786.14 6.100426537354992e+37
1786.6 6.126167565156179e+37
1787.06 5.914500678158025e+37
1787.53 6.108031875744735e+37
1787.99 5.778470100259956e+37
1788.45 5.410810808320883e+37
1788.92 5.697653844112849e+37
1789.38 6.121578133511741e+37
1789.84 6.045122394976416e+37
1790.31 5.363048455035108e+37
1790.77 6.037853387518861e+37
1791.24 5.936286452639341e+37
1791.7 5.0251160447674875e+37
1792.17 5.118182010662265e+37
1792.63 6.090633356579673e+37
1793.09 5.524652120334727e+37
1793.56 6.100191200877137e+37
1794.02 6.03382158483725e+37
1794.49 6.12168648651584e+37
1794.95 4.837569366404471e+37
1795.42 6.117790861413953e+37
1795.89 6.045408250932037e+37
1796.35 6.110287460179015e+37
1796.81 5.978067786017131e+37
1797.28 6.097722503635181e+37
1797.75 5.859063770160483e+37
1798.21 6.001299308675615e+37
1798.68 6.030639728035341e+37
1799.15 6.077218493380943e+37
1799.61 6.076330397794769e+37
1800.08 5.6625612729099e+37
1800.55 6.042240415282079e+37
1801.01 5.95841658140548e+37
1801.48 4.820538115891256e+37
1801.94 6.011827739673893e+37
1802.41 6.057296716219436e+37
1802.88 6.008446192715386e+37
1803.35 5.217485703248231e+37
1803.81 6.045329964590113e+37
1804.28 5.963959174961655e+37
1804.75 6.0388817503642e+37
1805.22 5.838254738268673e+37
1805.68 5.830124379367922e+37
1806.15 5.978722214086529e+37
1806.62 5.847228836652052e+37
1807.09 5.886980427089373e+37
1807.56 5.973993889034761e+37
1808.03 5.781696292774794e+37
1808.49 5.967342495795429e+37
1808.96 5.986780929930162e+37
1809.43 5.15089273482711e+37
1809.9 5.943366014130766e+37
1810.37 5.76091926146115e+37
1810.84 5.948717682756467e+37
1811.31 5.122609592806694e+37
1811.78 5.376982850201423e+37
1812.25 5.5621356724282705e+37
1812.72 5.272209324412033e+37
1813.19 5.5451895321641155e+37
1813.66 5.894401093594e+37
1814.13 5.854103421277165e+37
1814.6 5.914346802125377e+37
1815.07 5.583813892182563e+37
1815.54 5.653292232339439e+37
1816.01 4.856951254148538e+37
1816.48 5.77738808442954e+37
1816.95 5.614017423397204e+37
1817.42 5.468337309904958e+37
1817.89 5.873327987214296e+37
1818.36 5.884170500877125e+37
1818.83 5.885694898854476e+37
1819.31 4.589029227674113e+37
1819.78 5.373848643251596e+37
1820.25 5.872146723903101e+37
1820.72 5.874502753860187e+37
1821.19 5.300058623382589e+37
1821.67 4.87405945614668e+37
1822.14 5.531628438900857e+37
1822.61 5.745409677178035e+37
1823.08 4.0355691605107354e+37
1823.55 5.837293977342777e+37
1824.03 5.836182313315018e+37
1824.5 5.850860805416351e+37
1824.97 5.289485677569459e+37
1825.44 4.746231631415277e+37
1825.92 5.771310322313323e+37
1826.39 5.70811364328971e+37
1826.86 5.152012916534347e+37
1827.34 5.667606376420432e+37
1827.81 5.80079331803223e+37
1828.29 5.374256891212836e+37
1828.76 5.728294907783729e+37
1829.23 4.979576833436627e+37
1829.71 5.781700439677528e+37
1830.18 5.403024537572169e+37
1830.66 4.659712745952905e+37
1831.13 5.7737709193923e+37
1831.61 5.470738435404024e+37
1832.08 5.768112679122725e+37
1832.56 5.53924244739423e+37
1833.03 5.366886298522233e+37
1833.51 5.738665762592139e+37
1833.98 5.715506058005253e+37
1834.46 5.735931151233045e+37
1834.93 5.142667305590285e+37
1835.41 5.715214182898039e+37
1835.88 5.689799712675988e+37
1836.36 5.5968826738487645e+37
1836.83 5.080975561054437e+37
1837.31 4.735816747093978e+37
1837.79 5.196330654379113e+37
1838.26 3.8434701234557614e+37
1838.74 5.127542661551076e+37
1839.22 5.677033501444574e+37
1839.69 5.668263141944961e+37
1840.17 4.6983594563200385e+37
1840.65 5.658166350550236e+37
1841.12 5.65343898769964e+37
1841.6 4.428623043926109e+37
1842.08 5.484593039148994e+37
1842.56 3.865092663449673e+37
1843.03 5.252615377849835e+37
1843.51 4.100556097771227e+37
1843.99 4.0681778508017386e+37
1844.47 4.588833621068433e+37
1844.94 4.1100069199807613e+37
1845.42 4.454368997178731e+37
1845.9 5.561696823112191e+37
1846.38 5.2173678975304265e+37
1846.86 5.079375901206582e+37
1847.34 4.374426608582549e+37
1847.82 5.553358015740824e+37
1848.29 5.544400492965105e+37
1848.77 5.369388792662844e+37
1849.25 4.78852363570575e+37
1849.73 5.125354142735219e+37
1850.21 3.491263028451145e+37
1850.69 4.81407685524988e+37
1851.17 4.444781051278433e+37
1851.65 5.533822847467693e+37
1852.13 5.249844958032275e+37
1852.61 4.0740536295105734e+37
1853.09 5.519964864822876e+37
1853.57 5.511801365717197e+37
1854.05 4.2153346912339203e+37
1854.53 5.492360315336237e+37
1855.01 3.592083371386377e+37
1855.49 4.9260567136674325e+37
1855.97 5.440439690579756e+37
1856.45 5.496440323918945e+37
1856.94 5.488082374795858e+37
1857.42 5.493404417600164e+37
1857.9 5.182067742214579e+37
1858.38 5.474868596210246e+37
1858.86 5.36431246616391e+37
1859.34 5.485869010649921e+37
1859.83 3.613873248338314e+37
1860.31 5.483726192061921e+37
1860.79 5.267720121405428e+37
1861.27 5.471319618080301e+37
1861.76 5.347372215053742e+37
1862.24 5.476310863584311e+37
1862.72 5.4692341214284425e+37
1863.2 5.223539991634916e+37
1863.69 5.471249621746514e+37
1864.17 5.428342000301019e+37
1864.65 5.329410154253654e+37
1865.14 4.0451042290711077e+37
1865.62 4.493617309164659e+37
1866.1 5.319817526202693e+37
1866.58 3.8459214239542685e+37
1867.07 5.31361067914284e+37
1867.55 5.47462970475991e+37
1868.04 5.480595502311813e+37
1868.52 5.449462023044397e+37
1869.01 5.465995284481768e+37
1869.49 5.47311146071795e+37
1869.97 4.1602387730334507e+37
1870.46 5.476377363660071e+37
1870.94 5.022206650125168e+37
1871.43 4.569428204377617e+37
1871.91 5.447263103398173e+37
1872.4 5.4176598968426e+37
1872.88 5.464287425075847e+37
1873.37 5.442325687995579e+37
1873.85 5.009998274921451e+37
1874.34 5.031804431454553e+37
1874.83 5.482749808782885e+37
1875.31 4.973254739491713e+37
1875.8 5.47891311197974e+37
1876.29 5.009691106769159e+37
1876.77 5.46548732971328e+37
1877.26 5.478172815338293e+37
1877.74 5.474962852680029e+37
1878.23 5.464793942799871e+37
1878.72 5.460600039048554e+37
1879.2 5.428579098853416e+37
1879.69 5.437097814470222e+37
1880.18 5.441008141688713e+37
1880.67 4.0125870330043865e+37
1881.15 3.7575190789419274e+37
1881.64 4.897768702700992e+37
1882.13 3.930074588725946e+37
1882.62 5.185355236186107e+37
1883.1 4.787734845269379e+37
1883.59 5.392981537763887e+37
1884.08 5.374401615428333e+37
1884.57 3.3409718386834524e+37
1885.06 3.512197537364799e+37
1885.55 5.366349187263614e+37
1886.04 4.1863687195902917e+37
1886.52 4.478055271531739e+37
1887.01 4.299247071011351e+37
1887.5 3.3220843081010643e+37
1887.99 5.335554334924678e+37
1888.48 5.332184599828546e+37
1888.97 5.32931015179787e+37
1889.46 3.4321396562810104e+37
1889.95 5.318066747202389e+37
1890.44 5.222673905487771e+37
1890.93 4.115015553059516e+37
1891.42 4.176939641193293e+37
1891.91 4.0849632450368385e+37
1892.4 4.560129866116615e+37
1892.89 3.5183591190374096e+37
1893.38 5.280643654053495e+37
1893.87 4.1457447733573595e+37
1894.36 4.58299489948529e+37
1894.85 5.211760401613713e+37
1895.34 3.0467313602106823e+37
1895.84 5.092598224114115e+37
1896.33 4.257544506585323e+37
1896.82 3.0770884864054637e+37
1897.31 4.674146394189522e+37
1897.8 5.268764455248006e+37
1898.29 5.267351200409537e+37
1898.79 3.981112726116887e+37
1899.28 2.9588139264151086e+37
1899.77 5.0711940126986565e+37
1900.26 5.272147775761804e+37
1900.76 5.26942701783414e+37
1901.25 5.059956910497521e+37
1901.74 5.274421514655456e+37
1902.23 5.230677529029032e+37
1902.73 5.263091316849139e+37
1903.22 3.898258133170974e+37
1903.71 4.337704009106411e+37
1904.21 4.49358786165419e+37
1904.7 5.278270303655732e+37
1905.19 4.89997166891886e+37
1905.69 5.195181069293e+37
1906.18 5.268505294768673e+37
1906.68 4.592431472653695e+37
1907.17 5.096919262586418e+37
1907.66 3.5252005845575954e+37
1908.16 5.236041975500175e+37
1908.65 4.852982772776086e+37
1909.15 5.162484450588219e+37
1909.64 5.217015835286052e+37
1910.14 4.825062222075094e+37
1910.63 5.166055973617961e+37
1911.13 5.213815152960511e+37
1911.62 3.279606366688623e+37
1912.12 5.20409613023921e+37
1912.61 5.197940866954941e+37
1913.11 5.19191750159132e+37
1913.61 3.6610578805867797e+37
1914.1 3.215127560332371e+37
1914.6 5.175541016172555e+37
1915.09 3.1678935020409174e+37
1915.59 4.894439112059047e+37
1916.09 4.862606938777133e+37
1916.58 4.1185249885241133e+37
1917.08 3.7130340741859745e+37
1917.58 4.743965705759937e+37
1918.07 4.525860315535546e+37
1918.57 3.5378132913391517e+37
1919.07 4.819695447418811e+37
1919.56 3.636899047641327e+37
1920.06 4.967498764468095e+37
1920.56 5.1236240158714675e+37
1921.06 4.428041979494523e+37
1921.56 3.3047315440309757e+37
1922.05 4.594094361069154e+37
1922.55 5.123109815100917e+37
1923.05 3.31313745514507e+37
1923.55 5.079307297500695e+37
1924.05 4.273141380197358e+37
1924.55 3.268083732240927e+37
1925.05 5.107693321767739e+37
1925.54 5.03945464405085e+37
1926.04 3.059535903142521e+37
1926.54 5.102668564989969e+37
1927.04 5.023752050456309e+37
1927.54 4.595518890495618e+37
1928.04 4.0335078579539674e+37
1928.54 4.166571436827045e+37
1929.04 4.368599802571617e+37
1929.54 4.828592182450541e+37
1930.04 4.715482239890861e+37
1930.54 4.682884002135385e+37
1931.04 5.065258337932798e+37
1931.54 2.9546411395749055e+37
1932.04 5.085334864405133e+37
1932.54 5.04206380826553e+37
1933.04 5.0893690232934e+37
1933.55 5.02069392765956e+37
1934.05 5.087235443320144e+37
1934.55 5.08575938913193e+37
1935.05 5.064971277528449e+37
1935.55 5.083039573751375e+37
1936.05 5.043032368823057e+37
1936.55 4.581074716825308e+37
1937.06 4.2251025613424723e+37
1937.56 4.906857891088578e+37
1938.06 4.282826645034594e+37
1938.56 5.074977470221092e+37
1939.06 4.496864466657495e+37
1939.57 4.740499063893922e+37
1940.07 3.6383825286211736e+37
1940.57 4.0437598810072356e+37
1941.08 5.0767997334203635e+37
1941.58 3.785251193854375e+37
1942.08 5.075943129997448e+37
1942.58 5.072373354700778e+37
1943.09 5.026902220274818e+37
1943.59 3.645264836162512e+37
1944.1 5.068627164199993e+37
1944.6 5.011578544998132e+37
1945.1 5.060098146273196e+37
1945.61 4.951468202533688e+37
1946.11 5.05304429447557e+37
1946.62 5.005520954945884e+37
1947.12 5.008312065042167e+37
1947.63 5.029285362395555e+37
1948.13 4.362198988283884e+37
1948.64 4.784403388422281e+37
1949.14 5.0131460120150345e+37
1949.65 3.783068114807037e+37
1950.15 4.9898164518489815e+37
1950.66 5.002224741464199e+37
1951.16 4.732306168296127e+37
1951.67 4.989461408302619e+37
1952.17 4.946209405644917e+37
1952.68 2.961935686591508e+37
1953.19 4.064145486142583e+37
1953.69 4.913300990277674e+37
1954.2 2.9739780628306445e+37
1954.7 4.121010429400681e+37
1955.21 4.6112254362401615e+37
1955.72 4.750933432966933e+37
1956.22 4.943840867158997e+37
1956.73 4.937195020324615e+37
1957.24 4.621278595394393e+37
1957.75 4.87394732124158e+37
1958.25 4.950646568740637e+37
1958.76 3.647239462460979e+37
1959.27 3.3166561282303915e+37
1959.78 4.78756646304018e+37
1960.29 2.952973013320115e+37
1960.79 4.87433591090444e+37
1961.3 3.720457383560666e+37
1961.81 4.599223869004413e+37
1962.32 4.745863762844705e+37
1962.83 4.454658288469623e+37
1963.33 4.905634854881266e+37
1963.84 4.899368434350634e+37
1964.35 3.5877208752147174e+37
1964.86 3.918722883650545e+37
1965.37 3.5823434299453583e+37
1965.88 4.964624954370898e+37
1966.39 4.967501812865619e+37
1966.9 4.915182198358299e+37
1967.41 4.967355754332961e+37
1967.92 4.73972398606905e+37
1968.43 4.868941344668214e+37
1968.94 4.961603863674998e+37
1969.45 4.876931400251496e+37
1969.96 4.926633835010883e+37
1970.47 4.959871676226896e+37
1970.98 4.957510347620042e+37
1971.49 4.809956468025446e+37
1972.0 4.850617871499122e+37
1972.52 4.817958642803566e+37
1973.03 4.94977896064581e+37
1973.54 4.915196782946088e+37
1974.05 4.944357394589347e+37
1974.56 4.923167208107595e+37
1975.07 4.947270927847757e+37
1975.58 4.888093925680239e+37
1976.1 3.2911540879685956e+37
1976.61 4.934435329444262e+37
1977.12 4.911320040078732e+37
1977.63 4.778600562220832e+37
1978.15 4.919144583006071e+37
1978.66 4.0396993611865493e+37
1979.17 4.731681283317169e+37
1979.69 4.644557882461266e+37
1980.2 4.8820562434188e+37
1980.71 4.889467998645841e+37
1981.22 4.8773883021734e+37
1981.74 4.875294370371734e+37
1982.25 4.848785363928097e+37
1982.77 3.2522917432652965e+37
1983.28 4.85773980477414e+37
1983.79 4.698706570119886e+37
1984.31 3.0213696971784393e+37
1984.82 4.114166550403025e+37
1985.34 4.815235133107728e+37
1985.85 4.806650840320379e+37
1986.36 4.741111742882698e+37
1986.88 4.607199678620261e+37
1987.4 3.1988684797471604e+37
1987.91 3.985482148113393e+37
1988.43 4.804901844845476e+37
1988.94 4.801174730529416e+37
1989.46 4.667372969823596e+37
1989.97 3.1172672117249615e+37
1990.49 4.725877158985288e+37
1991.0 4.783569002080957e+37
1991.52 3.1052675799185585e+37
1992.04 3.051893371313745e+37
1992.55 4.735828396753788e+37
1993.07 4.749445692764225e+37
1993.58 4.741843804956632e+37
1994.1 2.9497332353934193e+37
1994.62 4.7497231436177405e+37
1995.14 4.436905405944896e+37
1995.65 3.3073811291503605e+37
1996.17 4.744228115420985e+37
1996.69 4.743598582749843e+37
1997.2 4.735898422747122e+37
1997.72 4.735269754867509e+37
1998.24 4.649838701558862e+37
1998.76 4.701759845950029e+37
1999.28 4.727613808568853e+37
1999.8 4.320833484102239e+37
2000.31 3.3312364122812954e+37
2000.83 4.587262957252211e+37
2001.35 4.709951047597043e+37
2001.87 3.352990401426906e+37
2002.39 4.041969220351596e+37
2002.91 4.72677422353866e+37
2003.43 4.733406393942672e+37
2003.94 4.730567279426303e+37
2004.46 4.72606453966731e+37
2004.98 4.633906976101779e+37
2005.5 4.429801459485383e+37
2006.02 4.380139312775018e+37
2006.54 4.714652310574513e+37
2007.06 4.66360892254199e+37
2007.58 4.675298321915988e+37
2008.1 4.69572950046972e+37
2008.62 4.358482100952082e+37
2009.14 3.39937868484932e+37
2009.67 4.685340013147713e+37
2010.19 4.395647437032369e+37
2010.71 4.311324137458006e+37
2011.23 4.444501706302753e+37
2011.75 4.665575506702299e+37
2012.27 3.753446671187039e+37
2012.79 4.60365627155191e+37
2013.31 3.2741959804080014e+37
2013.84 4.64989545098988e+37
2014.36 4.634784068559385e+37
2014.88 4.644199571386942e+37
2015.4 3.9860559398331496e+37
2015.93 4.565473847012108e+37
2016.45 4.5623483217969e+37
2016.97 4.611266532335808e+37
2017.49 4.530479902774285e+37
2018.02 3.843515176038416e+37
2018.54 4.62873967899314e+37
2019.06 4.542573466364359e+37
2019.58 4.647213839868963e+37
2020.11 4.6490400932611925e+37
2020.63 4.639999468803544e+37
2021.16 4.64864430617261e+37
2021.68 4.6278116320941215e+37
2022.2 4.647071557390398e+37
2022.73 4.232498913526834e+37
2023.25 4.651888772832636e+37
2023.78 4.63593405242018e+37
2024.3 4.650740577073151e+37
2024.82 4.652030179393389e+37
2025.35 4.630339761552691e+37
2025.88 4.269985085902506e+37
2026.4 4.595459286398391e+37
2026.93 4.63516009676754e+37
2027.45 4.628479111552634e+37
2027.98 4.60140310160419e+37
2028.5 4.3926511623888e+37
2029.03 4.613149963032561e+37
2029.55 4.609670345999201e+37
2030.08 4.304755483080465e+37
2030.61 4.599564994586707e+37
2031.13 4.576216770786792e+37
2031.66 4.582316834455189e+37
2032.19 4.385977207842997e+37
2032.71 4.519101832662221e+37
2033.24 4.573218404268032e+37
2033.77 4.120792781677097e+37
2034.29 4.501139734481637e+37
2034.82 4.38904527443534e+37
2035.35 3.173925003822542e+37
2035.88 4.262151570866992e+37
2036.4 4.544163409308373e+37
2036.93 4.550276060119602e+37
2037.46 3.8907415142096416e+37
2037.99 3.1953045714664034e+37
2038.52 4.5495835734726755e+37
2039.04 4.524820332427408e+37
2039.57 3.654354392388723e+37
2040.1 3.254878718487791e+37
2040.63 4.470705096538502e+37
2041.16 3.2481930742757856e+37
2041.69 4.5432741784043815e+37
2042.22 4.542032733430026e+37
2042.74 4.510276675049311e+37
2043.28 4.539863140229135e+37
2043.8 4.480296990078103e+37
2044.33 4.5361316516144945e+37
2044.86 4.0728556961985997e+37
2045.39 4.427519738760325e+37
2045.92 4.524746358894296e+37
2046.45 3.2977946476455846e+37
2046.98 4.515222142247446e+37
2047.52 4.2268862082083527e+37
2048.05 4.496215111926e+37
2048.58 4.4996248096737015e+37
2049.11 4.478632869362615e+37
2049.64 4.313547617259397e+37
2050.17 4.1706980610921743e+37
2050.7 4.50212676091934e+37
2051.23 4.463889870955684e+37
2051.76 4.409775439509701e+37
2052.3 4.487721430313833e+37
2052.83 4.305780437757792e+37
2053.36 4.436679772036329e+37
2053.89 4.469153657671315e+37
2054.43 4.465375527124842e+37
2054.96 4.456271712809209e+37
2055.49 4.455364342906985e+37
2056.02 4.452102607782528e+37
2056.55 3.2072128543637917e+37
2057.09 4.453641985060232e+37
2057.62 3.5513911266007994e+37
2058.16 4.425055849422871e+37
2058.69 4.16047289980222e+37
2059.22 2.7774138740976954e+37
2059.76 4.1977551272283842e+37
2060.29 2.970811562863659e+37
2060.82 4.441348063892211e+37
2061.36 4.406255865845833e+37
2061.89 4.424991465607565e+37
2062.43 2.794680109329093e+37
2062.96 4.43862338166744e+37
2063.5 4.432221985887187e+37
2064.03 4.384207609947305e+37
2064.56 4.427147126572096e+37
2065.1 4.41195136936768e+37
2065.64 4.313802912781971e+37
2066.17 4.428775727286887e+37
2066.71 4.4238210505736845e+37
2067.24 4.424534158696926e+37
2067.78 4.429211190355114e+37
2068.31 4.433582744359129e+37
2068.85 2.8958771272801504e+37
2069.39 4.429531255812516e+37
2069.92 4.43481710360763e+37
2070.46 4.393114375779703e+37
2071.0 4.427405224109101e+37
2071.53 4.372817700770016e+37
2072.07 4.427310951005921e+37
2072.61 4.3982717646873375e+37
2073.14 4.43077036782708e+37
2073.68 4.435246989780905e+37
2074.22 4.432200229809316e+37
2074.76 4.402624352655008e+37
2075.29 4.419210843166902e+37
2075.83 4.336887960647294e+37
2076.37 4.381779845946358e+37
2076.91 4.111841478140046e+37
2077.45 4.389832910659491e+37
2077.98 4.131019419513442e+37
2078.52 4.295134132058978e+37
2079.06 4.323596823950827e+37
2079.6 2.9349806071080414e+37
2080.14 4.378478633489608e+37
2080.68 4.384089459309631e+37
2081.22 4.383621357491251e+37
2081.76 4.354148592727102e+37
2082.3 4.384312005146844e+37
2082.84 4.383610944205366e+37
2083.38 4.348670589414614e+37
2083.92 4.36089372304271e+37
2084.46 4.383519828891072e+37
2085.0 2.752907042953918e+37
2085.54 3.9330602054920207e+37
2086.08 4.371163091936572e+37
2086.62 4.347375454996043e+37
2087.16 4.359476044642764e+37
2087.7 3.489855273277486e+37
2088.24 4.328682506965459e+37
2088.78 4.33344168291258e+37
2089.32 3.6539856065188744e+37
2089.87 4.1358645558784653e+37
2090.41 4.330855879086439e+37
2090.95 3.1342814251976123e+37
2091.49 4.318448029073794e+37
2092.03 3.0968270601882808e+37
2092.57 4.189239106644116e+37
2093.12 4.302663418277623e+37
2093.66 3.328348377344495e+37
2094.2 3.7178467958587074e+37
2094.75 4.235696775272757e+37
2095.29 4.28051213521401e+37
2095.83 3.7633548005873372e+37
2096.38 3.70787668207444e+37
2096.92 4.246074200417965e+37
2097.46 4.2795873484827705e+37
2098.0 3.699528626621922e+37
2098.55 3.741671277402001e+37
2099.09 4.275695055612053e+37
2099.64 4.253497933585226e+37
2100.18 4.267656662943035e+37
2100.73 4.2359157212134045e+37
2101.27 4.264333667335774e+37
2101.81 4.204544081085248e+37
2102.36 4.26651430953316e+37
2102.9 4.260848094793249e+37
2103.45 4.0950266329130167e+37
2103.99 4.1125321072668104e+37
2104.54 2.85073960567246e+37
2105.08 4.260550353405386e+37
2105.63 3.7521631518254173e+37
2106.18 4.2253192818141553e+37
2106.72 4.2315905280556954e+37
2107.27 4.2513541080047485e+37
2107.81 4.173304959958864e+37
2108.36 4.1687668662141936e+37
2108.91 4.038317876144972e+37
2109.45 4.111388671482154e+37
2110.0 4.2402412569109244e+37
2110.55 4.2376133667601134e+37
2111.09 4.233366737321444e+37
2111.64 4.2248489378527335e+37
2112.19 4.229314232133163e+37
2112.74 4.224166938925931e+37
2113.28 4.201239682852805e+37
2113.83 4.2201259734633205e+37
2114.38 4.044403674715244e+37
2114.93 4.0620782689281518e+37
2115.48 4.10238366078996e+37
2116.02 4.2167287506298426e+37
2116.57 4.2152569584672237e+37
2117.12 4.0691090818124256e+37
2117.67 4.2069501945241485e+37
2118.22 3.853645779123251e+37
2118.77 4.206100782349152e+37
2119.32 3.79956720295955e+37
2119.87 4.2067218806629665e+37
2120.42 4.1645769880546536e+37
2120.97 3.9533443693007087e+37
2121.51 4.1696019944031e+37
2122.06 4.1629993474894306e+37
2122.61 4.196790914229357e+37
2123.17 4.089912208136354e+37
2123.72 4.187757018252504e+37
2124.26 3.52383570648622e+37
2124.82 4.0873195125213424e+37
2125.37 4.1757857715347886e+37
2125.92 4.1041743386581664e+37
2126.47 4.176745762034507e+37
2127.02 4.1708267233765557e+37
2127.57 4.162255518247936e+37
2128.12 3.847244335463972e+37
2128.67 4.1441081016934444e+37
2129.23 4.1351580585203233e+37
2129.78 4.1391661809124596e+37
2130.33 3.887017253660131e+37
2130.88 4.1262660682418795e+37
2131.43 4.1036089307316836e+37
2131.99 4.114193491673364e+37
2132.54 4.067753757146575e+37
2133.09 4.103271390281517e+37
2133.65 4.0962628101886183e+37
2134.2 4.0887400697140354e+37
2134.75 4.082915747122351e+37
2135.3 4.0795295773435947e+37
2135.86 4.0756097594798733e+37
2136.41 4.0805715649134513e+37
2136.97 3.746534889420093e+37
2137.52 4.0683365188940225e+37
2138.07 3.3220153579176097e+37
2138.63 3.9838293433965926e+37
2139.18 4.075999194624202e+37
2139.74 4.0490558457924175e+37
2140.29 4.0650719799335763e+37
2140.84 4.0774451999280924e+37
2141.4 4.034440356504153e+37
2141.96 3.9329786840639806e+37
2142.51 4.0731260525943767e+37
2143.06 4.06800900960122e+37
2143.62 3.9736735756281587e+37
2144.18 3.263481865148058e+37
2144.73 4.0575440836614295e+37
2145.29 4.0266603939149806e+37
2145.84 4.072597625565946e+37
2146.4 4.024780051657177e+37
2146.96 3.8385017002818424e+37
2147.51 4.069688861292013e+37
2148.07 4.0670533933496504e+37
2148.63 3.6873906896492942e+37
2149.18 4.0330416430600447e+37
2149.74 4.064865083453309e+37
2150.3 4.042016440045078e+37
2150.85 4.064360916139176e+37
2151.41 4.045368959506581e+37
2151.97 4.0637328544953586e+37
2152.53 3.2705384367684453e+37
2153.08 4.0469398097161033e+37
2153.64 4.0610019728108558e+37
2154.2 4.0608075320712946e+37
2154.76 4.047911292507155e+37
2155.32 4.046673234712636e+37
2155.88 4.052664257411328e+37
2156.44 4.0427526039581894e+37
2156.99 4.0285070629502567e+37
2157.55 4.039133784093909e+37
2158.11 4.0331049687180232e+37
2158.67 3.995518944162103e+37
2159.23 3.5764087090932944e+37
2159.79 4.003218675955756e+37
2160.35 4.0030552752705045e+37
2160.91 4.011417340496457e+37
2161.47 3.997066668502243e+37
2162.03 3.6446097118487937e+37
2162.59 3.9266706692611364e+37
2163.15 3.9919932364433814e+37
2163.71 3.761815890674061e+37
2164.27 3.983091104769979e+37
2164.83 3.964241822333471e+37
2165.4 3.9741502276510813e+37
2165.96 3.8710630990889044e+37
2166.52 3.9685417061336124e+37
2167.08 3.9600065884393564e+37
2167.64 3.1663944222069657e+37
2168.2 3.9616515712060587e+37
2168.76 3.888385768845567e+37
2169.33 3.954077727194747e+37
2169.89 3.94700023858336e+37
2170.45 3.809027782067104e+37
2171.01 3.949128424910561e+37
2171.58 3.9008765400848203e+37
2172.14 3.9447380940583575e+37
2172.7 3.9370970749875632e+37
2173.27 3.9394761150900425e+37
2173.83 3.931280426242253e+37
2174.39 3.8905745734985886e+37
2174.96 3.90183963547845e+37
2175.52 3.9068481091131866e+37
2176.08 3.9090765280884316e+37
2176.65 3.920114849267017e+37
2177.21 3.9155141486311425e+37
2177.78 3.9024104571031163e+37
2178.34 3.9127772168100283e+37
2178.91 3.9096886709290934e+37
2179.47 3.8949177427831646e+37
2180.03 3.863084461244738e+37
2180.6 3.8967504290761264e+37
2181.17 3.2674961327455507e+37
2181.73 3.8937266061846466e+37
2182.3 3.89057663019216e+37
2182.86 3.8833917151330853e+37
2183.43 3.8231050293109294e+37
2183.99 3.880658820281182e+37
2184.56 3.838926877332737e+37
2185.12 3.8743034562223655e+37
2185.69 3.69748781895906e+37
2186.26 3.7669508475497564e+37
2186.82 3.875339983091798e+37
2187.39 3.788265074180397e+37
2187.96 3.87416610274575e+37
2188.53 3.8369327786060647e+37
2189.09 3.8739478613774217e+37
2189.66 3.8742745396869327e+37
2190.23 3.881689877632285e+37
2190.79 3.7707570101037494e+37
2191.36 3.8297132446589158e+37
2191.93 3.672959748592854e+37
2192.5 3.885781010519681e+37
2193.07 3.8819326565048587e+37
2193.64 3.877194636034515e+37
2194.21 3.8680003086942527e+37
2194.77 3.888929234710906e+37
2195.34 3.883779182055701e+37
2195.91 3.88094285324704e+37
2196.48 3.8282614605660856e+37
2197.05 3.87285690901363e+37
2197.62 3.869660479037897e+37
2198.19 3.865193152358645e+37
2198.76 3.8605308482391145e+37
2199.33 3.709387674227168e+37
2199.9 3.8460133723552927e+37
2200.47 3.8490017744068446e+37
2201.04 3.838494561418723e+37
2201.61 3.831535306666664e+37
2202.18 3.7901781497917833e+37
2202.75 3.822192160570085e+37
2203.32 3.8248012201039232e+37
2203.89 3.681509109490736e+37
2204.46 3.756179350758899e+37
2205.03 3.812473828243501e+37
2205.61 3.8104379922585173e+37
2206.18 3.8004357046965422e+37
2206.75 3.7923108343018563e+37
2207.32 3.7697953616334645e+37
2207.89 3.792393062269551e+37
2208.47 3.7802663577821345e+37
2209.04 3.7742167055199956e+37
2209.61 3.0838687736961778e+37
2210.18 3.774053763049922e+37
2210.76 3.656807798715977e+37
2211.33 3.7497741680467553e+37
2211.9 3.7504012894901158e+37
2212.48 3.7551688338638564e+37
2213.05 3.7245015718714224e+37
2213.62 3.744827623440045e+37
2214.2 3.740057520252876e+37
2214.77 3.724227326761889e+37
2215.34 3.623107533060606e+37
2215.92 3.6251624622531354e+37
2216.49 3.7012957732801315e+37
2217.07 3.6812531010822734e+37
2217.64 3.7120835596107837e+37
2218.22 3.5711026904876306e+37
2218.79 3.694320563235994e+37
2219.37 3.6399410689948004e+37
2219.94 3.6965094827303774e+37
2220.52 3.6867495626028374e+37
2221.09 3.643791175382835e+37
2221.67 3.683844136188726e+37
2222.25 3.6814347415233225e+37
2222.82 3.6722703416561906e+37
2223.4 3.6721212897847785e+37
2223.97 3.6679257807525908e+37
2224.55 3.6639849208953254e+37
2225.13 3.6542558880968647e+37
2225.7 3.6461158069741137e+37
2226.28 3.6658973509099455e+37
2226.86 3.6688429649456e+37
2227.43 3.405466523666052e+37
2228.01 3.6554647227390253e+37
2228.59 3.615860510120853e+37
2229.17 3.6482585438014678e+37
2229.74 3.6808736380468376e+37
2230.32 3.677294362458561e+37
2230.9 3.6851197815926506e+37
2231.48 3.6889947581292346e+37
2232.06 3.690338080878968e+37
2232.64 3.6900673838761224e+37
2233.21 3.61367117822188e+37
2233.79 3.6952412361232283e+37
2234.37 3.5812229131307685e+37
2234.95 3.7027957191631175e+37
2235.53 3.6989591509115796e+37
2236.11 3.6940194706726745e+37
2236.69 3.385069725602471e+37
2237.27 3.6833044882528613e+37
2237.85 3.6770719024719526e+37
2238.43 3.631205867631986e+37
2239.01 3.6202105901372703e+37
2239.59 3.6620200962465832e+37
2240.17 3.6515088382863904e+37
2240.75 3.6518118650869955e+37
2241.33 3.646273655859726e+37
2241.91 3.6412351177974283e+37
2242.49 3.632688741194085e+37
2243.07 3.630248592953948e+37
2243.66 3.6254011617692416e+37
2244.24 3.6017489264528016e+37
2244.82 3.3481347124621166e+37
2245.4 3.608613659598917e+37
2245.98 3.607574773652661e+37
2246.56 3.5931531674996736e+37
2247.15 3.60042863332685e+37
2247.73 3.596559449431421e+37
2248.31 3.5635306582442854e+37
2248.89 3.590313995938129e+37
2249.48 3.5855689532145353e+37
2250.06 3.5830673079516435e+37
2250.64 3.5778810833465783e+37
2251.23 3.5759327245056293e+37
2251.81 3.549137734083924e+37
2252.39 3.5646799054109425e+37
2252.98 3.421092604081536e+37
2253.56 3.504987774554013e+37
2254.15 3.557590510019509e+37
2254.73 3.5530014252788674e+37
2255.31 3.5537691952844607e+37
2255.9 3.5505234135445533e+37
2256.48 3.528969827153002e+37
2257.07 3.5495426222429987e+37
2257.65 3.5483748293854523e+37
2258.24 3.362611997465954e+37
2258.82 3.5375547983918314e+37
2259.41 3.522863602926208e+37
2260.0 3.544370660142859e+37
2260.58 3.541301304497851e+37
2261.17 3.497168111150993e+37
2261.75 3.5422857106998743e+37
2262.34 3.116196052136609e+37
2262.93 3.539613545707367e+37
2263.51 3.5322251546900245e+37
2264.1 3.534550425858766e+37
2264.69 3.536304296234982e+37
2265.27 3.5176383034774426e+37
2265.86 3.5223192858061175e+37
2266.45 3.535012964231293e+37
2267.03 3.5341862989492956e+37
2267.62 3.5355435001223787e+37
2268.21 3.4121479578304224e+37
2268.8 3.5334070832400934e+37
2269.39 3.5350911258955885e+37
2269.97 3.52988629495594e+37
2270.56 3.535055597615394e+37
2271.15 3.5350396004623913e+37
2271.74 3.5330785971838766e+37
2272.33 3.5294972964041816e+37
2272.92 3.5349791850445855e+37
2273.51 3.5349594355994563e+37
2274.09 3.4359125418056083e+37
2274.68 3.5344352872018863e+37
2275.27 3.5342546664244217e+37
2275.86 3.526626282794652e+37
2276.45 3.529518431164058e+37
2277.04 3.474091376762594e+37
2277.63 3.469374065677623e+37
2278.22 3.461560921857836e+37
2278.81 3.529013746516911e+37
2279.41 3.4992070413771096e+37
2280.0 3.527217137185001e+37
2280.59 3.510737600534395e+37
2281.18 3.5249178241250007e+37
2281.77 3.5224732802661895e+37
2282.36 3.523899098765271e+37
2282.95 3.5222648576950503e+37
2283.54 3.522163908635334e+37
2284.14 3.519482391060357e+37
2284.73 3.5159126440523327e+37
2285.32 3.5113770626090907e+37
2285.91 3.5131122369056744e+37
2286.5 3.5086825198800746e+37
2287.1 3.4971715249660546e+37
2287.69 3.2998316124057853e+37
2288.28 3.48647067945898e+37
2288.88 3.490934256591379e+37
2289.47 3.4864323912300246e+37
2290.06 3.46679314000402e+37
2290.66 3.477604521960052e+37
2291.25 3.461112146410704e+37
2291.84 3.4685614331963203e+37
2292.44 3.450133486952296e+37
2293.03 3.4594570721702004e+37
2293.63 3.4462679105254583e+37
2294.22 3.4505240549159363e+37
2294.81 3.442039447215382e+37
2295.41 3.4419352586973563e+37
2296.0 3.439694574027092e+37
2296.6 3.2393872070915824e+37
2297.2 3.4035154003563175e+37
2297.79 2.5572016747716973e+37
2298.39 3.428057628876145e+37
2298.98 3.3820910399656186e+37
2299.58 3.4105420773547695e+37
2300.17 3.419802851746062e+37
2300.77 3.397294633687764e+37
2301.37 3.4125164284518825e+37
2301.96 3.4109183993545213e+37
2302.56 3.407972207057665e+37
2303.16 3.390650229826464e+37
2303.75 3.2924608196106474e+37
2304.35 3.398181107715781e+37
2304.95 3.3951081945834124e+37
2305.54 3.3903280026122337e+37
2306.14 3.3866944498552475e+37
2306.74 3.3723375035958806e+37
2307.34 3.32756722650905e+37
2307.94 3.3746345164580136e+37
2308.53 3.368479473801073e+37
2309.13 3.370057150450707e+37
2309.73 3.367777961002664e+37
2310.33 3.3646039341709877e+37
2310.93 3.360833051848731e+37
2311.53 3.358097095848473e+37
2312.13 3.354094679457961e+37
2312.73 3.3473084559451026e+37
2313.32 3.327821275428762e+37
2313.93 3.249938736252121e+37
2314.52 3.337263010653737e+37
2315.12 3.3351293786632683e+37
2315.72 3.321162654454693e+37
2316.32 3.181468280075012e+37
2316.93 3.281033486735544e+37
2317.52 3.26930446056096e+37
2318.13 3.2650872732984527e+37
2318.73 3.2536528183601857e+37
2319.33 3.242130978175111e+37
2319.93 2.8739584345397037e+37
2320.53 3.214157018769084e+37
2321.13 3.204205557847283e+37
2321.73 3.1916459804661593e+37
2322.33 3.1302413292080694e+37
2322.94 3.0578722533844437e+37
2323.54 3.151745039298276e+37
2324.14 3.1388891800020844e+37
2324.74 3.117776810742984e+37
2325.35 3.1231272791288664e+37
2325.95 3.1292735471129e+37
2326.55 3.1306902082163735e+37
2327.16 3.1394435693014223e+37
2327.76 3.1136861930605953e+37
2328.36 3.0428083868643952e+37
2328.97 3.1684576984450157e+37
2329.57 3.1759306763003293e+37
2330.17 3.181596312732524e+37
2330.78 3.179899610527688e+37
2331.38 3.1887131896350785e+37
2331.98 3.0508663336909936e+37
2332.59 3.2115706420433227e+37
2333.19 3.0721618810116346e+37
2333.8 3.2157322249693433e+37
2334.4 3.2304155917848964e+37
2335.01 3.2212288544123104e+37
2335.61 3.2365232616185168e+37
2336.22 3.2340602818618985e+37
2336.82 3.2299661009859034e+37
2337.43 3.135080555757645e+37
2338.03 3.221348608993167e+37
2338.64 3.1510381602112735e+37
2339.25 3.1861146642204825e+37
2339.85 3.193189045010428e+37
2340.46 3.1964679845115653e+37
2341.07 3.1531289566568846e+37
2341.67 3.188445286331741e+37
2342.28 3.191572794779083e+37
2342.89 3.187236923215557e+37
2343.5 3.183783471816762e+37
2344.1 3.1321994231631746e+37
2344.71 3.1399469413053087e+37
2345.32 3.173580813737396e+37
2345.93 3.161803174372973e+37
2346.53 3.177118906878995e+37
2347.14 3.178333324847916e+37
2347.75 3.1024111455312378e+37
2348.36 3.179168755763646e+37
2348.97 3.1086400173719984e+37
2349.58 3.183649423013204e+37
2350.19 3.1856010314805336e+37
2350.79 3.1861193439545e+37
2351.4 3.188190647861323e+37
2352.01 3.178098032678525e+37
2352.62 3.191294616660824e+37
2353.23 3.169099410042317e+37
2353.84 3.1944008294722897e+37
2354.45 3.12467663385881e+37
2355.06 3.182004032236185e+37
2355.67 3.174621818093767e+37
2356.28 3.186419078926462e+37
2356.89 3.1794643012771015e+37
2357.5 3.1757998995086903e+37
2358.12 3.1666085760955567e+37
2358.73 3.165862913287233e+37
2359.34 3.1605464762467625e+37
2359.95 3.13698436754696e+37
2360.56 3.1467637560305e+37
2361.17 3.135863566336963e+37
2361.78 3.1400165507312087e+37
2362.4 3.128785606974825e+37
2363.01 3.124743425489217e+37
2363.62 3.1220717403244525e+37
2364.24 3.101358874554133e+37
2364.85 3.114310436374401e+37
2365.46 3.0777932757495533e+37
2366.07 3.1034301315850547e+37
2366.69 3.070351025756346e+37
2367.3 3.0842247510207324e+37
2367.91 3.1117709399874633e+37
2368.53 3.1118947936242373e+37
2369.14 3.110445220798149e+37
2369.76 3.108928168488705e+37
2370.37 3.111044702076225e+37
2370.98 3.1098079364882334e+37
2371.6 3.041367388133323e+37
2372.21 3.110822607771872e+37
2372.83 3.1098733194160243e+37
2373.44 3.1077081855604485e+37
2374.06 3.109679971674197e+37
2374.67 2.973716998301575e+37
2375.29 3.107270552731505e+37
2375.91 3.0552272476350116e+37
2376.52 3.0946870445806935e+37
2377.14 3.015549956173542e+37
2377.75 3.0861692023828345e+37
2378.37 3.080748423886149e+37
2378.99 3.0745549250957305e+37
2379.6 3.069492835895333e+37
2380.22 3.063787179232498e+37
2380.83 3.054296518781597e+37
2381.45 3.0091262350318274e+37
2382.07 3.0484307838947816e+37
2382.69 2.938927985272132e+37
2383.3 3.0345089238180637e+37
2383.92 2.9959489566910015e+37
2384.54 3.025803004588752e+37
2385.16 2.97788406629949e+37
2385.78 3.0129582294371335e+37
2386.4 3.001763149074583e+37
2387.01 2.9572291542136356e+37
2387.63 3.0295921653520083e+37
2388.25 3.0311283208232596e+37
2388.87 3.0320223477122763e+37
2389.49 3.014300557339521e+37
2390.11 3.015498843067347e+37
2390.73 3.0404814785298076e+37
2391.35 3.042212802201502e+37
2391.97 3.04269862785789e+37
2392.59 3.0462961262664857e+37
2393.21 3.047437130811471e+37
2393.83 3.050038492222625e+37
2394.45 3.036362818353501e+37
2395.07 3.0527723073330046e+37
2395.69 3.045565695428384e+37
2396.31 2.9323277723655975e+37
2396.93 3.040803735079049e+37
2397.55 3.02105067663657e+37
2398.17 3.0321458510615964e+37
2398.79 2.9893175164247106e+37
2399.42 3.0159570345820807e+37
2400.04 2.958599945432177e+37
2400.66 3.014197396738483e+37
2401.28 3.0118985990312195e+37
2401.91 3.0067090161205818e+37
2402.53 2.9761730622168e+37
2403.15 2.9386473310093084e+37
2403.77 2.994749456597601e+37
2404.4 2.955496208531141e+37
2405.02 2.984947819063861e+37
2405.64 2.8853822241283726e+37
2406.27 2.985348462143654e+37
2406.89 2.983415622727424e+37
2407.51 2.96001781903551e+37
2408.14 2.97797950885106e+37
2408.76 2.9682075385791776e+37
2409.39 2.9769182878872133e+37
2410.01 2.9347330731475823e+37
2410.64 2.9796820917774716e+37
2411.26 2.8960486497588196e+37
2411.89 2.939123029839383e+37
2412.51 2.9768236743500934e+37
2413.14 2.9759199200534717e+37
2413.76 2.9746724783561863e+37
2414.39 2.968447591633907e+37
2415.01 2.9736747441411215e+37
2415.64 2.973590493811057e+37
2416.26 2.974389076916545e+37
2416.89 2.942481317945162e+37
2417.52 2.973332848368633e+37
2418.14 2.9752914417952505e+37
2418.77 2.974795310188611e+37
2419.4 2.7453292329186537e+37
2420.02 2.9759113036678536e+37
2420.65 2.9747341050098044e+37
2421.28 2.9707624947739164e+37
2421.91 2.973103573328797e+37
2422.53 2.9766394732781614e+37
2423.16 2.9769121272567876e+37
2423.79 2.973824131549733e+37
2424.42 2.9510442180641463e+37
2425.05 2.9689989871427707e+37
2425.68 2.9733608860942163e+37
2426.3 2.9679608592772807e+37
2426.93 2.9647778166975373e+37
2427.56 2.9609429004898536e+37
2428.19 2.9567622478756855e+37
2428.82 2.9520632407885193e+37
2429.45 2.9331472476665473e+37
2430.08 2.9344760158660088e+37
2430.71 2.9272536369428846e+37
2431.34 2.9358457055656715e+37
2431.97 2.9074784368562453e+37
2432.6 2.9274691228310244e+37
2433.23 2.9230307906360784e+37
2433.86 2.8984451245838054e+37
2434.49 2.91429283271712e+37
2435.12 2.9081921022861947e+37
2435.75 2.8953334289427296e+37
2436.39 2.914038415898386e+37
2437.02 2.9133524966944757e+37
2437.65 2.915875049637583e+37
2438.28 2.9152512832493164e+37
2438.91 2.676778041017484e+37
2439.54 2.920779256026861e+37
2440.18 2.9156012236054114e+37
2440.81 2.91591616639037e+37
2441.44 2.91984850057637e+37
2442.07 2.9228473006396495e+37
2442.71 2.9271204633227844e+37
2443.34 2.92823912330462e+37
2443.97 2.9278866327478006e+37
2444.61 2.930424975873194e+37
2445.24 2.8846568166022704e+37
2445.88 2.9175805685211424e+37
2446.51 2.9116109860356187e+37
2447.14 2.910657575536086e+37
2447.78 2.918598171757636e+37
2448.41 2.906020187225908e+37
2449.05 2.866347581144307e+37
2449.68 2.910442076374195e+37
2450.32 2.8693014114081034e+37
2450.95 2.8984006812457137e+37
2451.59 2.9016709523347484e+37
2452.22 2.8983890151660595e+37
2452.86 2.8956492939558345e+37
2453.49 2.893107677289962e+37
2454.13 2.890173920618224e+37
2454.76 2.8849881610798954e+37
2455.4 2.8726216344859725e+37
2456.04 2.8823070470000657e+37
2456.67 2.876874091335714e+37
2457.31 2.8684241195727504e+37
2457.95 2.8772371234064495e+37
2458.58 2.87365514063767e+37
2459.22 2.8735079327303767e+37
2459.86 2.8674350847767426e+37
2460.5 2.865709671168528e+37
2461.14 2.850417028035553e+37
2461.77 2.8418429177971033e+37
2462.41 2.859876972797874e+37
2463.05 2.8601892480116494e+37
2463.69 2.8197855259997224e+37
2464.33 2.857928257225174e+37
2464.96 2.856009796469743e+37
2465.6 2.8380288664505787e+37
2466.24 2.8497537203508405e+37
2466.88 2.8463411818844205e+37
2467.52 2.819811697495238e+37
2468.16 2.8404401136910764e+37
2468.8 2.837102547227091e+37
2469.44 2.833963226834065e+37
2470.08 2.829141235368136e+37
2470.72 2.827567134057274e+37
2471.36 2.806995523862354e+37
2472.0 2.8204037203797306e+37
2472.64 2.8159273154004565e+37
2473.28 2.791281688474304e+37
2473.92 2.8090575238078824e+37
2474.56 2.808715622798824e+37
2475.21 2.806769008624835e+37
2475.85 2.7992951540865703e+37
2476.49 2.8098297503186295e+37
2477.13 2.810651733248493e+37
2477.77 2.8128265937128366e+37
2478.42 2.813927780720004e+37
2479.06 2.813612845953956e+37
2479.7 2.8171026716934715e+37
2480.34 2.8183792100791518e+37
2480.99 2.8048219833930385e+37
2481.63 2.8149900483659456e+37
2482.27 2.8083949474964012e+37
2482.92 2.800211901432206e+37
2483.56 2.8227685376716873e+37
2484.2 2.825279322459689e+37
2484.85 2.824743170820774e+37
2485.49 2.826015985329528e+37
2486.14 2.8234751327757565e+37
2486.78 2.8204158232913055e+37
2487.42 2.8172309734685846e+37
2488.07 2.8129552873149924e+37
2488.71 2.788398141835043e+37
2489.36 2.8077024698300114e+37
2490.0 2.8045314778878587e+37
2490.65 2.795909566291933e+37
2491.29 2.797686846534722e+37
2491.94 2.794076222732275e+37
2492.59 2.7916269858904616e+37
2493.23 2.787322503055448e+37
2493.88 2.7415042201308235e+37
2494.52 2.7814264028805306e+37
2495.17 2.7802488093666725e+37
2495.82 2.781574625151095e+37
2496.47 2.782258084207773e+37
2497.11 2.7836377875271144e+37
2497.76 2.773041442445491e+37
2498.41 2.7852003016995293e+37
2499.05 2.7823062617834796e+37
2499.7 2.7504259183635984e+37
