WAVE FLUX
900.0 915297.7
901.0 911337.2
902.0 911351.2
903.0 911016.0
904.0 900070.0
905.0 902373.8
906.0 848183.5
907.0 907448.4
908.0 906807.7
909.0 906531.5
910.0 891840.6
911.0 899599.5
912.0 1737249.0
913.0 1691075.0
914.0 1540929.0
915.0 1723833.0
916.0 1659706.0
917.0 1667417.0
918.0 1628656.0
919.0 1392079.0
920.0 1312178.0
921.0 516694.2
922.0 937992.1
923.0 906936.8
924.0 1052654.0
925.0 1803098.0
926.0 1666768.0
927.0 1587013.0
928.0 1256038.0
929.0 950408.9
930.0 862302.3
931.0 816615.8
932.0 1066279.0
933.0 1498203.0
934.0 2292338.0
935.0 1974266.0
936.0 1806643.0
937.0 1504760.0
938.0 854932.4
939.0 1368258.0
940.0 1140614.0
941.0 1060905.0
942.0 1038871.0
943.0 1127723.0
944.0 1426295.0
945.0 2106617.0
946.0 1913593.0
947.0 1766544.0
948.0 1606941.0
949.0 1345838.0
950.0 851745.4
951.0 1573682.0
952.0 1621039.0
953.0 1620500.0
954.0 1599431.0
955.0 1511644.0
956.0 1641726.0
957.0 1619546.0
958.0 1611151.0
959.0 1132001.0
960.0 1587883.0
961.0 1612498.0
962.0 1601146.0
963.0 1602122.0
964.0 1531537.0
965.0 1601809.0
966.0 1590967.0
967.0 1530032.0
968.0 1522408.0
969.0 1546956.0
970.0 1537727.0
971.0 1539048.0
972.0 1208476.0
973.0 1426219.0
974.0 1361636.0
975.0 1376404.0
976.0 1417769.0
977.0 1540995.0
978.0 1450893.0
979.0 1532392.0
980.0 1542754.0
981.0 1477310.0
982.0 1530558.0
983.0 1528587.0
984.0 1451472.0
985.0 1490074.0
986.0 1309609.0
987.0 1165539.0
988.0 1407104.0
989.0 1374904.0
990.0 1046038.0
991.0 1434957.0
992.0 1624899.0
993.0 1530726.0
994.0 1500090.0
995.0 1270606.0
996.0 1376645.0
997.0 1369198.0
998.0 1449311.0
999.0 1474137.0
1000.0 1499845.0
1001.0 1455837.0
1002.0 1462010.0
1003.0 1463781.0
1004.0 1470180.0
1005.0 1455513.0
1006.0 1261156.0
1007.0 1421153.0
1008.0 1220028.0
1009.0 1425659.0
1010.0 1240496.0
1011.0 1399599.0
1012.0 1420256.0
1013.0 1147266.0
1014.0 1425646.0
1015.0 1348761.0
1016.0 1354026.0
1017.0 1362806.0
1018.0 1187036.0
1019.0 1356718.0
1020.0 1324530.0
1021.0 1355871.0
1022.0 1360989.0
1023.0 1335202.0
1024.0 1303076.0
1025.0 1060823.0
1026.0 766993.8
1027.0 1258913.0
1028.0 1261305.0
1029.0 1232759.0
1030.0 1189501.0
1031.0 1175198.0
1032.0 1331043.0
1033.0 1396960.0
1034.0 1271578.0
1035.0 1224528.0
1036.0 1236084.0
1037.0 1141013.0
1038.0 1402710.0
1039.0 1411957.0
1040.0 1360433.0
1041.0 1376767.0
1042.0 1372477.0
1043.0 1371035.0
1044.0 1362387.0
1045.0 1359251.0
1046.0 1354728.0
1047.0 1354512.0
1048.0 1349367.0
1049.0 1350878.0
1050.0 1352320.0
1051.0 1343131.0
1052.0 1339894.0
1053.0 1327353.0
1054.0 1328189.0
1055.0 1311512.0
1056.0 1268820.0
1057.0 1316415.0
1058.0 1313785.0
1059.0 1306356.0
1060.0 1264391.0
1061.0 1237099.0
1062.0 1211591.0
1063.0 1042202.0
1064.0 1293152.0
1065.0 1289951.0
1066.0 1250829.0
1067.0 1279562.0
1068.0 1226250.0
1069.0 1193245.0
1070.0 1218331.0
1071.0 1257049.0
1072.0 1236530.0
1073.0 1231126.0
1074.0 1241933.0
1075.0 1255310.0
1076.0 1260274.0
1077.0 1263484.0
1078.0 1203181.0
1079.0 1218398.0
1080.0 1256923.0
1081.0 1242738.0
1082.0 1231241.0
1083.0 1204726.0
1084.0 1206458.0
1085.0 1108486.0
1086.0 1216777.0
1087.0 1227845.0
1088.0 1205746.0
1089.0 1177670.0
1090.0 1191946.0
1091.0 1193379.0
1092.0 1218266.0
1093.0 1208724.0
1094.0 1222147.0
1095.0 1216601.0
1096.0 1202382.0
1097.0 1182870.0
1098.0 1147847.0
1099.0 1207198.0
1100.0 1202852.0
1101.0 1205633.0
1102.0 1191982.0
1103.0 1192176.0
1104.0 1167272.0
1105.0 1192627.0
1106.0 1189348.0
1107.0 1177661.0
1108.0 832368.6
1109.0 1151602.0
1110.0 1157384.0
1111.0 1146092.0
1112.0 1139185.0
1113.0 1137475.0
1114.0 1138906.0
1115.0 1097773.0
1116.0 1079926.0
1117.0 1127170.0
1118.0 1129513.0
1119.0 1166436.0
1120.0 1161648.0
1121.0 1144957.0
1122.0 1145331.0
1123.0 1134310.0
1124.0 910440.7
1125.0 1020840.0
1126.0 1115503.0
1127.0 1109635.0
1128.0 932740.9
1129.0 910178.0
1130.0 1081345.0
1131.0 1106124.0
1132.0 1122737.0
1133.0 1118267.0
1134.0 1118901.0
1135.0 1113662.0
1136.0 1120799.0
1137.0 1116794.0
1138.0 1110413.0
1139.0 1066661.0
1140.0 1054659.0
1141.0 1095837.0
1142.0 1059875.0
1143.0 1090454.0
1144.0 1068048.0
1145.0 1023878.0
1146.0 1089930.0
1147.0 1088846.0
1148.0 1088512.0
1149.0 1077766.0
1150.0 1070587.0
1151.0 1077442.0
1152.0 1077256.0
1153.0 1076683.0
1154.0 1070595.0
1155.0 1063010.0
1156.0 1030925.0
1157.0 1057227.0
1158.0 1058558.0
1159.0 1043260.0
1160.0 1042370.0
1161.0 1054117.0
1162.0 1017629.0
1163.0 1047833.0
1164.0 1008861.0
1165.0 1002983.0
1166.0 1037376.0
1167.0 1027835.0
1168.0 1038753.0
1169.0 703336.2
1170.0 1027422.0
1171.0 1006739.0
1172.0 999588.1
1173.0 963284.6
1174.0 944525.4
1175.0 678969.8
1176.0 670682.2
1177.0 971178.9
1178.0 999743.3
1179.0 1020036.0
1180.0 1013461.0
1181.0 1012599.0
1182.0 1014167.0
1183.0 777766.5
1184.0 894667.7
1185.0 876840.8
1186.0 1003002.0
1187.0 1002932.0
1188.0 998842.5
1189.0 993631.5
1190.0 988817.9
1191.0 935182.3
1192.0 982901.5
1193.0 977746.4
1194.0 978134.2
1195.0 980327.3
1196.0 970764.1
1197.0 895329.6
1198.0 965112.7
1199.0 971859.6
1200.0 968362.2
1201.0 920417.5
1202.0 910571.1
1203.0 903226.0
1204.0 915538.4
1205.0 937001.3
1206.0 921572.4
1207.0 925636.0
1208.0 905108.3
1209.0 876727.8
1210.0 895141.4
1211.0 920956.7
1212.0 912187.6
1213.0 866970.7
1214.0 867332.1
1215.0 739703.8
1216.0 778009.2
1217.0 873549.5
1218.0 821789.2
1219.0 910497.9
1220.0 877645.6
1221.0 855406.1
1222.0 909616.2
1223.0 848745.0
1224.0 845220.5
1225.0 895755.6
1226.0 897960.1
1227.0 903641.7
1228.0 808540.3
1229.0 772932.9
1230.0 672745.3
1231.0 578988.0
1232.0 469434.9
1233.0 458701.1
1234.0 443587.4
1235.0 436847.0
1236.0 429943.2
1237.0 452007.6
1238.0 516430.9
1239.0 603898.7
1240.0 660206.4
1241.0 733117.5
1242.0 892769.7
1243.0 1192521.0
1244.0 1173911.0
1245.0 1137974.0
1246.0 1043944.0
1247.0 919700.2
1248.0 931605.8
1249.0 905905.6
1250.0 832355.9
1251.0 855070.9
1252.0 866166.9
1253.0 769258.9
1254.0 869122.2
1255.0 866935.7
1256.0 874277.9
1257.0 871585.5
1258.0 869236.2
1259.0 857842.3
1260.0 848971.1
1261.0 844003.2
1262.0 862504.6
1263.0 860569.7
1264.0 845113.2
1265.0 849705.0
1266.0 852184.0
1267.0 852934.2
1268.0 822417.9
1269.0 840174.9
1270.0 816656.5
1271.0 829671.9
1272.0 835244.9
1273.0 827663.1
1274.0 834196.5
1275.0 840958.9
1276.0 833605.5
1277.0 828143.7
1278.0 788187.8
1279.0 829715.4
1280.0 829633.3
1281.0 816942.8
1282.0 809558.8
1283.0 826661.9
1284.0 814908.1
1285.0 825892.3
1286.0 814418.8
1287.0 765222.9
1288.0 822290.3
1289.0 817929.6
1290.0 813058.8
1291.0 779515.0
1292.0 805469.2
1293.0 808420.2
1294.0 798469.2
1295.0 755378.5
1296.0 792301.4
1297.0 687685.9
1298.0 794000.0
1299.0 792214.4
1300.0 793371.8
1301.0 719599.5
1302.0 726248.6
1303.0 740677.6
1304.0 758172.4
1305.0 789246.4
1306.0 785053.4
1307.0 769938.5
1308.0 780782.5
1309.0 783383.9
1310.0 774819.5
1311.0 783313.7
1312.0 780848.3
1313.0 747721.1
1314.0 774497.7
1315.0 768914.7
1316.0 775567.2
1317.0 753705.5
1318.0 752275.5
1319.0 770720.3
1320.0 764521.1
1321.0 757454.9
1322.0 763832.5
1323.0 597515.8
1324.0 730419.5
1325.0 746224.6
1326.0 714588.3
1327.0 757085.3
1328.0 755769.5
1329.0 729728.5
1330.0 745110.2
1331.0 714877.3
1332.0 677902.4
1333.0 741081.6
1334.0 732772.8
1335.0 701478.7
1336.0 620708.4
1337.0 732305.2
1338.0 722192.3
1339.0 733801.1
1340.0 742667.1
1341.0 737306.1
1342.0 726434.5
1343.0 619893.1
1344.0 678094.9
1345.0 733187.9
1346.0 732063.6
1347.0 731221.1
1348.0 730870.8
1349.0 730161.3
1350.0 716417.9
1351.0 724112.9
1352.0 725409.9
1353.0 723751.2
1354.0 722065.8
1355.0 696945.6
1356.0 694354.2
1357.0 701127.2
1358.0 670747.8
1359.0 704847.3
1360.0 713095.5
1361.0 632672.5
1362.0 693767.4
1363.0 662439.2
1364.0 636510.6
1365.0 633221.7
1366.0 600362.1
1367.0 626737.1
1368.0 588027.9
1369.0 551524.4
1370.0 568699.1
1371.0 664492.5
1372.0 791195.6
1373.0 742130.3
1374.0 613999.0
1375.0 683985.5
1376.0 692675.9
1377.0 687443.7
1378.0 622620.6
1379.0 629302.7
1380.0 683289.8
1381.0 683562.9
1382.0 682258.2
1383.0 678466.5
1384.0 673307.0
1385.0 671882.4
1386.0 668210.9
1387.0 648996.1
1388.0 615310.2
1389.0 550391.1
1390.0 569731.3
1391.0 510511.3
1392.0 623726.9
1393.0 643276.7
1394.0 643806.0
1395.0 683159.0
1396.0 654754.1
1397.0 634851.2
1398.0 582446.0
1399.0 601471.6
1400.0 601197.7
1401.0 592559.9
1402.0 638434.4
1403.0 695936.4
1404.0 671094.0
1405.0 645598.3
1406.0 649830.1
1407.0 609571.4
1408.0 627070.9
1409.0 491768.3
1410.0 624913.2
1411.0 646455.4
1412.0 645253.2
1413.0 644072.1
1414.0 639874.4
1415.0 637245.8
1416.0 618441.8
1417.0 581666.3
1418.0 454458.6
1419.0 633708.9
1420.0 626868.7
1421.0 612334.7
1422.0 617879.8
1423.0 615206.9
1424.0 560536.6
1425.0 596548.3
1426.0 624461.4
1427.0 626518.0
1428.0 605612.6
1429.0 610242.9
1430.0 560993.6
1431.0 509660.5
1432.0 601495.4
1433.0 605407.3
1434.0 612128.9
1435.0 609261.3
1436.0 615403.7
1437.0 606192.0
1438.0 610243.7
1439.0 596611.8
1440.0 530932.6
1441.0 506436.8
1442.0 608454.5
1443.0 608171.7
1444.0 607456.5
1445.0 593848.1
1446.0 601974.6
1447.0 603927.1
1448.0 588390.8
1449.0 548207.2
1450.0 598904.4
1451.0 593326.5
1452.0 580445.5
1453.0 587825.9
1454.0 567154.9
1455.0 584328.2
1456.0 546121.7
1457.0 592643.2
1458.0 577878.9
1459.0 558380.0
1460.0 477621.3
1461.0 547489.3
1462.0 585604.8
1463.0 583395.4
1464.0 582917.0
1465.0 576694.1
1466.0 579954.7
1467.0 571984.0
1468.0 565716.4
1469.0 401901.6
1470.0 553935.5
1471.0 574496.8
1472.0 566872.0
1473.0 562081.8
1474.0 566821.0
1475.0 572844.1
1476.0 570506.3
1477.0 573105.3
1478.0 560477.9
1479.0 566561.0
1480.0 566713.0
1481.0 567211.5
1482.0 565261.6
1483.0 563005.1
1484.0 559148.7
1485.0 556965.5
1486.0 560666.4
1487.0 560680.2
1488.0 554540.2
1489.0 552327.2
1490.0 555902.6
1491.0 555957.2
1492.0 554004.8
1493.0 553448.6
1494.0 552559.2
1495.0 551607.7
1496.0 550375.0
1497.0 540415.4
1498.0 516693.0
1499.0 525881.8
1500.0 538555.8
1501.0 495586.9
1502.0 445405.5
1503.0 526023.6
1504.0 513708.1
1505.0 533527.7
1506.0 535692.5
1507.0 540760.2
1508.0 539089.2
1509.0 532171.7
1510.0 537261.6
1511.0 512338.6
1512.0 523781.5
1513.0 531464.6
1514.0 530196.0
1515.0 517250.5
1516.0 519729.0
1517.0 504249.1
1518.0 469809.3
1519.0 518702.0
1520.0 517013.4
1521.0 508045.4
1522.0 520388.4
1523.0 528405.6
1524.0 515274.3
1525.0 506659.2
1526.0 513946.0
1527.0 513960.4
1528.0 514408.0
1529.0 521393.2
1530.0 475194.4
1531.0 462024.7
1532.0 498439.0
1533.0 491924.5
1534.0 502467.7
1535.0 511744.0
1536.0 502254.8
1537.0 500598.0
1538.0 496541.7
1539.0 430388.3
1540.0 326243.3
1541.0 277253.5
1542.0 271969.4
1543.0 267606.2
1544.0 264931.0
1545.0 289101.2
1546.0 316260.6
1547.0 350852.6
1548.0 404983.3
1549.0 478800.7
1550.0 476360.6
1551.0 527216.5
1552.0 636032.3
1553.0 590360.8
1554.0 569112.1
1555.0 543613.5
1556.0 495833.1
1557.0 465450.5
1558.0 481133.9
1559.0 489614.6
1560.0 481645.0
1561.0 462832.3
1562.0 454758.9
1563.0 478995.7
1564.0 479092.5
1565.0 474706.3
1566.0 466796.3
1567.0 474505.3
1568.0 424689.3
1569.0 437860.1
1570.0 461735.4
1571.0 429822.1
1572.0 430222.7
1573.0 465186.2
1574.0 474599.9
1575.0 438660.7
1576.0 421972.7
1577.0 429799.2
1578.0 458069.5
1579.0 471931.9
1580.0 452641.7
1581.0 463183.0
1582.0 469141.2
1583.0 461679.9
1584.0 459843.5
1585.0 445829.3
1586.0 454057.0
1587.0 463468.7
1588.0 466805.6
1589.0 467217.9
1590.0 456969.2
1591.0 460758.8
1592.0 454276.9
1593.0 462826.9
1594.0 460666.1
1595.0 458541.4
1596.0 456110.2
1597.0 456033.6
1598.0 456555.2
1599.0 460284.3
1600.0 455565.0
1601.0 425187.6
1602.0 437087.2
1603.0 373077.6
1604.0 428910.2
1605.0 452961.1
1606.0 440575.3
1607.0 448546.3
1608.0 450054.2
1609.0 443122.1
1610.0 410588.3
1611.0 430035.7
1612.0 437568.6
1613.0 432542.6
1614.0 433263.7
1615.0 435507.0
1616.0 441175.8
1617.0 445901.7
1618.0 441762.4
1619.0 431672.4
1620.0 424461.0
1621.0 421881.1
1622.0 424535.3
1623.0 367892.2
1624.0 364002.9
1625.0 437411.6
1626.0 436573.3
1627.0 434889.6
1628.0 435687.0
1629.0 426772.1
1630.0 420260.6
1631.0 383935.2
1632.0 386670.4
1633.0 436440.0
1634.0 432334.7
1635.0 429193.6
1636.0 427624.8
1637.0 440379.8
1638.0 439046.5
1639.0 438188.2
1640.0 380522.1
1641.0 451932.8
1642.0 446250.8
1643.0 442384.6
1644.0 416032.8
1645.0 421971.4
1646.0 431611.6
1647.0 411482.3
1648.0 424175.0
1649.0 422802.9
1650.0 419177.8
1651.0 421799.7
1652.0 417210.9
1653.0 390250.8
1654.0 397863.1
1655.0 416951.3
1656.0 406890.9
1657.0 381583.7
1658.0 397161.4
1659.0 413110.9
1660.0 413419.7
1661.0 406826.6
1662.0 402111.4
1663.0 409612.3
1664.0 409909.8
1665.0 397075.8
1666.0 402974.2
1667.0 403350.4
1668.0 376070.7
1669.0 402756.9
1670.0 404852.9
1671.0 394253.5
1672.0 390264.7
1673.0 387573.9
1674.0 400020.6
1675.0 399031.6
1676.0 370424.4
1677.0 376894.6
1678.0 402380.6
1679.0 401580.9
1680.0 402270.0
1681.0 398108.8
1682.0 389737.4
1683.0 397445.6
1684.0 397196.9
1685.0 398189.0
1686.0 392257.0
1687.0 394530.5
1688.0 390878.7
1689.0 394402.7
1690.0 378161.4
1691.0 382508.5
1692.0 392501.5
1693.0 391638.6
1694.0 386829.8
1695.0 379595.5
1696.0 383532.4
1697.0 389227.6
1698.0 383078.2
1699.0 373413.5
1700.0 380469.0
1701.0 378028.4
1702.0 376413.6
1703.0 384212.1
1704.0 377878.3
1705.0 377180.8
1706.0 377543.3
1707.0 353558.6
1708.0 363953.3
1709.0 378757.2
1710.0 375388.0
1711.0 375344.2
1712.0 359007.2
1713.0 331664.6
1714.0 372322.8
1715.0 369366.1
1716.0 357579.7
1717.0 345380.8
1718.0 311477.9
1719.0 358762.3
1720.0 368604.3
1721.0 361561.8
1722.0 360150.4
1723.0 359086.4
1724.0 355581.1
1725.0 344063.9
1726.0 354958.9
1727.0 369504.7
1728.0 369976.6
1729.0 364906.8
1730.0 367577.2
1731.0 357640.2
1732.0 364999.1
1733.0 362121.1
1734.0 362824.9
1735.0 363409.2
1736.0 360939.4
1737.0 365521.7
1738.0 354095.0
1739.0 339786.3
1740.0 357947.4
1741.0 353698.2
1742.0 350243.9
1743.0 358885.6
1744.0 352961.8
1745.0 347918.6
1746.0 356856.8
1747.0 344530.6
1748.0 352168.1
1749.0 350392.7
1750.0 353211.2
1751.0 354383.4
1752.0 350046.0
1753.0 325808.4
1754.0 348805.4
1755.0 352634.9
1756.0 352441.0
1757.0 350895.7
1758.0 345780.2
1759.0 341349.9
1760.0 340507.6
1761.0 338296.9
1762.0 344447.8
1763.0 339608.2
1764.0 336821.8
1765.0 346921.6
1766.0 347263.2
1767.0 346544.3
1768.0 339900.3
1769.0 338017.4
1770.0 327605.1
1771.0 341454.3
1772.0 331035.2
1773.0 335550.5
1774.0 337964.6
1775.0 335327.5
1776.0 321308.0
1777.0 336516.3
1778.0 339376.4
1779.0 337368.8
1780.0 335997.2
1781.0 336387.5
1782.0 331214.9
1783.0 322226.7
1784.0 334012.6
1785.0 330247.0
1786.0 332878.2
1787.0 328942.3
1788.0 329495.3
1789.0 327641.7
1790.0 331075.6
1791.0 322055.0
1792.0 304262.3
1793.0 320366.3
1794.0 328101.7
1795.0 326721.9
1796.0 331088.0
1797.0 327947.8
1798.0 320020.5
1799.0 304995.4
1800.0 321556.9
1801.0 327828.4
1802.0 328152.1
1803.0 325527.5
1804.0 325250.7
1805.0 322122.6
1806.0 323405.8
1807.0 321026.0
1808.0 316947.6
1809.0 323685.6
1810.0 322838.7
1811.0 321695.4
1812.0 304127.9
1813.0 302744.8
1814.0 318937.4
1815.0 319381.4
1816.0 304493.4
1817.0 313316.6
1818.0 319880.5
1819.0 317265.5
1820.0 311728.7
1821.0 303455.9
1822.0 296379.2
1823.0 309029.8
1824.0 313355.1
1825.0 311522.3
1826.0 302606.4
1827.0 298639.6
1828.0 305454.6
1829.0 312972.0
1830.0 299325.9
1831.0 309459.4
1832.0 309662.2
1833.0 309264.9
1834.0 308440.0
1835.0 304282.4
1836.0 309461.9
1837.0 308477.9
1838.0 305204.2
1839.0 307544.3
1840.0 288321.3
1841.0 301833.7
1842.0 303540.6
1843.0 298284.2
1844.0 298168.3
1845.0 296919.4
1846.0 298998.6
1847.0 295898.0
1848.0 295521.2
1849.0 287658.8
1850.0 276879.7
1851.0 291403.2
1852.0 299419.0
1853.0 295857.6
1854.0 285923.0
1855.0 285152.4
1856.0 297356.8
1857.0 298874.0
1858.0 288243.5
1859.0 289629.8
1860.0 278161.5
1861.0 295714.5
1862.0 297497.0
1863.0 287023.7
1864.0 292263.8
1865.0 294281.0
1866.0 292988.6
1867.0 291002.3
1868.0 294310.8
1869.0 294749.2
1870.0 287541.5
1871.0 290281.1
1872.0 286370.4
1873.0 276985.9
1874.0 284796.9
1875.0 290110.9
1876.0 290402.3
1877.0 287494.8
1878.0 279189.5
1879.0 289056.1
1880.0 285372.5
1881.0 282027.9
1882.0 276567.5
1883.0 275188.4
1884.0 279296.7
1885.0 270404.4
1886.0 273588.7
1887.0 273596.0
1888.0 281178.9
1889.0 276586.5
1890.0 271444.9
1891.0 265883.1
1892.0 266870.6
1893.0 272347.8
1894.0 267908.3
1895.0 263123.9
1896.0 269930.9
1897.0 276048.4
1898.0 278168.5
1899.0 268490.8
1900.0 275161.3
1901.0 267223.5
1902.0 269155.4
1903.0 271482.7
1904.0 271702.9
1905.0 277939.7
1906.0 275450.4
1907.0 275131.7
1908.0 273699.6
1909.0 272315.2
1910.0 273136.6
1911.0 275599.8
1912.0 275394.7
1913.0 268950.8
1914.0 260155.0
1915.0 263579.7
1916.0 267989.2
1917.0 269774.1
1918.0 262674.2
1919.0 265493.4
1920.0 269305.4
1921.0 267866.7
1922.0 259485.4
1923.0 230657.4
1924.0 256586.1
1925.0 268395.6
1926.0 257977.1
1927.0 265579.0
1928.0 260424.0
1929.0 256162.0
1930.0 256237.7
1931.0 243401.8
1932.0 253567.3
1933.0 265566.9
1934.0 266377.2
1935.0 264580.1
1936.0 254415.3
1937.0 255276.8
1938.0 252602.3
1939.0 241824.7
1940.0 243323.5
1941.0 260214.7
1942.0 262386.8
1943.0 261149.6
1944.0 260069.4
1945.0 261734.3
1946.0 261438.7
1947.0 259003.0
1948.0 255927.6
1949.0 257817.8
1950.0 253470.0
1951.0 229834.4
1952.0 252050.4
1953.0 246021.6
1954.0 238250.8
1955.0 245713.3
1956.0 245020.9
1957.0 245204.5
1958.0 248560.8
1959.0 251453.4
1960.0 253864.4
1961.0 246279.6
1962.0 253484.8
1963.0 249071.1
1964.0 244316.2
1965.0 252915.5
1966.0 249599.5
1967.0 252884.5
1968.0 250503.4
1969.0 251497.9
1970.0 249145.9
1971.0 250689.3
1972.0 247799.7
1973.0 249942.6
1974.0 250058.5
1975.0 249187.4
1976.0 244461.3
1977.0 247218.7
1978.0 248905.9
1979.0 242412.1
1980.0 244524.6
1981.0 247409.6
1982.0 242731.3
1983.0 244285.3
1984.0 238802.3
1985.0 240335.4
1986.0 245059.3
1987.0 238612.3
1988.0 242388.4
1989.0 243761.3
1990.0 235963.8
1991.0 240277.5
1992.0 225130.8
1993.0 229568.9
1994.0 231467.2
1995.0 240513.7
1996.0 241400.7
1997.0 240854.7
1998.0 240887.2
1999.0 233883.0
2000.0 228919.3
2001.0 231252.7
2002.0 225772.2
2003.0 232200.7
2004.0 234928.3
2005.0 234199.2
2006.0 230144.0
2007.0 233832.1
2008.0 236474.1
2009.0 234882.2
2010.0 235517.2
2011.0 229392.7
2012.0 229787.9
2013.0 227232.6
2014.0 229735.1
2015.0 233089.5
2016.0 232954.3
2017.0 233656.6
2018.0 230571.1
2019.0 232465.0
2020.0 233643.4
2021.0 233151.2
2022.0 232590.2
2023.0 230616.8
2024.0 227539.5
2025.0 231567.3
2026.0 225788.8
2027.0 230373.6
2028.0 229699.9
2029.0 228806.9
2030.0 227825.7
2031.0 229493.4
2032.0 228743.5
2033.0 224632.4
2034.0 222156.6
2035.0 218961.3
2036.0 223811.3
2037.0 224427.0
2038.0 219747.3
2039.0 223421.8
2040.0 208894.2
2041.0 211409.5
2042.0 221428.3
2043.0 223606.6
2044.0 222108.1
2045.0 219184.6
2046.0 220766.8
2047.0 220892.4
2048.0 220719.9
2049.0 222844.4
2050.0 221443.4
2051.0 226887.3
2052.0 226362.7
2053.0 223811.8
2054.0 224610.5
2055.0 224334.6
2056.0 222083.8
2057.0 218603.7
2058.0 222157.4
2059.0 222922.8
2060.0 224149.6
2061.0 222353.6
2062.0 213221.8
2063.0 219494.4
2064.0 220830.1
2065.0 221077.6
2066.0 219136.7
2067.0 218361.1
2068.0 215157.3
2069.0 213578.7
2070.0 219852.5
2071.0 207319.3
2072.0 214421.0
2073.0 219685.0
2074.0 218552.5
2075.0 217907.3
2076.0 218869.7
2077.0 214917.4
2078.0 212133.4
2079.0 216757.0
2080.0 213028.9
2081.0 213923.5
2082.0 216692.8
2083.0 214409.4
2084.0 212258.6
2085.0 202371.2
2086.0 211898.2
2087.0 214641.9
2088.0 213885.4
2089.0 215045.7
2090.0 207731.4
2091.0 194482.1
2092.0 203109.0
2093.0 212465.2
2094.0 211849.1
2095.0 211535.2
2096.0 210231.5
2097.0 209835.6
2098.0 206997.0
2099.0 211199.1
2100.0 201885.0
2101.0 208743.8
2102.0 210931.3
2103.0 210203.5
2104.0 205602.2
2105.0 209869.8
2106.0 209451.5
2107.0 204241.5
2108.0 190364.2
2109.0 201407.5
2110.0 206427.9
2111.0 206507.0
2112.0 207811.6
2113.0 205641.9
2114.0 201818.1
2115.0 201905.0
2116.0 206638.3
2117.0 203418.0
2118.0 203652.1
2119.0 202873.1
2120.0 205653.0
2121.0 203668.0
2122.0 204532.6
2123.0 203829.3
2124.0 201637.8
2125.0 202345.1
2126.0 202516.2
2127.0 203314.7
2128.0 202812.9
2129.0 202741.2
2130.0 201810.2
2131.0 200900.4
2132.0 200584.4
2133.0 201305.6
2134.0 200805.7
2135.0 199479.3
2136.0 198526.6
2137.0 197563.3
2138.0 196771.7
2139.0 199868.8
2140.0 198602.9
2141.0 198864.5
2142.0 197498.0
2143.0 197712.3
2144.0 197284.4
2145.0 192741.7
2146.0 197908.3
2147.0 194256.1
2148.0 195530.3
2149.0 196205.6
2150.0 196737.0
2151.0 196443.2
2152.0 196284.6
2153.0 194509.8
2154.0 195364.7
2155.0 195135.9
2156.0 195197.5
2157.0 194241.1
2158.0 193618.7
2159.0 192698.2
2160.0 193701.7
2161.0 193860.4
2162.0 188746.2
2163.0 192607.2
2164.0 192779.9
2165.0 190829.0
2166.0 191205.5
2167.0 190355.9
2168.0 190833.9
2169.0 190773.5
2170.0 190861.7
2171.0 190841.6
2172.0 190258.7
2173.0 190647.9
2174.0 189735.4
2175.0 189325.2
2176.0 187771.3
2177.0 188801.2
2178.0 187090.5
2179.0 189054.6
2180.0 185373.4
2181.0 185609.8
2182.0 187001.6
2183.0 187460.9
2184.0 187063.9
2185.0 186959.9
2186.0 184913.2
2187.0 186414.6
2188.0 185389.5
2189.0 186260.0
2190.0 185601.0
2191.0 185626.7
2192.0 183804.2
2193.0 182373.2
2194.0 184234.0
2195.0 184482.5
2196.0 184360.6
2197.0 184145.8
2198.0 183680.1
2199.0 183332.6
2200.0 183254.6
2201.0 181896.6
2202.0 179755.3
2203.0 181745.7
2204.0 180823.9
2205.0 182123.8
2206.0 181797.0
2207.0 180799.8
2208.0 181103.6
2209.0 179878.2
2210.0 180592.1
2211.0 177712.7
2212.0 179135.7
2213.0 179135.2
2214.0 178954.2
2215.0 178673.6
2216.0 177911.4
2217.0 177061.3
2218.0 178306.9
2219.0 176654.4
2220.0 178044.9
2221.0 174969.2
2222.0 176806.3
2223.0 176693.5
2224.0 176678.7
2225.0 174942.1
2226.0 176610.3
2227.0 173586.4
2228.0 173687.4
2229.0 175591.7
2230.0 174965.4
2231.0 175400.5
2232.0 174952.4
2233.0 174181.3
2234.0 174752.2
2235.0 174527.4
2236.0 174389.0
2237.0 174098.3
2238.0 173775.4
2239.0 172050.0
2240.0 173255.4
2241.0 172573.8
2242.0 171458.5
2243.0 172019.0
2244.0 171318.6
2245.0 169033.7
2246.0 171187.1
2247.0 171765.6
2248.0 170644.5
2249.0 170620.3
2250.0 169285.3
2251.0 169921.0
2252.0 169586.7
2253.0 169053.3
2254.0 169006.1
2255.0 169278.0
2256.0 168917.7
2257.0 168419.2
2258.0 167823.8
2259.0 168637.1
2260.0 168132.9
2261.0 166876.1
2262.0 167836.9
2263.0 167584.7
2264.0 166520.0
2265.0 165809.5
2266.0 166743.8
2267.0 166061.7
2268.0 166364.0
2269.0 165883.4
2270.0 166279.2
2271.0 163319.3
2272.0 165896.3
2273.0 165254.7
2274.0 164227.2
2275.0 165187.4
2276.0 164331.8
2277.0 162922.3
2278.0 162254.9
2279.0 162647.0
2280.0 163899.3
2281.0 163529.0
2282.0 163671.3
2283.0 162992.8
2284.0 162550.5
2285.0 162138.0
2286.0 162715.9
2287.0 161517.4
2288.0 161499.5
2289.0 161983.5
2290.0 160854.0
2291.0 161729.4
2292.0 161324.1
2293.0 160929.2
2294.0 160050.8
2295.0 160420.7
2296.0 160388.2
2297.0 159330.4
2298.0 157294.9
2299.0 156316.2
2300.0 159382.7
2301.0 158267.6
2302.0 158680.0
2303.0 158640.6
2304.0 157272.0
2305.0 158376.5
2306.0 157348.0
2307.0 157717.6
2308.0 156507.6
2309.0 157145.6
2310.0 157521.1
2311.0 157108.1
2312.0 155206.4
2313.0 155133.1
2314.0 155600.4
2315.0 156232.6
2316.0 155986.0
2317.0 155723.6
2318.0 154255.0
2319.0 153969.0
2320.0 152754.1
2321.0 154503.7
2322.0 154706.6
2323.0 152263.9
2324.0 154099.2
2325.0 152600.5
2326.0 152065.6
2327.0 151779.4
2328.0 151474.3
2329.0 153281.2
2330.0 152289.1
2331.0 152107.8
2332.0 147733.7
2333.0 151841.9
2334.0 152095.4
2335.0 150102.7
2336.0 151730.9
2337.0 151058.4
2338.0 150982.6
2339.0 150561.9
2340.0 150334.3
2341.0 149666.4
2342.0 149166.9
2343.0 149290.4
2344.0 148345.9
2345.0 146496.7
2346.0 145554.4
2347.0 148604.6
2348.0 148881.3
2349.0 144239.7
2350.0 148612.0
2351.0 147854.6
2352.0 147080.0
2353.0 147211.9
2354.0 147743.1
2355.0 147388.1
2356.0 144728.5
2357.0 146321.0
2358.0 147156.4
2359.0 147141.5
2360.0 145569.4
2361.0 142998.2
2362.0 146413.2
2363.0 146066.1
2364.0 145796.8
2365.0 145875.6
2366.0 144630.1
2367.0 145228.0
2368.0 144772.4
2369.0 145150.2
2370.0 143902.4
2371.0 144455.9
2372.0 144481.4
2373.0 144225.2
2374.0 144061.4
2375.0 142853.8
2376.0 140606.7
2377.0 142825.5
2378.0 143447.3
2379.0 143180.6
2380.0 139593.8
2381.0 142469.0
2382.0 142545.2
2383.0 139800.9
2384.0 138988.9
2385.0 140294.1
2386.0 141951.8
2387.0 140946.6
2388.0 140434.3
2389.0 139285.5
2390.0 140929.0
2391.0 140363.2
2392.0 140316.0
2393.0 140414.1
2394.0 140538.8
2395.0 139840.0
2396.0 138734.6
2397.0 139794.1
2398.0 139430.8
2399.0 139392.8
2400.0 135106.1
2401.0 136772.8
2402.0 138011.7
2403.0 136888.0
2404.0 138774.8
2405.0 136775.6
2406.0 137742.0
2407.0 137413.5
2408.0 137463.3
2409.0 137601.6
2410.0 136753.7
2411.0 135200.4
2412.0 136230.4
2413.0 136653.0
2414.0 133848.5
2415.0 136180.9
2416.0 135744.3
2417.0 134393.8
2418.0 136364.7
2419.0 135129.2
2420.0 135799.9
2421.0 135552.3
2422.0 135517.7
2423.0 135528.0
2424.0 133839.8
2425.0 132487.6
2426.0 134163.8
2427.0 134506.5
2428.0 132749.3
2429.0 131685.5
2430.0 132347.8
2431.0 132551.9
2432.0 133151.2
2433.0 131256.8
2434.0 133027.6
2435.0 131749.1
2436.0 132742.5
2437.0 131828.4
2438.0 130242.8
2439.0 131096.5
2440.0 130154.3
2441.0 131228.7
2442.0 131664.8
2443.0 131719.2
2444.0 131741.5
2445.0 130678.4
2446.0 130741.8
2447.0 129709.7
2448.0 128375.3
2449.0 130592.0
2450.0 129948.9
2451.0 128506.5
2452.0 128473.7
2453.0 129870.4
2454.0 129580.6
2455.0 129416.0
2456.0 129788.5
2457.0 129691.2
2458.0 129227.7
2459.0 129306.9
2460.0 128182.4
2461.0 128235.4
2462.0 126475.2
2463.0 127970.7
2464.0 126820.7
2465.0 127624.7
2466.0 126536.2
2467.0 127344.1
2468.0 127798.6
2469.0 125873.5
2470.0 126735.9
2471.0 126818.9
2472.0 126596.8
2473.0 125957.5
2474.0 124540.5
2475.0 126328.2
2476.0 125794.3
2477.0 125231.3
2478.0 125138.5
2479.0 124572.0
2480.0 124404.6
2481.0 124111.2
2482.0 125240.1
2483.0 123227.5
2484.0 124343.2
2485.0 122326.9
2486.0 124516.1
2487.0 122804.3
2488.0 124334.8
2489.0 123573.6
2490.0 123602.2
2491.0 123855.6
2492.0 122009.2
2493.0 122966.1
2494.0 118696.5
2495.0 122895.9
2496.0 123124.7
2497.0 122645.6
2498.0 122138.5
2499.0 122172.4
2500.0 122471.7
