WAVE FLUX
900.0 265294.0
901.0 264958.6
902.0 264360.0
903.0 265391.7
904.0 258977.7
905.0 264689.0
906.0 257369.4
907.0 264362.8
908.0 264037.9
909.0 264317.0
910.0 262679.5
911.0 263429.0
912.0 737381.8
913.0 726335.7
914.0 674954.2
915.0 735733.6
916.0 712894.7
917.0 724169.8
918.0 719479.5
919.0 651406.8
920.0 677581.0
921.0 181575.4
922.0 526759.6
923.0 451803.3
924.0 495446.8
925.0 715903.2
926.0 666054.4
927.0 700941.0
928.0 693739.1
929.0 555209.0
930.0 456897.5
931.0 401043.7
932.0 547229.1
933.0 642908.7
934.0 870010.0
935.0 780303.9
936.0 733821.4
937.0 617601.0
938.0 281080.1
939.0 682916.2
940.0 662860.3
941.0 574474.3
942.0 558075.8
943.0 583041.2
944.0 632491.0
945.0 813775.8
946.0 752129.4
947.0 717147.7
948.0 674467.6
949.0 513701.5
950.0 266289.5
951.0 661005.1
952.0 669825.5
953.0 677105.2
954.0 681660.0
955.0 667671.7
956.0 699044.8
957.0 694909.1
958.0 691823.9
959.0 452642.1
960.0 690627.5
961.0 692897.6
962.0 688068.2
963.0 685296.3
964.0 670228.4
965.0 683380.6
966.0 679561.9
967.0 662470.5
968.0 652540.2
969.0 651867.4
970.0 645377.6
971.0 641723.4
972.0 562112.8
973.0 620121.5
974.0 601542.7
975.0 618334.0
976.0 631312.4
977.0 650309.1
978.0 634432.7
979.0 653265.0
980.0 655473.7
981.0 634405.7
982.0 656210.6
983.0 657330.3
984.0 640504.7
985.0 639130.0
986.0 553374.1
987.0 590716.6
988.0 635923.0
989.0 618664.0
990.0 417743.8
991.0 570962.8
992.0 654287.7
993.0 646954.7
994.0 645289.0
995.0 564912.5
996.0 621857.4
997.0 579968.3
998.0 617469.1
999.0 636432.7
1000.0 641250.5
1001.0 630640.8
1002.0 628814.9
1003.0 633972.6
1004.0 634062.4
1005.0 625236.1
1006.0 518845.3
1007.0 614172.8
1008.0 572520.7
1009.0 615997.1
1010.0 513388.4
1011.0 611321.0
1012.0 612690.2
1013.0 556781.5
1014.0 615142.0
1015.0 599530.1
1016.0 567911.5
1017.0 596758.9
1018.0 553547.4
1019.0 595104.8
1020.0 571176.3
1021.0 558865.3
1022.0 572171.6
1023.0 562074.1
1024.0 563587.1
1025.0 443414.1
1026.0 266281.8
1027.0 564839.4
1028.0 566279.8
1029.0 561584.9
1030.0 552177.2
1031.0 514832.8
1032.0 571378.7
1033.0 583626.4
1034.0 552840.6
1035.0 552069.4
1036.0 557597.2
1037.0 436356.9
1038.0 562414.1
1039.0 584911.6
1040.0 583069.2
1041.0 585861.9
1042.0 587064.8
1043.0 588099.7
1044.0 586364.4
1045.0 583960.3
1046.0 582587.0
1047.0 582092.5
1048.0 581202.0
1049.0 579935.4
1050.0 578146.7
1051.0 575761.8
1052.0 575569.3
1053.0 572221.9
1054.0 571280.4
1055.0 565905.7
1056.0 560133.6
1057.0 566738.7
1058.0 567932.1
1059.0 565035.5
1060.0 555384.8
1061.0 544636.4
1062.0 535149.1
1063.0 368380.4
1064.0 555075.3
1065.0 554004.2
1066.0 537225.6
1067.0 549730.2
1068.0 543178.9
1069.0 517481.1
1070.0 543993.6
1071.0 544741.8
1072.0 540887.5
1073.0 534396.3
1074.0 535331.4
1075.0 541756.4
1076.0 544613.9
1077.0 543822.7
1078.0 519527.2
1079.0 538963.3
1080.0 535178.8
1081.0 532668.2
1082.0 530639.3
1083.0 520968.3
1084.0 531344.6
1085.0 499809.6
1086.0 537255.8
1087.0 537459.2
1088.0 530166.5
1089.0 518385.3
1090.0 521128.2
1091.0 525932.2
1092.0 527873.0
1093.0 525400.7
1094.0 527104.3
1095.0 524574.5
1096.0 521959.4
1097.0 511334.1
1098.0 500072.0
1099.0 519945.5
1100.0 519168.0
1101.0 518951.1
1102.0 517099.8
1103.0 514446.6
1104.0 508365.3
1105.0 515178.1
1106.0 512808.4
1107.0 509126.3
1108.0 378492.2
1109.0 497243.5
1110.0 499613.8
1111.0 498493.3
1112.0 495622.6
1113.0 494784.8
1114.0 495570.4
1115.0 492018.7
1116.0 490294.4
1117.0 494036.1
1118.0 493096.6
1119.0 499229.7
1120.0 499799.1
1121.0 492005.7
1122.0 489292.1
1123.0 487658.1
1124.0 342191.1
1125.0 429835.0
1126.0 486168.5
1127.0 483094.6
1128.0 394075.9
1129.0 405860.3
1130.0 465343.9
1131.0 480508.8
1132.0 483841.2
1133.0 484179.5
1134.0 483916.5
1135.0 480936.7
1136.0 484860.6
1137.0 483332.8
1138.0 480386.9
1139.0 456582.8
1140.0 454831.3
1141.0 471514.3
1142.0 452682.5
1143.0 470299.1
1144.0 461898.9
1145.0 437017.5
1146.0 470441.2
1147.0 470344.3
1148.0 469496.7
1149.0 467706.3
1150.0 465052.3
1151.0 463778.7
1152.0 466338.6
1153.0 466826.4
1154.0 464340.9
1155.0 460889.2
1156.0 452955.8
1157.0 457585.2
1158.0 457457.6
1159.0 451912.5
1160.0 452010.2
1161.0 455781.5
1162.0 441110.2
1163.0 452501.7
1164.0 446126.8
1165.0 446402.9
1166.0 450301.6
1167.0 448739.5
1168.0 451864.4
1169.0 325139.0
1170.0 444152.3
1171.0 437612.6
1172.0 440466.1
1173.0 436086.7
1174.0 430366.5
1175.0 223191.4
1176.0 220829.9
1177.0 399759.7
1178.0 436423.4
1179.0 440691.6
1180.0 439803.8
1181.0 439618.5
1182.0 439256.2
1183.0 297007.5
1184.0 367181.9
1185.0 356075.3
1186.0 433102.6
1187.0 431935.8
1188.0 430103.2
1189.0 428106.8
1190.0 425712.9
1191.0 399417.4
1192.0 421600.1
1193.0 418793.3
1194.0 417878.0
1195.0 418153.4
1196.0 416502.5
1197.0 373729.3
1198.0 414862.3
1199.0 415784.4
1200.0 413472.5
1201.0 380763.0
1202.0 397067.7
1203.0 403374.0
1204.0 401694.0
1205.0 397305.1
1206.0 390143.5
1207.0 389528.1
1208.0 378422.7
1209.0 355735.7
1210.0 370451.6
1211.0 383432.8
1212.0 383361.2
1213.0 380855.2
1214.0 387683.5
1215.0 306181.9
1216.0 318934.0
1217.0 382916.3
1218.0 347829.8
1219.0 385765.3
1220.0 373022.5
1221.0 383287.5
1222.0 388398.4
1223.0 360228.7
1224.0 385208.0
1225.0 381729.0
1226.0 382273.2
1227.0 384954.8
1228.0 369656.4
1229.0 382876.8
1230.0 371236.8
1231.0 373544.1
1232.0 360104.8
1233.0 345600.9
1234.0 328797.2
1235.0 311192.5
1236.0 293661.2
1237.0 288038.3
1238.0 310783.0
1239.0 367354.8
1240.0 368182.5
1241.0 354587.1
1242.0 376102.0
1243.0 452203.1
1244.0 452373.2
1245.0 435326.6
1246.0 413288.3
1247.0 380009.2
1248.0 385356.2
1249.0 381100.6
1250.0 368679.9
1251.0 372380.9
1252.0 378612.5
1253.0 369954.5
1254.0 380161.6
1255.0 378278.0
1256.0 376733.4
1257.0 375730.6
1258.0 374682.8
1259.0 372390.0
1260.0 371553.7
1261.0 371713.9
1262.0 371311.1
1263.0 369881.1
1264.0 363825.8
1265.0 367499.0
1266.0 367798.6
1267.0 366715.5
1268.0 362360.2
1269.0 364314.0
1270.0 363743.6
1271.0 367008.9
1272.0 365848.7
1273.0 362675.7
1274.0 363126.0
1275.0 363579.1
1276.0 363283.5
1277.0 363405.2
1278.0 360569.1
1279.0 361276.2
1280.0 359073.7
1281.0 356880.6
1282.0 356571.6
1283.0 358758.7
1284.0 357363.9
1285.0 360094.7
1286.0 358839.1
1287.0 352268.1
1288.0 359674.3
1289.0 356286.9
1290.0 353608.5
1291.0 346721.3
1292.0 349860.4
1293.0 349117.8
1294.0 347156.2
1295.0 344011.5
1296.0 348007.8
1297.0 336692.8
1298.0 345817.9
1299.0 343699.5
1300.0 345003.2
1301.0 334874.8
1302.0 340750.5
1303.0 325369.1
1304.0 329508.2
1305.0 339579.3
1306.0 339863.0
1307.0 339932.5
1308.0 343143.4
1309.0 343380.6
1310.0 343282.1
1311.0 343153.1
1312.0 340845.7
1313.0 336029.5
1314.0 339051.9
1315.0 337606.4
1316.0 338017.0
1317.0 335858.9
1318.0 336160.3
1319.0 337405.1
1320.0 335858.6
1321.0 333701.8
1322.0 334028.2
1323.0 296724.4
1324.0 326051.8
1325.0 327988.8
1326.0 324567.7
1327.0 330009.3
1328.0 329397.4
1329.0 328466.9
1330.0 327374.7
1331.0 324762.2
1332.0 316975.2
1333.0 324703.4
1334.0 318615.8
1335.0 308011.8
1336.0 267422.0
1337.0 322457.6
1338.0 325787.8
1339.0 324752.3
1340.0 325618.7
1341.0 323679.2
1342.0 321494.1
1343.0 302496.8
1344.0 311187.6
1345.0 319634.1
1346.0 319285.3
1347.0 318822.9
1348.0 319021.7
1349.0 319063.6
1350.0 314790.0
1351.0 317974.6
1352.0 317191.6
1353.0 315906.6
1354.0 315087.5
1355.0 311487.6
1356.0 304479.3
1357.0 307339.5
1358.0 304957.5
1359.0 309907.3
1360.0 310667.8
1361.0 296448.8
1362.0 308627.6
1363.0 304296.1
1364.0 299419.3
1365.0 294242.9
1366.0 288946.9
1367.0 302019.4
1368.0 300921.8
1369.0 297007.9
1370.0 292483.1
1371.0 296227.2
1372.0 307717.5
1373.0 304233.3
1374.0 286726.4
1375.0 302285.8
1376.0 304865.1
1377.0 303266.6
1378.0 289456.6
1379.0 290029.1
1380.0 298853.6
1381.0 298082.0
1382.0 297547.3
1383.0 296653.7
1384.0 295153.0
1385.0 294882.0
1386.0 293487.9
1387.0 292812.2
1388.0 288713.3
1389.0 279110.1
1390.0 282536.2
1391.0 270157.6
1392.0 289756.1
1393.0 289049.3
1394.0 284605.3
1395.0 290150.8
1396.0 283352.3
1397.0 287968.8
1398.0 282648.2
1399.0 283912.7
1400.0 280689.2
1401.0 277581.2
1402.0 281868.6
1403.0 285333.3
1404.0 284964.1
1405.0 281844.7
1406.0 285657.7
1407.0 277633.7
1408.0 281049.7
1409.0 242517.2
1410.0 280021.7
1411.0 284566.2
1412.0 283691.9
1413.0 282175.5
1414.0 280330.5
1415.0 279859.9
1416.0 277336.5
1417.0 254274.0
1418.0 232789.3
1419.0 278879.8
1420.0 277669.4
1421.0 275341.9
1422.0 275162.8
1423.0 271975.8
1424.0 232865.8
1425.0 255177.1
1426.0 273291.1
1427.0 274653.5
1428.0 266318.2
1429.0 271237.0
1430.0 257190.2
1431.0 241933.8
1432.0 264962.9
1433.0 264196.4
1434.0 267541.2
1435.0 268182.3
1436.0 269808.8
1437.0 268181.0
1438.0 268175.4
1439.0 263129.8
1440.0 244892.5
1441.0 236914.4
1442.0 266503.5
1443.0 266849.2
1444.0 266583.0
1445.0 261347.9
1446.0 265781.6
1447.0 265990.4
1448.0 261604.7
1449.0 253730.8
1450.0 263705.7
1451.0 263109.0
1452.0 256668.3
1453.0 258242.4
1454.0 257970.6
1455.0 259530.3
1456.0 253843.6
1457.0 259867.6
1458.0 253910.2
1459.0 252991.9
1460.0 236446.8
1461.0 252082.9
1462.0 258476.2
1463.0 257718.2
1464.0 257503.1
1465.0 256611.7
1466.0 256632.9
1467.0 252925.4
1468.0 249802.2
1469.0 210855.6
1470.0 247584.6
1471.0 253035.1
1472.0 250479.7
1473.0 248227.0
1474.0 249611.2
1475.0 251674.2
1476.0 250813.8
1477.0 251617.1
1478.0 247964.0
1479.0 249851.3
1480.0 250024.6
1481.0 250308.3
1482.0 249359.2
1483.0 248574.9
1484.0 247617.7
1485.0 247089.9
1486.0 248608.8
1487.0 248866.8
1488.0 247996.7
1489.0 246979.5
1490.0 246733.4
1491.0 245924.0
1492.0 244804.1
1493.0 243783.2
1494.0 242836.8
1495.0 242491.3
1496.0 242404.7
1497.0 241010.6
1498.0 232504.7
1499.0 234120.2
1500.0 238210.9
1501.0 222026.7
1502.0 204017.5
1503.0 236086.1
1504.0 232773.7
1505.0 236224.6
1506.0 236840.7
1507.0 237887.4
1508.0 237739.1
1509.0 234153.0
1510.0 236597.9
1511.0 227629.2
1512.0 230220.1
1513.0 234868.6
1514.0 234908.9
1515.0 231398.3
1516.0 229445.9
1517.0 228551.0
1518.0 222595.7
1519.0 229933.4
1520.0 229538.0
1521.0 225006.7
1522.0 231025.2
1523.0 233286.9
1524.0 229386.3
1525.0 224159.1
1526.0 227137.8
1527.0 225987.5
1528.0 228548.0
1529.0 230067.3
1530.0 208497.6
1531.0 201670.0
1532.0 220919.6
1533.0 217687.2
1534.0 223324.0
1535.0 226650.7
1536.0 221458.9
1537.0 222650.2
1538.0 222368.0
1539.0 203544.1
1540.0 195950.0
1541.0 139227.8
1542.0 127559.4
1543.0 130363.3
1544.0 126961.5
1545.0 135461.3
1546.0 148033.7
1547.0 160899.2
1548.0 179959.9
1549.0 209865.0
1550.0 204505.1
1551.0 218599.0
1552.0 264933.7
1553.0 251436.5
1554.0 243946.0
1555.0 235800.1
1556.0 219566.2
1557.0 204849.5
1558.0 212659.3
1559.0 214860.7
1560.0 216091.4
1561.0 208206.5
1562.0 205997.4
1563.0 213366.3
1564.0 212841.4
1565.0 213987.4
1566.0 209654.1
1567.0 211757.9
1568.0 174375.1
1569.0 190275.1
1570.0 209267.1
1571.0 186861.7
1572.0 199479.1
1573.0 207371.8
1574.0 206421.9
1575.0 188485.5
1576.0 199098.5
1577.0 190961.2
1578.0 201890.0
1579.0 209853.0
1580.0 203268.7
1581.0 206938.2
1582.0 208780.6
1583.0 207559.4
1584.0 205843.0
1585.0 196682.3
1586.0 202517.4
1587.0 206658.0
1588.0 207431.9
1589.0 207627.4
1590.0 202743.9
1591.0 204593.3
1592.0 202616.1
1593.0 205789.5
1594.0 205033.4
1595.0 203166.3
1596.0 203020.4
1597.0 202994.1
1598.0 202561.4
1599.0 204271.0
1600.0 199649.0
1601.0 191474.3
1602.0 195091.5
1603.0 172290.9
1604.0 193750.6
1605.0 201160.3
1606.0 195320.4
1607.0 199004.9
1608.0 200362.4
1609.0 198176.0
1610.0 180980.6
1611.0 188251.7
1612.0 193627.3
1613.0 193969.8
1614.0 194649.0
1615.0 197585.5
1616.0 198082.9
1617.0 197807.5
1618.0 197401.4
1619.0 193026.4
1620.0 191437.3
1621.0 189596.7
1622.0 189612.8
1623.0 169674.2
1624.0 170672.4
1625.0 195333.8
1626.0 192736.3
1627.0 193192.5
1628.0 194593.5
1629.0 190988.7
1630.0 186002.3
1631.0 167122.3
1632.0 166605.9
1633.0 190631.2
1634.0 187079.7
1635.0 191001.4
1636.0 193883.7
1637.0 205417.8
1638.0 211568.2
1639.0 215652.3
1640.0 195337.9
1641.0 222948.5
1642.0 221209.9
1643.0 218081.5
1644.0 209802.1
1645.0 202057.1
1646.0 202032.1
1647.0 191133.5
1648.0 193163.7
1649.0 191042.3
1650.0 189227.9
1651.0 189734.4
1652.0 187779.5
1653.0 174223.1
1654.0 176073.1
1655.0 184641.3
1656.0 182967.4
1657.0 166740.5
1658.0 176662.8
1659.0 184083.4
1660.0 184965.9
1661.0 182956.6
1662.0 182118.3
1663.0 182981.0
1664.0 181878.6
1665.0 178217.3
1666.0 179441.0
1667.0 180874.7
1668.0 166432.1
1669.0 178190.5
1670.0 178729.1
1671.0 169862.1
1672.0 174378.4
1673.0 174040.0
1674.0 176575.2
1675.0 179392.2
1676.0 172175.2
1677.0 173338.9
1678.0 178871.4
1679.0 178805.7
1680.0 178431.9
1681.0 176216.5
1682.0 174249.8
1683.0 176848.6
1684.0 174992.3
1685.0 177305.3
1686.0 172607.2
1687.0 175567.2
1688.0 173406.2
1689.0 175493.1
1690.0 169460.2
1691.0 170202.1
1692.0 175137.3
1693.0 174620.0
1694.0 170105.6
1695.0 168189.3
1696.0 171815.1
1697.0 172475.0
1698.0 169625.2
1699.0 168241.7
1700.0 171441.0
1701.0 169644.5
1702.0 162374.2
1703.0 170997.7
1704.0 170242.2
1705.0 167406.3
1706.0 168347.7
1707.0 156655.9
1708.0 162884.0
1709.0 169675.8
1710.0 166039.9
1711.0 165015.1
1712.0 154461.2
1713.0 137065.8
1714.0 165898.1
1715.0 163475.0
1716.0 163945.6
1717.0 158358.1
1718.0 138667.8
1719.0 159831.3
1720.0 165294.3
1721.0 163553.0
1722.0 162748.1
1723.0 160615.1
1724.0 161430.5
1725.0 148354.2
1726.0 157302.8
1727.0 164303.4
1728.0 165594.2
1729.0 162749.3
1730.0 164288.9
1731.0 158483.0
1732.0 161982.0
1733.0 161446.6
1734.0 162242.2
1735.0 161272.0
1736.0 161167.2
1737.0 162932.3
1738.0 158143.1
1739.0 158514.9
1740.0 160035.0
1741.0 159677.9
1742.0 155555.8
1743.0 160378.6
1744.0 159226.4
1745.0 155929.5
1746.0 159788.4
1747.0 152435.5
1748.0 158571.1
1749.0 155069.9
1750.0 156804.4
1751.0 158501.2
1752.0 153757.2
1753.0 147734.4
1754.0 156867.9
1755.0 157494.2
1756.0 157331.8
1757.0 157097.9
1758.0 154440.6
1759.0 153543.3
1760.0 151410.8
1761.0 151326.7
1762.0 150934.0
1763.0 151599.9
1764.0 145917.1
1765.0 155201.3
1766.0 154803.3
1767.0 155212.0
1768.0 151860.1
1769.0 152931.4
1770.0 149212.2
1771.0 152339.7
1772.0 148375.7
1773.0 151419.7
1774.0 149113.3
1775.0 151021.3
1776.0 143880.7
1777.0 150756.3
1778.0 151203.6
1779.0 151521.6
1780.0 150427.1
1781.0 150801.8
1782.0 148343.1
1783.0 145771.9
1784.0 149729.0
1785.0 148418.8
1786.0 148641.5
1787.0 147141.5
1788.0 144625.2
1789.0 147297.1
1790.0 148389.6
1791.0 146158.1
1792.0 136073.6
1793.0 143886.4
1794.0 147157.3
1795.0 145034.4
1796.0 147995.8
1797.0 146164.7
1798.0 145158.1
1799.0 143990.8
1800.0 145654.0
1801.0 146772.5
1802.0 146838.6
1803.0 146128.6
1804.0 145817.5
1805.0 143319.0
1806.0 144879.5
1807.0 143610.5
1808.0 138829.2
1809.0 144137.9
1810.0 144757.4
1811.0 143970.7
1812.0 135654.9
1813.0 136179.3
1814.0 142438.0
1815.0 143527.9
1816.0 138779.7
1817.0 138124.3
1818.0 143179.3
1819.0 142663.5
1820.0 141318.8
1821.0 136062.9
1822.0 132498.9
1823.0 138480.7
1824.0 138778.1
1825.0 139744.6
1826.0 137925.4
1827.0 133636.1
1828.0 138231.2
1829.0 140007.4
1830.0 134248.2
1831.0 138958.9
1832.0 137706.7
1833.0 137633.3
1834.0 138682.9
1835.0 135980.3
1836.0 137785.2
1837.0 138572.4
1838.0 135331.3
1839.0 138006.8
1840.0 128883.5
1841.0 136020.7
1842.0 135171.9
1843.0 133060.3
1844.0 134118.2
1845.0 132572.3
1846.0 133411.5
1847.0 134028.8
1848.0 132052.0
1849.0 131796.3
1850.0 126084.9
1851.0 131622.4
1852.0 134980.1
1853.0 133014.6
1854.0 131102.2
1855.0 127584.5
1856.0 131739.1
1857.0 133627.9
1858.0 126520.6
1859.0 132601.9
1860.0 124618.5
1861.0 132247.5
1862.0 133788.6
1863.0 128668.9
1864.0 132348.2
1865.0 132678.0
1866.0 131945.4
1867.0 130291.9
1868.0 131405.2
1869.0 132025.9
1870.0 128884.1
1871.0 129990.7
1872.0 129494.9
1873.0 125244.5
1874.0 129243.3
1875.0 128454.2
1876.0 130613.3
1877.0 128664.2
1878.0 125539.2
1879.0 130102.2
1880.0 127178.8
1881.0 125202.2
1882.0 124418.5
1883.0 124576.3
1884.0 126823.6
1885.0 124606.4
1886.0 123936.9
1887.0 124821.0
1888.0 126696.1
1889.0 125537.4
1890.0 124302.5
1891.0 121273.4
1892.0 118999.5
1893.0 124418.9
1894.0 120391.8
1895.0 120425.6
1896.0 122076.5
1897.0 124417.3
1898.0 125904.7
1899.0 122296.0
1900.0 123990.9
1901.0 121476.3
1902.0 121374.3
1903.0 122335.5
1904.0 123470.7
1905.0 124304.3
1906.0 124316.5
1907.0 124164.2
1908.0 123507.8
1909.0 123826.3
1910.0 122700.8
1911.0 123063.4
1912.0 123964.2
1913.0 121523.6
1914.0 115751.5
1915.0 118409.5
1916.0 122182.3
1917.0 122051.1
1918.0 117987.3
1919.0 120128.3
1920.0 120558.5
1921.0 121092.3
1922.0 117770.1
1923.0 102783.2
1924.0 116541.2
1925.0 121388.3
1926.0 114058.4
1927.0 119508.7
1928.0 117612.5
1929.0 117563.3
1930.0 117567.8
1931.0 107859.3
1932.0 115682.3
1933.0 119963.9
1934.0 120036.1
1935.0 119429.3
1936.0 115768.2
1937.0 116125.1
1938.0 114354.6
1939.0 111104.0
1940.0 112009.9
1941.0 117937.8
1942.0 118068.9
1943.0 118152.7
1944.0 117567.0
1945.0 118227.4
1946.0 118105.3
1947.0 116456.1
1948.0 116036.9
1949.0 116590.7
1950.0 114214.0
1951.0 105133.6
1952.0 114295.1
1953.0 112836.5
1954.0 109872.1
1955.0 112253.3
1956.0 112098.3
1957.0 113130.1
1958.0 112760.5
1959.0 113793.2
1960.0 115014.5
1961.0 112104.0
1962.0 114728.4
1963.0 112805.9
1964.0 110303.0
1965.0 114481.7
1966.0 112392.8
1967.0 114397.1
1968.0 112140.1
1969.0 113111.6
1970.0 112804.9
1971.0 113190.5
1972.0 112556.1
1973.0 113265.7
1974.0 113130.0
1975.0 112471.5
1976.0 110948.7
1977.0 112099.0
1978.0 112688.1
1979.0 109676.3
1980.0 109488.3
1981.0 112040.0
1982.0 109986.0
1983.0 109839.1
1984.0 107667.9
1985.0 107984.2
1986.0 111121.6
1987.0 109009.4
1988.0 109650.9
1989.0 109596.4
1990.0 106329.0
1991.0 109525.9
1992.0 104143.4
1993.0 106353.4
1994.0 104637.1
1995.0 108775.2
1996.0 109581.7
1997.0 109131.6
1998.0 109234.5
1999.0 107397.7
2000.0 105710.3
2001.0 104007.7
2002.0 104165.5
2003.0 106949.8
2004.0 106972.8
2005.0 105252.1
2006.0 106085.4
2007.0 106245.2
2008.0 105876.1
2009.0 106490.0
2010.0 107007.0
2011.0 104678.9
2012.0 105092.6
2013.0 104448.5
2014.0 104345.5
2015.0 105703.6
2016.0 105109.9
2017.0 106144.6
2018.0 104698.2
2019.0 105714.1
2020.0 105941.4
2021.0 105803.4
2022.0 105536.6
2023.0 103089.4
2024.0 103485.8
2025.0 105160.8
2026.0 102058.0
2027.0 104826.8
2028.0 104526.0
2029.0 103248.2
2030.0 102946.6
2031.0 104161.4
2032.0 103777.1
2033.0 99605.86
2034.0 100726.2
2035.0 100134.0
2036.0 101813.6
2037.0 101056.0
2038.0 99240.34
2039.0 102329.0
2040.0 97996.52
2041.0 98569.54
2042.0 101642.1
2043.0 101860.6
2044.0 100098.9
2045.0 100230.2
2046.0 100507.9
2047.0 101262.4
2048.0 100952.5
2049.0 100941.2
2050.0 100670.9
2051.0 102844.7
2052.0 102926.9
2053.0 101565.3
2054.0 100954.4
2055.0 100986.1
2056.0 99861.15
2057.0 100825.5
2058.0 99428.92
2059.0 101265.7
2060.0 101254.2
2061.0 101519.1
2062.0 98753.89
2063.0 99675.28
2064.0 100287.8
2065.0 100657.6
2066.0 99285.43
2067.0 98863.01
2068.0 98270.23
2069.0 95650.94
2070.0 100240.6
2071.0 95084.52
2072.0 98635.51
2073.0 100015.7
2074.0 99448.79
2075.0 98823.21
2076.0 99545.24
2077.0 98317.1
2078.0 97232.24
2079.0 98560.3
2080.0 98099.49
2081.0 96868.36
2082.0 98278.24
2083.0 98037.78
2084.0 97816.3
2085.0 93136.3
2086.0 97484.35
2087.0 97968.88
2088.0 97155.25
2089.0 97971.63
2090.0 95434.59
2091.0 89970.5
2092.0 92969.2
2093.0 97088.92
2094.0 95990.33
2095.0 96628.95
2096.0 96081.09
2097.0 95611.9
2098.0 93597.28
2099.0 96545.66
2100.0 92890.85
2101.0 94088.33
2102.0 96118.04
2103.0 95535.4
2104.0 93044.17
2105.0 95633.13
2106.0 95471.49
2107.0 93820.07
2108.0 88556.03
2109.0 93065.35
2110.0 94733.09
2111.0 93357.89
2112.0 94276.93
2113.0 94209.77
2114.0 91961.94
2115.0 92818.75
2116.0 94153.38
2117.0 93820.53
2118.0 93408.85
2119.0 92355.79
2120.0 93845.97
2121.0 93009.51
2122.0 92510.31
2123.0 92820.02
2124.0 92326.99
2125.0 92549.58
2126.0 92262.25
2127.0 92972.56
2128.0 92610.54
2129.0 92333.66
2130.0 92239.43
2131.0 90124.02
2132.0 89750.0
2133.0 91254.35
2134.0 91021.0
2135.0 89185.82
2136.0 88480.3
2137.0 90215.87
2138.0 89933.32
2139.0 91111.82
2140.0 90041.36
2141.0 90757.67
2142.0 90295.69
2143.0 89275.75
2144.0 90205.9
2145.0 87817.8
2146.0 90305.55
2147.0 88229.29
2148.0 88918.25
2149.0 89946.99
2150.0 90157.29
2151.0 89727.23
2152.0 89743.38
2153.0 87436.14
2154.0 89550.73
2155.0 89034.03
2156.0 89366.36
2157.0 88719.94
2158.0 88858.07
2159.0 87885.85
2160.0 88068.37
2161.0 88702.65
2162.0 84863.24
2163.0 88036.71
2164.0 87918.88
2165.0 85565.74
2166.0 87123.88
2167.0 87134.74
2168.0 86543.38
2169.0 86876.16
2170.0 86891.95
2171.0 87118.03
2172.0 86620.77
2173.0 87378.81
2174.0 85982.97
2175.0 86724.25
2176.0 84624.77
2177.0 85595.33
2178.0 84289.43
2179.0 86662.63
2180.0 82877.2
2181.0 84480.63
2182.0 85182.48
2183.0 85435.69
2184.0 85079.99
2185.0 85448.13
2186.0 84685.31
2187.0 85324.93
2188.0 84064.21
2189.0 85677.77
2190.0 85290.99
2191.0 85183.13
2192.0 84656.73
2193.0 81274.76
2194.0 84275.25
2195.0 84409.06
2196.0 84652.37
2197.0 84526.46
2198.0 84129.94
2199.0 83861.33
2200.0 84068.93
2201.0 81965.22
2202.0 80648.21
2203.0 83308.18
2204.0 83085.32
2205.0 83687.59
2206.0 83404.15
2207.0 82166.18
2208.0 83143.47
2209.0 81623.28
2210.0 82669.87
2211.0 79210.87
2212.0 81581.04
2213.0 81893.68
2214.0 81581.89
2215.0 81388.49
2216.0 82139.34
2217.0 80174.37
2218.0 81930.01
2219.0 80036.1
2220.0 81720.1
2221.0 78297.52
2222.0 80750.53
2223.0 80610.12
2224.0 80546.54
2225.0 78472.83
2226.0 81073.34
2227.0 77338.88
2228.0 78082.2
2229.0 80389.12
2230.0 80561.99
2231.0 80532.85
2232.0 80107.61
2233.0 80092.78
2234.0 80482.12
2235.0 80217.77
2236.0 80233.26
2237.0 80096.47
2238.0 79969.11
2239.0 79018.14
2240.0 79707.97
2241.0 78465.62
2242.0 77364.29
2243.0 78298.12
2244.0 78799.9
2245.0 77007.49
2246.0 78077.38
2247.0 79133.22
2248.0 77716.58
2249.0 77470.95
2250.0 76393.11
2251.0 77396.07
2252.0 78155.14
2253.0 78430.42
2254.0 77198.36
2255.0 77580.97
2256.0 77563.83
2257.0 76953.33
2258.0 77692.86
2259.0 77537.19
2260.0 77424.12
2261.0 75374.57
2262.0 77131.78
2263.0 76799.57
2264.0 75693.18
2265.0 74933.58
2266.0 76221.98
2267.0 75510.12
2268.0 76783.38
2269.0 76187.41
2270.0 76682.38
2271.0 73377.02
2272.0 76648.85
2273.0 75730.13
2274.0 75930.7
2275.0 76215.5
2276.0 75951.39
2277.0 74109.17
2278.0 73550.65
2279.0 73976.69
2280.0 75575.16
2281.0 75181.3
2282.0 75650.63
2283.0 75053.75
2284.0 74362.53
2285.0 74275.01
2286.0 75189.59
2287.0 73630.23
2288.0 74169.43
2289.0 74824.03
2290.0 74433.76
2291.0 74844.07
2292.0 74530.22
2293.0 74069.74
2294.0 73385.63
2295.0 73867.19
2296.0 74243.44
2297.0 73485.17
2298.0 71536.26
2299.0 69646.55
2300.0 73426.39
2301.0 72642.41
2302.0 72636.98
2303.0 73080.89
2304.0 71675.22
2305.0 73270.37
2306.0 72285.58
2307.0 73423.56
2308.0 71641.73
2309.0 73122.12
2310.0 73313.29
2311.0 72942.45
2312.0 70509.14
2313.0 70384.31
2314.0 71111.88
2315.0 72279.78
2316.0 72283.07
2317.0 71959.51
2318.0 70343.08
2319.0 69717.56
2320.0 70393.14
2321.0 70780.54
2322.0 71417.3
2323.0 69843.48
2324.0 71552.38
2325.0 69171.36
2326.0 68799.0
2327.0 68480.78
2328.0 68198.18
2329.0 71069.74
2330.0 69868.48
2331.0 69630.7
2332.0 65733.91
2333.0 69883.89
2334.0 70128.87
2335.0 68464.51
2336.0 70189.08
2337.0 69215.67
2338.0 69731.63
2339.0 68807.61
2340.0 69005.16
2341.0 68750.21
2342.0 68017.09
2343.0 67973.32
2344.0 66922.7
2345.0 64838.95
2346.0 64029.22
2347.0 67959.81
2348.0 68320.9
2349.0 62951.73
2350.0 68701.97
2351.0 67815.4
2352.0 67091.08
2353.0 67355.22
2354.0 67936.83
2355.0 67998.93
2356.0 64710.63
2357.0 66822.83
2358.0 68265.62
2359.0 68021.09
2360.0 66165.05
2361.0 63432.58
2362.0 67668.3
2363.0 67739.05
2364.0 67285.67
2365.0 67603.91
2366.0 66595.99
2367.0 67387.65
2368.0 66495.58
2369.0 67202.54
2370.0 66050.52
2371.0 66768.95
2372.0 67181.38
2373.0 66663.47
2374.0 66427.02
2375.0 66236.65
2376.0 62609.45
2377.0 65834.39
2378.0 66591.86
2379.0 66393.97
2380.0 61680.65
2381.0 65880.49
2382.0 65685.7
2383.0 61861.68
2384.0 61762.11
2385.0 64228.44
2386.0 66690.03
2387.0 65318.2
2388.0 65058.97
2389.0 63021.27
2390.0 65863.2
2391.0 64812.67
2392.0 64897.15
2393.0 65402.03
2394.0 65601.26
2395.0 64633.15
2396.0 62884.89
2397.0 64818.06
2398.0 64394.56
2399.0 64778.05
2400.0 59487.56
2401.0 61626.93
2402.0 63462.23
2403.0 62266.84
2404.0 64827.33
2405.0 61919.79
2406.0 63359.84
2407.0 63432.43
2408.0 63615.6
2409.0 64022.5
2410.0 63595.77
2411.0 60795.8
2412.0 62233.95
2413.0 63232.51
2414.0 59670.38
2415.0 63008.12
2416.0 62970.57
2417.0 60954.19
2418.0 63826.58
2419.0 62415.3
2420.0 63137.16
2421.0 63361.74
2422.0 63497.68
2423.0 63453.77
2424.0 61464.79
2425.0 59971.76
2426.0 62001.95
2427.0 62718.37
2428.0 60537.23
2429.0 59482.89
2430.0 60277.49
2431.0 60784.56
2432.0 62093.8
2433.0 59559.11
2434.0 61911.96
2435.0 60673.01
2436.0 61704.15
2437.0 60534.68
2438.0 58383.63
2439.0 61279.41
2440.0 59301.46
2441.0 60881.72
2442.0 61393.64
2443.0 61671.04
2444.0 61701.53
2445.0 60456.6
2446.0 60781.99
2447.0 59302.93
2448.0 58141.21
2449.0 61402.51
2450.0 59815.87
2451.0 58297.73
2452.0 57847.21
2453.0 60539.31
2454.0 60288.67
2455.0 60071.38
2456.0 60938.49
2457.0 60931.81
2458.0 60547.41
2459.0 60730.45
2460.0 59109.61
2461.0 59673.96
2462.0 57690.44
2463.0 59444.35
2464.0 58233.46
2465.0 59128.77
2466.0 58036.91
2467.0 59338.65
2468.0 60074.35
2469.0 57190.84
2470.0 59026.8
2471.0 59167.4
2472.0 59028.89
2473.0 58217.46
2474.0 56534.77
2475.0 59186.03
2476.0 58661.13
2477.0 57765.32
2478.0 57682.91
2479.0 56979.53
2480.0 56954.98
2481.0 57166.33
2482.0 58612.27
2483.0 56208.54
2484.0 57681.63
2485.0 55149.29
2486.0 58028.0
2487.0 56068.12
2488.0 58464.9
2489.0 57274.35
2490.0 57426.26
2491.0 58067.16
2492.0 55418.65
2493.0 57173.97
2494.0 52621.32
2495.0 57230.3
2496.0 57903.82
2497.0 57900.9
2498.0 56807.8
2499.0 57012.18
2500.0 57595.6
