wave,flux
201.0,26.8519
202.0,29.82231
203.0,23.49242
204.0,23.09201
205.0,28.29577
206.0,6.50629
207.0,10.53551
208.0,12.80755
209.0,18.29153
210.0,13.63715
211.0,15.4923
212.0,9.248696
213.0,5.368574
214.0,12.24585
215.0,17.21356
216.0,12.98399
217.0,28.20404
218.0,21.63296
219.0,23.42433
220.0,30.70377
221.0,26.68275
222.0,25.76821
223.0,29.19155
224.0,27.4069
225.0,28.0616
226.0,32.80217
227.0,31.37235
228.0,125.1838
229.0,450.1261
230.0,56.1941
231.0,38.61046
232.0,54.41971
233.0,42.43076
234.0,754.0621
235.0,902.3396
236.0,1082.339
237.0,1474.054
238.0,1755.572
239.0,3398.734
240.0,2506.918
241.0,15024.07
242.0,14932.97
243.0,470.6377
244.0,1941.321
245.0,2680.194
246.0,3638.456
247.0,5155.239
248.0,7499.726
249.0,11131.69
250.0,31046.13
251.0,34634.66
252.0,39462.39
253.0,44631.81
254.0,42466.59
255.0,13118.87
256.0,3718.474
257.0,36965.34
258.0,110402.5
259.0,30091.84
260.0,13481.62
261.0,9014.982
262.0,44878.12
263.0,41618.3
264.0,44674.51
265.0,39382.72
266.0,39628.55
267.0,41285.25
268.0,42342.3
269.0,64146.04
270.0,50519.83
271.0,44094.07
272.0,76198.88
273.0,83147.69
274.0,66598.02
275.0,63508.67
276.0,55928.25
277.0,32648.67
278.0,1289.944
279.0,1561.659
280.0,14854.04
281.0,19798.82
282.0,59688.47
283.0,57241.28
284.0,52473.42
285.0,47922.08
286.0,35946.37
287.0,52972.96
288.0,36652.63
289.0,24704.13
290.0,4640.87
291.0,5540.246
292.0,5791.955
293.0,6992.891
294.0,4574.177
295.0,5283.557
296.0,7149.102
297.0,10612.08
298.0,7855.744
299.0,174129.1
300.0,37451.21
301.0,32723.93
302.0,30370.91
303.0,37121.15
304.0,30609.49
305.0,76695.07
306.0,96654.7
307.0,12529.02
308.0,8338.294
309.0,21852.16
310.0,19224.79
311.0,51350.07
312.0,7662.12
313.0,13160.96
314.0,60423.86
315.0,62728.09
316.0,69537.64
317.0,71944.91
318.0,102799.2
319.0,91760.47
320.0,165995.4
321.0,121029.7
322.0,108250.1
323.0,123404.2
324.0,224541.4
325.0,192226.2
326.0,105387.4
327.0,106913.0
328.0,227526.6
329.0,162434.1
330.0,166409.5
331.0,139608.3
332.0,148996.1
333.0,123904.2
334.0,93868.7
335.0,61030.91
336.0,67148.8
337.0,131730.4
338.0,260148.3
339.0,244068.5
340.0,215624.6
341.0,189340.8
342.0,139898.2
343.0,110878.5
344.0,97547.46
345.0,92221.1
346.0,93654.31
347.0,87582.71
348.0,82617.95
349.0,112179.8
350.0,103504.9
351.0,116160.5
352.0,127061.5
353.0,99678.16
354.0,95670.63
355.0,92883.5
356.0,95552.25
357.0,98283.3
358.0,120961.5
359.0,94078.7
360.0,88702.36
361.0,85954.25
362.0,78162.65
363.0,51119.78
364.0,29027.72
365.0,22024.14
366.0,50684.82
367.0,98402.93
368.0,139245.4
369.0,147842.8
370.0,186641.4
371.0,147040.7
372.0,98952.39
373.0,124907.3
374.0,59773.26
375.0,101819.9
376.0,97070.12
377.0,100891.8
378.0,89913.91
379.0,83350.59
380.0,64947.91
381.0,63253.59
382.0,83938.43
383.0,47305.11
384.0,32849.26
385.0,25842.08
386.0,33565.97
387.0,24957.13
388.0,38478.1
389.0,43418.75
390.0,103103.2
391.0,95345.68
392.0,89601.95
393.0,67192.58
394.0,70297.81
395.0,78804.74
396.0,98232.12
397.0,116497.5
398.0,127813.6
399.0,137433.7
400.0,104019.4
401.0,104214.6
402.0,135630.6
403.0,133380.0
404.0,187488.3
405.0,134079.9
406.0,129962.4
407.0,119683.6
408.0,122994.8
409.0,125116.2
410.0,141643.4
411.0,141505.4
412.0,162437.0
413.0,204805.7
414.0,213549.0
415.0,114365.3
416.0,78649.1
417.0,115193.8
418.0,121762.2
419.0,136548.7
420.0,106573.6
421.0,158214.2
422.0,186537.0
423.0,236625.1
424.0,256604.0
425.0,198760.5
426.0,169873.7
427.0,150457.6
428.0,184439.2
429.0,196169.5
430.0,190113.1
431.0,176559.1
432.0,168874.5
433.0,147673.3
434.0,139018.6
435.0,132726.8
436.0,151976.4
437.0,193903.1
438.0,207728.8
439.0,210854.4
440.0,228633.6
441.0,194861.2
442.0,161999.3
443.0,153758.6
444.0,156140.4
445.0,153750.2
446.0,125247.2
447.0,140138.1
448.0,160083.2
449.0,153104.4
450.0,140068.3
451.0,140110.6
452.0,134570.7
453.0,153953.9
454.0,155990.2
455.0,134086.1
456.0,134495.0
457.0,147175.8
458.0,123770.6
459.0,149807.5
460.0,105008.6
461.0,155413.1
462.0,162228.7
463.0,150722.8
464.0,165385.7
465.0,189942.5
466.0,193969.9
467.0,165644.9
468.0,164611.1
469.0,137219.8
470.0,158944.6
471.0,159900.2
472.0,160632.7
473.0,167142.8
474.0,153074.0
475.0,139058.5
476.0,138367.0
477.0,134786.0
478.0,147435.2
479.0,132191.0
480.0,138159.3
481.0,137169.1
482.0,138801.1
483.0,119811.5
484.0,136968.5
485.0,103922.2
486.0,83015.44
487.0,95643.68
488.0,98556.09
489.0,115462.7
490.0,128796.2
491.0,164506.1
492.0,167355.0
493.0,144882.4
494.0,145228.9
495.0,146087.8
496.0,166766.8
497.0,124361.2
498.0,153488.7
499.0,133940.1
500.0,123542.4
501.0,140100.8
502.0,140965.6
503.0,146331.1
504.0,128353.5
505.0,98341.91
506.0,79106.23
507.0,98245.31
508.0,126772.6
509.0,227853.5
510.0,205182.8
511.0,169095.0
512.0,123213.6
513.0,167190.0
514.0,189597.5
515.0,222994.2
516.0,149473.7
517.0,179388.6
518.0,186151.2
519.0,114709.0
520.0,155658.3
521.0,106042.0
522.0,105764.6
523.0,85342.1
524.0,100918.9
525.0,137800.2
526.0,157143.5
527.0,128971.1
528.0,177370.5
529.0,169923.8
530.0,168452.6
531.0,211807.9
532.0,229841.4
533.0,214152.3
534.0,154696.9
535.0,122243.6
536.0,122489.4
537.0,103841.0
538.0,95670.26
539.0,86188.47
540.0,73604.52
541.0,73875.64
542.0,78620.51
543.0,87813.23
544.0,105885.2
545.0,124727.5
546.0,154392.0
547.0,99865.86
548.0,80026.09
549.0,120065.1
550.0,92891.86
551.0,59472.47
552.0,56798.23
553.0,58879.05
554.0,53387.31
555.0,113925.7
556.0,205874.9
557.0,203343.3
558.0,201359.4
559.0,210545.4
560.0,130269.4
561.0,188505.5
562.0,195954.2
563.0,206409.6
564.0,214949.5
565.0,202351.7
566.0,182648.5
567.0,152034.8
568.0,139416.9
569.0,200069.1
570.0,206793.6
571.0,213368.1
572.0,206903.0
573.0,212436.2
574.0,139491.0
575.0,153024.5
576.0,158971.5
577.0,112309.3
578.0,108767.1
579.0,171694.8
580.0,98152.01
581.0,121712.1
582.0,170566.1
583.0,146709.3
584.0,129037.2
585.0,132133.8
586.0,119083.3
587.0,144979.2
588.0,200037.3
589.0,207731.7
590.0,216578.1
591.0,212993.3
592.0,203800.5
593.0,188913.7
594.0,137531.0
595.0,83319.52
596.0,95335.18
597.0,78205.56
598.0,110101.2
599.0,156374.4
600.0,202575.1
601.0,235468.2
602.0,197980.5
603.0,109074.6
604.0,163296.2
605.0,63908.15
606.0,59143.18
607.0,64399.93
608.0,81405.29
609.0,111083.5
610.0,155267.7
611.0,203711.8
612.0,141746.6
613.0,125878.2
614.0,185503.6
615.0,143512.4
616.0,85047.38
617.0,111608.9
618.0,174900.7
619.0,195616.8
620.0,199303.8
621.0,186152.7
622.0,106884.9
623.0,100704.1
624.0,88004.4
625.0,90967.28
626.0,110869.9
627.0,140309.8
628.0,155333.9
629.0,156754.7
630.0,164252.7
631.0,172179.2
632.0,138096.9
633.0,140508.0
634.0,161634.9
635.0,179168.2
636.0,177903.7
637.0,165300.2
638.0,196096.5
639.0,202341.9
640.0,196089.2
641.0,166368.9
642.0,140021.4
643.0,176619.2
644.0,154754.7
645.0,165569.8
646.0,160377.9
647.0,133101.1
648.0,131621.5
649.0,175522.5
650.0,150111.5
651.0,133585.1
652.0,202252.9
653.0,188472.7
654.0,143742.8
655.0,148695.9
656.0,150979.0
657.0,120035.3
658.0,129298.6
659.0,140842.8
660.0,134771.9
661.0,105267.1
662.0,142756.0
663.0,189499.5
664.0,166704.1
665.0,129014.1
666.0,146967.5
667.0,124166.5
668.0,133721.8
669.0,157720.5
670.0,162617.3
671.0,193970.2
672.0,208026.5
673.0,199274.7
674.0,181605.2
675.0,181305.9
676.0,164712.7
677.0,161130.4
678.0,173276.1
679.0,160020.0
680.0,164789.1
681.0,140874.3
682.0,93638.54
683.0,80473.56
684.0,111605.3
685.0,171433.1
686.0,232623.8
687.0,219874.9
688.0,153853.2
689.0,151993.5
690.0,176705.0
691.0,195067.9
692.0,206345.1
693.0,204453.1
694.0,190979.0
695.0,130127.6
696.0,132359.6
697.0,155661.8
698.0,121456.5
699.0,66824.21
700.0,63952.18
701.0,69721.23
702.0,82826.32
703.0,118468.2
704.0,187740.0
705.0,213060.5
706.0,183789.2
707.0,181501.9
708.0,180567.3
709.0,178630.6
710.0,200657.6
711.0,187742.1
712.0,191288.2
713.0,212919.0
714.0,201744.5
715.0,197663.1
716.0,198332.1
717.0,198221.5
718.0,167105.0
719.0,159926.1
720.0,196191.7
721.0,194031.7
722.0,191637.0
723.0,189245.7
724.0,178392.1
725.0,183005.7
726.0,184574.3
727.0,182091.3
728.0,185410.0
729.0,189059.7
730.0,188199.6
731.0,188544.7
732.0,194872.8
733.0,192773.6
734.0,190344.3
735.0,190096.6
736.0,182421.1
737.0,183523.1
738.0,188064.7
739.0,189594.2
740.0,191739.3
741.0,188210.1
742.0,186927.8
743.0,181790.6
744.0,160113.2
745.0,168725.3
746.0,180067.3
747.0,170011.6
748.0,177465.8
749.0,157310.3
750.0,114374.8
751.0,147665.8
752.0,169218.4
753.0,154055.1
754.0,177135.6
755.0,188030.9
756.0,182528.4
757.0,170708.4
758.0,153683.9
759.0,124447.5
760.0,70583.04
761.0,42921.16
762.0,42824.8
763.0,98316.8
764.0,173510.0
765.0,252771.7
766.0,285224.4
767.0,257261.8
768.0,208154.6
769.0,170939.9
770.0,156723.7
771.0,156479.6
772.0,118266.9
773.0,140057.7
774.0,179645.2
775.0,179256.9
776.0,180024.4
777.0,164605.1
778.0,148794.4
779.0,120451.1
780.0,117894.9
781.0,151196.9
782.0,82199.19
783.0,63511.29
784.0,58931.99
785.0,62901.32
786.0,56349.67
787.0,69751.15
788.0,90652.63
789.0,125568.5
790.0,206230.5
791.0,246958.1
792.0,229555.6
793.0,219522.7
794.0,199716.3
795.0,180735.6
796.0,176104.3
797.0,175513.0
798.0,177513.3
799.0,184675.5
800.0,184502.9
801.0,129612.2
802.0,138181.2
803.0,195745.9
804.0,192752.2
805.0,191442.6
806.0,190897.0
807.0,189307.1
808.0,182778.9
809.0,167888.5
810.0,175241.3
811.0,190431.0
812.0,188501.7
813.0,185610.8
814.0,182809.9
815.0,162654.2
816.0,158707.6
817.0,176551.8
818.0,182716.7
819.0,182492.0
820.0,171132.6
821.0,171948.2
822.0,180561.7
823.0,182100.7
824.0,183320.3
825.0,181049.6
826.0,182338.9
827.0,142387.5
828.0,87006.67
829.0,51547.56
830.0,48179.98
831.0,50235.52
832.0,60867.82
833.0,80725.96
834.0,106777.4
835.0,148494.5
836.0,178482.5
837.0,202607.4
838.0,203008.1
839.0,173659.7
840.0,153471.7
841.0,161975.2
842.0,168932.0
843.0,170696.6
844.0,182366.8
845.0,184116.2
846.0,163511.2
847.0,146848.4
848.0,135432.4
849.0,151464.1
850.0,162571.6
851.0,144396.7
852.0,148472.5
853.0,157358.3
854.0,141001.1
855.0,143982.5
856.0,160196.3
857.0,171555.9
858.0,187004.5
859.0,157490.4
860.0,152403.9
861.0,183842.5
862.0,154727.6
863.0,114955.6
864.0,145025.9
865.0,173079.3
866.0,175895.9
867.0,183565.6
868.0,184119.9
869.0,183415.2
870.0,179180.5
871.0,162590.0
872.0,158648.8
873.0,163989.2
874.0,173918.6
875.0,183619.6
876.0,181946.7
877.0,178702.3
878.0,173053.4
879.0,169456.4
880.0,168033.6
881.0,173487.1
882.0,178569.8
883.0,175757.7
884.0,176216.3
885.0,193093.0
886.0,194004.8
887.0,193846.7
888.0,193144.8
889.0,191296.3
890.0,187723.0
891.0,186724.2
892.0,186867.7
893.0,183015.7
894.0,181377.1
895.0,185582.1
896.0,186995.5
897.0,185283.8
898.0,183101.8
899.0,180152.8
900.0,173959.5
901.0,173432.4
902.0,166479.1
903.0,181277.5
904.0,162726.7
905.0,174666.2
906.0,166441.6
907.0,180160.7
908.0,180481.4
909.0,193995.1
910.0,178984.3
911.0,181687.4
912.0,771132.3
913.0,682399.7
914.0,673119.8
915.0,760226.9
916.0,714542.1
917.0,722552.7
918.0,605555.9
919.0,344046.5
920.0,440500.2
921.0,124680.6
922.0,291680.9
923.0,392758.5
924.0,648152.4
925.0,826906.6
926.0,732947.2
927.0,744926.5
928.0,684744.1
929.0,386492.2
930.0,304814.6
931.0,431323.4
932.0,578319.0
933.0,703797.8
934.0,915281.1
935.0,823426.8
936.0,775235.0
937.0,538385.4
938.0,227453.1
939.0,659160.9
940.0,659411.2
941.0,622949.6
942.0,566191.3
943.0,559172.1
944.0,670012.8
945.0,806065.8
946.0,795886.1
947.0,687216.6
948.0,530884.6
949.0,340510.9
950.0,280020.6
951.0,738778.2
952.0,772321.6
953.0,733448.2
954.0,640771.2
955.0,462175.6
956.0,769750.0
957.0,722648.8
958.0,716000.8
959.0,463428.5
960.0,711679.3
961.0,738043.1
962.0,701830.4
963.0,717199.5
964.0,556376.5
965.0,746313.0
966.0,731932.8
967.0,589328.6
968.0,636784.7
969.0,703265.8
970.0,619389.5
971.0,421622.7
972.0,126378.9
973.0,99524.45
974.0,158342.3
975.0,279705.0
976.0,478551.3
977.0,871722.2
978.0,882162.4
979.0,754246.6
980.0,687181.1
981.0,555150.4
982.0,646063.8
983.0,658370.0
984.0,542357.6
985.0,418372.3
986.0,125142.8
987.0,178983.3
988.0,242699.6
989.0,271497.9
990.0,310245.6
991.0,494956.8
992.0,916245.9
993.0,834008.0
994.0,732204.0
995.0,425149.8
996.0,630507.5
997.0,423241.4
998.0,589690.6
999.0,620528.6
1000.0,689721.5
1001.0,574348.6
1002.0,545690.4
1003.0,617997.1
1004.0,666428.6
1005.0,654698.5
1006.0,304267.3
1007.0,556144.6
1008.0,511947.5
1009.0,587379.9
1010.0,357166.0
1011.0,629708.0
1012.0,605201.2
1013.0,490743.6
1014.0,662099.5
1015.0,618578.6
1016.0,566924.7
1017.0,605960.2
1018.0,479301.9
1019.0,626235.3
1020.0,481605.7
1021.0,581884.4
1022.0,635504.4
1023.0,538051.0
1024.0,598668.4
1025.0,463828.2
1026.0,236744.3
1027.0,565234.2
1028.0,609704.1
1029.0,615515.6
1030.0,490197.7
1031.0,367181.2
1032.0,585932.3
1033.0,595804.6
1034.0,465678.7
1035.0,445587.1
1036.0,543523.2
1037.0,299196.5
1038.0,372780.2
1039.0,553916.9
1040.0,570846.9
1041.0,632946.6
1042.0,627991.6
1043.0,648947.6
1044.0,645742.9
1045.0,633917.0
1046.0,626599.7
1047.0,629755.2
1048.0,630461.7
1049.0,637339.1
1050.0,627365.9
1051.0,600672.3
1052.0,625697.0
1053.0,576621.7
1054.0,626707.9
1055.0,594926.1
1056.0,586780.7
1057.0,616278.9
1058.0,610359.5
1059.0,538027.4
1060.0,505491.0
1061.0,448850.4
1062.0,426560.3
1063.0,408219.8
1064.0,616520.2
1065.0,609363.1
1066.0,502552.0
1067.0,594465.1
1068.0,537336.7
1069.0,376658.0
1070.0,511202.0
1071.0,498168.6
1072.0,480490.8
1073.0,498200.6
1074.0,554214.4
1075.0,564018.2
1076.0,591020.9
1077.0,579462.8
1078.0,499886.1
1079.0,573727.4
1080.0,573334.9
1081.0,555849.7
1082.0,569803.3
1083.0,460807.4
1084.0,526639.0
1085.0,488462.3
1086.0,528011.2
1087.0,561284.3
1088.0,493909.0
1089.0,440332.2
1090.0,470983.4
1091.0,541212.3
1092.0,537183.4
1093.0,526391.5
1094.0,580596.6
1095.0,572551.2
1096.0,525534.1
1097.0,503961.5
1098.0,409322.1
1099.0,566958.5
1100.0,556280.9
1101.0,567704.1
1102.0,563365.7
1103.0,502733.9
1104.0,463580.0
1105.0,548985.7
1106.0,554332.6
1107.0,528599.1
1108.0,358855.5
1109.0,509393.6
1110.0,495855.7
1111.0,476653.4
1112.0,417823.0
1113.0,420686.5
1114.0,387828.5
1115.0,383102.9
1116.0,385632.0
1117.0,411567.0
1118.0,573074.7
1119.0,608430.7
1120.0,567912.1
1121.0,464573.4
1122.0,458069.4
1123.0,482498.5
1124.0,275410.3
1125.0,255142.6
1126.0,393527.0
1127.0,388987.2
1128.0,363780.3
1129.0,396681.8
1130.0,460972.6
1131.0,536468.9
1132.0,543993.0
1133.0,526406.2
1134.0,499637.4
1135.0,479484.9
1136.0,530120.5
1137.0,529545.9
1138.0,518892.3
1139.0,415093.3
1140.0,345442.7
1141.0,514859.1
1142.0,444722.5
1143.0,518543.2
1144.0,445560.6
1145.0,345656.0
1146.0,519981.9
1147.0,510992.7
1148.0,513474.3
1149.0,510128.3
1150.0,494778.8
1151.0,498022.3
1152.0,504129.7
1153.0,495970.3
1154.0,484327.7
1155.0,469377.4
1156.0,452019.4
1157.0,460037.1
1158.0,485581.9
1159.0,404103.2
1160.0,401722.7
1161.0,485582.3
1162.0,355240.2
1163.0,468292.6
1164.0,426978.7
1165.0,475909.2
1166.0,465414.0
1167.0,421049.2
1168.0,474097.8
1169.0,333112.1
1170.0,352703.2
1171.0,237734.4
1172.0,202700.9
1173.0,215317.2
1174.0,263072.0
1175.0,246112.0
1176.0,318325.5
1177.0,523196.3
1178.0,516786.0
1179.0,514337.6
1180.0,490194.1
1181.0,471408.4
1182.0,483179.3
1183.0,238748.6
1184.0,365389.0
1185.0,362312.0
1186.0,472144.1
1187.0,470283.4
1188.0,472897.0
1189.0,472091.3
1190.0,469229.8
1191.0,310473.9
1192.0,452422.3
1193.0,434646.4
1194.0,459221.4
1195.0,466286.9
1196.0,451284.9
1197.0,275396.6
1198.0,420016.3
1199.0,447410.6
1200.0,442442.7
1201.0,350788.9
1202.0,308155.0
1203.0,322975.3
1204.0,426220.3
1205.0,458058.7
1206.0,444443.2
1207.0,451545.6
1208.0,405039.8
1209.0,320028.1
1210.0,329290.8
1211.0,415895.9
1212.0,380054.3
1213.0,338994.8
1214.0,336109.4
1215.0,317524.3
1216.0,360336.8
1217.0,323850.6
1218.0,271075.8
1219.0,437883.2
1220.0,300927.9
1221.0,432937.5
1222.0,428760.7
1223.0,258633.6
1224.0,419847.0
1225.0,368352.1
1226.0,386947.2
1227.0,435826.0
1228.0,319595.5
1229.0,426878.3
1230.0,393820.0
1231.0,404379.7
1232.0,418120.4
1233.0,408295.1
1234.0,415143.6
1235.0,408231.5
1236.0,396232.4
1237.0,392713.9
1238.0,391708.1
1239.0,402720.4
1240.0,422268.6
1241.0,415390.7
1242.0,407782.6
1243.0,432155.9
1244.0,423385.3
1245.0,405320.9
1246.0,349007.6
1247.0,223158.8
1248.0,424166.2
1249.0,423075.7
1250.0,409149.5
1251.0,413181.8
1252.0,381055.3
1253.0,402581.0
1254.0,413551.5
1255.0,405828.8
1256.0,413595.3
1257.0,421359.0
1258.0,420879.8
1259.0,407840.4
1260.0,403999.9
1261.0,414024.6
1262.0,415931.0
1263.0,415350.3
1264.0,368348.0
1265.0,406529.9
1266.0,404948.7
1267.0,395078.9
1268.0,385186.4
1269.0,383828.9
1270.0,399205.4
1271.0,407134.3
1272.0,390526.5
1273.0,368361.2
1274.0,401701.1
1275.0,404943.0
1276.0,403329.5
1277.0,402098.5
1278.0,405521.6
1279.0,401153.9
1280.0,400606.1
1281.0,395530.8
1282.0,391329.3
1283.0,398634.4
1284.0,382183.3
1285.0,396881.5
1286.0,355754.6
1287.0,339970.4
1288.0,393811.5
1289.0,375940.8
1290.0,383933.2
1291.0,369729.8
1292.0,388294.5
1293.0,390046.6
1294.0,367137.0
1295.0,363207.1
1296.0,379279.8
1297.0,368998.0
1298.0,378810.5
1299.0,362023.2
1300.0,376370.9
1301.0,345762.0
1302.0,368507.2
1303.0,280081.5
1304.0,315641.2
1305.0,378130.6
1306.0,378385.0
1307.0,376800.5
1308.0,379638.5
1309.0,364573.4
1310.0,372539.7
1311.0,370691.5
1312.0,359094.0
1313.0,358247.4
1314.0,371686.3
1315.0,359366.4
1316.0,364128.5
1317.0,368881.6
1318.0,365130.2
1319.0,356964.1
1320.0,369424.9
1321.0,349172.8
1322.0,372087.1
1323.0,320857.2
1324.0,347679.4
1325.0,309213.9
1326.0,347811.8
1327.0,366712.5
1328.0,365094.9
1329.0,362725.9
1330.0,301373.8
1331.0,351284.4
1332.0,308221.8
1333.0,335955.0
1334.0,353714.8
1335.0,316066.7
1336.0,185009.2
1337.0,347464.7
1338.0,354875.0
1339.0,314217.3
1340.0,360260.9
1341.0,354384.3
1342.0,337948.5
1343.0,288955.4
1344.0,315051.2
1345.0,350587.9
1346.0,351331.2
1347.0,350962.0
1348.0,351782.7
1349.0,349883.2
1350.0,292540.1
1351.0,350496.6
1352.0,352641.6
1353.0,349883.8
1354.0,345484.2
1355.0,304752.5
1356.0,259632.6
1357.0,288128.1
1358.0,320394.3
1359.0,339052.5
1360.0,341081.2
1361.0,312389.4
1362.0,326471.7
1363.0,313499.2
1364.0,315904.6
1365.0,319331.9
1366.0,312428.6
1367.0,334630.3
1368.0,329086.0
1369.0,312553.5
1370.0,329570.8
1371.0,318942.1
1372.0,291973.7
1373.0,308229.5
1374.0,303262.9
1375.0,295552.5
1376.0,331696.1
1377.0,323230.0
1378.0,287644.8
1379.0,310273.7
1380.0,328996.6
1381.0,331312.4
1382.0,330442.1
1383.0,323310.6
1384.0,297279.0
1385.0,265818.8
1386.0,234162.5
1387.0,175647.1
1388.0,126610.9
1389.0,131200.4
1390.0,163845.3
1391.0,191514.8
1392.0,259153.5
1393.0,314528.3
1394.0,392184.5
1395.0,358107.5
1396.0,218764.6
1397.0,157076.1
1398.0,151030.9
1399.0,181821.8
1400.0,206487.1
1401.0,250232.5
1402.0,318399.8
1403.0,466656.3
1404.0,424083.9
1405.0,366780.0
1406.0,341528.1
1407.0,309326.6
1408.0,307552.8
1409.0,269305.7
1410.0,297347.9
1411.0,309079.8
1412.0,311015.1
1413.0,307605.9
1414.0,293144.2
1415.0,291375.9
1416.0,298556.3
1417.0,197962.9
1418.0,239969.8
1419.0,295131.2
1420.0,288543.6
1421.0,290709.7
1422.0,280587.9
1423.0,264520.2
1424.0,183436.4
1425.0,248130.2
1426.0,277189.4
1427.0,300602.8
1428.0,230271.1
1429.0,244125.5
1430.0,279067.8
1431.0,259556.3
1432.0,243381.8
1433.0,253256.5
1434.0,261643.1
1435.0,279030.8
1436.0,278078.5
1437.0,264529.9
1438.0,261714.3
1439.0,221210.9
1440.0,240435.3
1441.0,263706.8
1442.0,283343.2
1443.0,287419.4
1444.0,283192.3
1445.0,235580.6
1446.0,266801.8
1447.0,288044.7
1448.0,264009.1
1449.0,244881.5
1450.0,279503.0
1451.0,266262.4
1452.0,210698.4
1453.0,248009.7
1454.0,270178.9
1455.0,267886.6
1456.0,255761.1
1457.0,283872.3
1458.0,224651.1
1459.0,249811.6
1460.0,231880.5
1461.0,250848.2
1462.0,268445.0
1463.0,265972.1
1464.0,275453.4
1465.0,267943.3
1466.0,278386.0
1467.0,243488.9
1468.0,226385.8
1469.0,173436.7
1470.0,192984.6
1471.0,266986.8
1472.0,235774.2
1473.0,226592.9
1474.0,247069.6
1475.0,273920.9
1476.0,260550.9
1477.0,273315.0
1478.0,238792.0
1479.0,256459.6
1480.0,264607.1
1481.0,277587.1
1482.0,274866.5
1483.0,274365.4
1484.0,261786.2
1485.0,258166.5
1486.0,276583.8
1487.0,276630.0
1488.0,273747.6
1489.0,263331.6
1490.0,266575.4
1491.0,272286.7
1492.0,269932.7
1493.0,269527.6
1494.0,266465.2
1495.0,262671.3
1496.0,258324.3
1497.0,246896.0
1498.0,189791.5
1499.0,186277.5
1500.0,219077.6
1501.0,225946.3
1502.0,211923.8
1503.0,250287.3
1504.0,225028.9
1505.0,216074.7
1506.0,238780.0
1507.0,262690.6
1508.0,261018.8
1509.0,244760.3
1510.0,256593.9
1511.0,176033.1
1512.0,210798.7
1513.0,239927.2
1514.0,253949.5
1515.0,190514.2
1516.0,239540.5
1517.0,234246.9
1518.0,186878.4
1519.0,232119.9
1520.0,225121.5
1521.0,186514.8
1522.0,212509.2
1523.0,255431.1
1524.0,223644.7
1525.0,217350.9
1526.0,236604.0
1527.0,217460.3
1528.0,226376.0
1529.0,247312.1
1530.0,153373.1
1531.0,129196.7
1532.0,210108.0
1533.0,178586.5
1534.0,209402.0
1535.0,241212.4
1536.0,234595.1
1537.0,194683.0
1538.0,152069.5
1539.0,94872.58
1540.0,115532.2
1541.0,62668.17
1542.0,39893.52
1543.0,36558.47
1544.0,31411.56
1545.0,40559.03
1546.0,48946.49
1547.0,67146.21
1548.0,92168.1
1549.0,123152.9
1550.0,169514.1
1551.0,260442.9
1552.0,338129.0
1553.0,301685.1
1554.0,284406.2
1555.0,273600.0
1556.0,205165.8
1557.0,166554.3
1558.0,205504.4
1559.0,244712.7
1560.0,207306.8
1561.0,175918.4
1562.0,161939.5
1563.0,210804.1
1564.0,216927.5
1565.0,203925.0
1566.0,177774.7
1567.0,210733.0
1568.0,150964.9
1569.0,143633.3
1570.0,187738.7
1571.0,139987.7
1572.0,188112.8
1573.0,230745.1
1574.0,229522.4
1575.0,148086.9
1576.0,196475.5
1577.0,150993.6
1578.0,193161.8
1579.0,209081.6
1580.0,160142.1
1581.0,204496.9
1582.0,222357.2
1583.0,199239.4
1584.0,184022.0
1585.0,160698.8
1586.0,201780.0
1587.0,223505.4
1588.0,218992.3
1589.0,222425.7
1590.0,202794.5
1591.0,201447.5
1592.0,194373.5
1593.0,215021.6
1594.0,204887.9
1595.0,206300.7
1596.0,218077.6
1597.0,217576.1
1598.0,220292.2
1599.0,224454.7
1600.0,214217.3
1601.0,145181.6
1602.0,191096.6
1603.0,135823.5
1604.0,172542.0
1605.0,212344.4
1606.0,192310.8
1607.0,209357.0
1608.0,212391.2
1609.0,202062.7
1610.0,140967.1
1611.0,174559.0
1612.0,205892.1
1613.0,192188.3
1614.0,199851.2
1615.0,213594.0
1616.0,215091.6
1617.0,217743.8
1618.0,212689.6
1619.0,197575.8
1620.0,178193.2
1621.0,155810.6
1622.0,164977.7
1623.0,151497.7
1624.0,153768.4
1625.0,208682.3
1626.0,206816.5
1627.0,203179.2
1628.0,205809.0
1629.0,190647.1
1630.0,174502.4
1631.0,122767.4
1632.0,140854.4
1633.0,206129.2
1634.0,198389.5
1635.0,168181.4
1636.0,164545.6
1637.0,215180.1
1638.0,203007.4
1639.0,217548.4
1640.0,144852.5
1641.0,238785.5
1642.0,235158.4
1643.0,234760.4
1644.0,223469.9
1645.0,191480.4
1646.0,209942.0
1647.0,160251.8
1648.0,197422.8
1649.0,198062.5
1650.0,195909.1
1651.0,205888.8
1652.0,204024.5
1653.0,148707.9
1654.0,160731.3
1655.0,203903.0
1656.0,170154.9
1657.0,147289.5
1658.0,189439.6
1659.0,202422.7
1660.0,198095.0
1661.0,176089.1
1662.0,168876.8
1663.0,201491.5
1664.0,195799.1
1665.0,151898.5
1666.0,192339.4
1667.0,170495.1
1668.0,123442.1
1669.0,182597.0
1670.0,182354.0
1671.0,181881.0
1672.0,149261.9
1673.0,144547.0
1674.0,180681.1
1675.0,184970.6
1676.0,151156.7
1677.0,164006.6
1678.0,198011.7
1679.0,196922.0
1680.0,198847.8
1681.0,184703.3
1682.0,162447.0
1683.0,194052.4
1684.0,192771.5
1685.0,195454.6
1686.0,181101.2
1687.0,188449.4
1688.0,192183.1
1689.0,194241.4
1690.0,142499.2
1691.0,167436.2
1692.0,190299.0
1693.0,190581.3
1694.0,178816.1
1695.0,167828.3
1696.0,176497.8
1697.0,190002.4
1698.0,174675.1
1699.0,148322.3
1700.0,181731.8
1701.0,157809.3
1702.0,181301.8
1703.0,187179.2
1704.0,156711.9
1705.0,175885.5
1706.0,172266.6
1707.0,125259.2
1708.0,148640.5
1709.0,182516.2
1710.0,181611.3
1711.0,178274.5
1712.0,149149.0
1713.0,111928.1
1714.0,165703.3
1715.0,162808.5
1716.0,132405.5
1717.0,116821.1
1718.0,120143.0
1719.0,170074.0
1720.0,185567.9
1721.0,170114.9
1722.0,145026.8
1723.0,139289.9
1724.0,139622.6
1725.0,125059.1
1726.0,139446.9
1727.0,182297.3
1728.0,180806.3
1729.0,177875.4
1730.0,177762.5
1731.0,154474.6
1732.0,174550.3
1733.0,177645.2
1734.0,175164.1
1735.0,175578.1
1736.0,175159.6
1737.0,179437.0
1738.0,161909.5
1739.0,139428.6
1740.0,168103.0
1741.0,154213.3
1742.0,161046.8
1743.0,174951.9
1744.0,156119.4
1745.0,141151.4
1746.0,163355.3
1747.0,167550.9
1748.0,170999.5
1749.0,167077.1
1750.0,170746.4
1751.0,173133.8
1752.0,170744.0
1753.0,113854.4
1754.0,162494.3
1755.0,174155.5
1756.0,173766.9
1757.0,172875.0
1758.0,154199.5
1759.0,137382.6
1760.0,143476.0
1761.0,150884.3
1762.0,166856.7
1763.0,136772.2
1764.0,158476.9
1765.0,170531.1
1766.0,169491.4
1767.0,167972.2
1768.0,163796.3
1769.0,148682.0
1770.0,130029.9
1771.0,163430.9
1772.0,138555.3
1773.0,150458.8
1774.0,162148.3
1775.0,148061.9
1776.0,147080.0
1777.0,164238.8
1778.0,162286.8
1779.0,158003.4
1780.0,163378.7
1781.0,158259.9
1782.0,136453.8
1783.0,123345.9
1784.0,155588.9
1785.0,147982.3
1786.0,155577.9
1787.0,160956.4
1788.0,153021.5
1789.0,141879.8
1790.0,157757.8
1791.0,137602.6
1792.0,102706.3
1793.0,141066.4
1794.0,159501.4
1795.0,160291.7
1796.0,163598.5
1797.0,159976.6
1798.0,152234.1
1799.0,148663.1
1800.0,144410.9
1801.0,159463.2
1802.0,162550.1
1803.0,158859.5
1804.0,151277.4
1805.0,141828.7
1806.0,147705.0
1807.0,156309.2
1808.0,150997.5
1809.0,159023.5
1810.0,160339.8
1811.0,154866.9
1812.0,120992.1
1813.0,119940.2
1814.0,155949.9
1815.0,154312.0
1816.0,128987.0
1817.0,146594.4
1818.0,157968.0
1819.0,151401.5
1820.0,138711.7
1821.0,119406.1
1822.0,112618.4
1823.0,150546.3
1824.0,152183.2
1825.0,143844.4
1826.0,117413.9
1827.0,111404.9
1828.0,131950.4
1829.0,154763.5
1830.0,142625.1
1831.0,143950.5
1832.0,152141.3
1833.0,148963.5
1834.0,147495.9
1835.0,146415.3
1836.0,152820.0
1837.0,149905.0
1838.0,144005.9
1839.0,147084.3
1840.0,105901.3
1841.0,133775.5
1842.0,142581.1
1843.0,138451.3
1844.0,134843.0
1845.0,134402.3
1846.0,143137.7
1847.0,145314.7
1848.0,135935.3
1849.0,115884.5
1850.0,99066.6
1851.0,116218.1
1852.0,144301.6
1853.0,134884.2
1854.0,112464.7
1855.0,129562.2
1856.0,145492.1
1857.0,148036.1
1858.0,130325.5
1859.0,120206.4
1860.0,114256.9
1861.0,144509.6
1862.0,147988.6
1863.0,135542.7
1864.0,136397.2
1865.0,139555.4
1866.0,142284.3
1867.0,138617.0
1868.0,145427.1
1869.0,146659.9
1870.0,141460.7
1871.0,141344.1
1872.0,131179.5
1873.0,114582.6
1874.0,118266.0
1875.0,139168.4
1876.0,137520.8
1877.0,136890.5
1878.0,135180.8
1879.0,143271.9
1880.0,139722.7
1881.0,128619.2
1882.0,120705.6
1883.0,125755.8
1884.0,124552.6
1885.0,113891.9
1886.0,128844.2
1887.0,119179.3
1888.0,127408.0
1889.0,118440.2
1890.0,109989.3
1891.0,110279.9
1892.0,125598.7
1893.0,118729.4
1894.0,118924.1
1895.0,106879.4
1896.0,121070.5
1897.0,139116.0
1898.0,135007.3
1899.0,114764.2
1900.0,134720.6
1901.0,114874.7
1902.0,119602.5
1903.0,125403.0
1904.0,123397.4
1905.0,139299.7
1906.0,137251.9
1907.0,136339.3
1908.0,136853.4
1909.0,133618.9
1910.0,131094.7
1911.0,138445.9
1912.0,138936.0
1913.0,129221.7
1914.0,123604.5
1915.0,123675.7
1916.0,123040.4
1917.0,134220.2
1918.0,124028.6
1919.0,125389.0
1920.0,128739.4
1921.0,129730.7
1922.0,120705.5
1923.0,82501.53
1924.0,113210.2
1925.0,128757.3
1926.0,125804.8
1927.0,132985.0
1928.0,128098.5
1929.0,116926.4
1930.0,112902.4
1931.0,93593.98
1932.0,106182.5
1933.0,131630.4
1934.0,134034.0
1935.0,132097.5
1936.0,115822.1
1937.0,112881.3
1938.0,107205.7
1939.0,94111.01
1940.0,95579.48
1941.0,124561.3
1942.0,130612.7
1943.0,129695.7
1944.0,129208.0
1945.0,131215.2
1946.0,130788.2
1947.0,127780.3
1948.0,124779.2
1949.0,124869.1
1950.0,116824.6
1951.0,82525.57
1952.0,114772.7
1953.0,102486.4
1954.0,93822.39
1955.0,104143.1
1956.0,99940.42
1957.0,103014.0
1958.0,116412.3
1959.0,124479.5
1960.0,121375.0
1961.0,107077.4
1962.0,124785.8
1963.0,123085.3
1964.0,119651.9
1965.0,126066.7
1966.0,124435.5
1967.0,126353.4
1968.0,122165.9
1969.0,123999.7
1970.0,123026.0
1971.0,123303.3
1972.0,112981.7
1973.0,122950.2
1974.0,124471.5
1975.0,122245.7
1976.0,116806.8
1977.0,121698.8
1978.0,124761.9
1979.0,116400.7
1980.0,118769.4
1981.0,123616.0
1982.0,118829.5
1983.0,121568.6
1984.0,114570.9
1985.0,115703.7
1986.0,120078.0
1987.0,109162.5
1988.0,119269.0
1989.0,120755.4
1990.0,114575.2
1991.0,112769.4
1992.0,90235.54
1993.0,95257.45
1994.0,106037.0
1995.0,118728.6
1996.0,119406.7
1997.0,120750.2
1998.0,119949.9
1999.0,105740.8
2000.0,98447.66
2001.0,100996.1
2002.0,97484.17
2003.0,102409.0
2004.0,111219.9
2005.0,110036.2
2006.0,101555.5
2007.0,114659.4
2008.0,118104.3
2009.0,117658.9
2010.0,114497.0
2011.0,103297.4
2012.0,103056.2
2013.0,97216.87
2014.0,104734.3
2015.0,115826.0
2016.0,114860.7
2017.0,116623.1
2018.0,115184.2
2019.0,115911.1
2020.0,117523.6
2021.0,116361.2
2022.0,116011.2
2023.0,115075.0
2024.0,113126.2
2025.0,115470.1
2026.0,106183.8
2027.0,113035.2
2028.0,113735.6
2029.0,113594.0
2030.0,113836.0
2031.0,114906.0
2032.0,114412.3
2033.0,108134.8
2034.0,102238.0
2035.0,97378.59
2036.0,108493.4
2037.0,109794.6
2038.0,105204.3
2039.0,107090.7
2040.0,85242.84
2041.0,87973.61
2042.0,101906.6
2043.0,111620.3
2044.0,108302.2
2045.0,104880.2
2046.0,102238.3
2047.0,101617.2
2048.0,105594.9
2049.0,111243.6
2050.0,109477.0
2051.0,111057.6
2052.0,109120.3
2053.0,109306.9
2054.0,111391.3
2055.0,110448.8
2056.0,104650.6
2057.0,96245.81
2058.0,107725.2
2059.0,111969.6
2060.0,113848.2
2061.0,110018.8
2062.0,91241.6
2063.0,104255.7
2064.0,108804.9
2065.0,108837.7
2066.0,108526.5
2067.0,107368.2
2068.0,107191.2
2069.0,108084.8
2070.0,111203.6
2071.0,85687.61
2072.0,97706.41
2073.0,109544.6
2074.0,108603.2
2075.0,108526.3
2076.0,110478.9
2077.0,102285.1
2078.0,96235.28
2079.0,108629.8
2080.0,107651.6
2081.0,108911.6
2082.0,109709.2
2083.0,105935.7
2084.0,98528.61
2085.0,88496.07
2086.0,96771.27
2087.0,105664.5
2088.0,107126.0
2089.0,108482.4
2090.0,93975.66
2091.0,73964.82
2092.0,89922.28
2093.0,102554.2
2094.0,103854.5
2095.0,103213.8
2096.0,104350.9
2097.0,104881.2
2098.0,103056.1
2099.0,104607.7
2100.0,90682.51
2101.0,101377.3
2102.0,106571.9
2103.0,105749.5
2104.0,100587.1
2105.0,105484.4
2106.0,105455.8
2107.0,95751.59
2108.0,73091.61
2109.0,87138.15
2110.0,98096.08
2111.0,103050.1
2112.0,104693.0
2113.0,103334.1
2114.0,96243.02
2115.0,94351.1
2116.0,104151.9
2117.0,94995.26
2118.0,97060.39
2119.0,100921.6
2120.0,103803.0
2121.0,101165.4
2122.0,102217.5
2123.0,102254.9
2124.0,100075.6
2125.0,101114.5
2126.0,101336.8
2127.0,102389.3
2128.0,102068.3
2129.0,102118.0
2130.0,101007.6
2131.0,100809.8
2132.0,100649.0
2133.0,101173.7
2134.0,100913.3
2135.0,99866.65
2136.0,99142.57
2137.0,98780.42
2138.0,98208.63
2139.0,100821.6
2140.0,99655.74
2141.0,100050.2
2142.0,99282.6
2143.0,99186.99
2144.0,99182.35
2145.0,95966.55
2146.0,99972.35
2147.0,96757.62
2148.0,98177.35
2149.0,98680.65
2150.0,99478.92
2151.0,99231.25
2152.0,99215.31
2153.0,97760.93
2154.0,98387.43
2155.0,98298.26
2156.0,98509.58
2157.0,97682.93
2158.0,97075.91
2159.0,96510.79
2160.0,97580.55
2161.0,97896.74
2162.0,93955.28
2163.0,96832.19
2164.0,97266.46
2165.0,95871.99
2166.0,96076.48
2167.0,95367.95
2168.0,96048.04
2169.0,95933.46
2170.0,96380.45
2171.0,96364.31
2172.0,95953.57
2173.0,96496.66
2174.0,95718.08
2175.0,95198.06
2176.0,94226.37
2177.0,95189.64
2178.0,93684.78
2179.0,95673.64
2180.0,92481.37
2181.0,93061.98
2182.0,93799.5
2183.0,94520.37
2184.0,94346.58
2185.0,94370.24
2186.0,92601.94
2187.0,94211.87
2188.0,93432.62
2189.0,94368.89
2190.0,93539.14
2191.0,93978.01
2192.0,92301.18
2193.0,91399.51
2194.0,92729.4
2195.0,93150.83
2196.0,93215.49
2197.0,93121.53
2198.0,92684.06
2199.0,92559.17
2200.0,92578.09
2201.0,91524.88
2202.0,89818.0
2203.0,91584.78
2204.0,90715.56
2205.0,92113.89
2206.0,91981.92
2207.0,91220.0
2208.0,91419.95
2209.0,90553.52
2210.0,91167.5
2211.0,89118.42
2212.0,90090.66
2213.0,90317.76
2214.0,90459.94
2215.0,90337.02
2216.0,89790.77
2217.0,89231.01
2218.0,90245.29
2219.0,88816.65
2220.0,90068.96
2221.0,87804.68
2222.0,89191.1
2223.0,89184.71
2224.0,89420.7
2225.0,88090.62
2226.0,89315.69
2227.0,87225.36
2228.0,87204.05
2229.0,88691.74
2230.0,88259.75
2231.0,88764.39
2232.0,88597.25
2233.0,87975.84
2234.0,88564.15
2235.0,88494.34
2236.0,88541.77
2237.0,88297.8
2238.0,88108.6
2239.0,86376.57
2240.0,87802.77
2241.0,87433.74
2242.0,86340.86
2243.0,87009.82
2244.0,86348.44
2245.0,84560.83
2246.0,86587.7
2247.0,87166.52
2248.0,86298.78
2249.0,86350.24
2250.0,85378.63
2251.0,85977.5
2252.0,85875.83
2253.0,85495.38
2254.0,85728.17
2255.0,86133.16
2256.0,85847.39
2257.0,85391.22
2258.0,84946.28
2259.0,85650.86
2260.0,85059.99
2261.0,84328.7
2262.0,84997.54
2263.0,85012.18
2264.0,84215.0
2265.0,83653.21
2266.0,84487.48
2267.0,83980.21
2268.0,84292.49
2269.0,83823.64
2270.0,84345.25
2271.0,82045.72
2272.0,84168.1
2273.0,83622.69
2274.0,82855.89
2275.0,83828.52
2276.0,82955.74
2277.0,82063.95
2278.0,81615.71
2279.0,81940.57
2280.0,83059.59
2281.0,82790.13
2282.0,83103.06
2283.0,82381.62
2284.0,82150.9
2285.0,82008.3
2286.0,82599.59
2287.0,81714.67
2288.0,81641.57
2289.0,82174.69
2290.0,81155.26
2291.0,82061.25
2292.0,81430.22
2293.0,81086.28
2294.0,80266.02
2295.0,80852.84
2296.0,80995.19
2297.0,80232.35
2298.0,78974.64
2299.0,78722.81
2300.0,81038.78
2301.0,80049.24
2302.0,80622.92
2303.0,80667.79
2304.0,79522.71
2305.0,80683.7
2306.0,80085.57
2307.0,80499.28
2308.0,79486.61
2309.0,79958.54
2310.0,80514.2
2311.0,80091.54
2312.0,78442.19
2313.0,78379.74
2314.0,78885.48
2315.0,79601.9
2316.0,79292.13
2317.0,79262.29
2318.0,77774.43
2319.0,77736.99
2320.0,76819.3
2321.0,78318.99
2322.0,78614.21
2323.0,76543.59
2324.0,78143.56
2325.0,76972.49
2326.0,76577.21
2327.0,76469.07
2328.0,76620.83
2329.0,77921.94
2330.0,77000.35
2331.0,77058.95
2332.0,73848.35
2333.0,76881.28
2334.0,77247.9
2335.0,75284.18
2336.0,77061.7
2337.0,76568.3
2338.0,76371.86
2339.0,76361.09
2340.0,76311.27
2341.0,75585.87
2342.0,75411.1
2343.0,75520.35
2344.0,74792.55
2345.0,73704.1
2346.0,72970.7
2347.0,75096.1
2348.0,75620.75
2349.0,72372.39
2350.0,75330.96
2351.0,74807.3
2352.0,74430.23
2353.0,74453.48
2354.0,75090.89
2355.0,74767.48
2356.0,72622.06
2357.0,73829.32
2358.0,74636.29
2359.0,74883.21
2360.0,73772.76
2361.0,71822.94
2362.0,74365.5
2363.0,74158.04
2364.0,73967.04
2365.0,74119.71
2366.0,72839.65
2367.0,73608.71
2368.0,73486.24
2369.0,73830.28
2370.0,72809.0
2371.0,73368.33
2372.0,73347.83
2373.0,73267.6
2374.0,73202.98
2375.0,71902.45
2376.0,70699.64
2377.0,72522.31
2378.0,73027.62
2379.0,72798.2
2380.0,70249.03
2381.0,72399.49
2382.0,72712.6
2383.0,70850.21
2384.0,70490.6
2385.0,71443.62
2386.0,73072.08
2387.0,72250.75
2388.0,71755.84
2389.0,70977.33
2390.0,72114.75
2391.0,71650.57
2392.0,71660.98
2393.0,71634.06
2394.0,71819.11
2395.0,71323.68
2396.0,70588.24
2397.0,71283.0
2398.0,71175.97
2399.0,70977.59
2400.0,68064.86
2401.0,69108.41
2402.0,70053.59
2403.0,69021.34
2404.0,70872.43
2405.0,69335.95
2406.0,70047.14
2407.0,69711.64
2408.0,69870.68
2409.0,70196.37
2410.0,69452.9
2411.0,68488.94
2412.0,69536.99
2413.0,69846.49
2414.0,67999.46
2415.0,69634.32
2416.0,69244.47
2417.0,68347.37
2418.0,70001.79
2419.0,68882.89
2420.0,69665.29
2421.0,69389.39
2422.0,69451.88
2423.0,69615.85
2424.0,68235.7
2425.0,67207.32
2426.0,68489.35
2427.0,68852.47
2428.0,67308.08
2429.0,66828.87
2430.0,67270.45
2431.0,67471.96
2432.0,67574.9
2433.0,66359.36
2434.0,67684.19
2435.0,66643.05
2436.0,67504.26
2437.0,66824.06
2438.0,65578.66
2439.0,66349.4
2440.0,65800.44
2441.0,66405.14
2442.0,66869.02
2443.0,66919.56
2444.0,67065.5
2445.0,66194.27
2446.0,66345.15
2447.0,65559.07
2448.0,64489.53
2449.0,66299.3
2450.0,65824.5
2451.0,64666.97
2452.0,64841.28
2453.0,65875.43
2454.0,65771.72
2455.0,65690.24
2456.0,66035.54
2457.0,66059.18
2458.0,65557.67
2459.0,65783.32
2460.0,64843.15
2461.0,64978.01
2462.0,63729.81
2463.0,64845.97
2464.0,64043.98
2465.0,64690.48
2466.0,63928.08
2467.0,64387.05
2468.0,64977.48
2469.0,63484.02
2470.0,64090.33
2471.0,64357.28
2472.0,64099.47
2473.0,63654.85
2474.0,62651.48
2475.0,63978.43
2476.0,63675.08
2477.0,63295.96
2478.0,63339.38
2479.0,62835.53
2480.0,62690.14
2481.0,62706.83
2482.0,63584.7
2483.0,62010.12
2484.0,62937.9
2485.0,61554.52
2486.0,63275.12
2487.0,61958.1
2488.0,63113.26
2489.0,62538.5
2490.0,62703.82
2491.0,62923.4
2492.0,61422.54
2493.0,62378.54
2494.0,59427.26
2495.0,62378.27
2496.0,62584.4
2497.0,62140.32
2498.0,61785.94
2499.0,61808.32
2500.0,62215.04
2501.0,62417.8
2502.0,61501.8
2503.0,61617.46
2504.0,60851.17
2505.0,61966.24
2506.0,61448.82
2507.0,61162.67
2508.0,62126.24
2509.0,61980.68
2510.0,60733.66
2511.0,62114.69
2512.0,61390.23
2513.0,61343.62
2514.0,61838.48
2515.0,61143.65
2516.0,61515.61
2517.0,60963.21
2518.0,60285.44
2519.0,61171.86
2520.0,60466.92
2521.0,60403.11
2522.0,59860.28
2523.0,60183.9
2524.0,60615.27
2525.0,60471.09
2526.0,59059.17
2527.0,58654.12
2528.0,59130.81
2529.0,60379.44
2530.0,58930.85
2531.0,59299.17
2532.0,59981.98
2533.0,60564.13
2534.0,61000.42
2535.0,59731.82
2536.0,60276.76
2537.0,60828.44
2538.0,59730.88
2539.0,58793.32
2540.0,59648.38
2541.0,59814.16
2542.0,59384.27
2543.0,59293.08
2544.0,58700.79
2545.0,59605.04
2546.0,57732.87
2547.0,59127.67
2548.0,58720.09
2549.0,58478.88
2550.0,57727.99
2551.0,58208.18
2552.0,57156.79
2553.0,59052.64
2554.0,58731.21
2555.0,58823.35
2556.0,58151.29
2557.0,58269.24
2558.0,57955.84
2559.0,58320.33
2560.0,57107.33
2561.0,56865.29
2562.0,58271.1
2563.0,57225.36
2564.0,57354.29
2565.0,57713.3
2566.0,57279.65
2567.0,56519.71
2568.0,57528.77
2569.0,57165.18
2570.0,57515.25
2571.0,57523.1
2572.0,57052.14
2573.0,57197.66
2574.0,56306.28
2575.0,56115.68
2576.0,56931.93
2577.0,55765.99
2578.0,56746.05
2579.0,56258.07
2580.0,56015.71
2581.0,56019.51
2582.0,56279.81
2583.0,55409.84
2584.0,55796.97
2585.0,55957.55
2586.0,55859.81
2587.0,55818.89
2588.0,55417.58
2589.0,55195.16
2590.0,55942.16
2591.0,55441.02
2592.0,55363.84
2593.0,55687.88
2594.0,55178.01
2595.0,55437.59
2596.0,54795.67
2597.0,55314.51
2598.0,55294.02
2599.0,53638.21
2600.0,53509.89
2601.0,54973.75
2602.0,55183.94
2603.0,55166.75
2604.0,55052.85
2605.0,54882.62
2606.0,53863.5
2607.0,54495.39
2608.0,53349.22
2609.0,54416.93
2610.0,54136.39
2611.0,54109.54
2612.0,53925.29
2613.0,54291.85
2614.0,54495.42
2615.0,53852.45
2616.0,54201.9
2617.0,54319.05
2618.0,53767.58
2619.0,53693.85
2620.0,53576.69
2621.0,53084.57
2622.0,54058.1
2623.0,53996.76
2624.0,53357.94
2625.0,53794.7
2626.0,52986.55
2627.0,53403.08
2628.0,53593.63
2629.0,51867.0
2630.0,53340.97
2631.0,52536.71
2632.0,50808.78
2633.0,52743.24
2634.0,52467.92
2635.0,53162.33
2636.0,52888.11
2637.0,53044.16
2638.0,52867.31
2639.0,52364.83
2640.0,52829.03
2641.0,52806.46
2642.0,52204.33
2643.0,52416.91
2644.0,52642.07
2645.0,52562.12
2646.0,51526.65
2647.0,52147.73
2648.0,52372.02
2649.0,52264.55
2650.0,52110.31
2651.0,52158.31
2652.0,51815.23
2653.0,52015.26
2654.0,51933.97
2655.0,51970.62
2656.0,51556.58
2657.0,51546.83
2658.0,51536.52
2659.0,51021.45
2660.0,51204.62
2661.0,51141.19
2662.0,51196.97
2663.0,51185.68
2664.0,50271.71
2665.0,50751.96
2666.0,50828.87
2667.0,50940.04
2668.0,50450.85
2669.0,50973.6
2670.0,50700.6
2671.0,50446.84
2672.0,50674.05
2673.0,50281.9
2674.0,50681.75
2675.0,50693.99
2676.0,50560.62
2677.0,50574.0
2678.0,48954.3
2679.0,50491.42
2680.0,49872.07
2681.0,50030.7
2682.0,49925.21
2683.0,49888.98
2684.0,50022.0
2685.0,49933.94
2686.0,49997.72
2687.0,49627.5
2688.0,49564.23
2689.0,49473.67
2690.0,49213.6
2691.0,49667.02
2692.0,49469.14
2693.0,49425.19
2694.0,49197.12
2695.0,49122.45
2696.0,48608.92
2697.0,48466.27
2698.0,48849.91
2699.0,48887.67
2700.0,48698.76
2701.0,48986.65
2702.0,48296.24
2703.0,49058.39
2704.0,48935.84
2705.0,48654.38
2706.0,48771.23
2707.0,48651.21
2708.0,48301.75
2709.0,48684.86
2710.0,47829.38
2711.0,48185.37
2712.0,48390.89
2713.0,47845.93
2714.0,48590.47
2715.0,47974.25
2716.0,48436.13
2717.0,47347.92
2718.0,48290.28
2719.0,47879.11
2720.0,47619.96
2721.0,47786.95
2722.0,48197.12
2723.0,47637.77
2724.0,46960.28
2725.0,47938.02
2726.0,47916.04
2727.0,47638.83
2728.0,47572.31
2729.0,48087.73
2730.0,48116.73
2731.0,48331.48
2732.0,48217.83
2733.0,48308.94
2734.0,48394.76
2735.0,48407.51
2736.0,48411.81
2737.0,48314.0
2738.0,47601.69
2739.0,47941.72
2740.0,47441.14
2741.0,47335.59
2742.0,47185.11
2743.0,46884.87
2744.0,45477.12
2745.0,46981.09
2746.0,46850.71
2747.0,45980.03
2748.0,45034.02
2749.0,46590.46
2750.0,43977.44
2751.0,46363.35
2752.0,45857.15
2753.0,45975.07
2754.0,45276.94
2755.0,46208.58
2756.0,45984.15
2757.0,45827.81
2758.0,45983.0
2759.0,46165.59
2760.0,45865.41
2761.0,45797.91
2762.0,45816.13
2763.0,45527.39
2764.0,45919.16
2765.0,45747.4
2766.0,45618.84
2767.0,45542.65
2768.0,45630.89
2769.0,45538.27
2770.0,44475.59
2771.0,45446.15
2772.0,45123.6
2773.0,45363.51
2774.0,45134.51
2775.0,45265.99
2776.0,45104.13
2777.0,44908.3
2778.0,45186.82
2779.0,44808.91
2780.0,44333.35
2781.0,44652.78
2782.0,44883.95
2783.0,44829.8
2784.0,44730.85
2785.0,44545.84
2786.0,43831.69
2787.0,44601.59
2788.0,44282.14
2789.0,44113.07
2790.0,44298.43
2791.0,44210.23
2792.0,44099.01
2793.0,43877.34
2794.0,43892.31
2795.0,43772.45
2796.0,42962.06
2797.0,43432.24
2798.0,43612.3
2799.0,42547.29
2800.0,43322.31
2801.0,43691.18
2802.0,43529.05
2803.0,43237.59
2804.0,43048.82
2805.0,43376.23
2806.0,43312.4
2807.0,43532.38
2808.0,43346.73
2809.0,43431.98
2810.0,43388.44
2811.0,43222.33
2812.0,43138.95
2813.0,43071.22
2814.0,42826.06
2815.0,43226.67
2816.0,43102.4
2817.0,42537.36
2818.0,42817.84
2819.0,42903.97
2820.0,42830.03
2821.0,42946.94
2822.0,42814.74
2823.0,42518.75
2824.0,42592.91
2825.0,42789.91
2826.0,42621.74
2827.0,42384.96
2828.0,42573.96
2829.0,42446.21
2830.0,41297.91
2831.0,42329.54
2832.0,42346.15
2833.0,42204.05
2834.0,41869.56
2835.0,42104.72
2836.0,42223.01
2837.0,41718.73
2838.0,41974.62
2839.0,41724.2
2840.0,42034.71
2841.0,41531.15
2842.0,41886.67
2843.0,41685.67
2844.0,41156.73
2845.0,41664.17
2846.0,41621.01
2847.0,41691.99
2848.0,41470.54
2849.0,40703.63
2850.0,41471.25
2851.0,41391.22
2852.0,41168.29
2853.0,41058.06
2854.0,41064.2
2855.0,41255.38
2856.0,41170.74
2857.0,40516.25
2858.0,40604.27
2859.0,40845.96
2860.0,41083.53
2861.0,41154.91
2862.0,40725.92
2863.0,40965.08
2864.0,40993.65
2865.0,40675.17
2866.0,40175.31
2867.0,40780.52
2868.0,40580.82
2869.0,40601.14
2870.0,40173.2
2871.0,40480.1
2872.0,40065.53
2873.0,40256.1
2874.0,40346.53
2875.0,40443.14
2876.0,40097.73
2877.0,39868.87
2878.0,40324.59
2879.0,40200.36
2880.0,40034.1
2881.0,40125.81
2882.0,40050.11
2883.0,40015.38
2884.0,40133.83
2885.0,39800.62
2886.0,39862.36
2887.0,39806.28
2888.0,39814.35
2889.0,39484.38
2890.0,39506.31
2891.0,39761.69
2892.0,39375.2
2893.0,39605.46
2894.0,39506.52
2895.0,39344.86
2896.0,38649.02
2897.0,39425.5
2898.0,39110.93
2899.0,39440.67
2900.0,39141.79
2901.0,39199.97
2902.0,39325.61
2903.0,39112.65
2904.0,39200.53
2905.0,38991.37
2906.0,39077.9
2907.0,38875.6
2908.0,39071.24
2909.0,38981.39
2910.0,38971.93
2911.0,38828.39
2912.0,38821.76
2913.0,38847.3
2914.0,38767.35
2915.0,38801.03
2916.0,38691.71
2917.0,38496.26
2918.0,38460.75
2919.0,38602.82
2920.0,38616.04
2921.0,38464.81
2922.0,38332.32
2923.0,38229.63
2924.0,38255.97
2925.0,38160.01
2926.0,38285.51
2927.0,38008.08
2928.0,38015.72
2929.0,37825.27
2930.0,38057.11
2931.0,38100.41
2932.0,38020.26
2933.0,38050.27
2934.0,37585.84
2935.0,37724.11
2936.0,37720.43
2937.0,37682.28
2938.0,37810.42
2939.0,37849.44
2940.0,37390.99
2941.0,37583.93
2942.0,37585.22
2943.0,37630.6
2944.0,37403.31
2945.0,37352.72
2946.0,36222.19
2947.0,37507.06
2948.0,37458.46
2949.0,37318.28
2950.0,36625.5
2951.0,37143.33
2952.0,37024.48
2953.0,37170.77
2954.0,37172.61
2955.0,36927.87
2956.0,37044.5
2957.0,37065.92
2958.0,37019.28
2959.0,36897.96
2960.0,36966.35
2961.0,36878.87
2962.0,36706.94
2963.0,36854.91
2964.0,36620.9
2965.0,36452.63
2966.0,36227.44
2967.0,36579.26
2968.0,36617.1
2969.0,36567.4
2970.0,36535.37
2971.0,36271.44
2972.0,36505.61
2973.0,36382.19
2974.0,36288.51
2975.0,36406.59
2976.0,36402.86
2977.0,36164.61
2978.0,36186.36
2979.0,36286.62
2980.0,35863.26
2981.0,36244.65
2982.0,36073.56
2983.0,35639.21
2984.0,36061.47
2985.0,35994.67
2986.0,35650.32
2987.0,35904.9
2988.0,35872.76
2989.0,35730.89
2990.0,35542.38
2991.0,35749.86
2992.0,35708.59
2993.0,35670.91
2994.0,35606.55
2995.0,35585.46
2996.0,35558.88
2997.0,35514.42
2998.0,35354.12
2999.0,35462.95
