wave,flux
201.0,710.8224
202.0,690.9665
203.0,517.6415
204.0,605.3101
205.0,667.4475
206.0,377.5619
207.0,424.5555
208.0,493.6201
209.0,416.8265
210.0,257.8015
211.0,565.8417
212.0,442.3195
213.0,348.8249
214.0,431.3367
215.0,591.5771
216.0,498.4776
217.0,680.8562
218.0,554.4084
219.0,633.4162
220.0,793.0053
221.0,653.0065
222.0,713.3435
223.0,719.1197
224.0,720.9941
225.0,636.0085
226.0,864.5224
227.0,780.8452
228.0,2721.612
229.0,32324.84
230.0,2445.696
231.0,906.9763
232.0,525.2817
233.0,2274.151
234.0,1207.902
235.0,1434.177
236.0,22661.15
237.0,5904.19
238.0,5605.011
239.0,13115.85
240.0,3819.103
241.0,33764.02
242.0,14672.92
243.0,27907.8
244.0,21391.94
245.0,30530.4
246.0,35058.04
247.0,18753.93
248.0,19800.51
249.0,33872.41
250.0,44147.53
251.0,29447.58
252.0,51408.27
253.0,44137.97
254.0,61369.49
255.0,46270.13
256.0,10221.52
257.0,44400.95
258.0,67501.22
259.0,34043.47
260.0,39544.06
261.0,51633.45
262.0,33000.31
263.0,52616.8
264.0,42182.55
265.0,32180.9
266.0,40540.72
267.0,42745.08
268.0,34330.06
269.0,54551.97
270.0,45847.02
271.0,39891.92
272.0,54138.14
273.0,55859.46
274.0,69525.53
275.0,65283.93
276.0,65183.81
277.0,53557.65
278.0,35602.92
279.0,37668.51
280.0,38753.91
281.0,51154.86
282.0,58995.76
283.0,57503.25
284.0,52868.79
285.0,51515.74
286.0,33998.14
287.0,54341.92
288.0,40129.72
289.0,53148.67
290.0,23552.35
291.0,39966.81
292.0,29471.52
293.0,29201.05
294.0,29729.26
295.0,37929.78
296.0,38147.71
297.0,53588.2
298.0,43837.98
299.0,56039.42
300.0,41591.75
301.0,45631.56
302.0,36724.89
303.0,29387.76
304.0,41866.64
305.0,162319.0
306.0,145899.3
307.0,101492.2
308.0,67081.8
309.0,51557.8
310.0,71772.92
311.0,61128.14
312.0,46734.1
313.0,30808.71
314.0,58330.72
315.0,63596.54
316.0,56465.31
317.0,49001.17
318.0,53809.24
319.0,68514.2
320.0,60231.5
321.0,75652.12
322.0,65251.27
323.0,43735.13
324.0,87840.65
325.0,86215.16
326.0,90310.47
327.0,77717.44
328.0,85053.06
329.0,86517.92
330.0,79999.75
331.0,64409.64
332.0,68462.91
333.0,63605.21
334.0,64665.18
335.0,57132.04
336.0,44004.98
337.0,76809.01
338.0,93076.0
339.0,94796.63
340.0,84699.02
341.0,92405.63
342.0,79314.94
343.0,78217.88
344.0,51697.66
345.0,52285.99
346.0,64210.86
347.0,72290.88
348.0,65363.91
349.0,45178.72
350.0,48022.27
351.0,72966.07
352.0,69807.17
353.0,55059.57
354.0,47126.62
355.0,63060.45
356.0,59061.03
357.0,58387.33
358.0,70925.24
359.0,64242.93
360.0,74739.52
361.0,68761.02
362.0,47122.67
363.0,61461.42
364.0,43023.94
365.0,54716.39
366.0,51274.79
367.0,49838.78
368.0,72503.28
369.0,78685.37
370.0,86252.42
371.0,79718.37
372.0,68423.64
373.0,69956.13
374.0,47728.17
375.0,42426.69
376.0,67138.55
377.0,46772.46
378.0,44181.19
379.0,44005.74
380.0,62088.57
381.0,54433.33
382.0,39132.69
383.0,52818.78
384.0,48237.56
385.0,49087.39
386.0,49920.44
387.0,34556.54
388.0,49233.71
389.0,51714.82
390.0,53564.55
391.0,67774.57
392.0,65277.87
393.0,60332.55
394.0,37508.16
395.0,52589.89
396.0,62732.74
397.0,69041.59
398.0,57745.71
399.0,72414.48
400.0,65939.54
401.0,60000.29
402.0,63544.86
403.0,53932.71
404.0,75559.37
405.0,63369.69
406.0,70622.92
407.0,68123.18
408.0,58086.29
409.0,55653.33
410.0,65946.37
411.0,70743.22
412.0,72709.73
413.0,80077.12
414.0,75880.13
415.0,68089.71
416.0,49830.48
417.0,47663.83
418.0,53897.5
419.0,65688.15
420.0,72345.27
421.0,66211.38
422.0,64096.3
423.0,71377.49
424.0,78852.75
425.0,71906.33
426.0,65758.52
427.0,49978.36
428.0,70509.06
429.0,71880.81
430.0,71273.26
431.0,71863.89
432.0,60723.22
433.0,48821.42
434.0,59711.76
435.0,66783.01
436.0,65152.87
437.0,67679.89
438.0,74259.67
439.0,60379.54
440.0,52088.74
441.0,63855.1
442.0,69698.61
443.0,62318.37
444.0,52640.88
445.0,52473.89
446.0,53198.22
447.0,65212.43
448.0,61571.09
449.0,53780.76
450.0,62604.16
451.0,63360.13
452.0,59950.86
453.0,58816.04
454.0,66856.33
455.0,64691.17
456.0,55539.17
457.0,61164.96
458.0,49473.89
459.0,60541.19
460.0,59653.6
461.0,59659.0
462.0,47374.18
463.0,65832.56
464.0,65223.41
465.0,66875.61
466.0,72656.44
467.0,70276.48
468.0,66028.86
469.0,63593.31
470.0,62996.62
471.0,62755.49
472.0,60887.81
473.0,62155.96
474.0,61407.62
475.0,59331.2
476.0,55691.96
477.0,59576.21
478.0,58616.96
479.0,57821.32
480.0,56570.89
481.0,57660.98
482.0,58760.28
483.0,59612.38
484.0,61674.56
485.0,56345.25
486.0,57253.3
487.0,57857.43
488.0,41709.8
489.0,58447.58
490.0,48157.13
491.0,59425.16
492.0,59792.69
493.0,59196.51
494.0,59525.71
495.0,58990.81
496.0,58893.87
497.0,56089.02
498.0,55741.94
499.0,57452.59
500.0,57445.7
501.0,57792.18
502.0,57982.67
503.0,58212.5
504.0,57774.99
505.0,69411.05
506.0,59288.67
507.0,58678.64
508.0,67394.06
509.0,71647.63
510.0,68447.15
511.0,66002.09
512.0,60295.95
513.0,66493.03
514.0,66457.49
515.0,66129.77
516.0,64522.19
517.0,65374.9
518.0,64322.66
519.0,56923.86
520.0,65967.69
521.0,59145.57
522.0,61344.38
523.0,64500.58
524.0,64110.49
525.0,60403.3
526.0,59681.08
527.0,59509.07
528.0,64035.91
529.0,64997.81
530.0,64273.65
531.0,66343.21
532.0,66531.06
533.0,65804.87
534.0,59171.06
535.0,59320.43
536.0,57454.39
537.0,59413.51
538.0,58046.7
539.0,54742.83
540.0,48189.53
541.0,45645.09
542.0,46667.82
543.0,43346.8
544.0,36697.14
545.0,52976.93
546.0,63357.76
547.0,53454.13
548.0,48989.12
549.0,55967.18
550.0,61621.39
551.0,49096.23
552.0,45918.69
553.0,46324.8
554.0,48534.47
555.0,56146.47
556.0,66567.74
557.0,63543.83
558.0,62063.57
559.0,59840.62
560.0,58687.25
561.0,60891.08
562.0,52504.7
563.0,60202.69
564.0,61643.31
565.0,60719.32
566.0,58605.49
567.0,59041.69
568.0,52044.02
569.0,55504.17
570.0,60442.15
571.0,60439.49
572.0,62463.65
573.0,63945.85
574.0,53231.64
575.0,54657.85
576.0,59786.77
577.0,53258.16
578.0,50604.81
579.0,58777.51
580.0,51200.74
581.0,54809.96
582.0,57461.36
583.0,57119.02
584.0,56109.04
585.0,52907.71
586.0,53635.59
587.0,58843.77
588.0,59642.07
589.0,59378.82
590.0,59985.31
591.0,59847.28
592.0,59631.54
593.0,59663.61
594.0,57904.2
595.0,54373.35
596.0,58676.74
597.0,54734.72
598.0,54633.81
599.0,53365.32
600.0,54769.79
601.0,59667.29
602.0,58120.16
603.0,53233.19
604.0,57586.35
605.0,51698.71
606.0,45692.32
607.0,42870.82
608.0,42213.26
609.0,45159.92
610.0,50942.2
611.0,58529.24
612.0,47401.83
613.0,46913.05
614.0,57492.19
615.0,54946.82
616.0,46259.03
617.0,51497.72
618.0,56502.3
619.0,57613.91
620.0,51488.59
621.0,47905.31
622.0,44388.61
623.0,47780.82
624.0,46859.64
625.0,41367.95
626.0,41370.43
627.0,45000.77
628.0,50398.15
629.0,55539.01
630.0,60323.68
631.0,70034.97
632.0,63398.55
633.0,51815.9
634.0,56152.47
635.0,58361.36
636.0,56309.52
637.0,54327.78
638.0,56853.91
639.0,53743.88
640.0,54264.34
641.0,48131.85
642.0,43879.21
643.0,55330.51
644.0,55105.97
645.0,55306.0
646.0,51771.48
647.0,47955.72
648.0,50121.11
649.0,53822.18
650.0,50405.82
651.0,49066.62
652.0,55240.43
653.0,55242.4
654.0,46902.17
655.0,48472.6
656.0,54424.22
657.0,53982.07
658.0,49241.72
659.0,49749.25
660.0,50977.18
661.0,51204.77
662.0,53739.09
663.0,54390.28
664.0,52992.24
665.0,51795.92
666.0,53378.21
667.0,49073.89
668.0,50599.19
669.0,53280.1
670.0,52708.5
671.0,46883.59
672.0,46326.09
673.0,48910.12
674.0,52647.98
675.0,53453.57
676.0,53085.28
677.0,52758.38
678.0,52803.31
679.0,52163.91
680.0,52924.84
681.0,52631.53
682.0,51952.86
683.0,50308.34
684.0,50488.72
685.0,48643.6
686.0,40605.29
687.0,42600.25
688.0,41996.35
689.0,44431.25
690.0,50611.72
691.0,52052.51
692.0,54031.94
693.0,55333.49
694.0,55339.09
695.0,45248.68
696.0,48101.65
697.0,51881.7
698.0,52515.09
699.0,52167.31
700.0,45308.32
701.0,40084.89
702.0,39480.5
703.0,46571.21
704.0,55032.17
705.0,56555.89
706.0,51860.01
707.0,51524.53
708.0,51728.46
709.0,51516.77
710.0,51582.16
711.0,51938.6
712.0,52106.31
713.0,52134.44
714.0,52310.43
715.0,51717.86
716.0,51509.46
717.0,51263.68
718.0,46042.22
719.0,44796.23
720.0,51513.53
721.0,51451.49
722.0,51396.82
723.0,51309.96
724.0,51025.22
725.0,51199.15
726.0,51283.05
727.0,51255.14
728.0,51195.08
729.0,51149.65
730.0,47573.09
731.0,47177.44
732.0,50177.92
733.0,50816.79
734.0,50825.91
735.0,50776.17
736.0,50526.08
737.0,50647.78
738.0,50755.42
739.0,50783.64
740.0,50820.28
741.0,50759.91
742.0,50690.16
743.0,50578.95
744.0,50355.14
745.0,50283.18
746.0,50288.97
747.0,50056.96
748.0,50006.98
749.0,48984.14
750.0,46839.02
751.0,48247.98
752.0,48910.31
753.0,48697.93
754.0,47696.4
755.0,44725.16
756.0,46588.67
757.0,46239.42
758.0,44952.47
759.0,44957.15
760.0,45309.55
761.0,37011.16
762.0,33278.45
763.0,32647.69
764.0,29948.5
765.0,45025.66
766.0,50379.43
767.0,47206.88
768.0,43134.99
769.0,42545.33
770.0,42467.74
771.0,51272.83
772.0,50051.04
773.0,50597.9
774.0,49844.21
775.0,49366.84
776.0,50079.88
777.0,49047.69
778.0,49151.46
779.0,45665.83
780.0,43124.55
781.0,46382.93
782.0,44606.72
783.0,42039.19
784.0,32909.25
785.0,33362.7
786.0,42422.49
787.0,38817.34
788.0,39379.47
789.0,48758.99
790.0,63693.44
791.0,66834.73
792.0,56482.2
793.0,51517.62
794.0,49047.66
795.0,48704.77
796.0,48680.02
797.0,48725.72
798.0,48507.14
799.0,48246.36
800.0,46919.39
801.0,39739.5
802.0,40642.7
803.0,48574.59
804.0,48544.88
805.0,48514.91
806.0,48490.85
807.0,48458.3
808.0,48403.19
809.0,48285.32
810.0,48319.86
811.0,48522.16
812.0,48465.22
813.0,48389.42
814.0,48301.8
815.0,47535.82
816.0,47245.5
817.0,47671.93
818.0,47932.64
819.0,47906.6
820.0,47063.84
821.0,47169.99
822.0,47889.72
823.0,47838.08
824.0,47755.18
825.0,47621.09
826.0,47513.71
827.0,47792.37
828.0,47685.25
829.0,43319.01
830.0,38606.55
831.0,35977.55
832.0,36000.83
833.0,38718.04
834.0,41718.35
835.0,46644.42
836.0,50206.19
837.0,51563.44
838.0,48639.41
839.0,47645.12
840.0,47082.82
841.0,46959.18
842.0,47110.33
843.0,47291.14
844.0,47341.96
845.0,47406.13
846.0,47332.96
847.0,46785.97
848.0,45670.85
849.0,45413.0
850.0,45624.88
851.0,45126.52
852.0,45648.64
853.0,46682.17
854.0,44110.36
855.0,43133.4
856.0,44767.85
857.0,46216.89
858.0,47470.08
859.0,46058.52
860.0,45584.17
861.0,46727.58
862.0,44751.81
863.0,41793.33
864.0,44160.69
865.0,45413.65
866.0,45892.05
867.0,46933.12
868.0,46991.62
869.0,46968.86
870.0,46845.61
871.0,46379.4
872.0,46240.87
873.0,46386.69
874.0,46626.33
875.0,46634.1
876.0,46389.41
877.0,46452.77
878.0,46261.45
879.0,46002.95
880.0,45773.16
881.0,46211.33
882.0,46519.79
883.0,46163.5
884.0,46146.2
885.0,46396.65
886.0,46442.47
887.0,46430.89
888.0,46421.1
889.0,46408.27
890.0,46389.18
891.0,46364.53
892.0,46338.63
893.0,46308.73
894.0,46228.18
895.0,46147.1
896.0,46120.98
897.0,46121.5
898.0,46066.45
899.0,45887.79
900.0,46016.29
901.0,45988.02
902.0,45935.77
903.0,46168.42
904.0,41592.77
905.0,45881.06
906.0,45713.31
907.0,46078.13
908.0,46012.14
909.0,47567.56
910.0,45847.89
911.0,46317.43
912.0,282799.6
913.0,268577.7
914.0,273523.5
915.0,281565.4
916.0,258364.8
917.0,278456.8
918.0,272517.9
919.0,191185.4
920.0,270604.7
921.0,36919.18
922.0,189315.9
923.0,172028.3
924.0,215219.5
925.0,266757.5
926.0,245687.3
927.0,273185.7
928.0,273684.6
929.0,154556.9
930.0,160064.3
931.0,185470.5
932.0,258924.9
933.0,269173.7
934.0,284582.4
935.0,276591.4
936.0,271440.5
937.0,228257.7
938.0,62374.58
939.0,267884.4
940.0,271769.0
941.0,271800.5
942.0,269912.5
943.0,270676.5
944.0,273567.9
945.0,279875.2
946.0,274299.2
947.0,269684.0
948.0,239336.0
949.0,100817.8
950.0,55488.04
951.0,254357.5
952.0,260676.1
953.0,264754.5
954.0,264901.7
955.0,241219.4
956.0,277667.7
957.0,275280.1
958.0,268535.1
959.0,186584.8
960.0,274428.0
961.0,280140.2
962.0,275227.5
963.0,275192.0
964.0,259263.2
965.0,275466.4
966.0,272377.3
967.0,249419.5
968.0,259224.1
969.0,257552.8
970.0,251069.6
971.0,245172.3
972.0,206358.7
973.0,152480.4
974.0,104568.6
975.0,155171.3
976.0,220280.9
977.0,297822.7
978.0,303040.6
979.0,283695.1
980.0,266129.1
981.0,223764.5
982.0,265819.8
983.0,266081.2
984.0,256232.4
985.0,249207.2
986.0,179492.6
987.0,239672.0
988.0,238202.7
989.0,215257.6
990.0,178125.6
991.0,167626.9
992.0,286653.3
993.0,267914.4
994.0,265143.0
995.0,155660.5
996.0,258327.1
997.0,160608.1
998.0,229549.1
999.0,260697.3
1000.0,264038.3
1001.0,246036.6
1002.0,253942.4
1003.0,259094.7
1004.0,261986.0
1005.0,258524.9
1006.0,185852.1
1007.0,248931.0
1008.0,247125.8
1009.0,248161.9
1010.0,134118.1
1011.0,252090.6
1012.0,243933.4
1013.0,239437.8
1014.0,251548.5
1015.0,247199.5
1016.0,212776.9
1017.0,242072.0
1018.0,215022.3
1019.0,239296.5
1020.0,207587.1
1021.0,216747.9
1022.0,225820.4
1023.0,208326.2
1024.0,220941.3
1025.0,175953.9
1026.0,59621.27
1027.0,215567.9
1028.0,221958.2
1029.0,219690.4
1030.0,206228.4
1031.0,134176.9
1032.0,225420.8
1033.0,231388.0
1034.0,202828.4
1035.0,215654.0
1036.0,219945.4
1037.0,95183.19
1038.0,214185.9
1039.0,236569.7
1040.0,236601.1
1041.0,241098.7
1042.0,242850.5
1043.0,244437.6
1044.0,243926.5
1045.0,242753.4
1046.0,242784.3
1047.0,243003.5
1048.0,242480.4
1049.0,241721.5
1050.0,240750.0
1051.0,238568.7
1052.0,239918.1
1053.0,237823.5
1054.0,238192.5
1055.0,232652.9
1056.0,233701.1
1057.0,235608.7
1058.0,237276.2
1059.0,233725.6
1060.0,229273.3
1061.0,208608.2
1062.0,196606.7
1063.0,128265.3
1064.0,230007.0
1065.0,229776.6
1066.0,209656.6
1067.0,227218.3
1068.0,225997.5
1069.0,169693.2
1070.0,228113.7
1071.0,220419.0
1072.0,219981.2
1073.0,213132.5
1074.0,214541.8
1075.0,222576.2
1076.0,227344.9
1077.0,227166.0
1078.0,205935.8
1079.0,226874.7
1080.0,225049.8
1081.0,224600.6
1082.0,222874.7
1083.0,207475.8
1084.0,217598.2
1085.0,208798.2
1086.0,220129.4
1087.0,222729.7
1088.0,213839.2
1089.0,197496.8
1090.0,205219.0
1091.0,221420.2
1092.0,220220.9
1093.0,217899.7
1094.0,221428.8
1095.0,219127.2
1096.0,215893.7
1097.0,199938.5
1098.0,181707.4
1099.0,217848.8
1100.0,217848.6
1101.0,217932.2
1102.0,217814.3
1103.0,214263.7
1104.0,202800.0
1105.0,216590.5
1106.0,215124.1
1107.0,212626.6
1108.0,172419.8
1109.0,201224.6
1110.0,207172.0
1111.0,207246.5
1112.0,205864.2
1113.0,205949.5
1114.0,205666.5
1115.0,207425.8
1116.0,207794.6
1117.0,204194.1
1118.0,208022.7
1119.0,208706.9
1120.0,210046.6
1121.0,206182.3
1122.0,205323.7
1123.0,204147.4
1124.0,130459.0
1125.0,104785.5
1126.0,200090.5
1127.0,200026.9
1128.0,132135.5
1129.0,131592.9
1130.0,170233.1
1131.0,201065.6
1132.0,202710.3
1133.0,203406.5
1134.0,203399.0
1135.0,200290.8
1136.0,204703.5
1137.0,203729.7
1138.0,202040.2
1139.0,174070.2
1140.0,179754.6
1141.0,196712.3
1142.0,172738.2
1143.0,196303.6
1144.0,185999.6
1145.0,153976.9
1146.0,197513.5
1147.0,197372.4
1148.0,197514.4
1149.0,197077.5
1150.0,195741.8
1151.0,194479.5
1152.0,194353.8
1153.0,191208.4
1154.0,189194.2
1155.0,188453.3
1156.0,190691.8
1157.0,190169.8
1158.0,190763.5
1159.0,186663.5
1160.0,187152.9
1161.0,190668.0
1162.0,176468.9
1163.0,190060.8
1164.0,183655.6
1165.0,188257.6
1166.0,187603.7
1167.0,185658.5
1168.0,189508.4
1169.0,164653.7
1170.0,184579.1
1171.0,179166.5
1172.0,181037.9
1173.0,174495.9
1174.0,168022.1
1175.0,79744.98
1176.0,84546.67
1177.0,162195.3
1178.0,182663.7
1179.0,186310.0
1180.0,186090.6
1181.0,184824.5
1182.0,185694.3
1183.0,112629.1
1184.0,148604.9
1185.0,143368.2
1186.0,182828.0
1187.0,182173.1
1188.0,180853.9
1189.0,179724.3
1190.0,178375.9
1191.0,158079.6
1192.0,175500.8
1193.0,173953.4
1194.0,174040.2
1195.0,174604.8
1196.0,172183.4
1197.0,140863.5
1198.0,168879.1
1199.0,171846.4
1200.0,171814.4
1201.0,147271.1
1202.0,156402.9
1203.0,164269.0
1204.0,166343.1
1205.0,162240.4
1206.0,156458.7
1207.0,156159.0
1208.0,148456.6
1209.0,135060.9
1210.0,145204.5
1211.0,153147.9
1212.0,151152.1
1213.0,148203.9
1214.0,149416.1
1215.0,91887.06
1216.0,99849.7
1217.0,146631.1
1218.0,125985.0
1219.0,153152.4
1220.0,143358.2
1221.0,154959.6
1222.0,156069.1
1223.0,134418.4
1224.0,157411.8
1225.0,154551.5
1226.0,156135.3
1227.0,158351.7
1228.0,150218.9
1229.0,158726.5
1230.0,158421.0
1231.0,159523.4
1232.0,159170.0
1233.0,157006.9
1234.0,157092.3
1235.0,157475.6
1236.0,157749.6
1237.0,156873.7
1238.0,157837.9
1239.0,160852.8
1240.0,163565.7
1241.0,165976.7
1242.0,168724.0
1243.0,173363.1
1244.0,174187.2
1245.0,172613.2
1246.0,166496.1
1247.0,141446.9
1248.0,159613.0
1249.0,160429.3
1250.0,158925.6
1251.0,157204.9
1252.0,159797.6
1253.0,159801.6
1254.0,161481.4
1255.0,160932.4
1256.0,160786.7
1257.0,160525.6
1258.0,159597.4
1259.0,157572.8
1260.0,156075.8
1261.0,156973.3
1262.0,157507.4
1263.0,157166.7
1264.0,153556.8
1265.0,154490.0
1266.0,155630.8
1267.0,156702.0
1268.0,156156.7
1269.0,155779.9
1270.0,156434.2
1271.0,157008.2
1272.0,155981.1
1273.0,154706.2
1274.0,155517.9
1275.0,155126.2
1276.0,154706.0
1277.0,154531.4
1278.0,154280.5
1279.0,154424.4
1280.0,153787.9
1281.0,153599.9
1282.0,153636.2
1283.0,153722.9
1284.0,153265.1
1285.0,153587.2
1286.0,151761.4
1287.0,151512.1
1288.0,153508.7
1289.0,152149.1
1290.0,151606.6
1291.0,150088.9
1292.0,150227.3
1293.0,149321.2
1294.0,146620.7
1295.0,145970.3
1296.0,147423.1
1297.0,145168.9
1298.0,146859.6
1299.0,145597.6
1300.0,146556.3
1301.0,145195.9
1302.0,145683.5
1303.0,120842.0
1304.0,129468.1
1305.0,145228.3
1306.0,145609.7
1307.0,146305.0
1308.0,146830.6
1309.0,145906.4
1310.0,146008.5
1311.0,146218.0
1312.0,145606.0
1313.0,145489.2
1314.0,145991.7
1315.0,145353.1
1316.0,144915.3
1317.0,144931.2
1318.0,145198.8
1319.0,144925.9
1320.0,144650.4
1321.0,143761.4
1322.0,143786.7
1323.0,138881.3
1324.0,140080.4
1325.0,140135.2
1326.0,141508.5
1327.0,141697.2
1328.0,141115.8
1329.0,140709.5
1330.0,138498.4
1331.0,141243.0
1332.0,138670.7
1333.0,138680.0
1334.0,135863.3
1335.0,125073.3
1336.0,69117.21
1337.0,137424.5
1338.0,139916.1
1339.0,138581.0
1340.0,140106.1
1341.0,139204.2
1342.0,137600.9
1343.0,131436.8
1344.0,134155.3
1345.0,136619.7
1346.0,136452.8
1347.0,136725.7
1348.0,137033.9
1349.0,137082.2
1350.0,134536.2
1351.0,136617.0
1352.0,136361.4
1353.0,135857.5
1354.0,135555.7
1355.0,132786.4
1356.0,129899.1
1357.0,131889.6
1358.0,133236.7
1359.0,133652.5
1360.0,133295.8
1361.0,131663.6
1362.0,132818.2
1363.0,132042.5
1364.0,131171.1
1365.0,130734.6
1366.0,129903.7
1367.0,130676.2
1368.0,130506.4
1369.0,129888.9
1370.0,129424.1
1371.0,129324.6
1372.0,128518.4
1373.0,129146.4
1374.0,128611.6
1375.0,128417.5
1376.0,130934.3
1377.0,130282.3
1378.0,127887.3
1379.0,128069.6
1380.0,128542.9
1381.0,128303.8
1382.0,128141.9
1383.0,127523.2
1384.0,126334.1
1385.0,126455.1
1386.0,126028.1
1387.0,126322.4
1388.0,122970.4
1389.0,107939.9
1390.0,107725.5
1391.0,112234.6
1392.0,121657.7
1393.0,126063.3
1394.0,130966.5
1395.0,130375.7
1396.0,125156.8
1397.0,125033.1
1398.0,115644.7
1399.0,112790.4
1400.0,114543.8
1401.0,119998.1
1402.0,124125.5
1403.0,129577.2
1404.0,127234.3
1405.0,125546.5
1406.0,124397.2
1407.0,123354.1
1408.0,123027.5
1409.0,118469.7
1410.0,122309.3
1411.0,122687.4
1412.0,122470.1
1413.0,121955.4
1414.0,121050.1
1415.0,120713.3
1416.0,120631.9
1417.0,85689.27
1418.0,110360.7
1419.0,119953.9
1420.0,118714.4
1421.0,118334.3
1422.0,117883.7
1423.0,116645.2
1424.0,94944.3
1425.0,107393.4
1426.0,117511.0
1427.0,118621.3
1428.0,113014.1
1429.0,114487.1
1430.0,116031.8
1431.0,114095.4
1432.0,113598.9
1433.0,113669.8
1434.0,114863.9
1435.0,116118.2
1436.0,116347.5
1437.0,116117.6
1438.0,115684.7
1439.0,112918.1
1440.0,112695.2
1441.0,112911.0
1442.0,114885.6
1443.0,115232.9
1444.0,115552.3
1445.0,113016.7
1446.0,114697.5
1447.0,115082.5
1448.0,113632.8
1449.0,112331.3
1450.0,114512.0
1451.0,113092.4
1452.0,108046.5
1453.0,110606.0
1454.0,112655.6
1455.0,111808.6
1456.0,111979.3
1457.0,112692.1
1458.0,109834.9
1459.0,111165.1
1460.0,109668.5
1461.0,111000.9
1462.0,111753.5
1463.0,111338.1
1464.0,111491.4
1465.0,110790.5
1466.0,110977.3
1467.0,109294.1
1468.0,107984.0
1469.0,98721.49
1470.0,99576.95
1471.0,109477.8
1472.0,108082.2
1473.0,107380.4
1474.0,108135.1
1475.0,108994.3
1476.0,108239.9
1477.0,108286.9
1478.0,106323.5
1479.0,107649.5
1480.0,107991.4
1481.0,108581.0
1482.0,108096.4
1483.0,107658.4
1484.0,106826.7
1485.0,106880.5
1486.0,107662.8
1487.0,107924.5
1488.0,107996.0
1489.0,107479.5
1490.0,107149.3
1491.0,106762.8
1492.0,106152.4
1493.0,105679.5
1494.0,105361.9
1495.0,105281.3
1496.0,105020.1
1497.0,104054.5
1498.0,100647.1
1499.0,99851.78
1500.0,102278.4
1501.0,101150.6
1502.0,97949.16
1503.0,102966.5
1504.0,100799.8
1505.0,102224.7
1506.0,102828.7
1507.0,103463.4
1508.0,103494.3
1509.0,100711.8
1510.0,102920.3
1511.0,94422.02
1512.0,97870.59
1513.0,101479.1
1514.0,102069.4
1515.0,97816.08
1516.0,99350.47
1517.0,99266.18
1518.0,96566.53
1519.0,98470.0
1520.0,99718.92
1521.0,96985.06
1522.0,99709.37
1523.0,101718.5
1524.0,97435.08
1525.0,94189.81
1526.0,98267.71
1527.0,97369.95
1528.0,98262.37
1529.0,99638.33
1530.0,83881.88
1531.0,76902.62
1532.0,92606.38
1533.0,92394.51
1534.0,96458.54
1535.0,98818.1
1536.0,95839.31
1537.0,96507.33
1538.0,96603.61
1539.0,87700.57
1540.0,92861.48
1541.0,79917.84
1542.0,60761.65
1543.0,50403.3
1544.0,46393.83
1545.0,45712.63
1546.0,48631.31
1547.0,53985.81
1548.0,62571.66
1549.0,75307.43
1550.0,85600.13
1551.0,107630.7
1552.0,119991.4
1553.0,109981.7
1554.0,104745.5
1555.0,100949.7
1556.0,86175.82
1557.0,77468.15
1558.0,88418.71
1559.0,91882.32
1560.0,91497.37
1561.0,86772.12
1562.0,85120.38
1563.0,90308.72
1564.0,90308.57
1565.0,91494.83
1566.0,87831.28
1567.0,90089.48
1568.0,68823.89
1569.0,76866.73
1570.0,89370.89
1571.0,75034.61
1572.0,86207.32
1573.0,90719.1
1574.0,89493.66
1575.0,76176.53
1576.0,88729.35
1577.0,80075.33
1578.0,86464.45
1579.0,91252.25
1580.0,85132.57
1581.0,88828.61
1582.0,90871.92
1583.0,87965.91
1584.0,87933.47
1585.0,82202.02
1586.0,87290.3
1587.0,89850.91
1588.0,90387.97
1589.0,90554.69
1590.0,88309.97
1591.0,89064.29
1592.0,87656.53
1593.0,89719.4
1594.0,88452.01
1595.0,88005.51
1596.0,88449.24
1597.0,88330.36
1598.0,88574.99
1599.0,89367.01
1600.0,86797.11
1601.0,70252.92
1602.0,80425.72
1603.0,72100.85
1604.0,83298.22
1605.0,88028.54
1606.0,84497.71
1607.0,87053.67
1608.0,87686.05
1609.0,86503.41
1610.0,74219.33
1611.0,79624.77
1612.0,83784.48
1613.0,85064.73
1614.0,85075.63
1615.0,86888.3
1616.0,87092.41
1617.0,86560.51
1618.0,86409.84
1619.0,84067.04
1620.0,81828.31
1621.0,80201.84
1622.0,81098.67
1623.0,73241.72
1624.0,74014.73
1625.0,85443.08
1626.0,84018.5
1627.0,84392.5
1628.0,85047.13
1629.0,83088.58
1630.0,79560.93
1631.0,63957.14
1632.0,61276.4
1633.0,82946.56
1634.0,81096.33
1635.0,81529.29
1636.0,81848.37
1637.0,87981.43
1638.0,88824.53
1639.0,91037.5
1640.0,75459.2
1641.0,94463.03
1642.0,94088.3
1643.0,93063.55
1644.0,91128.26
1645.0,85795.8
1646.0,87052.05
1647.0,80299.63
1648.0,83480.19
1649.0,83256.06
1650.0,82664.64
1651.0,83127.42
1652.0,82308.87
1653.0,72720.08
1654.0,74461.12
1655.0,80660.18
1656.0,78720.91
1657.0,69364.21
1658.0,77223.61
1659.0,80847.36
1660.0,81045.81
1661.0,79064.7
1662.0,77251.73
1663.0,80280.03
1664.0,79650.86
1665.0,76603.97
1666.0,78419.36
1667.0,78702.75
1668.0,68234.82
1669.0,77629.67
1670.0,78828.12
1671.0,73584.51
1672.0,74880.58
1673.0,73758.67
1674.0,76761.89
1675.0,78815.57
1676.0,74840.8
1677.0,75502.28
1678.0,78673.78
1679.0,78668.31
1680.0,78644.12
1681.0,77126.54
1682.0,75867.78
1683.0,77750.04
1684.0,76852.99
1685.0,78034.31
1686.0,75377.73
1687.0,77286.83
1688.0,75820.46
1689.0,77324.09
1690.0,72476.91
1691.0,74056.11
1692.0,76980.51
1693.0,76778.85
1694.0,74440.71
1695.0,72732.47
1696.0,75018.67
1697.0,76024.95
1698.0,74349.33
1699.0,72963.09
1700.0,75249.84
1701.0,73869.8
1702.0,70315.02
1703.0,75314.79
1704.0,74015.51
1705.0,73061.41
1706.0,73561.05
1707.0,63672.02
1708.0,68317.23
1709.0,74665.14
1710.0,72714.35
1711.0,72601.56
1712.0,65794.51
1713.0,55410.03
1714.0,72879.92
1715.0,71519.29
1716.0,69516.6
1717.0,66782.69
1718.0,57001.61
1719.0,68492.11
1720.0,71922.88
1721.0,70502.13
1722.0,68749.8
1723.0,67978.68
1724.0,69326.88
1725.0,61424.59
1726.0,67284.67
1727.0,72383.27
1728.0,72861.92
1729.0,71602.32
1730.0,72590.35
1731.0,69062.79
1732.0,71301.98
1733.0,70990.69
1734.0,71308.96
1735.0,70877.66
1736.0,71030.13
1737.0,71858.19
1738.0,68421.89
1739.0,66432.84
1740.0,70169.86
1741.0,69533.37
1742.0,67836.18
1743.0,70679.7
1744.0,68127.26
1745.0,67246.05
1746.0,70226.49
1747.0,66377.51
1748.0,69924.74
1749.0,67793.92
1750.0,68918.49
1751.0,69873.99
1752.0,67317.41
1753.0,61430.53
1754.0,68671.18
1755.0,69501.81
1756.0,69447.4
1757.0,69300.85
1758.0,67284.77
1759.0,66477.74
1760.0,64542.72
1761.0,62701.01
1762.0,65815.71
1763.0,66071.7
1764.0,62881.46
1765.0,68607.3
1766.0,68346.91
1767.0,68464.11
1768.0,66509.62
1769.0,65209.45
1770.0,61344.79
1771.0,67236.12
1772.0,64275.04
1773.0,66251.71
1774.0,65547.3
1775.0,64812.91
1776.0,61275.45
1777.0,66420.31
1778.0,66691.22
1779.0,66703.88
1780.0,66317.77
1781.0,66509.83
1782.0,64758.36
1783.0,62888.12
1784.0,65894.66
1785.0,65312.37
1786.0,65653.37
1787.0,64711.78
1788.0,63262.56
1789.0,64551.68
1790.0,65417.53
1791.0,63211.46
1792.0,56492.09
1793.0,62393.18
1794.0,64952.22
1795.0,63792.42
1796.0,65448.94
1797.0,64673.25
1798.0,64002.44
1799.0,64573.53
1800.0,63648.71
1801.0,64843.73
1802.0,64973.09
1803.0,64536.38
1804.0,64290.26
1805.0,63114.09
1806.0,63923.89
1807.0,63486.94
1808.0,60356.99
1809.0,63873.31
1810.0,64139.51
1811.0,63723.86
1812.0,58057.76
1813.0,58220.47
1814.0,63094.01
1815.0,63201.91
1816.0,59124.59
1817.0,60269.49
1818.0,63428.81
1819.0,62861.69
1820.0,61581.49
1821.0,58225.02
1822.0,56279.42
1823.0,60725.39
1824.0,61284.73
1825.0,61611.64
1826.0,59231.73
1827.0,57169.58
1828.0,60495.64
1829.0,61955.27
1830.0,58349.53
1831.0,61112.14
1832.0,60827.29
1833.0,60713.42
1834.0,61177.81
1835.0,59827.05
1836.0,60908.64
1837.0,61196.55
1838.0,59484.04
1839.0,61019.6
1840.0,54619.5
1841.0,59597.2
1842.0,59550.68
1843.0,58067.07
1844.0,58525.72
1845.0,58223.28
1846.0,59227.89
1847.0,59151.35
1848.0,58845.85
1849.0,53653.57
1850.0,50411.45
1851.0,56816.14
1852.0,59651.24
1853.0,58143.62
1854.0,55074.66
1855.0,54947.37
1856.0,58039.99
1857.0,59259.34
1858.0,54440.94
1859.0,56275.54
1860.0,51081.63
1861.0,58427.8
1862.0,59272.04
1863.0,56172.81
1864.0,58094.84
1865.0,58390.46
1866.0,58398.07
1867.0,57553.86
1868.0,58234.85
1869.0,58650.59
1870.0,56747.02
1871.0,57490.83
1872.0,57491.03
1873.0,56018.47
1874.0,56602.96
1875.0,56824.31
1876.0,57821.41
1877.0,57055.12
1878.0,54864.77
1879.0,57710.77
1880.0,56163.37
1881.0,54405.19
1882.0,53472.01
1883.0,53879.85
1884.0,53985.0
1885.0,51806.39
1886.0,54111.38
1887.0,53319.29
1888.0,55266.87
1889.0,53291.49
1890.0,49641.03
1891.0,48110.35
1892.0,51275.82
1893.0,53020.69
1894.0,51448.49
1895.0,44757.68
1896.0,48387.08
1897.0,54856.29
1898.0,55170.0
1899.0,51311.11
1900.0,54481.25
1901.0,50939.16
1902.0,51928.24
1903.0,53419.72
1904.0,53645.68
1905.0,55321.56
1906.0,55111.84
1907.0,55011.37
1908.0,55037.97
1909.0,54971.27
1910.0,54276.2
1911.0,54886.17
1912.0,55087.61
1913.0,53245.01
1914.0,50010.33
1915.0,51293.25
1916.0,53013.82
1917.0,54057.9
1918.0,51497.22
1919.0,52843.88
1920.0,53486.31
1921.0,53729.02
1922.0,50945.94
1923.0,40112.76
1924.0,49619.03
1925.0,53542.3
1926.0,49684.01
1927.0,53042.57
1928.0,51707.32
1929.0,51033.13
1930.0,50164.55
1931.0,39336.33
1932.0,44490.53
1933.0,53167.75
1934.0,53384.65
1935.0,53084.57
1936.0,50197.77
1937.0,50667.67
1938.0,48392.35
1939.0,43744.99
1940.0,44844.49
1941.0,51551.96
1942.0,52499.77
1943.0,52466.71
1944.0,52213.56
1945.0,52570.1
1946.0,52516.19
1947.0,51871.0
1948.0,51333.67
1949.0,51688.27
1950.0,48212.38
1951.0,35288.42
1952.0,47912.64
1953.0,44858.27
1954.0,43234.36
1955.0,48337.19
1956.0,48430.08
1957.0,47788.7
1958.0,49047.84
1959.0,50371.28
1960.0,50981.44
1961.0,49123.18
1962.0,51002.8
1963.0,49876.77
1964.0,48409.25
1965.0,50862.92
1966.0,49904.0
1967.0,50875.85
1968.0,49849.25
1969.0,50363.18
1970.0,50135.19
1971.0,50354.73
1972.0,49885.21
1973.0,50354.0
1974.0,50353.62
1975.0,50097.46
1976.0,49053.64
1977.0,49855.24
1978.0,50146.08
1979.0,48555.63
1980.0,48504.67
1981.0,49856.35
1982.0,48550.26
1983.0,48818.69
1984.0,47257.87
1985.0,47542.06
1986.0,49287.76
1987.0,47696.69
1988.0,48689.42
1989.0,48905.13
1990.0,46687.17
1991.0,47586.08
1992.0,41582.16
1993.0,43128.63
1994.0,44541.45
1995.0,48282.09
1996.0,48646.73
1997.0,48609.71
1998.0,48608.17
1999.0,46373.33
2000.0,44837.1
2001.0,44398.37
2002.0,44321.05
2003.0,46151.7
2004.0,46932.05
2005.0,46141.07
2006.0,45319.32
2007.0,46928.18
2008.0,47139.72
2009.0,47240.96
2010.0,47610.71
2011.0,46163.42
2012.0,45779.3
2013.0,44407.4
2014.0,45034.17
2015.0,47058.86
2016.0,46662.09
2017.0,47246.52
2018.0,46424.37
2019.0,47044.78
2020.0,47206.23
2021.0,47104.24
2022.0,47035.58
2023.0,45926.92
2024.0,45853.98
2025.0,46815.96
2026.0,44912.19
2027.0,46577.16
2028.0,46558.19
2029.0,46126.69
2030.0,45768.15
2031.0,46430.51
2032.0,46273.15
2033.0,43931.39
2034.0,44048.76
2035.0,43347.21
2036.0,45054.05
2037.0,44757.46
2038.0,43731.06
2039.0,44803.76
2040.0,38740.09
2041.0,40493.94
2042.0,44255.4
2043.0,45280.6
2044.0,44480.21
2045.0,44144.35
2046.0,44249.65
2047.0,44363.06
2048.0,44714.28
2049.0,44952.15
2050.0,44272.02
2051.0,45405.32
2052.0,45338.01
2053.0,44655.64
2054.0,44446.34
2055.0,44529.77
2056.0,43485.93
2057.0,42963.32
2058.0,43562.44
2059.0,44602.22
2060.0,44796.81
2061.0,44222.24
2062.0,40436.66
2063.0,43036.06
2064.0,44369.39
2065.0,44447.43
2066.0,43661.0
2067.0,43527.97
2068.0,43105.2
2069.0,41693.62
2070.0,43693.2
2071.0,36766.29
2072.0,40932.83
2073.0,44139.46
2074.0,43880.76
2075.0,43588.67
2076.0,43937.4
2077.0,42986.23
2078.0,42102.43
2079.0,43431.4
2080.0,43366.74
2081.0,42756.78
2082.0,43415.27
2083.0,43036.58
2084.0,42378.0
2085.0,39192.72
2086.0,41989.54
2087.0,43168.2
2088.0,42782.74
2089.0,43228.32
2090.0,38779.42
2091.0,32098.21
2092.0,38940.35
2093.0,42555.55
2094.0,42347.98
2095.0,42548.6
2096.0,42298.12
2097.0,42077.35
2098.0,41136.26
2099.0,42446.9
2100.0,39872.63
2101.0,41374.73
2102.0,42443.79
2103.0,42256.37
2104.0,41009.37
2105.0,42229.26
2106.0,42186.9
2107.0,39861.48
2108.0,32865.9
2109.0,38671.47
2110.0,41300.49
2111.0,41323.56
2112.0,41740.17
2113.0,41619.72
2114.0,40266.4
2115.0,40404.25
2116.0,41576.64
2117.0,40672.14
2118.0,40779.01
2119.0,40710.26
2120.0,41447.49
2121.0,40988.02
2122.0,40968.16
2123.0,41038.33
2124.0,40750.19
2125.0,40825.85
2126.0,40757.82
2127.0,41058.58
2128.0,40944.84
2129.0,40828.0
2130.0,40742.77
2131.0,39805.5
2132.0,39714.62
2133.0,40432.89
2134.0,40260.54
2135.0,39466.75
2136.0,39277.91
2137.0,39751.53
2138.0,39624.63
2139.0,40284.25
2140.0,39909.82
2141.0,40143.17
2142.0,39795.58
2143.0,39495.3
2144.0,39809.72
2145.0,38599.46
2146.0,39938.93
2147.0,39012.35
2148.0,39331.32
2149.0,39718.66
2150.0,39823.86
2151.0,39684.43
2152.0,39657.2
2153.0,38607.74
2154.0,39573.55
2155.0,39393.9
2156.0,39504.19
2157.0,39248.48
2158.0,39247.5
2159.0,38904.61
2160.0,39046.38
2161.0,39220.2
2162.0,37304.61
2163.0,38943.03
2164.0,38897.49
2165.0,37713.43
2166.0,38500.76
2167.0,38481.34
2168.0,38223.99
2169.0,38514.42
2170.0,38428.55
2171.0,38546.8
2172.0,38402.67
2173.0,38636.48
2174.0,38167.19
2175.0,38323.54
2176.0,37301.77
2177.0,37907.39
2178.0,37170.55
2179.0,38325.7
2180.0,36457.88
2181.0,37204.76
2182.0,37703.7
2183.0,37821.62
2184.0,37673.1
2185.0,37792.09
2186.0,37389.36
2187.0,37757.23
2188.0,37203.41
2189.0,37860.58
2190.0,37701.69
2191.0,37691.36
2192.0,37393.97
2193.0,35753.99
2194.0,37345.05
2195.0,37378.08
2196.0,37443.4
2197.0,37392.68
2198.0,37251.68
2199.0,37100.2
2200.0,37186.35
2201.0,36362.61
2202.0,35544.66
2203.0,36859.13
2204.0,36689.09
2205.0,37022.32
2206.0,36896.48
2207.0,36357.06
2208.0,36770.11
2209.0,36045.58
2210.0,36603.11
2211.0,34899.64
2212.0,36168.58
2213.0,36300.72
2214.0,36028.52
2215.0,36013.13
2216.0,36260.51
2217.0,35450.2
2218.0,36272.22
2219.0,35291.02
2220.0,36176.6
2221.0,34424.9
2222.0,35676.94
2223.0,35630.96
2224.0,35666.98
2225.0,34603.9
2226.0,35896.32
2227.0,34080.68
2228.0,34542.24
2229.0,35676.79
2230.0,35680.64
2231.0,35662.37
2232.0,35459.56
2233.0,35438.15
2234.0,35622.53
2235.0,35542.62
2236.0,35521.46
2237.0,35458.04
2238.0,35385.55
2239.0,34937.74
2240.0,35306.31
2241.0,34833.0
2242.0,34347.95
2243.0,34734.74
2244.0,34872.83
2245.0,34000.55
2246.0,34560.86
2247.0,35035.32
2248.0,34376.68
2249.0,34430.32
2250.0,33755.39
2251.0,34295.08
2252.0,34552.77
2253.0,34654.6
2254.0,34187.85
2255.0,34382.25
2256.0,34318.74
2257.0,34034.61
2258.0,34321.82
2259.0,34377.57
2260.0,34248.36
2261.0,33373.88
2262.0,34239.3
2263.0,34056.39
2264.0,33458.84
2265.0,33175.88
2266.0,33815.17
2267.0,33452.7
2268.0,34007.28
2269.0,33742.03
2270.0,33989.97
2271.0,32327.19
2272.0,33937.84
2273.0,33629.31
2274.0,33607.46
2275.0,33757.74
2276.0,33633.36
2277.0,32833.54
2278.0,32406.95
2279.0,32646.06
2280.0,33505.59
2281.0,33358.38
2282.0,33504.49
2283.0,33287.68
2284.0,33012.42
2285.0,32941.91
2286.0,33317.03
2287.0,32618.27
2288.0,32871.81
2289.0,33139.03
2290.0,32965.24
2291.0,33150.38
2292.0,33018.07
2293.0,32850.69
2294.0,32574.61
2295.0,32764.48
2296.0,32897.02
2297.0,32559.32
2298.0,31607.09
2299.0,30628.56
2300.0,32580.67
2301.0,32168.26
2302.0,32227.96
2303.0,32364.7
2304.0,31792.8
2305.0,32489.34
2306.0,31933.61
2307.0,32460.93
2308.0,31703.56
2309.0,32333.51
2310.0,32449.56
2311.0,32290.07
2312.0,31159.78
2313.0,31174.88
2314.0,31529.81
2315.0,32025.03
2316.0,32030.05
2317.0,31906.37
2318.0,31207.09
2319.0,30941.69
2320.0,31202.65
2321.0,31486.78
2322.0,31704.78
2323.0,30909.69
2324.0,31699.94
2325.0,30733.76
2326.0,30456.99
2327.0,30290.57
2328.0,30204.74
2329.0,31504.25
2330.0,30986.68
2331.0,30919.92
2332.0,28929.04
2333.0,30987.48
2334.0,31172.99
2335.0,30451.95
2336.0,31146.46
2337.0,30739.64
2338.0,30915.38
2339.0,30598.93
2340.0,30562.66
2341.0,30487.5
2342.0,30060.78
2343.0,30158.37
2344.0,29771.22
2345.0,28641.07
2346.0,28101.04
2347.0,30147.78
2348.0,30333.75
2349.0,27687.28
2350.0,30440.02
2351.0,30038.68
2352.0,29644.1
2353.0,29801.02
2354.0,30129.02
2355.0,30127.65
2356.0,28562.54
2357.0,29618.18
2358.0,30260.08
2359.0,30222.02
2360.0,29354.12
2361.0,28011.86
2362.0,30058.56
2363.0,30080.77
2364.0,29862.63
2365.0,30020.6
2366.0,29593.95
2367.0,29879.7
2368.0,29468.73
2369.0,29856.55
2370.0,29307.45
2371.0,29606.14
2372.0,29763.28
2373.0,29613.83
2374.0,29578.57
2375.0,29350.61
2376.0,27623.73
2377.0,29134.26
2378.0,29540.52
2379.0,29462.04
2380.0,27221.57
2381.0,29252.21
2382.0,29307.82
2383.0,27575.63
2384.0,27258.53
2385.0,28384.62
2386.0,29518.38
2387.0,28903.29
2388.0,28757.9
2389.0,27882.08
2390.0,29238.47
2391.0,28785.59
2392.0,28837.8
2393.0,28993.33
2394.0,29096.61
2395.0,28716.19
2396.0,28023.72
2397.0,28861.9
2398.0,28607.59
2399.0,28801.41
2400.0,26211.77
2401.0,27211.92
2402.0,28119.93
2403.0,27597.87
2404.0,28778.97
2405.0,27556.23
2406.0,28263.28
2407.0,28245.65
2408.0,28279.26
2409.0,28429.09
2410.0,28262.46
2411.0,27036.19
2412.0,27737.42
2413.0,28114.53
2414.0,26427.37
2415.0,27980.94
2416.0,27920.89
2417.0,27013.67
2418.0,28314.15
2419.0,27702.08
2420.0,28094.78
2421.0,28137.62
2422.0,28175.71
2423.0,28160.79
2424.0,27204.2
2425.0,26498.62
2426.0,27537.81
2427.0,27855.86
2428.0,26885.98
2429.0,26229.61
2430.0,26692.81
2431.0,26956.56
2432.0,27572.66
2433.0,26291.64
2434.0,27507.51
2435.0,26866.74
2436.0,27467.84
2437.0,26903.6
2438.0,25903.81
2439.0,27196.67
2440.0,26177.64
2441.0,27031.95
2442.0,27230.95
2443.0,27344.7
2444.0,27400.02
2445.0,26836.64
2446.0,26950.58
2447.0,26314.14
2448.0,25699.36
2449.0,27250.85
2450.0,26686.11
2451.0,25858.37
2452.0,25782.39
2453.0,26900.72
2454.0,26769.23
2455.0,26708.74
2456.0,27061.55
2457.0,27054.27
2458.0,26879.64
2459.0,26972.62
2460.0,26320.5
2461.0,26472.25
2462.0,25475.93
2463.0,26422.64
2464.0,25781.26
2465.0,26323.35
2466.0,25718.37
2467.0,26432.66
2468.0,26679.37
2469.0,25426.36
2470.0,26262.64
2471.0,26259.71
2472.0,26226.55
2473.0,25864.12
2474.0,25040.66
2475.0,26324.05
2476.0,26007.54
2477.0,25657.05
2478.0,25658.83
2479.0,25371.62
2480.0,25369.19
2481.0,25309.6
2482.0,26058.74
2483.0,24879.85
2484.0,25793.12
2485.0,24383.45
2486.0,25862.8
2487.0,24916.84
2488.0,26007.56
2489.0,25530.46
2490.0,25585.16
2491.0,25853.83
2492.0,24715.88
2493.0,25376.27
2494.0,23030.08
2495.0,25470.91
2496.0,25732.38
2497.0,25726.27
2498.0,25248.34
2499.0,25357.49
2500.0,25608.12
2501.0,25709.59
2502.0,25204.64
2503.0,25066.94
2504.0,24604.52
2505.0,25497.87
2506.0,24882.93
2507.0,24717.35
2508.0,25424.75
2509.0,25429.86
2510.0,24872.71
2511.0,25457.23
2512.0,25090.46
2513.0,25287.02
2514.0,25261.43
2515.0,24719.29
2516.0,25158.79
2517.0,24908.07
2518.0,24141.61
2519.0,25058.28
2520.0,24397.59
2521.0,24790.78
2522.0,24191.27
2523.0,24323.19
2524.0,24792.97
2525.0,24758.58
2526.0,23691.94
2527.0,23301.21
2528.0,23750.38
2529.0,24770.11
2530.0,23574.11
2531.0,24173.84
2532.0,24533.24
2533.0,24743.38
2534.0,24652.82
2535.0,23747.04
2536.0,24225.75
2537.0,24666.61
2538.0,23916.28
2539.0,23222.55
2540.0,24104.92
2541.0,24376.2
2542.0,23878.75
2543.0,24028.9
2544.0,23471.87
2545.0,24355.93
2546.0,22850.37
2547.0,24195.96
2548.0,23653.56
2549.0,23607.34
2550.0,22988.1
2551.0,23488.78
2552.0,23223.51
2553.0,24173.04
2554.0,24043.38
2555.0,24163.3
2556.0,23604.67
2557.0,24020.54
2558.0,23568.68
2559.0,24002.04
2560.0,23351.3
2561.0,22868.92
2562.0,23959.94
2563.0,23205.8
2564.0,23476.0
2565.0,23690.65
2566.0,23605.87
2567.0,22918.76
2568.0,23709.82
2569.0,23456.67
2570.0,23732.53
2571.0,23750.05
2572.0,23543.5
2573.0,23638.45
2574.0,22893.78
2575.0,22829.74
2576.0,23549.4
2577.0,22521.91
2578.0,23465.17
2579.0,23202.18
2580.0,22991.1
2581.0,22954.86
2582.0,23255.97
2583.0,22716.68
2584.0,22988.62
2585.0,23204.53
2586.0,23209.23
2587.0,23028.5
2588.0,22794.79
2589.0,22673.57
2590.0,23214.36
2591.0,23008.6
2592.0,22937.05
2593.0,23126.8
2594.0,22947.85
2595.0,23028.48
2596.0,22623.14
2597.0,22978.27
2598.0,22968.44
2599.0,21606.99
2600.0,21401.49
2601.0,22609.39
2602.0,22846.03
2603.0,22861.87
2604.0,22798.08
2605.0,22701.81
2606.0,21865.42
2607.0,22501.86
2608.0,21391.68
2609.0,22661.8
2610.0,22172.24
2611.0,22156.4
2612.0,22007.15
2613.0,22402.08
2614.0,22577.32
2615.0,22070.16
2616.0,22547.4
2617.0,22544.2
2618.0,22402.63
2619.0,22021.8
2620.0,22049.93
2621.0,21667.93
2622.0,22445.84
2623.0,22428.5
2624.0,22043.3
2625.0,22365.13
2626.0,22063.85
2627.0,22197.95
2628.0,22286.65
2629.0,20770.87
2630.0,22165.25
2631.0,21497.07
2632.0,19987.75
2633.0,21729.84
2634.0,21631.59
2635.0,22140.67
2636.0,21967.11
2637.0,22100.69
2638.0,22022.07
2639.0,21635.78
2640.0,22023.17
2641.0,22012.5
2642.0,21615.04
2643.0,21784.46
2644.0,21959.32
2645.0,21928.48
2646.0,21416.65
2647.0,21725.24
2648.0,21858.0
2649.0,21812.64
2650.0,21763.22
2651.0,21762.38
2652.0,21567.98
2653.0,21720.66
2654.0,21691.27
2655.0,21709.49
2656.0,21641.33
2657.0,21518.64
2658.0,21567.82
2659.0,21131.95
2660.0,21460.34
2661.0,21472.45
2662.0,21417.92
2663.0,21465.31
2664.0,20819.02
2665.0,21121.87
2666.0,21286.37
2667.0,21189.51
2668.0,20983.38
2669.0,21356.59
2670.0,21151.19
2671.0,20990.19
2672.0,21194.71
2673.0,20972.03
2674.0,21177.05
2675.0,21212.79
2676.0,21167.57
2677.0,21160.54
2678.0,19854.67
2679.0,21124.46
2680.0,20884.73
2681.0,20909.12
2682.0,20890.16
2683.0,20962.71
2684.0,20915.74
2685.0,20908.37
2686.0,20912.3
2687.0,20744.17
2688.0,20587.72
2689.0,20619.78
2690.0,20336.69
2691.0,20763.94
2692.0,20575.69
2693.0,20698.95
2694.0,20540.02
2695.0,20614.28
2696.0,20565.19
2697.0,20209.37
2698.0,20444.56
2699.0,20462.16
2700.0,20388.37
2701.0,20583.75
2702.0,20164.84
2703.0,20525.0
2704.0,20508.06
2705.0,20256.42
2706.0,20515.5
2707.0,20384.83
2708.0,20063.35
2709.0,20418.55
2710.0,19782.0
2711.0,20131.19
2712.0,20318.05
2713.0,19859.02
2714.0,20358.92
2715.0,19854.63
2716.0,20277.73
2717.0,19433.6
2718.0,20221.89
2719.0,20048.53
2720.0,19853.59
2721.0,19999.58
2722.0,20204.64
2723.0,19787.11
2724.0,19483.58
2725.0,20003.05
2726.0,20007.46
2727.0,19909.97
2728.0,19640.39
2729.0,20079.14
2730.0,20089.29
2731.0,20215.49
2732.0,20180.11
2733.0,20093.02
2734.0,20267.63
2735.0,20263.99
2736.0,20267.24
2737.0,20219.08
2738.0,19740.78
2739.0,20069.23
2740.0,19793.44
2741.0,19681.58
2742.0,19683.41
2743.0,19511.51
2744.0,18278.19
2745.0,19624.65
2746.0,19633.01
2747.0,19010.43
2748.0,18685.15
2749.0,19578.3
2750.0,17143.18
2751.0,19382.52
2752.0,19022.42
2753.0,19203.21
2754.0,18603.64
2755.0,19370.8
2756.0,19284.2
2757.0,19132.0
2758.0,19218.9
2759.0,19417.39
2760.0,19182.92
2761.0,19207.56
2762.0,19274.05
2763.0,19031.03
2764.0,19307.32
2765.0,19220.62
2766.0,19188.69
2767.0,19117.9
2768.0,19187.43
2769.0,19167.35
2770.0,18242.25
2771.0,19104.1
2772.0,18854.49
2773.0,19074.13
2774.0,19000.42
2775.0,19045.35
2776.0,18979.79
2777.0,18762.34
2778.0,19021.89
2779.0,18752.9
2780.0,18392.16
2781.0,18685.12
2782.0,18880.53
2783.0,18855.16
2784.0,18806.56
2785.0,18712.01
2786.0,18226.91
2787.0,18833.01
2788.0,18665.69
2789.0,18690.07
2790.0,18679.57
2791.0,18659.63
2792.0,18584.51
2793.0,18388.63
2794.0,18444.04
2795.0,18348.3
2796.0,17481.32
2797.0,18019.6
2798.0,18328.68
2799.0,17517.7
2800.0,18095.96
2801.0,18412.79
2802.0,18356.36
2803.0,18004.85
2804.0,17864.14
2805.0,18216.87
2806.0,18254.09
2807.0,18387.2
2808.0,18311.41
2809.0,18369.35
2810.0,18363.52
2811.0,18252.15
2812.0,18224.91
2813.0,18158.7
2814.0,18226.0
2815.0,18311.52
2816.0,18230.48
2817.0,17935.97
2818.0,18116.21
2819.0,18149.85
2820.0,18163.61
2821.0,18210.87
2822.0,18160.62
2823.0,17922.08
2824.0,17958.76
2825.0,18153.8
2826.0,18051.7
2827.0,17910.69
2828.0,18051.74
2829.0,17985.98
2830.0,17372.8
2831.0,17945.48
2832.0,17955.04
2833.0,17843.21
2834.0,17651.69
2835.0,17820.3
2836.0,17937.3
2837.0,17679.73
2838.0,17784.1
2839.0,17674.77
2840.0,17851.25
2841.0,17421.73
2842.0,17791.1
2843.0,17645.58
2844.0,17076.27
2845.0,17661.59
2846.0,17650.27
2847.0,17725.15
2848.0,17548.85
2849.0,16976.97
2850.0,17612.55
2851.0,17620.64
2852.0,17437.88
2853.0,17185.76
2854.0,17385.21
2855.0,17563.25
2856.0,17489.35
2857.0,17012.06
2858.0,17050.93
2859.0,17248.39
2860.0,17449.41
2861.0,17514.82
2862.0,17154.16
2863.0,17415.25
2864.0,17458.37
2865.0,17284.83
2866.0,16717.89
2867.0,17382.26
2868.0,17152.07
2869.0,17329.09
2870.0,16943.94
2871.0,17196.5
2872.0,16851.62
2873.0,17087.05
2874.0,17126.33
2875.0,17205.11
2876.0,16967.47
2877.0,16699.97
2878.0,17172.5
2879.0,17058.76
2880.0,17003.33
2881.0,17086.79
2882.0,17046.76
2883.0,17059.71
2884.0,17121.1
2885.0,16944.56
2886.0,17036.66
2887.0,16954.72
2888.0,16972.72
2889.0,16722.26
2890.0,16745.37
2891.0,16998.71
2892.0,16728.08
2893.0,16914.37
2894.0,16843.97
2895.0,16777.37
2896.0,16381.28
2897.0,16798.77
2898.0,16570.75
2899.0,16861.13
2900.0,16717.32
2901.0,16720.74
2902.0,16804.76
2903.0,16713.35
2904.0,16729.65
2905.0,16706.92
2906.0,16724.74
2907.0,16549.64
2908.0,16725.18
2909.0,16652.18
2910.0,16668.06
2911.0,16567.43
2912.0,16579.53
2913.0,16588.88
2914.0,16583.79
2915.0,16599.1
2916.0,16565.78
2917.0,16381.63
2918.0,16421.58
2919.0,16516.2
2920.0,16541.08
2921.0,16461.37
2922.0,16388.14
2923.0,16296.99
2924.0,16386.0
2925.0,16311.0
2926.0,16417.06
2927.0,16316.8
2928.0,16232.1
2929.0,16074.24
2930.0,16289.92
2931.0,16345.72
2932.0,16293.22
2933.0,16328.85
2934.0,15866.07
2935.0,16172.23
2936.0,16068.78
2937.0,16123.14
2938.0,16196.42
2939.0,16227.26
2940.0,15837.3
2941.0,16137.06
2942.0,16124.35
2943.0,16131.7
2944.0,16054.28
2945.0,15939.37
2946.0,15341.54
2947.0,16101.28
2948.0,16066.48
2949.0,16027.19
2950.0,15357.64
2951.0,15979.76
2952.0,15855.83
2953.0,15918.8
2954.0,15956.8
2955.0,15765.39
2956.0,15935.96
2957.0,15924.25
2958.0,15898.78
2959.0,15901.43
2960.0,15900.02
2961.0,15858.17
2962.0,15685.05
2963.0,15862.49
2964.0,15825.18
2965.0,15576.22
2966.0,15338.84
2967.0,15715.75
2968.0,15732.65
2969.0,15753.27
2970.0,15726.25
2971.0,15489.74
2972.0,15720.4
2973.0,15627.01
2974.0,15552.43
2975.0,15697.16
2976.0,15689.95
2977.0,15500.22
2978.0,15651.99
2979.0,15630.36
2980.0,15360.68
2981.0,15632.7
2982.0,15521.96
2983.0,15215.41
2984.0,15547.68
2985.0,15502.51
2986.0,15275.52
2987.0,15492.39
2988.0,15463.86
2989.0,15390.26
2990.0,15236.92
2991.0,15441.12
2992.0,15422.18
2993.0,15420.26
2994.0,15399.06
2995.0,15364.39
2996.0,15362.6
2997.0,15358.94
2998.0,15259.65
2999.0,15347.95
