WAVE FLUX
900.0 16418.86
901.0 15959.16
902.0 16639.85
903.0 17203.58
904.0 20154.52
905.0 15933.72
906.0 16591.9
907.0 16788.72
908.0 16996.99
909.0 25972.84
910.0 17191.69
911.0 18688.86
912.0 233628.4
913.0 154338.3
914.0 212080.7
915.0 214874.8
916.0 129559.6
917.0 215978.9
918.0 135495.5
919.0 87420.22
920.0 194990.8
921.0 19615.61
922.0 111315.7
923.0 118769.8
924.0 155220.5
925.0 123405.5
926.0 189655.4
927.0 234705.4
928.0 247807.7
929.0 93187.52
930.0 87698.81
931.0 157886.3
932.0 223220.9
933.0 232983.2
934.0 260231.9
935.0 212577.3
936.0 217425.6
937.0 107756.3
938.0 43210.04
939.0 238814.5
940.0 245459.6
941.0 248814.9
942.0 233591.5
943.0 186495.6
944.0 222916.7
945.0 175880.0
946.0 226496.9
947.0 151511.7
948.0 64378.71
949.0 70667.34
950.0 118432.5
951.0 255956.4
952.0 287465.6
953.0 267420.9
954.0 181490.5
955.0 72184.87
956.0 230281.7
957.0 192911.2
958.0 234280.2
959.0 173178.5
960.0 239851.5
961.0 251594.0
962.0 197600.3
963.0 233505.4
964.0 127115.8
965.0 255245.7
966.0 231905.7
967.0 114789.7
968.0 204820.2
969.0 233214.0
970.0 205679.6
971.0 193692.4
972.0 89423.91
973.0 18614.23
974.0 14538.27
975.0 22952.91
976.0 71604.36
977.0 237183.8
978.0 229825.9
979.0 165672.4
980.0 148845.4
981.0 104716.9
982.0 216735.1
983.0 220317.6
984.0 182751.7
985.0 159049.7
986.0 47353.28
987.0 49290.35
988.0 51155.24
989.0 50759.01
990.0 89593.66
991.0 183418.5
992.0 339962.9
993.0 292144.2
994.0 214723.5
995.0 107662.6
996.0 219088.5
997.0 118499.9
998.0 195586.2
999.0 194042.5
1000.0 241617.2
1001.0 122171.3
1002.0 195385.9
1003.0 166438.3
1004.0 237890.9
1005.0 226157.0
1006.0 109649.9
1007.0 141677.6
1008.0 204550.8
1009.0 151884.6
1010.0 100935.3
1011.0 225296.5
1012.0 191430.5
1013.0 154948.4
1014.0 224020.8
1015.0 202910.3
1016.0 125886.4
1017.0 190850.2
1018.0 147617.3
1019.0 208249.7
1020.0 105522.6
1021.0 167026.9
1022.0 215941.1
1023.0 114314.8
1024.0 201666.8
1025.0 152861.4
1026.0 43838.5
1027.0 129590.0
1028.0 193010.6
1029.0 200263.2
1030.0 100169.3
1031.0 96138.67
1032.0 174173.5
1033.0 170478.1
1034.0 90323.36
1035.0 142945.9
1036.0 109652.5
1037.0 94512.74
1038.0 141899.7
1039.0 186133.1
1040.0 154195.2
1041.0 209528.4
1042.0 221147.8
1043.0 232651.9
1044.0 234486.6
1045.0 218346.1
1046.0 219633.5
1047.0 233026.8
1048.0 233098.2
1049.0 231957.2
1050.0 218487.5
1051.0 184800.9
1052.0 219042.3
1053.0 206455.8
1054.0 224655.9
1055.0 194199.5
1056.0 201892.1
1057.0 219457.0
1058.0 216930.3
1059.0 128603.9
1060.0 119280.4
1061.0 106778.7
1062.0 132988.2
1063.0 158500.8
1064.0 218415.2
1065.0 219362.6
1066.0 116130.4
1067.0 202616.0
1068.0 169764.1
1069.0 77796.94
1070.0 122206.9
1071.0 114619.2
1072.0 127338.5
1073.0 186971.6
1074.0 206903.1
1075.0 214373.4
1076.0 212340.5
1077.0 161149.6
1078.0 109635.7
1079.0 212433.2
1080.0 202877.1
1081.0 206305.7
1082.0 205712.6
1083.0 116903.1
1084.0 176655.5
1085.0 136787.4
1086.0 176565.7
1087.0 193689.5
1088.0 114157.4
1089.0 98268.61
1090.0 124767.0
1091.0 201394.6
1092.0 183918.7
1093.0 163461.7
1094.0 208408.0
1095.0 203495.1
1096.0 160151.7
1097.0 166349.5
1098.0 91269.45
1099.0 203294.0
1100.0 194136.7
1101.0 199272.0
1102.0 207121.6
1103.0 184831.3
1104.0 121114.2
1105.0 197895.2
1106.0 194220.8
1107.0 178773.8
1108.0 133514.6
1109.0 160474.1
1110.0 165401.7
1111.0 171210.5
1112.0 170024.1
1113.0 184563.3
1114.0 173543.5
1115.0 172722.2
1116.0 167943.4
1117.0 144160.1
1118.0 203573.4
1119.0 175151.5
1120.0 179616.6
1121.0 145062.7
1122.0 151431.0
1123.0 203751.7
1124.0 116471.5
1125.0 100495.3
1126.0 132402.1
1127.0 119913.4
1128.0 128021.4
1129.0 121892.5
1130.0 115261.9
1131.0 187799.8
1132.0 193181.6
1133.0 190625.0
1134.0 184015.8
1135.0 162236.0
1136.0 194242.7
1137.0 188605.9
1138.0 187470.3
1139.0 125290.6
1140.0 112811.2
1141.0 176968.4
1142.0 143378.8
1143.0 182250.9
1144.0 126710.7
1145.0 83600.09
1146.0 185594.7
1147.0 177480.5
1148.0 184442.2
1149.0 177006.1
1150.0 169629.1
1151.0 172660.4
1152.0 172632.9
1153.0 169126.7
1154.0 161273.6
1155.0 144116.4
1156.0 161804.4
1157.0 161330.5
1158.0 168801.7
1159.0 144779.2
1160.0 136618.6
1161.0 163571.9
1162.0 107084.8
1163.0 170722.3
1164.0 113539.0
1165.0 170675.0
1166.0 143884.3
1167.0 134557.9
1168.0 168894.1
1169.0 149853.3
1170.0 146390.9
1171.0 104316.9
1172.0 56840.67
1173.0 46752.11
1174.0 52347.71
1175.0 55570.07
1176.0 84789.76
1177.0 167149.3
1178.0 177619.7
1179.0 176793.8
1180.0 173339.0
1181.0 152488.2
1182.0 173528.4
1183.0 82858.88
1184.0 128330.1
1185.0 126813.7
1186.0 171740.2
1187.0 164771.5
1188.0 169014.2
1189.0 167161.5
1190.0 162252.1
1191.0 117744.4
1192.0 147478.5
1193.0 144930.8
1194.0 154334.2
1195.0 167163.4
1196.0 161589.3
1197.0 105500.7
1198.0 149910.6
1199.0 157779.5
1200.0 153986.3
1201.0 86423.44
1202.0 38278.19
1203.0 41847.63
1204.0 103407.9
1205.0 162243.3
1206.0 147085.0
1207.0 163343.9
1208.0 159617.2
1209.0 131681.7
1210.0 127715.0
1211.0 137549.7
1212.0 118648.3
1213.0 108561.2
1214.0 111393.5
1215.0 107805.5
1216.0 122976.9
1217.0 116174.6
1218.0 96759.19
1219.0 147345.3
1220.0 111018.2
1221.0 149779.2
1222.0 148867.9
1223.0 99936.48
1224.0 147838.9
1225.0 134341.0
1226.0 140444.2
1227.0 154242.3
1228.0 123433.9
1229.0 151727.1
1230.0 140211.7
1231.0 149073.8
1232.0 155013.9
1233.0 153456.0
1234.0 153177.5
1235.0 155042.8
1236.0 154802.0
1237.0 154991.1
1238.0 157499.0
1239.0 154420.3
1240.0 156348.5
1241.0 158521.4
1242.0 155751.2
1243.0 158807.5
1244.0 156916.9
1245.0 130625.4
1246.0 85384.97
1247.0 72121.28
1248.0 158795.3
1249.0 152979.3
1250.0 151543.5
1251.0 149508.7
1252.0 142387.8
1253.0 150551.9
1254.0 150275.3
1255.0 146609.7
1256.0 150597.7
1257.0 152260.7
1258.0 153122.1
1259.0 139676.7
1260.0 135601.8
1261.0 149762.1
1262.0 149037.3
1263.0 147616.5
1264.0 138731.1
1265.0 142501.6
1266.0 144892.0
1267.0 147601.6
1268.0 145598.9
1269.0 143655.5
1270.0 149250.6
1271.0 150298.0
1272.0 139672.6
1273.0 139403.1
1274.0 147683.9
1275.0 147794.2
1276.0 148067.4
1277.0 148462.3
1278.0 149270.7
1279.0 147533.8
1280.0 147456.4
1281.0 147947.9
1282.0 144772.9
1283.0 144663.8
1284.0 142520.8
1285.0 144736.0
1286.0 130900.8
1287.0 131544.6
1288.0 142952.1
1289.0 135831.6
1290.0 139000.6
1291.0 133343.0
1292.0 141496.9
1293.0 138800.2
1294.0 112266.9
1295.0 118123.4
1296.0 134312.8
1297.0 126431.4
1298.0 133022.8
1299.0 128322.8
1300.0 133832.3
1301.0 128736.6
1302.0 124566.4
1303.0 76127.23
1304.0 95694.12
1305.0 133714.4
1306.0 136139.2
1307.0 140207.3
1308.0 140296.3
1309.0 135341.7
1310.0 136845.2
1311.0 136246.2
1312.0 128181.0
1313.0 130536.5
1314.0 136149.6
1315.0 132920.2
1316.0 134582.1
1317.0 137418.8
1318.0 136453.9
1319.0 125080.5
1320.0 134138.8
1321.0 131411.6
1322.0 137010.1
1323.0 131282.1
1324.0 115701.4
1325.0 114798.4
1326.0 131044.1
1327.0 132254.6
1328.0 132504.6
1329.0 129918.4
1330.0 112282.4
1331.0 127408.1
1332.0 121199.2
1333.0 125953.2
1334.0 127907.4
1335.0 104459.4
1336.0 56290.08
1337.0 127733.3
1338.0 130969.0
1339.0 121765.3
1340.0 132962.5
1341.0 131190.5
1342.0 118480.2
1343.0 88865.34
1344.0 106035.4
1345.0 125451.4
1346.0 124777.5
1347.0 126241.9
1348.0 125936.5
1349.0 128472.2
1350.0 114084.0
1351.0 128732.0
1352.0 128660.3
1353.0 126278.8
1354.0 123050.1
1355.0 103440.4
1356.0 101272.9
1357.0 108625.4
1358.0 114381.0
1359.0 125299.8
1360.0 120284.0
1361.0 116321.9
1362.0 118545.1
1363.0 115575.2
1364.0 115619.1
1365.0 121260.1
1366.0 121149.1
1367.0 123081.6
1368.0 122012.3
1369.0 116809.9
1370.0 122790.6
1371.0 118622.6
1372.0 97627.7
1373.0 106546.4
1374.0 118660.1
1375.0 69860.18
1376.0 119597.6
1377.0 117913.2
1378.0 112979.2
1379.0 117488.8
1380.0 119536.4
1381.0 119816.4
1382.0 119667.5
1383.0 113183.0
1384.0 103012.1
1385.0 107707.0
1386.0 105362.5
1387.0 97484.73
1388.0 49162.06
1389.0 32246.24
1390.0 34945.02
1391.0 40842.05
1392.0 57084.16
1393.0 83906.23
1394.0 132904.7
1395.0 142944.8
1396.0 103985.2
1397.0 52675.12
1398.0 31327.54
1399.0 34565.51
1400.0 42569.11
1401.0 59219.24
1402.0 87819.03
1403.0 165708.5
1404.0 151060.0
1405.0 131106.5
1406.0 116678.6
1407.0 113327.1
1408.0 109790.2
1409.0 108226.7
1410.0 108483.5
1411.0 109360.7
1412.0 111815.4
1413.0 110580.5
1414.0 106652.8
1415.0 105338.5
1416.0 108473.5
1417.0 56663.09
1418.0 96583.31
1419.0 101130.0
1420.0 92765.07
1421.0 102886.5
1422.0 98334.6
1423.0 95510.88
1424.0 74040.85
1425.0 93460.93
1426.0 100705.7
1427.0 106994.4
1428.0 85740.9
1429.0 73325.55
1430.0 104439.5
1431.0 100638.2
1432.0 93063.08
1433.0 94783.45
1434.0 87308.1
1435.0 100142.6
1436.0 93189.64
1437.0 101430.7
1438.0 97714.32
1439.0 89304.78
1440.0 96966.43
1441.0 105333.7
1442.0 98029.34
1443.0 100439.5
1444.0 104705.4
1445.0 95170.61
1446.0 97510.87
1447.0 101511.1
1448.0 101181.5
1449.0 98673.61
1450.0 104251.7
1451.0 86141.66
1452.0 74196.2
1453.0 94601.27
1454.0 94634.55
1455.0 85008.56
1456.0 97785.98
1457.0 103446.2
1458.0 90396.62
1459.0 91184.26
1460.0 91423.77
1461.0 96976.75
1462.0 98339.5
1463.0 97277.69
1464.0 99787.37
1465.0 89854.22
1466.0 95183.87
1467.0 92691.05
1468.0 89907.23
1469.0 57666.2
1470.0 56376.84
1471.0 92998.38
1472.0 88431.93
1473.0 90030.75
1474.0 93367.99
1475.0 96591.7
1476.0 94682.8
1477.0 97148.31
1478.0 87237.44
1479.0 94047.05
1480.0 95656.2
1481.0 99454.22
1482.0 95593.66
1483.0 95773.23
1484.0 88066.48
1485.0 94065.02
1486.0 97812.71
1487.0 97949.65
1488.0 98205.51
1489.0 96099.55
1490.0 94923.95
1491.0 96086.48
1492.0 95745.71
1493.0 95981.57
1494.0 93663.01
1495.0 95594.23
1496.0 93797.21
1497.0 81998.09
1498.0 77731.7
1499.0 66623.36
1500.0 84651.8
1501.0 89572.22
1502.0 84504.95
1503.0 91016.89
1504.0 83759.95
1505.0 84524.94
1506.0 90130.76
1507.0 95687.72
1508.0 94700.22
1509.0 78895.92
1510.0 90605.69
1511.0 59210.98
1512.0 70245.31
1513.0 79479.85
1514.0 88045.42
1515.0 63798.6
1516.0 78007.77
1517.0 86030.53
1518.0 72091.9
1519.0 71640.39
1520.0 83815.99
1521.0 76165.15
1522.0 82040.43
1523.0 93279.64
1524.0 67667.21
1525.0 62686.29
1526.0 84219.11
1527.0 74435.78
1528.0 72869.54
1529.0 84936.94
1530.0 57484.72
1531.0 45898.04
1532.0 72351.4
1533.0 70197.11
1534.0 78702.3
1535.0 87693.99
1536.0 85135.75
1537.0 77812.36
1538.0 75673.36
1539.0 58293.59
1540.0 83725.64
1541.0 56759.7
1542.0 38654.33
1543.0 40331.97
1544.0 32323.66
1545.0 30764.09
1546.0 30014.22
1547.0 34687.82
1548.0 40642.73
1549.0 46264.96
1550.0 59904.72
1551.0 89039.75
1552.0 105634.5
1553.0 87734.32
1554.0 86540.4
1555.0 88247.56
1556.0 53293.05
1557.0 46566.57
1558.0 71559.88
1559.0 79908.62
1560.0 61984.96
1561.0 55052.6
1562.0 56556.33
1563.0 74491.6
1564.0 69237.89
1565.0 70793.88
1566.0 67764.37
1567.0 74019.67
1568.0 51452.65
1569.0 54076.98
1570.0 71721.94
1571.0 54615.72
1572.0 71795.02
1573.0 82217.5
1574.0 81593.64
1575.0 53940.7
1576.0 76959.0
1577.0 62033.87
1578.0 70556.64
1579.0 78108.51
1580.0 54945.79
1581.0 65585.01
1582.0 77020.74
1583.0 56625.85
1584.0 65051.5
1585.0 60476.17
1586.0 73107.85
1587.0 78217.07
1588.0 77164.34
1589.0 80200.87
1590.0 75700.18
1591.0 75207.02
1592.0 70516.93
1593.0 78868.66
1594.0 64614.65
1595.0 65453.72
1596.0 75094.91
1597.0 75119.62
1598.0 78635.75
1599.0 81208.69
1600.0 72913.6
1601.0 47353.43
1602.0 64774.58
1603.0 54140.96
1604.0 69084.0
1605.0 78551.53
1606.0 69836.46
1607.0 75188.29
1608.0 78429.3
1609.0 73890.41
1610.0 55384.16
1611.0 67012.97
1612.0 72856.44
1613.0 74133.56
1614.0 73394.0
1615.0 79045.74
1616.0 79841.88
1617.0 80193.01
1618.0 77768.67
1619.0 65042.72
1620.0 50701.12
1621.0 53226.68
1622.0 57245.43
1623.0 51372.89
1624.0 59691.24
1625.0 76076.61
1626.0 75364.2
1627.0 74142.37
1628.0 75575.36
1629.0 68983.76
1630.0 66460.53
1631.0 46904.6
1632.0 48079.21
1633.0 68449.06
1634.0 72446.13
1635.0 65121.66
1636.0 64807.67
1637.0 72682.51
1638.0 59246.09
1639.0 74147.06
1640.0 47955.37
1641.0 82487.01
1642.0 82268.33
1643.0 81465.68
1644.0 80654.71
1645.0 68686.69
1646.0 75127.4
1647.0 60353.14
1648.0 72309.9
1649.0 72832.59
1650.0 72827.71
1651.0 76072.03
1652.0 73326.33
1653.0 57725.97
1654.0 61292.13
1655.0 72967.39
1656.0 62817.9
1657.0 52450.32
1658.0 69342.42
1659.0 72619.27
1660.0 71985.07
1661.0 60610.87
1662.0 50331.43
1663.0 72821.36
1664.0 72931.57
1665.0 60195.2
1666.0 69119.38
1667.0 64881.69
1668.0 49646.27
1669.0 68119.76
1670.0 66838.3
1671.0 62838.08
1672.0 54704.27
1673.0 49824.09
1674.0 65114.3
1675.0 70850.94
1676.0 54408.19
1677.0 58379.77
1678.0 73785.83
1679.0 72876.2
1680.0 73942.16
1681.0 70364.49
1682.0 62654.54
1683.0 71113.77
1684.0 71429.35
1685.0 72256.71
1686.0 66597.33
1687.0 67455.72
1688.0 69740.71
1689.0 71537.21
1690.0 57718.95
1691.0 62579.97
1692.0 67237.42
1693.0 68106.81
1694.0 66681.24
1695.0 57684.95
1696.0 58119.49
1697.0 68900.34
1698.0 65784.71
1699.0 58464.39
1700.0 67565.22
1701.0 61310.08
1702.0 62817.24
1703.0 67747.63
1704.0 55654.23
1705.0 62596.36
1706.0 55788.77
1707.0 44409.12
1708.0 54498.41
1709.0 65836.22
1710.0 65178.61
1711.0 62002.01
1712.0 52983.78
1713.0 42357.81
1714.0 59333.05
1715.0 61795.31
1716.0 41784.45
1717.0 48782.25
1718.0 43315.45
1719.0 57316.1
1720.0 63543.27
1721.0 58481.77
1722.0 52722.55
1723.0 50930.84
1724.0 50731.32
1725.0 47346.09
1726.0 55634.25
1727.0 66495.16
1728.0 64110.63
1729.0 64434.32
1730.0 67309.53
1731.0 60258.57
1732.0 65739.38
1733.0 64601.24
1734.0 61444.58
1735.0 61763.63
1736.0 63097.47
1737.0 66849.34
1738.0 55585.73
1739.0 42286.26
1740.0 56266.9
1741.0 49134.1
1742.0 50884.62
1743.0 63115.25
1744.0 46641.92
1745.0 49886.35
1746.0 63905.85
1747.0 58626.43
1748.0 61697.33
1749.0 59877.89
1750.0 61637.6
1751.0 63763.94
1752.0 61271.41
1753.0 38659.01
1754.0 59377.64
1755.0 64369.88
1756.0 63768.27
1757.0 63139.79
1758.0 54134.69
1759.0 48585.25
1760.0 52296.81
1761.0 46121.7
1762.0 61115.72
1763.0 54506.65
1764.0 56809.27
1765.0 62424.52
1766.0 61243.94
1767.0 61713.88
1768.0 59644.33
1769.0 51050.38
1770.0 40476.63
1771.0 58961.16
1772.0 44776.74
1773.0 49872.56
1774.0 59819.73
1775.0 44955.7
1776.0 44564.19
1777.0 59464.36
1778.0 59299.51
1779.0 56375.86
1780.0 59679.91
1781.0 59351.12
1782.0 54084.42
1783.0 45320.03
1784.0 57790.01
1785.0 56260.93
1786.0 59335.94
1787.0 58296.31
1788.0 56878.66
1789.0 52814.29
1790.0 54825.65
1791.0 40780.72
1792.0 40393.96
1793.0 52602.56
1794.0 58444.94
1795.0 58520.31
1796.0 60874.62
1797.0 57704.81
1798.0 52561.43
1799.0 56728.77
1800.0 44582.66
1801.0 58027.62
1802.0 60861.81
1803.0 57320.98
1804.0 57294.78
1805.0 55981.81
1806.0 57780.31
1807.0 56563.7
1808.0 50767.7
1809.0 58223.62
1810.0 59521.68
1811.0 57210.52
1812.0 45906.44
1813.0 45404.34
1814.0 56485.99
1815.0 54830.83
1816.0 35262.52
1817.0 53073.6
1818.0 59375.03
1819.0 52024.08
1820.0 43406.18
1821.0 40879.68
1822.0 43317.18
1823.0 53543.22
1824.0 53998.32
1825.0 48747.92
1826.0 41604.78
1827.0 43435.25
1828.0 51142.62
1829.0 57115.85
1830.0 47292.33
1831.0 47364.78
1832.0 55702.4
1833.0 51907.09
1834.0 53107.8
1835.0 52449.86
1836.0 56200.54
1837.0 53125.88
1838.0 48220.8
1839.0 55726.68
1840.0 42866.72
1841.0 50962.0
1842.0 49133.57
1843.0 43771.15
1844.0 44553.44
1845.0 50689.73
1846.0 53752.11
1847.0 51498.42
1848.0 50949.46
1849.0 37226.61
1850.0 32131.89
1851.0 44785.61
1852.0 51285.02
1853.0 42628.7
1854.0 34650.98
1855.0 43992.83
1856.0 53853.03
1857.0 55172.06
1858.0 42968.2
1859.0 36067.43
1860.0 30377.06
1861.0 52311.91
1862.0 55380.44
1863.0 44954.37
1864.0 44307.56
1865.0 47338.28
1866.0 49998.9
1867.0 46971.16
1868.0 53594.15
1869.0 54731.95
1870.0 51047.91
1871.0 51958.86
1872.0 50327.5
1873.0 47754.74
1874.0 47724.88
1875.0 52325.87
1876.0 51282.23
1877.0 50912.29
1878.0 47964.26
1879.0 53056.24
1880.0 50123.91
1881.0 40036.21
1882.0 35121.93
1883.0 38680.28
1884.0 39203.83
1885.0 32196.12
1886.0 40845.55
1887.0 33167.54
1888.0 39582.81
1889.0 34830.77
1890.0 33038.92
1891.0 34307.31
1892.0 39916.32
1893.0 34113.15
1894.0 33819.29
1895.0 35458.25
1896.0 43983.37
1897.0 50896.34
1898.0 47534.52
1899.0 33315.36
1900.0 48181.7
1901.0 34319.82
1902.0 37058.76
1903.0 39839.92
1904.0 38136.53
1905.0 52319.59
1906.0 50742.39
1907.0 50171.94
1908.0 51094.22
1909.0 47814.81
1910.0 44952.57
1911.0 51564.11
1912.0 52038.72
1913.0 42730.69
1914.0 40832.21
1915.0 40425.89
1916.0 37841.94
1917.0 48679.91
1918.0 41163.91
1919.0 41753.97
1920.0 46576.09
1921.0 48397.17
1922.0 42996.56
1923.0 25911.74
1924.0 34608.8
1925.0 44581.62
1926.0 43843.83
1927.0 48503.64
1928.0 44248.85
1929.0 34928.42
1930.0 32250.43
1931.0 27349.56
1932.0 36088.15
1933.0 47667.58
1934.0 50334.73
1935.0 49174.64
1936.0 34669.06
1937.0 37139.21
1938.0 36374.98
1939.0 25743.03
1940.0 26515.36
1941.0 43939.52
1942.0 47974.81
1943.0 47340.23
1944.0 47286.29
1945.0 49267.11
1946.0 49307.81
1947.0 46588.84
1948.0 43488.58
1949.0 43190.33
1950.0 39892.46
1951.0 24651.36
1952.0 38566.46
1953.0 33021.08
1954.0 27605.74
1955.0 31758.01
1956.0 31216.09
1957.0 29643.82
1958.0 38772.52
1959.0 44950.47
1960.0 45674.51
1961.0 41057.93
1962.0 45753.98
1963.0 44145.5
1964.0 41983.79
1965.0 46761.38
1966.0 46111.41
1967.0 47930.91
1968.0 45866.26
1969.0 45803.99
1970.0 44551.27
1971.0 46569.35
1972.0 44032.97
1973.0 46278.88
1974.0 46039.35
1975.0 45048.92
1976.0 41767.58
1977.0 44382.28
1978.0 46651.34
1979.0 39746.75
1980.0 41907.51
1981.0 45951.21
1982.0 41731.94
1983.0 44691.49
1984.0 38125.88
1985.0 39516.42
1986.0 43237.76
1987.0 33847.44
1988.0 43026.1
1989.0 43796.34
1990.0 39576.55
1991.0 39264.32
1992.0 24980.08
1993.0 28034.11
1994.0 34686.02
1995.0 42667.76
1996.0 42634.43
1997.0 45052.73
1998.0 43888.48
1999.0 33137.66
2000.0 27818.53
2001.0 29652.02
2002.0 26745.45
2003.0 30406.64
2004.0 37712.51
2005.0 37493.7
2006.0 30580.22
2007.0 40653.73
2008.0 44060.47
2009.0 43775.82
2010.0 43819.28
2011.0 38704.21
2012.0 31620.97
2013.0 28749.1
2014.0 34500.44
2015.0 42614.43
2016.0 41424.73
2017.0 43446.03
2018.0 42506.35
2019.0 43131.96
2020.0 44248.62
2021.0 43447.74
2022.0 43299.4
2023.0 43024.99
2024.0 41432.44
2025.0 42717.52
2026.0 34837.59
2027.0 41459.72
2028.0 42365.44
2029.0 41806.7
2030.0 42438.94
2031.0 42879.88
2032.0 42551.98
2033.0 37359.9
2034.0 31787.74
2035.0 28659.63
2036.0 38126.38
2037.0 38743.49
2038.0 34892.65
2039.0 37254.36
2040.0 26729.87
2041.0 25499.86
2042.0 33275.05
2043.0 41078.8
2044.0 38204.69
2045.0 34914.12
2046.0 32878.77
2047.0 32332.05
2048.0 35498.31
2049.0 41054.24
2050.0 39352.75
2051.0 41490.56
2052.0 41268.28
2053.0 38658.68
2054.0 40710.37
2055.0 40202.23
2056.0 35247.88
2057.0 28320.3
2058.0 38358.25
2059.0 41455.9
2060.0 42717.48
2061.0 40131.06
2062.0 28502.86
2063.0 36866.46
2064.0 41034.07
2065.0 41376.13
2066.0 38117.93
2067.0 39684.51
2068.0 38784.28
2069.0 38825.94
2070.0 41526.82
2071.0 27620.31
2072.0 33890.51
2073.0 40548.25
2074.0 40027.24
2075.0 39747.77
2076.0 41090.0
2077.0 35673.99
2078.0 31832.55
2079.0 39111.04
2080.0 39992.63
2081.0 40703.77
2082.0 40365.97
2083.0 37372.24
2084.0 31415.36
2085.0 24481.11
2086.0 30579.62
2087.0 37821.38
2088.0 39606.21
2089.0 40738.72
2090.0 33503.68
2091.0 22868.84
2092.0 27167.69
2093.0 35303.48
2094.0 36802.88
2095.0 36202.7
2096.0 37825.86
2097.0 38608.75
2098.0 37536.62
2099.0 37890.06
2100.0 26731.87
2101.0 35650.04
2102.0 39922.78
2103.0 39327.06
2104.0 35193.99
2105.0 39078.23
2106.0 39269.81
2107.0 33549.3
2108.0 21394.16
2109.0 26780.58
2110.0 33085.8
2111.0 38306.78
2112.0 39383.81
2113.0 38537.82
2114.0 32457.64
2115.0 30607.69
2116.0 39153.13
2117.0 30663.78
2118.0 32670.27
2119.0 36920.09
2120.0 39040.31
2121.0 37316.83
2122.0 38116.84
2123.0 37970.23
2124.0 36403.21
2125.0 37508.2
2126.0 37801.09
2127.0 38413.99
2128.0 38249.94
2129.0 38388.87
2130.0 37725.56
2131.0 37735.83
2132.0 37774.25
2133.0 38012.62
2134.0 37847.49
2135.0 37425.05
2136.0 37007.03
2137.0 36409.26
2138.0 36033.52
2139.0 37925.09
2140.0 37320.49
2141.0 37482.8
2142.0 36957.16
2143.0 37220.97
2144.0 37031.9
2145.0 34914.82
2146.0 37616.32
2147.0 35633.76
2148.0 36558.69
2149.0 36851.71
2150.0 37400.55
2151.0 37321.34
2152.0 37304.58
2153.0 36622.51
2154.0 36885.4
2155.0 36952.12
2156.0 37062.22
2157.0 36615.84
2158.0 36241.84
2159.0 35929.75
2160.0 36741.45
2161.0 36845.94
2162.0 34425.3
2163.0 36234.47
2164.0 36568.33
2165.0 35840.95
2166.0 35955.84
2167.0 35474.46
2168.0 36042.6
2169.0 35952.69
2170.0 36235.85
2171.0 36269.04
2172.0 36038.91
2173.0 36354.91
2174.0 36099.64
2175.0 35667.38
2176.0 35218.02
2177.0 35868.83
2178.0 34954.56
2179.0 36069.01
2180.0 34338.63
2181.0 34514.5
2182.0 35135.31
2183.0 35568.38
2184.0 35504.15
2185.0 35475.0
2186.0 34327.01
2187.0 35414.94
2188.0 35046.98
2189.0 35447.87
2190.0 34990.32
2191.0 35340.01
2192.0 34302.3
2193.0 34109.78
2194.0 34764.21
2195.0 35076.11
2196.0 35072.79
2197.0 35056.09
2198.0 34875.05
2199.0 34875.23
2200.0 34870.31
2201.0 34386.28
2202.0 33365.84
2203.0 34335.44
2204.0 33861.36
2205.0 34730.59
2206.0 34690.57
2207.0 34336.29
2208.0 34442.07
2209.0 33947.65
2210.0 34351.57
2211.0 33253.88
2212.0 33736.55
2213.0 33848.44
2214.0 33921.88
2215.0 33939.63
2216.0 33471.54
2217.0 33356.63
2218.0 33922.58
2219.0 33139.07
2220.0 33917.75
2221.0 32581.63
2222.0 33433.09
2223.0 33516.13
2224.0 33673.99
2225.0 32994.46
2226.0 33665.28
2227.0 32523.31
2228.0 32508.43
2229.0 33424.77
2230.0 33030.98
2231.0 33509.76
2232.0 33399.45
2233.0 33015.4
2234.0 33418.51
2235.0 33438.87
2236.0 33462.49
2237.0 33359.36
2238.0 33263.07
2239.0 32240.83
2240.0 33144.05
2241.0 33050.2
2242.0 32500.78
2243.0 32883.03
2244.0 32367.45
2245.0 31286.79
2246.0 32626.7
2247.0 32914.49
2248.0 32526.04
2249.0 32605.67
2250.0 31992.34
2251.0 32331.9
2252.0 32177.87
2253.0 31914.22
2254.0 32248.98
2255.0 32467.66
2256.0 32285.34
2257.0 32092.37
2258.0 31729.77
2259.0 32327.05
2260.0 32011.21
2261.0 31712.39
2262.0 31949.54
2263.0 32100.18
2264.0 31650.98
2265.0 31410.84
2266.0 31915.89
2267.0 31651.39
2268.0 31707.27
2269.0 31540.5
2270.0 31829.43
2271.0 30586.69
2272.0 31771.41
2273.0 31591.65
2274.0 30991.35
2275.0 31672.31
2276.0 31208.04
2277.0 30780.84
2278.0 30464.59
2279.0 30709.76
2280.0 31372.71
2281.0 31259.2
2282.0 31394.49
2283.0 31092.61
2284.0 30992.76
2285.0 30886.42
2286.0 31192.35
2287.0 30795.7
2288.0 30728.29
2289.0 31040.64
2290.0 30417.64
2291.0 30998.01
2292.0 30774.85
2293.0 30672.11
2294.0 30209.06
2295.0 30616.55
2296.0 30621.33
2297.0 30166.94
2298.0 29391.99
2299.0 29231.79
2300.0 30590.42
2301.0 29965.55
2302.0 30417.39
2303.0 30384.82
2304.0 29737.55
2305.0 30368.41
2306.0 30081.6
2307.0 30262.91
2308.0 29779.4
2309.0 29975.33
2310.0 30348.28
2311.0 30187.74
2312.0 29341.92
2313.0 29392.33
2314.0 29710.58
2315.0 30051.19
2316.0 29927.72
2317.0 29930.75
2318.0 29174.13
2319.0 29260.32
2320.0 28512.55
2321.0 29604.43
2322.0 29734.24
2323.0 28473.88
2324.0 29433.4
2325.0 28944.33
2326.0 28763.31
2327.0 28690.15
2328.0 28741.97
2329.0 29478.62
2330.0 29029.64
2331.0 29111.33
2332.0 27095.99
2333.0 28981.96
2334.0 29236.92
2335.0 28215.96
2336.0 29140.1
2337.0 28953.01
2338.0 28860.41
2339.0 28869.08
2340.0 28776.31
2341.0 28376.52
2342.0 28329.6
2343.0 28474.79
2344.0 28064.28
2345.0 27433.13
2346.0 27014.34
2347.0 28297.52
2348.0 28593.42
2349.0 26675.21
2350.0 28438.07
2351.0 28152.7
2352.0 27924.64
2353.0 27983.94
2354.0 28382.09
2355.0 28169.91
2356.0 27019.88
2357.0 27735.2
2358.0 28152.15
2359.0 28370.87
2360.0 27743.77
2361.0 26594.72
2362.0 28159.51
2363.0 27982.17
2364.0 27943.02
2365.0 28030.15
2366.0 27358.35
2367.0 27787.45
2368.0 27761.49
2369.0 27970.65
2370.0 27382.41
2371.0 27721.15
2372.0 27700.63
2373.0 27757.6
2374.0 27760.28
2375.0 26960.01
2376.0 26308.68
2377.0 27292.63
2378.0 27633.66
2379.0 27526.21
2380.0 26103.73
2381.0 27263.32
2382.0 27488.88
2383.0 26482.21
2384.0 26140.25
2385.0 26634.84
2386.0 27528.95
2387.0 27147.34
2388.0 26854.25
2389.0 26529.19
2390.0 27137.8
2391.0 27003.59
2392.0 27012.95
2393.0 27010.55
2394.0 27144.35
2395.0 26940.39
2396.0 26593.43
2397.0 26968.13
2398.0 26943.5
2399.0 26871.7
2400.0 25150.86
2401.0 25835.2
2402.0 26381.15
2403.0 25808.17
2404.0 26841.9
2405.0 26119.55
2406.0 26523.77
2407.0 26312.73
2408.0 26429.16
2409.0 26581.53
2410.0 26160.67
2411.0 25631.19
2412.0 26216.12
2413.0 26393.12
2414.0 25354.54
2415.0 26299.95
2416.0 26042.74
2417.0 25648.47
2418.0 26499.7
2419.0 25928.78
2420.0 26381.26
2421.0 26218.33
2422.0 26231.97
2423.0 26350.52
2424.0 25616.28
2425.0 25065.28
2426.0 25835.62
2427.0 26040.24
2428.0 25236.51
2429.0 24885.02
2430.0 25220.29
2431.0 25341.46
2432.0 25551.36
2433.0 24904.15
2434.0 25698.86
2435.0 25105.13
2436.0 25634.4
2437.0 25342.65
2438.0 24716.35
2439.0 24996.1
2440.0 24733.26
2441.0 25115.69
2442.0 25416.34
2443.0 25462.63
2444.0 25564.28
2445.0 25126.19
2446.0 25191.26
2447.0 24853.69
2448.0 24211.77
2449.0 25200.07
2450.0 25081.19
2451.0 24459.58
2452.0 24642.64
2453.0 25129.31
2454.0 25061.54
2455.0 25074.45
2456.0 25236.65
2457.0 25250.97
2458.0 25047.32
2459.0 25157.79
2460.0 24765.29
2461.0 24752.73
2462.0 24034.9
2463.0 24740.13
2464.0 24291.93
2465.0 24737.37
2466.0 24271.22
2467.0 24589.85
2468.0 24876.04
2469.0 24177.83
2470.0 24458.93
2471.0 24594.08
2472.0 24514.63
2473.0 24290.52
2474.0 23767.53
2475.0 24476.12
2476.0 24293.7
2477.0 24179.96
2478.0 24210.27
2479.0 24006.95
2480.0 23953.93
2481.0 23842.56
2482.0 24386.06
2483.0 23525.29
2484.0 23982.76
2485.0 23265.45
2486.0 24258.47
2487.0 23548.68
2488.0 24152.37
2489.0 23866.32
2490.0 24008.06
2491.0 24122.04
2492.0 23356.97
2493.0 23822.68
2494.0 22024.38
2495.0 23893.08
2496.0 23978.38
2497.0 23687.35
2498.0 23616.2
2499.0 23668.7
2500.0 23855.91
