WAVE FLUX
900.0 7133.319
901.0 7122.755
902.0 7142.424
903.0 7182.265
904.0 7286.322
905.0 7143.213
906.0 7135.496
907.0 7188.29
908.0 7149.989
909.0 8839.78
910.0 7131.094
911.0 7458.994
912.0 121313.2
913.0 101621.0
914.0 118730.7
915.0 119185.3
916.0 58237.42
917.0 114181.3
918.0 105088.7
919.0 54917.54
920.0 116573.4
921.0 6709.203
922.0 52946.1
923.0 43729.89
924.0 90272.01
925.0 97392.77
926.0 99768.21
927.0 119129.5
928.0 120836.9
929.0 43909.13
930.0 35070.83
931.0 71720.52
932.0 112982.1
933.0 120332.3
934.0 125808.0
935.0 119422.7
936.0 116372.9
937.0 83677.72
938.0 15264.03
939.0 118158.7
940.0 121961.6
941.0 126063.9
942.0 127766.9
943.0 124002.1
944.0 126620.3
945.0 122069.2
946.0 124018.8
947.0 117691.8
948.0 81389.56
949.0 31535.16
950.0 13581.35
951.0 110019.5
952.0 119521.5
953.0 124195.4
954.0 120688.1
955.0 84714.35
956.0 132802.7
957.0 129919.3
958.0 131641.3
959.0 99962.42
960.0 135842.7
961.0 139477.3
962.0 132406.4
963.0 135557.7
964.0 114632.2
965.0 136318.1
966.0 132318.3
967.0 100639.1
968.0 123307.5
969.0 120287.2
970.0 113693.8
971.0 106132.9
972.0 86766.58
973.0 57736.62
974.0 27089.39
975.0 37863.04
976.0 65673.93
977.0 133605.3
978.0 144757.8
979.0 133111.2
980.0 123976.7
981.0 79911.77
982.0 134034.3
983.0 134088.4
984.0 127369.8
985.0 124756.6
986.0 95297.1
987.0 116646.7
988.0 105335.3
989.0 83380.48
990.0 86938.77
991.0 90095.32
992.0 158791.6
993.0 137028.5
994.0 131446.0
995.0 67756.03
996.0 130876.2
997.0 67639.44
998.0 113720.2
999.0 132574.4
1000.0 136921.1
1001.0 109385.4
1002.0 132335.3
1003.0 129204.4
1004.0 136245.0
1005.0 132816.4
1006.0 100800.8
1007.0 119838.2
1008.0 130852.3
1009.0 120001.1
1010.0 55961.07
1011.0 127658.2
1012.0 113148.6
1013.0 118014.8
1014.0 126660.9
1015.0 125107.3
1016.0 77607.03
1017.0 118868.0
1018.0 91528.69
1019.0 116658.2
1020.0 77990.08
1021.0 98731.41
1022.0 105763.7
1023.0 79321.19
1024.0 98958.92
1025.0 79603.7
1026.0 13498.4
1027.0 87617.21
1028.0 99648.74
1029.0 101080.9
1030.0 85691.05
1031.0 47397.44
1032.0 106871.3
1033.0 108882.9
1034.0 83234.84
1035.0 105932.8
1036.0 96181.38
1037.0 45338.51
1038.0 107914.9
1039.0 119422.3
1040.0 116783.7
1041.0 123761.8
1042.0 127097.9
1043.0 128967.9
1044.0 128910.5
1045.0 127606.4
1046.0 128282.3
1047.0 129246.9
1048.0 128910.5
1049.0 128160.1
1050.0 127069.5
1051.0 123482.5
1052.0 126638.8
1053.0 125438.6
1054.0 125754.7
1055.0 119003.2
1056.0 121918.3
1057.0 123955.1
1058.0 125692.9
1059.0 118887.4
1060.0 114488.6
1061.0 90677.08
1062.0 84864.79
1063.0 70295.96
1064.0 119323.6
1065.0 119767.7
1066.0 96526.11
1067.0 117173.1
1068.0 115906.0
1069.0 60565.57
1070.0 118592.3
1071.0 108040.2
1072.0 110327.5
1073.0 108497.4
1074.0 109673.5
1075.0 117220.2
1076.0 120489.4
1077.0 120331.3
1078.0 82347.05
1079.0 121312.1
1080.0 121231.2
1081.0 121586.2
1082.0 119047.3
1083.0 98544.88
1084.0 107737.4
1085.0 99419.53
1086.0 110146.7
1087.0 115190.9
1088.0 101441.6
1089.0 85015.68
1090.0 95078.52
1091.0 118053.5
1092.0 116064.1
1093.0 112810.4
1094.0 118180.1
1095.0 116321.4
1096.0 110930.8
1097.0 96202.49
1098.0 74846.69
1099.0 115932.3
1100.0 115869.9
1101.0 116182.3
1102.0 116735.2
1103.0 115315.4
1104.0 96732.84
1105.0 115892.3
1106.0 114542.1
1107.0 111812.9
1108.0 90401.9
1109.0 100818.0
1110.0 107312.6
1111.0 107890.0
1112.0 107214.3
1113.0 107773.9
1114.0 108998.7
1115.0 111560.1
1116.0 112278.4
1117.0 106456.1
1118.0 111269.4
1119.0 108281.0
1120.0 111818.5
1121.0 109107.6
1122.0 107639.2
1123.0 107346.5
1124.0 73096.82
1125.0 54901.05
1126.0 104138.5
1127.0 104150.4
1128.0 71426.85
1129.0 53612.32
1130.0 75273.84
1131.0 105443.5
1132.0 107614.6
1133.0 108764.8
1134.0 109269.5
1135.0 106647.2
1136.0 110461.6
1137.0 109597.9
1138.0 107993.9
1139.0 83213.57
1140.0 92646.36
1141.0 103073.8
1142.0 84614.13
1143.0 102867.0
1144.0 91685.43
1145.0 66549.19
1146.0 104944.5
1147.0 104931.7
1148.0 105712.1
1149.0 105161.4
1150.0 104604.3
1151.0 103708.5
1152.0 103713.7
1153.0 100668.1
1154.0 98996.3
1155.0 97702.27
1156.0 100460.4
1157.0 100525.8
1158.0 101144.6
1159.0 99644.54
1160.0 99660.86
1161.0 100748.1
1162.0 90346.79
1163.0 102636.3
1164.0 93260.69
1165.0 101727.4
1166.0 98931.88
1167.0 98063.14
1168.0 101445.3
1169.0 95831.0
1170.0 100022.4
1171.0 97977.9
1172.0 96921.18
1173.0 86125.46
1174.0 70068.46
1175.0 50324.97
1176.0 59472.88
1177.0 89652.36
1178.0 97263.76
1179.0 100073.3
1180.0 100366.5
1181.0 98062.24
1182.0 99898.12
1183.0 67799.36
1184.0 82893.67
1185.0 80650.03
1186.0 98537.2
1187.0 97603.7
1188.0 96650.22
1189.0 95314.95
1190.0 93956.82
1191.0 85932.49
1192.0 91514.74
1193.0 90547.39
1194.0 90420.11
1195.0 91684.28
1196.0 91173.41
1197.0 78753.2
1198.0 89053.79
1199.0 89823.65
1200.0 89376.76
1201.0 59563.26
1202.0 58293.74
1203.0 71710.63
1204.0 85359.22
1205.0 82057.68
1206.0 75739.81
1207.0 75802.98
1208.0 74175.95
1209.0 70599.91
1210.0 73527.13
1211.0 73635.16
1212.0 70367.66
1213.0 67104.99
1214.0 65505.31
1215.0 31740.5
1216.0 35399.11
1217.0 64013.04
1218.0 58187.49
1219.0 70158.73
1220.0 68295.17
1221.0 74635.9
1222.0 76417.64
1223.0 69332.63
1224.0 79246.2
1225.0 79181.9
1226.0 80632.25
1227.0 81346.62
1228.0 79184.68
1229.0 82035.44
1230.0 82668.56
1231.0 84253.1
1232.0 85331.13
1233.0 85547.81
1234.0 85914.76
1235.0 86418.69
1236.0 86753.06
1237.0 86770.61
1238.0 87227.49
1239.0 87870.73
1240.0 88793.08
1241.0 89527.64
1242.0 89897.17
1243.0 90507.45
1244.0 90834.27
1245.0 89853.71
1246.0 85602.36
1247.0 70314.58
1248.0 85014.12
1249.0 86328.21
1250.0 85979.33
1251.0 84363.41
1252.0 86462.33
1253.0 86836.14
1254.0 87224.27
1255.0 87619.8
1256.0 88002.49
1257.0 87902.06
1258.0 87079.73
1259.0 84417.82
1260.0 82425.51
1261.0 83488.91
1262.0 84410.52
1263.0 84883.21
1264.0 82553.3
1265.0 81997.23
1266.0 83167.98
1267.0 85095.36
1268.0 85649.53
1269.0 85551.64
1270.0 85978.01
1271.0 86067.73
1272.0 85066.89
1273.0 84911.41
1274.0 85113.82
1275.0 84741.88
1276.0 84256.29
1277.0 83812.26
1278.0 83758.49
1279.0 83896.12
1280.0 83990.53
1281.0 84350.53
1282.0 84640.81
1283.0 84439.6
1284.0 84078.12
1285.0 83960.01
1286.0 82914.67
1287.0 82863.68
1288.0 83606.05
1289.0 83092.62
1290.0 82942.12
1291.0 81975.01
1292.0 82173.56
1293.0 81402.24
1294.0 77608.42
1295.0 77352.22
1296.0 78531.94
1297.0 77275.05
1298.0 78260.97
1299.0 78115.7
1300.0 78956.18
1301.0 78399.05
1302.0 77583.15
1303.0 53497.37
1304.0 61785.95
1305.0 78646.77
1306.0 79423.93
1307.0 80287.36
1308.0 80422.04
1309.0 79294.98
1310.0 79119.96
1311.0 79335.43
1312.0 79252.67
1313.0 79762.25
1314.0 80340.6
1315.0 79981.6
1316.0 79650.3
1317.0 79559.64
1318.0 79711.36
1319.0 79571.39
1320.0 79694.04
1321.0 79452.84
1322.0 79069.15
1323.0 77455.81
1324.0 75319.67
1325.0 76441.12
1326.0 77860.19
1327.0 77709.47
1328.0 77112.6
1329.0 76516.83
1330.0 75970.5
1331.0 77371.35
1332.0 76627.16
1333.0 75647.94
1334.0 72495.3
1335.0 64311.58
1336.0 32183.6
1337.0 74101.64
1338.0 76202.96
1339.0 76466.23
1340.0 77043.85
1341.0 76368.41
1342.0 74526.62
1343.0 69168.38
1344.0 72226.72
1345.0 74756.59
1346.0 74764.91
1347.0 75122.47
1348.0 75250.24
1349.0 75234.36
1350.0 74141.94
1351.0 74814.51
1352.0 74723.46
1353.0 74398.63
1354.0 74201.38
1355.0 72160.63
1356.0 72261.19
1357.0 72855.87
1358.0 73260.1
1359.0 73767.13
1360.0 72990.86
1361.0 72216.61
1362.0 72065.36
1363.0 71476.6
1364.0 71161.44
1365.0 71802.04
1366.0 71885.07
1367.0 72173.85
1368.0 72055.55
1369.0 71792.58
1370.0 71792.4
1371.0 71644.55
1372.0 69791.79
1373.0 70315.11
1374.0 71059.2
1375.0 65173.41
1376.0 71322.57
1377.0 71130.06
1378.0 70542.09
1379.0 70328.73
1380.0 70308.9
1381.0 70244.94
1382.0 70201.54
1383.0 69412.78
1384.0 68453.91
1385.0 69142.24
1386.0 69327.04
1387.0 69430.82
1388.0 68024.28
1389.0 49733.86
1390.0 42723.71
1391.0 45457.78
1392.0 56820.76
1393.0 68386.58
1394.0 79423.39
1395.0 77723.65
1396.0 72996.47
1397.0 69143.03
1398.0 56748.13
1399.0 49018.49
1400.0 51153.99
1401.0 60238.3
1402.0 69582.86
1403.0 80609.99
1404.0 75389.19
1405.0 72215.59
1406.0 69521.49
1407.0 68637.96
1408.0 67888.93
1409.0 66892.29
1410.0 67163.05
1411.0 67008.55
1412.0 67090.2
1413.0 66934.22
1414.0 66549.11
1415.0 66242.1
1416.0 66132.21
1417.0 40871.74
1418.0 60768.72
1419.0 65596.01
1420.0 64509.49
1421.0 64753.62
1422.0 64508.95
1423.0 64420.08
1424.0 56413.75
1425.0 61234.17
1426.0 65021.13
1427.0 65443.83
1428.0 63080.88
1429.0 61210.74
1430.0 64387.81
1431.0 63741.84
1432.0 62991.4
1433.0 63138.32
1434.0 62903.21
1435.0 64083.91
1436.0 63868.41
1437.0 64543.56
1438.0 64147.0
1439.0 63159.33
1440.0 63501.85
1441.0 63796.08
1442.0 63315.62
1443.0 63497.34
1444.0 63989.92
1445.0 63124.02
1446.0 63414.76
1447.0 63201.47
1448.0 63240.27
1449.0 63033.31
1450.0 63570.54
1451.0 61679.7
1452.0 60007.32
1453.0 62065.07
1454.0 62106.87
1455.0 60644.64
1456.0 61908.28
1457.0 62375.51
1458.0 61591.07
1459.0 61702.69
1460.0 61454.69
1461.0 61819.44
1462.0 61785.43
1463.0 61336.91
1464.0 61242.49
1465.0 60227.67
1466.0 60513.87
1467.0 60263.98
1468.0 59903.17
1469.0 53357.55
1470.0 50895.2
1471.0 59982.52
1472.0 59674.8
1473.0 59742.04
1474.0 59917.34
1475.0 60013.15
1476.0 59732.54
1477.0 59695.8
1478.0 58881.81
1479.0 59539.74
1480.0 59624.14
1481.0 59743.43
1482.0 59285.79
1483.0 58947.85
1484.0 58078.95
1485.0 58464.42
1486.0 58867.14
1487.0 59177.51
1488.0 59456.38
1489.0 59295.41
1490.0 59026.78
1491.0 58735.74
1492.0 58319.12
1493.0 58041.29
1494.0 57875.79
1495.0 58078.96
1496.0 58059.18
1497.0 56895.35
1498.0 56398.92
1499.0 54726.92
1500.0 56441.28
1501.0 56387.07
1502.0 55129.84
1503.0 56610.22
1504.0 54893.11
1505.0 57007.36
1506.0 57011.8
1507.0 57178.61
1508.0 57272.09
1509.0 54338.96
1510.0 56905.85
1511.0 50830.1
1512.0 52895.52
1513.0 55649.57
1514.0 56303.98
1515.0 53561.63
1516.0 53972.28
1517.0 54419.22
1518.0 54514.97
1519.0 52792.92
1520.0 55521.55
1521.0 55065.78
1522.0 56022.9
1523.0 56614.28
1524.0 51979.51
1525.0 48805.15
1526.0 53546.21
1527.0 53161.07
1528.0 53452.78
1529.0 54903.3
1530.0 48624.1
1531.0 43005.59
1532.0 50568.66
1533.0 52161.78
1534.0 53575.06
1535.0 54835.75
1536.0 51945.06
1537.0 52670.03
1538.0 53217.94
1539.0 49960.77
1540.0 53794.41
1541.0 49371.6
1542.0 45690.5
1543.0 48131.49
1544.0 44497.37
1545.0 41777.22
1546.0 39715.07
1547.0 38666.82
1548.0 43008.54
1549.0 47615.49
1550.0 45419.88
1551.0 53393.49
1552.0 56083.88
1553.0 53265.38
1554.0 54063.61
1555.0 54022.15
1556.0 42422.45
1557.0 40272.84
1558.0 50732.37
1559.0 49768.17
1560.0 49681.09
1561.0 47295.39
1562.0 48066.11
1563.0 50948.31
1564.0 49204.61
1565.0 50787.24
1566.0 50339.02
1567.0 50469.42
1568.0 40709.67
1569.0 45756.96
1570.0 50991.16
1571.0 44323.69
1572.0 49299.35
1573.0 49924.38
1574.0 48710.42
1575.0 42468.91
1576.0 50673.73
1577.0 46239.12
1578.0 47956.6
1579.0 51147.61
1580.0 46918.6
1581.0 48390.4
1582.0 50174.5
1583.0 46962.14
1584.0 48639.81
1585.0 44916.87
1586.0 47909.2
1587.0 49529.65
1588.0 50214.13
1589.0 50497.57
1590.0 48736.04
1591.0 49851.39
1592.0 48579.1
1593.0 50170.53
1594.0 48626.8
1595.0 48295.57
1596.0 48781.84
1597.0 48667.96
1598.0 49170.03
1599.0 49928.27
1600.0 47629.98
1601.0 34908.16
1602.0 41970.17
1603.0 42421.5
1604.0 48096.13
1605.0 49389.24
1606.0 46175.47
1607.0 48441.98
1608.0 48902.85
1609.0 47912.48
1610.0 43832.45
1611.0 45300.2
1612.0 45280.67
1613.0 47788.46
1614.0 47252.29
1615.0 48607.45
1616.0 48886.56
1617.0 48351.49
1618.0 48247.81
1619.0 46126.73
1620.0 43323.03
1621.0 44636.79
1622.0 45794.11
1623.0 42533.72
1624.0 43953.3
1625.0 47745.93
1626.0 46616.22
1627.0 47125.45
1628.0 47601.99
1629.0 45950.56
1630.0 45644.25
1631.0 35941.65
1632.0 32588.09
1633.0 46283.66
1634.0 45095.46
1635.0 46160.69
1636.0 46215.66
1637.0 46915.75
1638.0 45280.6
1639.0 47262.59
1640.0 39109.26
1641.0 47770.44
1642.0 47980.47
1643.0 48012.74
1644.0 47791.81
1645.0 45260.52
1646.0 46890.79
1647.0 44567.95
1648.0 46394.9
1649.0 46370.56
1650.0 46103.08
1651.0 46446.96
1652.0 45719.25
1653.0 42078.05
1654.0 42842.54
1655.0 44572.68
1656.0 44211.01
1657.0 35774.66
1658.0 41887.86
1659.0 45163.15
1660.0 45447.01
1661.0 43561.08
1662.0 40922.97
1663.0 44849.61
1664.0 44782.55
1665.0 43722.38
1666.0 43340.95
1667.0 44533.13
1668.0 40340.19
1669.0 43833.79
1670.0 44442.64
1671.0 39347.94
1672.0 42396.7
1673.0 40906.2
1674.0 42883.55
1675.0 44595.55
1676.0 41591.56
1677.0 41935.01
1678.0 44284.75
1679.0 44299.81
1680.0 44396.59
1681.0 43416.86
1682.0 42970.11
1683.0 43679.78
1684.0 43072.53
1685.0 44030.22
1686.0 41738.41
1687.0 43514.74
1688.0 41962.85
1689.0 43610.87
1690.0 41909.98
1691.0 41845.58
1692.0 43273.84
1693.0 43160.94
1694.0 41506.32
1695.0 39520.05
1696.0 41453.24
1697.0 42782.19
1698.0 41860.12
1699.0 41328.35
1700.0 42279.79
1701.0 41925.97
1702.0 37634.85
1703.0 42395.8
1704.0 41517.54
1705.0 40405.19
1706.0 40604.63
1707.0 35100.45
1708.0 37966.1
1709.0 41915.32
1710.0 40232.69
1711.0 40722.27
1712.0 38504.99
1713.0 33190.88
1714.0 41111.55
1715.0 39757.55
1716.0 36497.52
1717.0 38643.16
1718.0 34764.43
1719.0 38284.91
1720.0 38900.83
1721.0 37633.55
1722.0 38995.78
1723.0 38561.96
1724.0 38558.61
1725.0 32691.93
1726.0 38769.42
1727.0 40697.56
1728.0 40981.78
1729.0 40034.63
1730.0 41147.21
1731.0 38598.57
1732.0 40226.54
1733.0 39628.84
1734.0 39885.22
1735.0 39611.98
1736.0 39846.05
1737.0 40697.76
1738.0 37371.88
1739.0 34758.69
1740.0 39037.46
1741.0 38367.55
1742.0 36843.94
1743.0 39847.79
1744.0 36301.65
1745.0 37021.03
1746.0 40064.32
1747.0 35864.02
1748.0 39435.13
1749.0 37417.15
1750.0 38554.12
1751.0 39449.23
1752.0 37250.07
1753.0 33338.52
1754.0 38825.45
1755.0 39292.35
1756.0 39288.16
1757.0 39144.18
1758.0 37415.35
1759.0 37078.97
1760.0 35189.31
1761.0 32551.0
1762.0 36173.52
1763.0 37769.06
1764.0 33463.61
1765.0 38877.06
1766.0 38641.73
1767.0 38820.63
1768.0 36897.79
1769.0 35179.09
1770.0 31307.73
1771.0 37894.89
1772.0 35018.57
1773.0 36749.63
1774.0 36434.13
1775.0 34680.86
1776.0 31412.6
1777.0 37295.2
1778.0 37705.69
1779.0 37644.84
1780.0 37352.55
1781.0 37775.51
1782.0 37037.92
1783.0 35410.39
1784.0 37417.27
1785.0 37007.69
1786.0 37379.67
1787.0 36063.97
1788.0 35130.1
1789.0 36515.31
1790.0 36787.19
1791.0 34264.85
1792.0 33588.73
1793.0 35541.62
1794.0 36665.09
1795.0 35606.93
1796.0 37204.87
1797.0 36614.78
1798.0 35802.08
1799.0 36807.34
1800.0 35051.99
1801.0 36772.55
1802.0 37001.15
1803.0 36548.04
1804.0 36691.76
1805.0 36112.86
1806.0 36653.25
1807.0 35806.55
1808.0 32651.21
1809.0 36279.55
1810.0 36542.17
1811.0 36250.86
1812.0 33038.08
1813.0 33332.82
1814.0 35746.11
1815.0 35641.14
1816.0 30895.22
1817.0 33129.17
1818.0 36203.57
1819.0 35471.2
1820.0 33997.43
1821.0 32752.6
1822.0 32414.63
1823.0 33604.34
1824.0 34490.93
1825.0 34677.56
1826.0 33404.71
1827.0 32493.98
1828.0 34815.58
1829.0 35223.46
1830.0 31397.94
1831.0 34187.72
1832.0 34319.88
1833.0 34149.32
1834.0 34570.89
1835.0 33388.87
1836.0 34493.29
1837.0 34666.11
1838.0 33122.84
1839.0 34946.88
1840.0 31674.3
1841.0 34310.32
1842.0 33495.69
1843.0 31778.2
1844.0 32334.2
1845.0 32651.16
1846.0 33525.6
1847.0 33184.11
1848.0 33377.14
1849.0 27782.36
1850.0 25889.71
1851.0 32905.82
1852.0 33800.56
1853.0 32090.34
1854.0 28843.76
1855.0 29072.12
1856.0 32524.85
1857.0 33786.83
1858.0 28952.24
1859.0 30078.59
1860.0 24843.56
1861.0 33047.01
1862.0 33857.48
1863.0 30671.77
1864.0 32505.25
1865.0 32907.6
1866.0 33078.68
1867.0 32408.62
1868.0 33182.25
1869.0 33594.07
1870.0 31661.48
1871.0 32591.55
1872.0 33039.79
1873.0 32746.73
1874.0 32910.56
1875.0 32371.83
1876.0 33134.82
1877.0 32559.56
1878.0 30071.5
1879.0 33016.8
1880.0 31630.53
1881.0 29652.98
1882.0 28535.98
1883.0 28971.62
1884.0 28858.29
1885.0 26556.4
1886.0 29559.51
1887.0 28086.06
1888.0 30663.05
1889.0 28242.93
1890.0 25416.33
1891.0 24301.84
1892.0 26913.51
1893.0 28122.52
1894.0 26855.43
1895.0 23521.02
1896.0 26317.36
1897.0 30812.91
1898.0 30929.8
1899.0 26597.1
1900.0 30476.1
1901.0 26487.45
1902.0 27776.91
1903.0 29440.51
1904.0 29516.21
1905.0 31761.35
1906.0 31448.32
1907.0 31373.78
1908.0 31626.62
1909.0 31457.15
1910.0 30798.45
1911.0 31577.65
1912.0 31676.91
1913.0 29622.28
1914.0 26610.15
1915.0 27697.21
1916.0 29079.38
1917.0 30783.95
1918.0 28202.43
1919.0 29527.15
1920.0 30520.56
1921.0 30717.74
1922.0 28583.6
1923.0 20952.0
1924.0 26901.71
1925.0 30456.06
1926.0 26862.45
1927.0 30218.28
1928.0 28747.87
1929.0 27828.84
1930.0 26604.45
1931.0 19373.29
1932.0 24167.96
1933.0 30433.67
1934.0 30772.03
1935.0 30509.33
1936.0 27192.59
1937.0 28088.74
1938.0 26130.1
1939.0 21260.58
1940.0 21915.07
1941.0 28935.52
1942.0 30163.38
1943.0 30098.18
1944.0 29925.25
1945.0 30323.95
1946.0 30302.53
1947.0 29765.36
1948.0 29087.0
1949.0 29473.97
1950.0 26952.68
1951.0 17629.75
1952.0 26771.99
1953.0 23727.93
1954.0 22025.51
1955.0 26140.29
1956.0 26480.72
1957.0 25386.15
1958.0 27005.59
1959.0 28583.78
1960.0 29428.66
1961.0 27950.82
1962.0 29355.16
1963.0 28197.7
1964.0 26762.14
1965.0 29282.75
1966.0 28477.88
1967.0 29401.35
1968.0 28654.13
1969.0 29031.76
1970.0 28718.87
1971.0 29092.55
1972.0 28900.67
1973.0 29115.35
1974.0 29090.65
1975.0 28911.12
1976.0 27810.05
1977.0 28646.52
1978.0 29002.58
1979.0 27463.61
1980.0 27567.11
1981.0 28820.0
1982.0 27443.39
1983.0 27956.65
1984.0 26200.64
1985.0 26616.18
1986.0 28341.31
1987.0 26563.08
1988.0 27899.71
1989.0 28198.57
1990.0 25869.16
1991.0 26635.9
1992.0 20469.64
1993.0 21825.94
1994.0 23583.71
1995.0 27685.76
1996.0 27994.27
1997.0 28111.94
1998.0 28059.36
1999.0 25354.12
2000.0 23703.23
2001.0 23663.04
2002.0 23300.75
2003.0 25302.0
2004.0 26408.55
2005.0 25755.3
2006.0 24366.22
2007.0 26612.27
2008.0 27136.81
2009.0 27081.5
2010.0 27711.33
2011.0 26515.15
2012.0 25413.28
2013.0 23894.44
2014.0 24766.75
2015.0 27138.13
2016.0 26757.17
2017.0 27349.61
2018.0 26543.1
2019.0 27208.23
2020.0 27422.51
2021.0 27351.35
2022.0 27306.08
2023.0 26437.8
2024.0 26146.43
2025.0 27147.02
2026.0 25222.21
2027.0 26950.94
2028.0 26995.99
2029.0 26715.24
2030.0 26337.27
2031.0 26977.2
2032.0 26856.14
2033.0 24655.19
2034.0 24440.55
2035.0 23678.58
2036.0 25698.31
2037.0 25497.0
2038.0 24431.89
2039.0 25487.86
2040.0 20248.54
2041.0 21127.33
2042.0 24669.06
2043.0 26132.15
2044.0 25508.68
2045.0 24870.7
2046.0 25025.32
2047.0 25000.2
2048.0 25521.13
2049.0 26030.29
2050.0 25123.2
2051.0 26308.3
2052.0 26289.97
2053.0 25563.69
2054.0 25491.55
2055.0 25585.36
2056.0 24367.22
2057.0 23353.97
2058.0 24703.55
2059.0 25666.14
2060.0 25978.21
2061.0 25082.76
2062.0 20695.48
2063.0 23903.94
2064.0 25702.11
2065.0 25756.69
2066.0 24961.56
2067.0 25002.75
2068.0 24464.71
2069.0 23160.02
2070.0 25087.05
2071.0 19119.27
2072.0 22597.43
2073.0 25595.48
2074.0 25394.89
2075.0 25165.68
2076.0 25491.75
2077.0 24534.12
2078.0 23638.76
2079.0 25050.45
2080.0 25049.22
2081.0 24583.54
2082.0 25171.96
2083.0 24716.43
2084.0 23843.0
2085.0 20448.6
2086.0 23376.84
2087.0 24925.74
2088.0 24660.74
2089.0 25132.83
2090.0 21783.25
2091.0 16646.79
2092.0 21120.75
2093.0 24445.06
2094.0 24410.68
2095.0 24499.24
2096.0 24357.64
2097.0 24205.61
2098.0 23425.83
2099.0 24520.35
2100.0 21769.93
2101.0 23706.9
2102.0 24697.9
2103.0 24564.05
2104.0 23364.04
2105.0 24530.17
2106.0 24540.86
2107.0 22387.57
2108.0 16316.95
2109.0 21101.11
2110.0 23513.91
2111.0 23977.34
2112.0 24330.6
2113.0 24192.41
2114.0 22862.27
2115.0 22834.64
2116.0 24225.55
2117.0 22897.65
2118.0 23180.86
2119.0 23453.72
2120.0 24162.19
2121.0 23720.24
2122.0 23868.4
2123.0 23898.69
2124.0 23591.59
2125.0 23699.18
2126.0 23680.34
2127.0 23923.85
2128.0 23874.55
2129.0 23808.65
2130.0 23728.98
2131.0 23025.26
2132.0 22998.98
2133.0 23600.73
2134.0 23460.94
2135.0 22866.24
2136.0 22823.74
2137.0 22904.25
2138.0 22781.08
2139.0 23497.96
2140.0 23259.76
2141.0 23426.72
2142.0 23057.35
2143.0 22987.54
2144.0 23146.04
2145.0 22015.27
2146.0 23352.23
2147.0 22587.84
2148.0 22853.53
2149.0 23166.33
2150.0 23248.01
2151.0 23178.67
2152.0 23157.18
2153.0 22332.63
2154.0 23121.37
2155.0 23031.1
2156.0 23108.55
2157.0 22930.21
2158.0 22902.84
2159.0 22673.72
2160.0 22865.86
2161.0 22972.78
2162.0 21262.27
2163.0 22779.18
2164.0 22763.65
2165.0 21762.68
2166.0 22426.53
2167.0 22369.04
2168.0 22227.32
2169.0 22522.05
2170.0 22437.34
2171.0 22562.36
2172.0 22483.92
2173.0 22641.76
2174.0 22364.74
2175.0 22400.9
2176.0 21537.85
2177.0 22168.08
2178.0 21463.42
2179.0 22477.84
2180.0 20867.78
2181.0 21485.05
2182.0 22059.44
2183.0 22176.84
2184.0 22071.46
2185.0 22145.83
2186.0 21764.36
2187.0 22134.5
2188.0 21686.64
2189.0 22168.56
2190.0 22071.77
2191.0 22100.51
2192.0 21821.04
2193.0 20457.37
2194.0 21904.8
2195.0 21936.98
2196.0 21981.24
2197.0 21960.13
2198.0 21878.53
2199.0 21755.6
2200.0 21831.28
2201.0 21248.02
2202.0 20437.28
2203.0 21601.11
2204.0 21426.64
2205.0 21758.63
2206.0 21670.55
2207.0 21267.32
2208.0 21601.06
2209.0 21004.73
2210.0 21520.28
2211.0 20061.15
2212.0 21216.62
2213.0 21318.59
2214.0 21039.63
2215.0 21090.86
2216.0 21173.25
2217.0 20554.56
2218.0 21281.48
2219.0 20437.82
2220.0 21253.53
2221.0 19712.02
2222.0 20842.43
2223.0 20846.57
2224.0 20908.27
2225.0 19991.02
2226.0 21121.91
2227.0 19558.54
2228.0 20056.21
2229.0 21014.88
2230.0 20979.41
2231.0 20997.67
2232.0 20838.76
2233.0 20812.24
2234.0 20988.6
2235.0 20954.43
2236.0 20938.11
2237.0 20899.04
2238.0 20841.58
2239.0 20477.37
2240.0 20814.35
2241.0 20520.56
2242.0 20128.77
2243.0 20445.65
2244.0 20491.59
2245.0 19761.0
2246.0 20291.83
2247.0 20687.27
2248.0 20162.7
2249.0 20324.85
2250.0 19653.7
2251.0 20153.57
2252.0 20301.79
2253.0 20352.86
2254.0 20017.87
2255.0 20204.03
2256.0 20134.84
2257.0 19928.69
2258.0 20123.11
2259.0 20282.31
2260.0 20158.71
2261.0 19495.95
2262.0 20218.41
2263.0 20099.58
2264.0 19563.62
2265.0 19386.42
2266.0 19948.47
2267.0 19650.53
2268.0 20074.69
2269.0 19886.16
2270.0 20100.33
2271.0 18659.11
2272.0 20066.63
2273.0 19887.66
2274.0 19791.71
2275.0 19965.37
2276.0 19860.67
2277.0 19255.15
2278.0 18794.61
2279.0 19039.2
2280.0 19831.61
2281.0 19741.96
2282.0 19830.65
2283.0 19692.96
2284.0 19515.78
2285.0 19446.86
2286.0 19730.88
2287.0 19169.37
2288.0 19390.27
2289.0 19618.97
2290.0 19466.98
2291.0 19642.67
2292.0 19555.78
2293.0 19453.77
2294.0 19261.03
2295.0 19399.08
2296.0 19492.62
2297.0 19233.96
2298.0 18419.88
2299.0 17557.47
2300.0 19325.12
2301.0 18964.87
2302.0 19075.36
2303.0 19136.08
2304.0 18712.33
2305.0 19251.48
2306.0 18744.33
2307.0 19158.54
2308.0 18562.38
2309.0 19051.45
2310.0 19188.88
2311.0 19094.37
2312.0 18193.97
2313.0 18241.18
2314.0 18587.38
2315.0 18965.1
2316.0 18989.5
2317.0 18908.39
2318.0 18396.16
2319.0 18206.72
2320.0 18354.1
2321.0 18678.41
2322.0 18822.94
2323.0 18136.09
2324.0 18807.26
2325.0 18119.86
2326.0 17837.87
2327.0 17709.01
2328.0 17618.0
2329.0 18709.41
2330.0 18327.8
2331.0 18309.57
2332.0 16511.72
2333.0 18348.55
2334.0 18540.79
2335.0 17968.9
2336.0 18512.1
2337.0 18228.86
2338.0 18343.32
2339.0 18144.01
2340.0 18049.4
2341.0 18030.0
2342.0 17626.65
2343.0 17803.11
2344.0 17501.32
2345.0 16485.55
2346.0 15958.08
2347.0 17827.72
2348.0 17986.34
2349.0 15675.96
2350.0 18059.85
2351.0 17743.23
2352.0 17374.0
2353.0 17543.38
2354.0 17854.33
2355.0 17844.97
2356.0 16537.73
2357.0 17463.15
2358.0 17986.42
2359.0 18009.51
2360.0 17268.81
2361.0 16115.97
2362.0 17903.2
2363.0 17907.82
2364.0 17753.6
2365.0 17891.81
2366.0 17571.03
2367.0 17771.11
2368.0 17436.2
2369.0 17801.84
2370.0 17356.19
2371.0 17586.92
2372.0 17709.41
2373.0 17648.35
2374.0 17652.65
2375.0 17399.33
2376.0 15942.66
2377.0 17228.11
2378.0 17621.95
2379.0 17572.46
2380.0 15694.83
2381.0 17422.25
2382.0 17521.33
2383.0 16130.47
2384.0 15683.13
2385.0 16606.02
2386.0 17522.99
2387.0 17007.52
2388.0 16885.47
2389.0 16218.52
2390.0 17388.08
2391.0 17080.4
2392.0 17135.55
2393.0 17246.37
2394.0 17352.73
2395.0 17087.62
2396.0 16559.65
2397.0 17251.19
2398.0 17040.86
2399.0 17212.64
2400.0 14967.48
2401.0 15838.51
2402.0 16646.58
2403.0 16250.62
2404.0 17213.15
2405.0 16274.39
2406.0 16880.28
2407.0 16864.87
2408.0 16879.23
2409.0 16988.78
2410.0 16869.86
2411.0 15922.4
2412.0 16499.76
2413.0 16796.65
2414.0 15352.91
2415.0 16693.72
2416.0 16620.89
2417.0 15888.66
2418.0 16955.9
2419.0 16491.99
2420.0 16841.68
2421.0 16851.32
2422.0 16879.49
2423.0 16878.39
2424.0 16078.98
2425.0 15492.96
2426.0 16425.42
2427.0 16686.41
2428.0 15934.87
2429.0 15274.44
2430.0 15737.02
2431.0 15979.49
2432.0 16495.67
2433.0 15371.34
2434.0 16457.5
2435.0 15905.49
2436.0 16456.48
2437.0 16008.45
2438.0 15217.18
2439.0 16205.52
2440.0 15332.76
2441.0 16112.19
2442.0 16278.57
2443.0 16373.83
2444.0 16442.93
2445.0 16001.5
2446.0 16075.22
2447.0 15590.27
2448.0 15040.12
2449.0 16347.37
2450.0 16005.49
2451.0 15258.43
2452.0 15280.72
2453.0 16131.97
2454.0 16015.99
2455.0 16000.62
2456.0 16260.33
2457.0 16260.86
2458.0 16134.05
2459.0 16214.42
2460.0 15754.24
2461.0 15818.26
2462.0 14944.25
2463.0 15821.72
2464.0 15245.48
2465.0 15782.84
2466.0 15220.54
2467.0 15883.14
2468.0 16045.66
2469.0 15081.54
2470.0 15757.2
2471.0 15722.82
2472.0 15731.75
2473.0 15439.14
2474.0 14737.35
2475.0 15834.09
2476.0 15541.91
2477.0 15304.8
2478.0 15323.27
2479.0 15137.13
2480.0 15157.57
2481.0 14991.35
2482.0 15667.15
2483.0 14664.58
2484.0 15525.87
2485.0 14262.44
2486.0 15582.74
2487.0 14771.47
2488.0 15673.26
2489.0 15326.39
2490.0 15374.84
2491.0 15587.28
2492.0 14707.01
2493.0 15174.62
2494.0 13074.17
2495.0 15314.67
2496.0 15503.37
2497.0 15495.23
2498.0 15134.43
2499.0 15242.59
2500.0 15426.89
