WAVE,FLUX
91.0,6.341178814467287e+25
94.0,3.480727303895228e+26
96.0,1.1075924839764032e+27
98.0,3.6331221531905366e+27
100.0,4.80153390624036e+27
102.0,9.03087851272138e+27
104.0,2.1939665405030635e+28
106.0,6.42243917670432e+28
108.0,1.9074800304958784e+29
110.0,5.922976369923477e+30
114.0,5.486305661187174e+31
118.0,2.1471382069763238e+32
121.0,8.386678599847068e+32
125.0,2.0561273027617602e+33
127.0,4.99160257407193e+33
128.0,7.866653113117136e+33
131.0,1.1298219294846169e+34
132.0,1.6285833859156144e+34
134.0,2.262559453361846e+34
137.0,3.4750415365385566e+34
140.0,5.22696990987939e+34
143.0,5.139608042118621e+34
147.0,8.386485491659155e+34
151.0,1.314558749154542e+35
155.0,2.070141348791054e+35
159.0,2.962852285168419e+35
162.0,6.817733170572585e+34
166.0,4.464470935751366e+34
170.0,6.87179191287835e+34
173.0,6.292163512879859e+34
177.0,1.6417612464916348e+35
180.0,4.998618589888489e+34
182.0,1.3619149900151228e+35
186.0,2.653872168678841e+35
191.0,3.754395321384992e+35
194.0,2.044560659295865e+35
198.0,2.9272512491494667e+36
202.0,1.079468565380556e+36
205.0,1.331711039696828e+36
210.0,1.16337573151627e+37
216.0,9.817253376984549e+36
220.0,1.5227198177923658e+37
223.0,1.949665020703734e+37
227.0,1.704394013034526e+37
230.0,3.054147447458656e+37
234.0,4.302689433480592e+37
240.0,7.734638134183117e+37
246.0,3.345337971084978e+37
252.0,3.1903622656673896e+38
257.0,1.9543844566224593e+39
260.0,2.0901141239023413e+38
264.0,7.846572647182263e+38
269.0,3.874717105479696e+38
274.0,2.1920981724794437e+39
279.0,6.664690713025681e+38
284.0,7.883153805215624e+38
290.0,3.131410474881126e+38
296.0,7.649446296850998e+38
301.0,1.814345533814328e+38
308.0,9.428660537449271e+38
318.0,8.691605378568626e+38
328.0,2.8233843298938574e+39
338.0,1.1796142220657277e+39
348.0,2.237896515131553e+39
357.0,2.3631429851494346e+38
366.0,1.485285700749992e+39
375.0,1.6828290482161458e+39
385.0,1.7507736433651366e+39
395.0,8.917846649738038e+38
405.0,1.7618137698936928e+39
414.0,3.208041664084047e+39
422.0,1.2499423992596636e+39
430.0,1.2406520571668891e+39
441.0,4.600022966650668e+38
451.0,3.584676757844381e+39
460.0,1.605055299907316e+39
470.0,3.6502280660526656e+39
480.0,1.5514579172679737e+39
490.0,2.767260219679076e+39
500.0,3.69674930587024e+39
506.0,2.798787979532307e+39
512.0,4.683278665081373e+39
520.0,4.465396215802408e+39
530.0,3.681374502229902e+39
540.0,6.6557959636722905e+38
550.0,1.4903902473172587e+38
560.0,3.6899459100777447e+39
570.0,3.7487803947530527e+39
580.0,2.1084824960917252e+39
590.0,4.6418382188880825e+39
600.0,2.7472614999306534e+39
610.0,5.1562029143279154e+39
620.0,2.2490546058357643e+39
630.0,2.108968048027228e+39
640.0,3.1413042363565163e+39
650.0,3.469045531266208e+39
658.0,2.801560464256905e+39
665.0,1.988153902543091e+39
675.0,3.5283365210146914e+39
685.0,3.290788720121725e+39
695.0,3.129031966757706e+39
705.0,2.400214195774717e+39
716.0,3.7710301094099616e+39
726.0,3.477042507118832e+39
735.0,2.88555927506855e+39
745.0,2.6281491002684436e+39
755.0,1.40145771921645e+39
765.0,1.905022019927707e+39
775.0,2.799690347616273e+39
785.0,3.588310368443982e+38
795.0,2.7439740506719945e+39
805.0,2.7439108690619363e+39
815.0,2.740753642724428e+39
825.0,2.6160738520147783e+39
835.0,2.1421999261361325e+39
845.0,2.374378767457408e+39
855.0,2.3829229500442422e+39
865.0,2.1904331326028766e+39
875.0,2.223412280213221e+39
885.0,2.2638101354669186e+39
895.0,2.3710461109069583e+39
905.0,2.0728124094190555e+39
915.0,2.2688720232520256e+39
925.0,1.9143881617030355e+39
935.0,4.385105031550339e+39
945.0,5.436132078676067e+39
955.0,3.9991712351072206e+39
965.0,3.685021278851638e+39
975.0,3.5145522155914625e+39
985.0,2.9860701078165104e+39
995.0,3.1216197516358875e+39
1005.0,3.02823796570701e+39
1015.0,3.649051561190689e+39
1025.0,3.25019935660611e+39
1035.0,3.193743252977176e+39
1045.0,3.4515168665564403e+39
1055.0,3.3810375959916335e+39
1065.0,3.204424178644397e+39
1075.0,3.148473193387386e+39
1085.0,2.7613407374617917e+39
1095.0,3.1255035750579754e+39
1105.0,2.994952921617673e+39
1115.0,2.853185445781819e+39
1125.0,2.7399964491216794e+39
1135.0,2.852922669792296e+39
1145.0,2.761277155973641e+39
1155.0,2.6215611956815135e+39
1165.0,2.5311623388468783e+39
1175.0,2.155757968038614e+39
1185.0,2.4845629231087626e+39
1195.0,2.1746531586243998e+39
1205.0,2.24047447241602e+39
1215.0,2.1529304487546438e+39
1225.0,2.2213653845993908e+39
1235.0,1.468993925756505e+39
1245.0,2.5294727201966967e+39
1255.0,2.0100182471136785e+39
1265.0,2.1632663758829224e+39
1275.0,2.1410164297505255e+39
1285.0,2.093726741607671e+39
1295.0,1.999677684029788e+39
1305.0,1.961372130332473e+39
1315.0,1.965395693013231e+39
1325.0,1.9107329810428657e+39
1335.0,1.8605870762680156e+39
1345.0,1.8395855943948418e+39
1355.0,1.796635596299141e+39
1365.0,1.7448174661042876e+39
1375.0,1.7054146917142153e+39
1385.0,1.66843772075288e+39
1395.0,1.5283752631863118e+39
1405.0,1.4808804507622585e+39
1415.0,1.561313086993344e+39
1425.0,1.5110192598280492e+39
1435.0,1.5059134077254363e+39
1442.0,1.487852914357416e+39
1447.0,1.4732959669481244e+39
1455.0,1.4396933545300207e+39
1465.0,1.4030721361976186e+39
1475.0,1.3835982371317585e+39
1485.0,1.361977709962368e+39
1495.0,1.3318030342138223e+39
1505.0,1.2979560885598593e+39
1512.0,1.26598919771548e+39
1517.0,1.2617403736429958e+39
1525.0,1.2410234846561683e+39
1535.0,1.1801847540388267e+39
1545.0,1.1166832452008794e+39
1555.0,1.1037735938483105e+39
1565.0,1.1211403934457309e+39
1575.0,1.1195409922547287e+39
1585.0,1.104739798889668e+39
1595.0,1.0859254213126296e+39
1605.0,1.0593512905437556e+39
1615.0,1.0363107422196514e+39
1625.0,1.0217155425275705e+39
1635.0,1.0128846743377252e+39
1645.0,9.959327182724143e+38
1655.0,9.810248308399014e+38
1665.0,9.669410546091182e+38
1672.0,9.402427643745505e+38
1677.0,9.636293074677646e+38
1685.0,9.437783271115379e+38
1695.0,9.20915960834062e+38
1705.0,9.036494737223079e+38
1715.0,8.803796595917636e+38
1725.0,8.61291180252493e+38
1735.0,8.578275698828063e+38
1745.0,8.42771809227476e+38
1755.0,8.306154404079286e+38
1765.0,8.143104348026887e+38
1775.0,7.954996629979623e+38
1785.0,7.880250078944568e+38
1795.0,7.762113699510135e+38
1805.0,7.660374466165325e+38
1815.0,7.445433688308029e+38
1825.0,7.352753389005404e+38
1835.0,7.232026352849871e+38
1845.0,7.024897631832375e+38
1855.0,6.944164495639484e+38
1865.0,6.861356739575635e+38
1875.0,6.7792242472394644e+38
1885.0,6.572793680149529e+38
1895.0,6.4295414429389855e+38
1905.0,6.4151970387766744e+38
1915.0,6.268014608747944e+38
1925.0,6.103514771870637e+38
1935.0,6.1082949559028086e+38
1945.0,6.049228644838524e+38
1955.0,5.83203336619414e+38
1967.0,5.8300194010500225e+38
1976.0,5.799225548051088e+38
1984.0,5.672441164421915e+38
1995.0,5.5569949229487886e+38
2005.0,5.5200117223230726e+38
2015.0,5.437759552614145e+38
2025.0,5.386913475842242e+38
2035.0,5.240346449667919e+38
2045.0,5.1735660735979604e+38
2055.0,5.005874990917384e+38
2065.0,5.046729179531192e+38
2074.0,5.1282595800562076e+38
2078.0,5.0233102278996935e+38
2085.0,5.0026486242100315e+38
2095.0,4.884386250084075e+38
2105.0,4.845738792811584e+38
2115.0,4.798770716527616e+38
2125.0,4.729987575981331e+38
2135.0,4.655646529846804e+38
2145.0,4.566568746153535e+38
2155.0,4.533253442280386e+38
2165.0,4.44764381563727e+38
2175.0,4.395517363740569e+38
2185.0,4.316979635872378e+38
2195.0,4.283413489083413e+38
2205.0,4.218130385776766e+38
2215.0,4.139329513335738e+38
2225.0,4.0765239669655884e+38
2235.0,4.023092332340474e+38
2245.0,3.967071244278168e+38
2255.0,3.894484682106631e+38
2265.0,3.856647980493062e+38
2275.0,3.80425832786831e+38
2285.0,3.7485214471213144e+38
2295.0,3.648127430539435e+38
2305.0,3.62676987752829e+38
2315.0,3.570919007399363e+38
2325.0,3.4539019136132385e+38
2335.0,3.464974158289314e+38
2345.0,3.421606009360157e+38
2355.0,3.3755146717529672e+38
2365.0,3.3235330357747714e+38
2375.0,3.271372510785136e+38
2385.0,3.2090759812352104e+38
2395.0,3.1819254481457623e+38
2405.0,3.1377620060719934e+38
2415.0,3.0977045952149367e+38
2425.0,3.0633033087190206e+38
2435.0,3.011826845521139e+38
2445.0,2.9794081402620056e+38
2455.0,2.939882682379647e+38
2465.0,2.8988116631444433e+38
2475.0,2.857129991314975e+38
2485.0,2.8131960567999455e+38
2495.0,2.63402565131827e+38
2505.0,2.7317440134245078e+38
2513.0,2.6755310783266204e+38
2518.0,2.685653625160454e+38
2525.0,2.667411382000615e+38
2535.0,2.6356030411726236e+38
2545.0,2.594298831244231e+38
2555.0,2.5674382081061374e+38
2565.0,2.5342531792826595e+38
2575.0,2.505532266481936e+38
2585.0,2.473773882305094e+38
2595.0,2.4392145390657723e+38
2605.0,2.4084076609891775e+38
2615.0,2.3741054227349734e+38
2625.0,2.347415673474936e+38
2635.0,2.3204381658726585e+38
2645.0,2.2940347906697348e+38
2655.0,2.2667310829305533e+38
2665.0,2.227204010704498e+38
2675.0,2.199074790699211e+38
2685.0,2.178712875720257e+38
2695.0,2.1421999261361327e+38
2705.0,2.1169958175261645e+38
2715.0,2.089584797721517e+38
2725.0,2.0657130825895997e+38
2735.0,2.0376988483400163e+38
2745.0,2.0130752064799645e+38
2755.0,1.989390318097207e+38
2765.0,1.9643551056925908e+38
2775.0,1.9472423216119587e+38
2785.0,1.92074627671697e+38
2795.0,1.8792735444325784e+38
2805.0,1.8675833782710633e+38
2815.0,1.8546416133558896e+38
2825.0,1.830290392357758e+38
2835.0,1.800072511739508e+38
2845.0,1.7842676438489904e+38
2855.0,1.7619354758809256e+38
2865.0,1.7432513090523463e+38
2875.0,1.7218289279533375e+38
2885.0,1.702511287780061e+38
2895.0,1.6822091852732498e+38
2910.0,1.652456363985417e+38
2930.0,1.6154741014619083e+38
2950.0,1.5738379019628676e+38
2970.0,1.5391820855671592e+38
2990.0,1.5021039909500662e+38
3010.0,1.4658853346709863e+38
3030.0,1.434134884847859e+38
3050.0,1.4027814039545981e+38
3070.0,1.3729666874640128e+38
3090.0,1.3399234877219746e+38
3110.0,1.3128647868345048e+38
3130.0,1.2812975626204545e+38
3150.0,1.2542958923023123e+38
3170.0,1.2261398291290926e+38
3190.0,1.1981742998851615e+38
3210.0,1.1719794590684756e+38
3230.0,1.1481800590153837e+38
3250.0,1.1244237236689703e+38
3270.0,1.0987275136908522e+38
3290.0,1.0765395757808012e+38
3310.0,1.0542655126013154e+38
3330.0,1.031430572196093e+38
3350.0,1.008230891988103e+38
3370.0,9.880069509472665e+37
3390.0,9.68701561948204e+37
3410.0,9.488116313313117e+37
3430.0,9.273207974195313e+37
3450.0,9.081968682859246e+37
3470.0,8.919489529108695e+37
3490.0,8.739971168862272e+37
3510.0,8.572154698655369e+37
3530.0,8.403109058382118e+37
3550.0,8.234552447483996e+37
3570.0,8.076626507614462e+37
3590.0,7.900780566104081e+37
3610.0,7.746936568474697e+37
3630.0,7.5985373053917665e+37
3640.0,7.522461955610582e+37
3650.0,7.959577212414382e+37
3670.0,7.810161241148688e+37
3690.0,7.604138177768988e+37
3710.0,7.413273107965466e+37
3730.0,7.261226768351789e+37
3750.0,7.266746330643898e+37
3770.0,7.15352336509331e+37
3790.0,7.157477640702457e+37
3810.0,7.1632482111169765e+37
3830.0,6.811770383528381e+37
3850.0,6.993587292116976e+37
3870.0,6.913213987775447e+37
3890.0,6.408995992162425e+37
3910.0,6.723880711363343e+37
3930.0,6.57461006108998e+37
3950.0,6.461003852547118e+37
3970.0,5.940185399703693e+37
3990.0,6.240796193491465e+37
4010.0,6.171347476957668e+37
4030.0,6.025179641703261e+37
4050.0,5.961835654666514e+37
4070.0,5.81500376159661e+37
4090.0,5.589590601351423e+37
4110.0,5.319122594462065e+37
4130.0,5.507442859761261e+37
4150.0,5.439011787186001e+37
4170.0,5.367103866230956e+37
4190.0,5.281046603361128e+37
4210.0,5.193737549109501e+37
4230.0,5.1049324529871185e+37
4250.0,5.005990256775696e+37
4270.0,4.9037689565785425e+37
4290.0,4.833703419766451e+37
4310.0,4.727265559795095e+37
4330.0,4.526161019014796e+37
4350.0,4.3467033314531165e+37
4370.0,4.499352301824526e+37
4390.0,4.434554533904292e+37
4410.0,4.376631683565388e+37
4430.0,4.310424077843883e+37
4450.0,4.242579606124302e+37
4470.0,4.137042667249037e+37
4490.0,4.1013799122504363e+37
4510.0,4.0400803263716284e+37
4530.0,3.975941630164159e+37
4550.0,3.9063396337568962e+37
4570.0,3.8555824964840165e+37
4590.0,3.789832362206165e+37
4610.0,3.728893673767668e+37
4630.0,3.6647132635000737e+37
4650.0,3.584676757844381e+37
4670.0,3.5545939714974756e+37
4690.0,3.492770095291499e+37
4710.0,3.4306783355357677e+37
4730.0,3.398364825822822e+37
4750.0,3.3439517318170845e+37
4770.0,3.3018702251790152e+37
4790.0,3.2499000159679674e+37
4810.0,3.19528793818494e+37
4830.0,3.1379065086796688e+37
4850.0,3.018491797277458e+37
4870.0,2.87799476744811e+37
4890.0,2.9949529216176726e+37
4910.0,2.961624540104043e+37
4930.0,2.9030866590388443e+37
4950.0,2.87474945293635e+37
4970.0,2.8387032827913004e+37
4990.0,2.7949239808145927e+37
5010.0,2.7336316872418585e+37
5030.0,2.711377576193669e+37
5050.0,2.664464878589662e+37
5070.0,2.6369384934534817e+37
5090.0,2.598423887019985e+37
5110.0,2.5601770491306026e+37
5130.0,2.5203450365922715e+37
5150.0,2.483133105295588e+37
5170.0,2.449965676311088e+37
5190.0,2.416462166679182e+37
5210.0,2.3819355157717502e+37
5230.0,2.349254135302073e+37
5250.0,2.3162210276111484e+37
5270.0,2.2811823358391292e+37
5290.0,2.254031598609311e+37
5310.0,2.2217234552531527e+37
5330.0,2.190130533985441e+37
5350.0,2.160628000505669e+37
5370.0,2.1322101185816734e+37
5390.0,2.1030519459035999e+37
5410.0,2.0702366845184223e+37
5430.0,2.0457850472356596e+37
5450.0,2.0179481355912059e+37
5470.0,1.9909483796711961e+37
5490.0,1.9650336870902806e+37
5510.0,1.9388758444338896e+37
5530.0,1.9125817174591968e+37
5550.0,1.887556673068528e+37
5570.0,1.862344411279327e+37
5590.0,1.8375535324245281e+37
5610.0,1.8144290894378731e+37
5630.0,1.7908120170201159e+37
5650.0,1.7652247174525592e+37
5670.0,1.7409247519589037e+37
5690.0,1.7204022426026348e+37
5710.0,1.7027857222941117e+37
5730.0,1.682596572850525e+37
5750.0,1.6594340608735707e+37
5770.0,1.6402498246449957e+37
5790.0,1.6190490270808355e+37
5810.0,1.597643953141493e+37
5830.0,1.5772117360381656e+37
5850.0,1.5577221665402556e+37
5870.0,1.5260192075894642e+37
5890.0,1.5163519007872812e+37
5910.0,1.49968483550238e+37
5930.0,1.4804372361780465e+37
5950.0,1.4610665566328235e+37
5970.0,1.4451069842539657e+37
5990.0,1.426198580968428e+37
6010.0,1.4094186046947397e+37
6030.0,1.3915217535033215e+37
6050.0,1.3747698529064204e+37
6070.0,1.358407278796772e+37
6090.0,1.3422085469480961e+37
6110.0,1.325683955101632e+37
6130.0,1.309392955200725e+37
6150.0,1.2917842942280178e+37
6170.0,1.2769973616883292e+37
6190.0,1.263193842454152e+37
6210.0,1.2483891917684789e+37
6230.0,1.2327925466104615e+37
6250.0,1.2171665258126427e+37
6270.0,1.2041760909733661e+37
6290.0,1.1902823671374726e+37
6310.0,1.1753575462343081e+37
6330.0,1.1622779534189852e+37
6350.0,1.1466740915986008e+37
6370.0,1.1343315196944091e+37
6390.0,1.1221218007798564e+37
6410.0,1.1083833672518575e+37
6430.0,1.09627623599704e+37
6450.0,1.0828791704710505e+37
6470.0,1.070163168730766e+37
6490.0,1.0575721363037923e+37
6510.0,1.045514354772787e+37
6530.0,1.0309794291234358e+37
6550.0,1.0044076226478519e+37
6570.0,9.535423801269135e+36
6590.0,9.924302650467707e+36
6610.0,9.872337638165226e+36
6630.0,9.772822254292177e+36
6650.0,9.664513565596578e+36
6670.0,9.531472517714654e+36
6690.0,9.425404555789733e+36
6710.0,9.346951732366929e+36
6730.0,9.23953255464423e+36
6750.0,9.141763883569369e+36
6770.0,9.046487761631037e+36
6790.0,8.93696382493595e+36
6810.0,8.848099545173561e+36
6830.0,8.750845172563784e+36
6850.0,8.654659776737345e+36
6870.0,8.563079972242651e+36
6890.0,8.464279581493314e+36
6910.0,8.37606424976987e+36
6930.0,8.288386601492703e+36
6950.0,8.199549650793099e+36
6970.0,8.113532871130229e+36
6990.0,8.027494191616402e+36
7010.0,7.939807991429043e+36
7030.0,7.853622098412224e+36
7050.0,7.76998177256641e+36
7070.0,7.655966069112569e+36
7090.0,7.611495588408533e+36
7110.0,7.521422760871608e+36
7130.0,7.444747970102168e+36
7150.0,7.37190958424385e+36
7170.0,7.292727734722261e+36
7190.0,7.220212839245001e+36
7210.0,7.147102326055064e+36
7230.0,7.052936926130508e+36
7250.0,6.9964864922566e+36
7270.0,6.92851242293554e+36
7290.0,6.840376400665504e+36
7310.0,6.78656479667543e+36
7330.0,6.717535960674698e+36
7350.0,6.649362349743335e+36
7370.0,6.582032160924911e+36
7390.0,6.514333673741375e+36
7410.0,6.446737695185533e+36
7430.0,6.382487897998557e+36
7450.0,6.318732934451564e+36
7470.0,6.252734668295025e+36
7490.0,6.19212906583879e+36
7510.0,6.132675706897993e+36
7530.0,6.072394804283094e+36
7550.0,6.01242954151942e+36
7570.0,5.953467676094698e+36
7590.0,5.890199438800117e+36
7610.0,5.835257157620458e+36
7630.0,5.779230283081004e+36
7650.0,5.721764778380848e+36
7670.0,5.666175214088125e+36
7690.0,5.610867331922589e+36
7710.0,5.556483128371234e+36
7730.0,5.501992575394712e+36
7750.0,5.448789118901898e+36
7770.0,5.386417345623495e+36
7790.0,5.346505279359154e+36
7810.0,5.2944396225153013e+36
7830.0,5.243726115239063e+36
7850.0,5.191107230399704e+36
7870.0,5.140673247124988e+36
7890.0,5.0899087905998466e+36
7910.0,5.0457996232789773e+36
7930.0,4.996777369930451e+36
7950.0,4.948117454289423e+36
7970.0,4.9044464840973165e+36
7990.0,4.8563502342234227e+36
8010.0,4.81293503932487e+36
8030.0,4.7683705822702735e+36
8050.0,4.724109983429405e+36
8070.0,4.682092614051348e+36
8090.0,4.636283666614084e+36
8110.0,4.590922907591336e+36
8130.0,4.5539682666308213e+36
8150.0,4.508997556964038e+36
8170.0,4.4700254933743486e+36
8190.0,4.4229293277077646e+36
8210.0,4.40483860174602e+36
8230.0,4.3625458058948776e+36
8250.0,4.331117839310419e+36
8270.0,4.287755374756186e+36
8290.0,4.2551022438129966e+36
8310.0,4.217450558275591e+36
8330.0,4.177245501509214e+36
8350.0,4.137042667249037e+36
8370.0,4.103269102468498e+36
8390.0,4.068553207864283e+36
8410.0,4.0293036756571934e+36
8430.0,3.9886873883379686e+36
8450.0,3.9447546792363356e+36
8470.0,3.909399022165027e+36
8490.0,3.8826657078397486e+36
8510.0,3.8280711399181143e+36
8530.0,3.824106687389134e+36
8550.0,3.737919980622542e+36
8570.0,3.781028927239082e+36
8590.0,3.68739786590837e+36
8610.0,3.655442863149509e+36
8630.0,3.7016896103323217e+36
8650.0,3.630696946851849e+36
8670.0,3.504208994321495e+36
8690.0,3.596582278140622e+36
8710.0,3.593602196225679e+36
8730.0,3.527361740282645e+36
8750.0,3.3685267460979065e+36
8770.0,3.444292293943172e+36
8790.0,3.475921821687429e+36
8810.0,3.452391192519674e+36
8830.0,3.411536325974472e+36
8850.0,3.3081104409333087e+36
8870.0,3.191978812809692e+36
8890.0,3.3093294183894377e+36
8910.0,3.3092532191408816e+36
8930.0,3.2851862769371473e+36
8950.0,3.261669856470394e+36
8970.0,3.229460671083824e+36
8990.0,3.16920257410903e+36
9010.0,3.0125897907737955e+36
9030.0,3.051124997201815e+36
9050.0,3.109997214164622e+36
9070.0,3.089583947609866e+36
9090.0,3.071354880419087e+36
9110.0,3.0530224651992715e+36
9130.0,3.0301212004593986e+36
9150.0,3.0049690271711814e+36
9170.0,2.9747467587882504e+36
9190.0,2.942523906838161e+36
9210.0,2.8732274043019277e+36
9230.0,2.718942354402195e+36
9250.0,2.820330473801528e+36
9270.0,2.8387686471024765e+36
9290.0,2.8334790113105114e+36
9310.0,2.811382906828132e+36
9330.0,2.791065316722509e+36
9350.0,2.7663683041483487e+36
9370.0,2.747830881229684e+36
9390.0,2.726026039632441e+36
9410.0,2.698671359564072e+36
9430.0,2.682007574205981e+36
9450.0,2.6597449930074095e+36
9470.0,2.634328922185584e+36
9490.0,2.613785834739651e+36
9510.0,2.5775078699705427e+36
9530.0,2.514606304146258e+36
9550.0,2.3901216181184869e+36
9570.0,2.4933887750386133e+36
9590.0,2.5057053484973266e+36
9610.0,2.4906918519096663e+36
9630.0,2.469164361595322e+36
9650.0,2.4577629891275623e+36
9670.0,2.4382599210793496e+36
9690.0,2.4200258220807624e+36
9710.0,2.3955762566665564e+36
9730.0,2.3829778195045513e+36
9750.0,2.3645037112128643e+36
9770.0,2.3463348974845467e+36
9790.0,2.328895490776918e+36
9810.0,2.3105746273413876e+36
9830.0,2.292714618104441e+36
9850.0,2.2748355155779378e+36
9870.0,2.257095838300713e+36
9890.0,2.238618044023788e+36
9910.0,2.2200359130644757e+36
9930.0,2.2060228167150426e+36
9950.0,2.1885677736070486e+36
9970.0,2.1711508551439066e+36
9990.0,2.152930448754644e+36
10025.0,2.0852589793985764e+36
10075.0,2.031374516753405e+36
10125.0,2.0408448977163576e+36
10175.0,2.0118703951494465e+36
10225.0,1.9758319323962168e+36
10275.0,1.9400816143938972e+36
10325.0,1.9018225826548848e+36
10375.0,1.8685727022369976e+36
10425.0,1.834974358915802e+36
10475.0,1.801482302359992e+36
10525.0,1.7692532416568636e+36
10575.0,1.7379608934918327e+36
10625.0,1.7068289482742748e+36
10675.0,1.6748271790675813e+36
10725.0,1.6476691109175665e+36
10775.0,1.618750814695699e+36
10825.0,1.5840905384614027e+36
10875.0,1.5579373886773058e+36
10925.0,1.4792786866174734e+36
10975.0,1.4906304892035851e+36
11025.0,1.4803349747287543e+36
11075.0,1.45834406990947e+36
11125.0,1.4331115626574774e+36
11175.0,1.409483512314658e+36
11225.0,1.385989690991295e+36
11275.0,1.361005875284797e+36
11325.0,1.338196839976947e+36
11375.0,1.3166489586922642e+36
11425.0,1.2949708723950502e+36
11475.0,1.2746178613519679e+36
11525.0,1.2537761378755559e+36
11575.0,1.2327073912594327e+36
11625.0,1.2107932746416862e+36
11675.0,1.191680958654481e+36
11725.0,1.1741673505154885e+36
11775.0,1.1538782839933034e+36
11825.0,1.1358997396415882e+36
11875.0,1.1171204446568296e+36
11925.0,1.1007279643308242e+36
11975.0,1.080363740910229e+36
12025.0,1.0661541457291206e+36
12075.0,1.0489142849019917e+36
12125.0,1.0322621420651455e+36
12175.0,1.0165295315591261e+36
12225.0,1.0006910141682655e+36
12275.0,9.8519001143605e+35
12325.0,9.700407975120008e+35
12375.0,9.550585568507346e+35
12425.0,9.4084915674381e+35
12475.0,9.262324666952738e+35
12525.0,9.119268439215728e+35
12575.0,8.98152328168695e+35
12625.0,8.845451386263267e+35
12675.0,8.714450352389874e+35
12725.0,8.580448717084452e+35
12775.0,8.385133858837499e+35
12825.0,8.015857721025909e+35
12875.0,8.16883266845465e+35
12925.0,8.08313812306247e+35
12975.0,7.95994377293152e+35
13025.0,7.85470719135634e+35
13075.0,7.741230517108967e+35
13125.0,7.625178242562234e+35
13175.0,7.514152416272101e+35
13225.0,7.409689339136953e+35
13275.0,7.301464869965786e+35
13325.0,7.196809383381502e+35
13375.0,7.093653975352309e+35
13425.0,6.993909366129843e+35
13475.0,6.897472855175792e+35
13525.0,6.799077632231391e+35
13575.0,6.701777421333105e+35
13625.0,6.606782351538925e+35
13675.0,6.516433985318556e+35
13725.0,6.4239181682438696e+35
13775.0,6.3378214496905136e+35
13825.0,6.249999750398652e+35
13875.0,6.162969238175143e+35
13925.0,6.0779902629935355e+35
13975.0,5.997220267308369e+35
14025.0,5.914390559869727e+35
14075.0,5.83485408625783e+35
14125.0,5.752942058573077e+35
14175.0,5.678452535543781e+35
14225.0,5.6018309666948535e+35
14275.0,5.52598879543012e+35
14325.0,5.453935531026347e+35
14375.0,5.381086830718915e+35
14425.0,5.301270928614815e+35
14475.0,5.2384161902779174e+35
14525.0,5.165709744527454e+35
14570.0,5.10728390266025e+35
14620.0,5.055801332194076e+35
14675.0,4.984481632619315e+35
14725.0,4.919262524341613e+35
14775.0,4.8533319894319365e+35
14825.0,4.793469849034868e+35
14875.0,4.729007469640433e+35
14925.0,4.6731529984005805e+35
14975.0,4.611901254125013e+35
15025.0,4.550090136070124e+35
15075.0,4.488797357173009e+35
15125.0,4.434146115146422e+35
15175.0,4.3773371701004135e+35
15225.0,4.320460112685213e+35
15275.0,4.265205887339709e+35
15325.0,4.208332053559178e+35
15375.0,4.157957060207811e+35
15425.0,4.0990196475927154e+35
15475.0,4.056486173245969e+35
15525.0,4.004054683305456e+35
15575.0,3.940760124433723e+35
15625.0,3.9189525035510635e+35
15675.0,3.8494616734245204e+35
15725.0,3.793761282532135e+35
15775.0,3.779549172931633e+35
15825.0,3.731126726830831e+35
15875.0,3.632620253486699e+35
15925.0,3.6296938867960374e+35
15975.0,3.611270331975238e+35
16050.0,3.530043035533961e+35
16150.0,3.420188166185436e+35
16250.0,3.383919320273135e+35
16350.0,3.284354296001091e+35
16450.0,3.1813393697988866e+35
16550.0,3.153624638605522e+35
16650.0,3.0815555429435254e+35
16750.0,2.9879959191027678e+35
16850.0,2.8925441734709705e+35
16950.0,2.8746170688799054e+35
17050.0,2.806402767755976e+35
17150.0,2.7486535292229573e+35
17250.0,2.6826252003760354e+35
17350.0,2.5656062210883562e+35
17450.0,2.5575845514067335e+35
17550.0,2.5117707575280387e+35
17650.0,2.457480044994395e+35
17750.0,2.4034218216969435e+35
17850.0,2.3512564504177088e+35
17950.0,2.3019188007359777e+35
18050.0,2.24915818101286e+35
18150.0,2.154715818627025e+35
18250.0,2.143334724052738e+35
18350.0,2.1113488692859327e+35
18450.0,2.067473730136309e+35
18550.0,2.0230191786782593e+35
18650.0,1.9736493685939195e+35
18750.0,1.8950470628764553e+35
18850.0,1.8978417661393763e+35
18950.0,1.8607584505626074e+35
19050.0,1.8231818972750716e+35
19150.0,1.7884219850266878e+35
19250.0,1.752104479667656e+35
19350.0,1.712458281047314e+35
19450.0,1.639570138844717e+35
19550.0,1.6451670397058471e+35
19650.0,1.6169254619989973e+35
19750.0,1.5850026767856862e+35
19850.0,1.5542110773921597e+35
19950.0,1.5240176615897767e+35
20050.0,1.4949614712771022e+35
20150.0,1.4663917209737092e+35
20250.0,1.4377057179828836e+35
20350.0,1.4107822926229876e+35
20450.0,1.3847775048927664e+35
20550.0,1.3579069152367426e+35
20650.0,1.3326005862775672e+35
20750.0,1.3071938621814227e+35
20850.0,1.2835121968395067e+35
20950.0,1.259853364146119e+35
21050.0,1.236858448757252e+35
21150.0,1.2123834520368611e+35
21250.0,1.1909951693566913e+35
21350.0,1.1696609744932538e+35
21450.0,1.1486031421114614e+35
21550.0,1.1260041729360564e+35
21650.0,1.0795928509462253e+35
21750.0,1.0836274553203655e+35
21850.0,1.068169074070643e+35
21950.0,1.0503160450683666e+35
22050.0,1.0315968325609205e+35
22150.0,1.0134912417066234e+35
22250.0,9.953824975586505e+34
22350.0,9.784080111011441e+34
22450.0,9.616565632853107e+34
22550.0,9.448437617001719e+34
22650.0,9.284531628050368e+34
22750.0,9.127251129858599e+34
22850.0,8.987315750811483e+34
22950.0,8.853805965100347e+34
23050.0,8.707229670674439e+34
23150.0,8.559925798051593e+34
23250.0,8.410077540692285e+34
23350.0,8.270085509243091e+34
23450.0,8.132611008004952e+34
23550.0,7.992635359272354e+34
23650.0,7.859953921102134e+34
23750.0,7.725382651805044e+34
23850.0,7.597487601180796e+34
23950.0,7.476184318968158e+34
24050.0,7.353092003609141e+34
24150.0,7.229528930753419e+34
24250.0,7.110988888168393e+34
24350.0,7.00035396209965e+34
24450.0,6.886205834642641e+34
24550.0,6.7803170171524145e+34
24650.0,6.669449676721446e+34
24750.0,6.561452663029057e+34
24850.0,6.46785090319996e+34
24950.0,6.3538945068791045e+34
25050.0,6.287384209064749e+34
25150.0,6.178456594861748e+34
25250.0,6.05354813403131e+34
25350.0,5.985080553871756e+34
25450.0,5.9044574874929615e+34
25550.0,5.802431204196492e+34
25650.0,5.682638115830282e+34
25750.0,5.630928333744824e+34
25850.0,5.555075936314339e+34
25950.0,5.472553299029737e+34
26050.0,5.370194308985291e+34
26150.0,5.249645775625414e+34
26250.0,5.096241498793041e+34
26350.0,5.135822433803879e+34
26450.0,5.079371759160643e+34
26550.0,5.00449200761658e+34
26650.0,4.9184696967987555e+34
26750.0,4.797334486366863e+34
26850.0,4.778152427146183e+34
26950.0,4.723783664743392e+34
27050.0,4.65789827889411e+34
27150.0,4.591028618714835e+34
27250.0,4.524181296632673e+34
27350.0,4.459642031793157e+34
27450.0,4.3904597493172835e+34
27550.0,4.273660314969312e+34
27650.0,4.244045194291357e+34
27750.0,4.209882746014219e+34
27850.0,4.155564236497933e+34
27950.0,4.099397198640827e+34
28050.0,4.042592817054073e+34
28150.0,3.986208400136113e+34
28250.0,3.930157907606818e+34
28350.0,3.8772160333894105e+34
28450.0,3.8237544903665723e+34
28550.0,3.7688599546618966e+34
28650.0,3.698877938442232e+34
28750.0,3.601554574133746e+34
28850.0,3.611686118771063e+34
28950.0,3.5710012317947755e+34
29050.0,3.5249259664977652e+34
29150.0,3.4772827010020967e+34
29250.0,3.430362372934792e+34
29350.0,3.386101717130309e+34
29450.0,3.341488724642933e+34
29550.0,3.297691311433571e+34
29650.0,3.2540183674343286e+34
29750.0,3.2107759405589427e+34
29850.0,3.169640445871656e+34
29950.0,3.1285997048762733e+34
30050.0,3.0878770521000607e+34
30150.0,3.0467021567175537e+34
30250.0,3.0026865594784004e+34
30350.0,2.9201153013941735e+34
30450.0,2.9012823768587558e+34
30550.0,2.891412139100769e+34
30650.0,2.8571957799216333e+34
30750.0,2.8210449098751383e+34
30850.0,2.785800423040208e+34
30950.0,2.751503059146156e+34
31050.0,2.7171899524530552e+34
31150.0,2.6821928471247676e+34
31250.0,2.648683096833902e+34
31350.0,2.6165557950142933e+34
31450.0,2.5844015926244576e+34
31550.0,2.552348658303627e+34
31650.0,2.520925434301528e+34
31750.0,2.4894877867564866e+34
31850.0,2.459857788455498e+34
31950.0,2.43030063295147e+34
32100.0,2.3862723002496856e+34
32300.0,2.328573764199076e+34
32500.0,2.2733170019471738e+34
32700.0,2.2196270049995254e+34
32900.0,2.1377651849846917e+34
33100.0,2.1114461027334453e+34
33300.0,2.068902383776316e+34
33500.0,2.0216222090889318e+34
33700.0,1.975877428131556e+34
33900.0,1.9310343533370057e+34
34100.0,1.8866876212189545e+34
34300.0,1.8432319935809716e+34
34500.0,1.8001968606382532e+34
34700.0,1.7598676170365034e+34
34900.0,1.7204814718780949e+34
35100.0,1.6822866556529483e+34
35300.0,1.645167039705847e+34
35500.0,1.6086812502866528e+34
35700.0,1.5742728295305957e+34
35900.0,1.5410616039825336e+34
36100.0,1.5075092998834984e+34
36300.0,1.4754686966532264e+34
36500.0,1.4421153515248652e+34
36700.0,1.41370892569418e+34
36900.0,1.381910765093361e+34
37100.0,1.3541600586294698e+34
37300.0,1.3171947771235544e+34
37500.0,1.2837190912363372e+34
37700.0,1.272272089681384e+34
37900.0,1.2474122366404712e+34
38100.0,1.219298389029752e+34
38300.0,1.1948681916079188e+34
38500.0,1.1726272978400702e+34
38700.0,1.149714477121534e+34
38900.0,1.1257449307412286e+34
39100.0,1.0997399452989796e+34
39300.0,1.08225599449386e+34
39500.0,1.0609868469802018e+34
39700.0,1.0409023763042752e+34
39900.0,1.020704430766578e+34
40100.0,9.973096010687803e+33
40300.0,9.762476467106009e+33
40500.0,9.492049623500197e+33
40700.0,9.434524139119179e+33
40900.0,9.266377738713436e+33
41100.0,9.093058811536905e+33
41300.0,8.917230647991461e+33
41500.0,8.738361354949954e+33
41700.0,8.519419428908853e+33
41900.0,8.420541100873501e+33
42100.0,8.275038061231486e+33
42300.0,8.12418865922943e+33
42500.0,7.970397847065823e+33
42700.0,7.830328823162067e+33
42900.0,7.684577590728e+33
43100.0,7.547793329726053e+33
43300.0,7.411395679600779e+33
43500.0,7.269089230503052e+33
43700.0,7.083371178019423e+33
43900.0,6.998581106452772e+33
44100.0,6.894297182822373e+33
44300.0,6.775010927094151e+33
44500.0,6.654570033662694e+33
44700.0,6.543649062974691e+33
44900.0,6.43324364998794e+33
45100.0,6.32222576032896e+33
45300.0,6.211550208324403e+33
45500.0,6.104076952244724e+33
45700.0,6.003161125173544e+33
45900.0,5.901195465115796e+33
46100.0,5.801629624073356e+33
46300.0,5.698230329801548e+33
46500.0,5.517597294133187e+33
46700.0,5.443271542141665e+33
46900.0,5.411653729327913e+33
47100.0,5.335805618460376e+33
47300.0,5.249524899456041e+33
47500.0,5.1615483514076536e+33
47700.0,5.0796056782606675e+33
47900.0,4.998388400295838e+33
48100.0,4.9173373076744177e+33
48300.0,4.8383802865115824e+33
48500.0,4.759156649428433e+33
48700.0,4.685543778681549e+33
48900.0,4.6131757456038094e+33
49100.0,4.541193420962414e+33
49300.0,4.4698196458328803e+33
49500.0,4.399061159995198e+33
49700.0,4.329323113134881e+33
49900.0,4.260003932408255e+33
50100.0,4.207460040078373e+33
50300.0,4.1707100643098145e+33
50500.0,4.134281080471334e+33
50700.0,4.0990196475927153e+33
50900.0,4.0634039646279e+33
51100.0,4.0210548757048746e+33
51300.0,3.9418491471429755e+33
51500.0,3.9569448744183975e+33
51700.0,3.929705457501866e+33
51900.0,3.8977142781318556e+33
52100.0,3.8658055034314525e+33
52300.0,3.8344228144309234e+33
52500.0,3.803820371653783e+33
52700.0,3.77363594464452e+33
52900.0,3.7432600563412863e+33
53100.0,3.7138982400607047e+33
53300.0,3.684766735391417e+33
53500.0,3.656200468789162e+33
53700.0,3.627939198466246e+33
53900.0,3.600145059423029e+33
54100.0,3.5727283815192664e+33
54300.0,3.5452755861788016e+33
54500.0,3.51884388820957e+33
54700.0,3.492287584601605e+33
54900.0,3.466410567551615e+33
55100.0,3.440883747922538e+33
55300.0,3.4157808546942746e+33
55500.0,3.3904707342432304e+33
55700.0,3.366123145010871e+33
55900.0,3.341411784907456e+33
56100.0,3.3176456638736114e+33
56300.0,3.2938968886704915e+33
56500.0,3.2706193361431774e+33
56700.0,3.2475810605907583e+33
56900.0,3.2245565671464066e+33
57100.0,3.202285139685009e+33
57300.0,3.1800210881792026e+33
57500.0,3.1579845430764026e+33
57700.0,3.136245130394424e+33
57900.0,3.1147988092599995e+33
58100.0,3.093570373968716e+33
58300.0,3.0726988650213314e+33
58500.0,3.052811577162645e+33
58700.0,3.031586748258746e+33
58900.0,3.006076302628241e+33
59100.0,2.95746763070149e+33
59300.0,2.968793565082139e+33
59500.0,2.9521607374756005e+33
59700.0,2.933458847331232e+33
59900.0,2.914338542909354e+33
60100.0,2.8954095332605247e+33
60300.0,2.8767359455385423e+33
60500.0,2.8581827908241905e+33
60700.0,2.839880070698573e+33
60900.0,2.8217595269271515e+33
61100.0,2.803690047589156e+33
61300.0,2.7860570165576313e+33
61500.0,2.768598632190239e+33
61700.0,2.751249648019221e+33
61900.0,2.7340093785055986e+33
62100.0,2.717002262103329e+33
62300.0,2.699914429858298e+33
62500.0,2.6833665395267004e+33
62700.0,2.666858664521492e+33
62900.0,2.6505133743810596e+33
63100.0,2.634268265218844e+33
63300.0,2.618243294804727e+33
63500.0,2.6023757298703737e+33
63700.0,2.586604328503954e+33
63900.0,2.5710469062764765e+33
64200.0,2.547886044171737e+33
64600.0,2.5175030188046476e+33
65000.0,2.4876541399904352e+33
65400.0,2.458385580896906e+33
65800.0,2.4295732651994475e+33
66200.0,2.401209207496292e+33
66600.0,2.373340224911125e+33
67000.0,2.345956743457906e+33
67400.0,2.3189426062635518e+33
67800.0,2.292397889753648e+33
68200.0,2.266261390891874e+33
68600.0,2.240526061841157e+33
69000.0,2.215133984137183e+33
69400.0,2.1900801049468205e+33
69800.0,2.1653594518736535e+33
70200.0,2.1410657290432328e+33
70600.0,2.1170933110312765e+33
71000.0,2.0934375025490267e+33
71400.0,2.0700460174539572e+33
71800.0,2.0470101684018757e+33
72200.0,2.024184057376055e+33
72600.0,2.0017046589899645e+33
73000.0,1.9794749035896285e+33
73400.0,1.9574920187867487e+33
73800.0,1.9357978358608512e+33
74200.0,1.9135508169696346e+33
74600.0,1.8847771153165428e+33
75000.0,1.8629877533460763e+33
75400.0,1.850802169901721e+33
75800.0,1.8307961901578644e+33
76200.0,1.810422756753e+33
76600.0,1.7903172657291004e+33
77000.0,1.7703127613740596e+33
77400.0,1.7506123985791568e+33
77800.0,1.7310914046974874e+33
78200.0,1.7117092595314364e+33
78600.0,1.6924661835898958e+33
79000.0,1.6734394387627564e+33
79400.0,1.6545503964345014e+33
79800.0,1.6358745652400433e+33
80200.0,1.617297815712698e+33
80600.0,1.598895204657957e+33
81000.0,1.580629197510029e+33
81400.0,1.562499906399521e+33
81800.0,1.5445074233942783e+33
82200.0,1.5266869735746992e+33
82600.0,1.508967895808886e+33
83000.0,1.4913514472407626e+33
83400.0,1.473872786021929e+33
83800.0,1.4565654359286955e+33
84200.0,1.4393287488961957e+33
84600.0,1.4222305395243447e+33
85000.0,1.4052060145912286e+33
85400.0,1.3883213422807427e+33
85800.0,1.371544806559168e+33
86200.0,1.3548462075337754e+33
86600.0,1.3382584676378675e+33
87000.0,1.3217825071673103e+33
87400.0,1.3053891540562588e+33
87800.0,1.2890803846731323e+33
88200.0,1.2728288192567576e+33
88600.0,1.2567242633282708e+33
89000.0,1.2406520571668891e+33
89400.0,1.2247007956770332e+33
89800.0,1.208787610385288e+33
90200.0,1.1929713117494482e+33
90600.0,1.1772535263387065e+33
91000.0,1.1615823382512146e+33
91400.0,1.1459878152321938e+33
91800.0,1.1304724944974601e+33
92200.0,1.115038851888069e+33
92600.0,1.0996639805786236e+33
93000.0,1.0843263210228279e+33
93400.0,1.0690794954043448e+33
93800.0,1.0538771783709743e+33
94200.0,1.0387475201928031e+33
94600.0,1.0236700568047058e+33
95000.0,1.0086720805993338e+33
95400.0,9.936878965484438e+32
95800.0,9.787910735783569e+32
96200.0,9.639177996458748e+32
96600.0,9.491393958587473e+32
97000.0,9.3437239670558e+32
97400.0,9.196657227219942e+32
97800.0,9.050237994163515e+32
98200.0,8.904099409111321e+32
98600.0,8.758707032644451e+32
99000.0,8.613308450904487e+32
99400.0,8.468568406971196e+32
99800.0,8.324151963954533e+32
100200.0,8.180314483834425e+32
200000.0,4.260298213218752e+31
400000.0,3.7798102639567985e+30
600000.0,3.8513235032692176e+29
800000.0,2.015904712090421e+29
1000000.0,7.1336204724927585e+28
1200000.0,6.351407828531237e+28
1400000.0,5.922703613062083e+28
1600000.0,5.634819385003884e+28
