WAVE,FLUX
91.0,1.3570629696239858e+25
94.0,1.4030075238256718e+25
96.0,1.4336396377378444e+25
98.0,1.4642660733272774e+25
100.0,1.4918322796431359e+25
102.0,1.52247440413417e+25
104.0,1.5531020752328411e+25
106.0,1.5837258301256454e+25
108.0,1.6113133302902874e+25
110.0,2.919375775517367e+25
114.0,6.428061156741646e+26
118.0,6.653650734341496e+26
121.0,1.3911693474375987e+27
125.0,3.134728988014019e+27
127.0,4.962608327761455e+27
128.0,4.6972102510317034e+27
131.0,5.545107883054959e+27
132.0,1.1519668987230863e+28
134.0,1.1696071108550373e+28
137.0,2.621199038635253e+28
140.0,2.6828105159604443e+28
143.0,4.008944094755833e+28
147.0,7.359359187326894e+29
151.0,7.619912774873911e+29
155.0,1.1517281982944264e+30
159.0,3.602135122930412e+30
162.0,2.929611285785578e+32
166.0,9.023603416448542e+32
170.0,9.25166715773304e+32
173.0,1.115295628633305e+33
177.0,1.6732853163922397e+33
180.0,2.3757459632190004e+33
182.0,2.864112020530866e+33
186.0,4.1402827389188807e+33
191.0,6.45208380901972e+33
194.0,3.504531758760828e+33
198.0,6.698383370252636e+33
202.0,1.0142149314070069e+33
205.0,1.884429958516682e+33
210.0,2.370281899129783e+34
216.0,3.862602346607408e+34
220.0,4.0755854206921467e+34
223.0,7.442005728761161e+34
227.0,7.448348695380832e+34
230.0,3.344567767227082e+34
234.0,2.9191069034538973e+36
240.0,2.798272471215445e+37
246.0,1.7115910229285135e+36
252.0,4.997928052911181e+37
257.0,1.620055899535427e+38
260.0,1.6668633588877415e+38
264.0,2.146100224581187e+38
269.0,3.690625685841239e+38
274.0,2.5168075031073823e+38
279.0,2.1876105039500474e+38
284.0,1.1469645629966597e+38
290.0,3.9291625861305334e+37
296.0,1.2753811679969594e+38
301.0,8.828156023176097e+37
308.0,9.74293937095208e+37
318.0,6.80879094593568e+38
328.0,1.071568651661424e+39
338.0,1.4248527994447765e+39
348.0,1.9587995699598114e+39
357.0,3.0192564308719623e+38
366.0,1.2782034929152256e+39
375.0,5.496674248892026e+38
385.0,5.8827446832464844e+38
395.0,1.6368542109549526e+39
405.0,1.4074727653810473e+39
414.0,7.583505393867527e+38
422.0,1.715220663303545e+39
430.0,9.542672075883304e+38
441.0,1.839755034292419e+39
451.0,2.4243761335250706e+39
460.0,2.4153496009240236e+39
470.0,2.6128230578127024e+39
480.0,2.0807025527775183e+39
490.0,1.8760309546787228e+39
500.0,2.574127178206871e+39
506.0,9.956804960343591e+38
512.0,4.07821389494683e+39
520.0,2.0833392690971554e+39
530.0,2.2722703418000123e+39
540.0,1.4127652371246553e+39
550.0,3.326672131514774e+38
560.0,3.26790934293842e+39
570.0,3.2311714288877956e+39
580.0,2.709942025511796e+39
590.0,3.6674989653912156e+39
600.0,3.6795101053212356e+39
610.0,2.871375563163922e+39
620.0,3.5432353487838346e+39
630.0,1.900990734048962e+39
640.0,2.777665853720525e+39
650.0,3.642671434003916e+39
658.0,1.2539782389996989e+39
665.0,2.2423840725035128e+39
675.0,2.802076578300256e+39
685.0,2.2975766029097383e+39
695.0,2.792865363236293e+39
705.0,3.38088189704142e+39
716.0,3.226710482810693e+39
726.0,2.491322785101284e+39
735.0,3.7340488910376216e+39
745.0,1.615213738784331e+39
755.0,3.880073924495116e+39
765.0,2.0959938305977473e+39
775.0,3.1850041313047386e+39
785.0,3.7558652275549414e+38
795.0,2.463371996067162e+39
805.0,3.0068377911738476e+39
815.0,2.7052661600575183e+39
825.0,3.1462990561619777e+39
835.0,2.6864576584728597e+39
845.0,2.5597054905233644e+39
855.0,1.788257272859949e+39
865.0,2.917292664615633e+39
875.0,3.36410854402032e+39
885.0,3.4602700995756914e+39
895.0,2.884629230574012e+39
905.0,2.996056506325259e+39
915.0,3.9811633741539526e+39
925.0,3.833275205174265e+39
935.0,5.75188242508197e+39
945.0,5.382945713266131e+39
955.0,4.0316237970224234e+39
965.0,4.678859455876091e+39
975.0,3.3773027994483526e+39
985.0,1.7512574668398422e+39
995.0,5.1668993301035865e+39
1005.0,3.580469676688642e+39
1015.0,4.6422657676765894e+39
1025.0,3.6721465082903755e+39
1035.0,3.625016602740548e+39
1045.0,4.414179606589083e+39
1055.0,4.301005520623643e+39
1065.0,4.275727312642149e+39
1075.0,4.2748413341097e+39
1085.0,3.6497238032428723e+39
1095.0,3.767471711081637e+39
1105.0,3.6955578067493786e+39
1115.0,3.2217363711016454e+39
1125.0,2.3804003201344058e+39
1135.0,3.427046522018638e+39
1145.0,3.5237087104248474e+39
1155.0,3.176947221720713e+39
1165.0,2.9556976071575907e+39
1175.0,3.015157479805234e+39
1185.0,3.230576279931487e+39
1195.0,2.6693160636242954e+39
1205.0,2.7694274976508135e+39
1215.0,3.318486078060495e+39
1225.0,2.839553136242949e+39
1235.0,1.7079690633665022e+39
1245.0,2.625064627859638e+39
1255.0,2.580120562982928e+39
1265.0,2.6763320811421288e+39
1275.0,2.5981247496346612e+39
1285.0,2.4721225719866184e+39
1295.0,2.3533688462906516e+39
1305.0,2.5437240728267872e+39
1315.0,2.2732646574914312e+39
1325.0,2.237948045196383e+39
1335.0,2.2900238213836284e+39
1345.0,2.0886227299016676e+39
1355.0,2.121973715146321e+39
1365.0,2.0000921254935197e+39
1375.0,1.8841696328798877e+39
1385.0,1.6472897647597716e+39
1395.0,1.2978664320263095e+39
1405.0,2.0386844013477526e+39
1415.0,1.8501630358596478e+39
1425.0,1.6984391812429855e+39
1435.0,1.707929736378214e+39
1442.0,1.682015524931805e+39
1447.0,1.5934924128739194e+39
1455.0,1.6356109146611818e+39
1465.0,1.627608690231256e+39
1475.0,1.77398523153539e+39
1485.0,1.7614892616930774e+39
1495.0,1.6876018779905143e+39
1505.0,1.6367788327685046e+39
1512.0,1.5853676791601292e+39
1517.0,1.657944544401414e+39
1525.0,1.4305399808200773e+39
1535.0,1.2440275549694132e+39
1545.0,9.958180638810385e+38
1555.0,1.4794149394941366e+39
1565.0,1.233019656306633e+39
1575.0,1.3172554375814676e+39
1585.0,1.322482701400814e+39
1595.0,1.2169983796581598e+39
1605.0,1.1404335889248375e+39
1615.0,1.1582171730743608e+39
1625.0,1.0662277955921571e+39
1635.0,1.1850863612319261e+39
1645.0,1.3039772064943323e+39
1655.0,1.1303683789276821e+39
1665.0,1.2139757178679211e+39
1672.0,1.1974296288533161e+39
1677.0,1.2648528393581357e+39
1685.0,1.1789625232437863e+39
1695.0,1.1697148406120299e+39
1705.0,9.787459996215291e+38
1715.0,1.0058425417432757e+39
1725.0,1.314861472343455e+39
1735.0,1.2294475334590816e+39
1745.0,9.411091588919546e+38
1755.0,1.2846948998311995e+39
1765.0,1.1408012805399228e+39
1775.0,1.0491075198507341e+39
1785.0,1.0891557785953222e+39
1795.0,1.08258000123247e+39
1805.0,9.863021958170882e+38
1815.0,1.0292716243037513e+39
1825.0,9.958180638810385e+38
1835.0,1.0292242256851796e+39
1845.0,1.0070244149568659e+39
1855.0,9.277693052065273e+38
1865.0,9.565551186169097e+38
1875.0,1.0108343695060144e+39
1885.0,9.43756596062649e+38
1895.0,9.369577331773949e+38
1905.0,9.633187201442154e+38
1915.0,9.19877507962095e+38
1925.0,9.114020476953792e+38
1935.0,8.835273543973002e+38
1945.0,8.500216748387617e+38
1955.0,8.401367840178248e+38
1967.0,8.411433194284468e+38
1976.0,8.315531250258542e+38
1984.0,8.060463208352198e+38
1995.0,8.139730013024756e+38
2005.0,8.171090112197259e+38
2015.0,7.969480273923167e+38
2025.0,7.769087271848852e+38
2035.0,7.538067117407122e+38
2045.0,7.436353045658008e+38
2055.0,7.203109220183782e+38
2065.0,7.329595368404838e+38
2074.0,7.313074538624841e+38
2078.0,7.244526410214652e+38
2085.0,7.18786646068881e+38
2095.0,7.045794950174668e+38
2105.0,7.046119428494399e+38
2115.0,6.911463200526309e+38
2125.0,6.887950223785785e+38
2135.0,6.6869796262106996e+38
2145.0,6.537022804330851e+38
2155.0,6.526795418367334e+38
2165.0,6.41224341151267e+38
2175.0,6.3436614879915295e+38
2185.0,6.170352853427706e+38
2195.0,6.1541772435264155e+38
2205.0,6.051457673607875e+38
2215.0,5.936903638807049e+38
2225.0,5.920249366468319e+38
2235.0,5.783490146519513e+38
2245.0,5.757712825522317e+38
2255.0,5.6257444447240126e+38
2265.0,5.553669100632051e+38
2275.0,5.611513344083209e+38
2285.0,5.8349884402849675e+38
2295.0,5.600283337420267e+38
2305.0,6.323536067744642e+38
2315.0,5.713339084004684e+38
2325.0,5.268051355233006e+38
2335.0,5.147306151646139e+38
2345.0,5.016375060098047e+38
2355.0,4.913375998454214e+38
2365.0,4.840497498249742e+38
2375.0,4.784758250767245e+38
2385.0,4.7391450362369626e+38
2395.0,4.747117702777302e+38
2405.0,4.7459154843649376e+38
2415.0,4.6343624859945754e+38
2425.0,4.508893734653718e+38
2435.0,4.409202043288205e+38
2445.0,4.362646258380737e+38
2455.0,4.301500720688953e+38
2465.0,4.250499799231447e+38
2475.0,4.192373817165219e+38
2485.0,4.134185886227478e+38
2495.0,3.925093440604819e+38
2505.0,4.030417167234125e+38
2513.0,4.073990387911929e+38
2518.0,4.107806710189897e+38
2525.0,4.1563297902269584e+38
2535.0,4.1250574368779674e+38
2545.0,3.954121409527549e+38
2555.0,3.736973343840874e+38
2565.0,3.747485835450332e+38
2575.0,3.694706971077574e+38
2585.0,3.639485554842977e+38
2595.0,3.6227636376633655e+38
2605.0,3.572563855085411e+38
2615.0,3.5025149686489544e+38
2625.0,3.4542200443858234e+38
2635.0,3.406904814613082e+38
2645.0,3.3918762580203034e+38
2655.0,3.342412139666616e+38
2665.0,3.3008059995187976e+38
2675.0,3.2571668043509316e+38
2685.0,3.2398134198347563e+38
2695.0,3.23332976309895e+38
2705.0,3.222552489887922e+38
2715.0,3.3255999119531168e+38
2725.0,3.154568773485899e+38
2735.0,3.2454132132568533e+38
2745.0,3.0900819698405364e+38
2755.0,2.979545350236747e+38
2765.0,2.937176196937747e+38
2775.0,2.924287043137594e+38
2785.0,2.8985446850184737e+38
2795.0,2.8485247679252346e+38
2805.0,2.8160476553404668e+38
2815.0,2.7902942234108534e+38
2825.0,2.7453012005994243e+38
2835.0,2.7039583641088573e+38
2845.0,2.6735604002878118e+38
2855.0,2.6386998963033114e+38
2865.0,2.6093359633315468e+38
2875.0,2.5791701865160537e+38
2885.0,2.563952646736037e+38
2895.0,2.5689757219792915e+38
2910.0,2.5724088793757428e+38
2930.0,2.4888573182823953e+38
2950.0,2.4046949979503013e+38
2970.0,2.357056538329811e+38
2990.0,2.3217208417756813e+38
3010.0,2.2245900991425178e+38
3030.0,2.1538229486973646e+38
3050.0,2.1320628358116617e+38
3070.0,2.144420745430416e+38
3090.0,2.0341360656271004e+38
3110.0,2.003733688595008e+38
3130.0,1.988245462522089e+38
3150.0,1.9490815029923537e+38
3170.0,1.8920386334700394e+38
3190.0,1.8829118991885472e+38
3210.0,2.0319358838272404e+38
3230.0,1.7770514423145468e+38
3250.0,1.7179875015841137e+38
3270.0,1.6844184897651076e+38
3290.0,1.6443338605926628e+38
3310.0,1.6109423543966454e+38
3330.0,1.6168882313429945e+38
3350.0,1.5630756586892688e+38
3370.0,1.526968225611525e+38
3390.0,1.5327453244098924e+38
3410.0,1.5537816923256412e+38
3430.0,1.4959256193278447e+38
3450.0,1.4290913811439577e+38
3470.0,1.3678233082192719e+38
3490.0,1.345674429420153e+38
3510.0,1.3243110414549583e+38
3530.0,1.2965820353826285e+38
3550.0,1.2772914350523685e+38
3570.0,1.2582588682447977e+38
3590.0,1.2315441908093751e+38
3610.0,1.2093722523534081e+38
3630.0,1.1789625232437863e+38
3640.0,1.1704153259399328e+38
3650.0,1.2045920704938252e+38
3670.0,1.1875721382041177e+38
3690.0,1.1666215647264529e+38
3710.0,1.1421417313754795e+38
3730.0,1.1075414786319922e+38
3750.0,1.1058341562470226e+38
3770.0,1.1025035587679488e+38
3790.0,1.0850506213721673e+38
3810.0,1.0678985578103168e+38
3830.0,1.040399177051358e+38
3850.0,1.049639099534138e+38
3870.0,1.0172319678678937e+38
3890.0,1.0392738504949794e+38
3910.0,1.0244246027277057e+38
3930.0,1.0187321213761666e+38
3950.0,9.945577363965176e+37
3970.0,9.198351470127568e+37
3990.0,9.50385934011672e+37
4010.0,9.321160798199565e+37
4030.0,9.149766265942377e+37
4050.0,9.146395988343217e+37
4070.0,8.967471394781762e+37
4090.0,7.617456801092265e+37
4110.0,8.73353369206306e+37
4130.0,8.464864293407843e+37
4150.0,8.314191052987764e+37
4170.0,8.195019663999184e+37
4190.0,8.00681879584088e+37
4210.0,7.924830826730567e+37
4230.0,7.772486922515541e+37
4250.0,7.59521373950189e+37
4270.0,7.432244700379623e+37
4290.0,7.335335800934721e+37
4310.0,7.2140641516767695e+37
4330.0,7.029751935626472e+37
4350.0,6.913532360375637e+37
4370.0,6.889219147974911e+37
4390.0,6.787658749840515e+37
4410.0,6.593408748284271e+37
4430.0,6.616982712359473e+37
4450.0,6.489332095341651e+37
4470.0,6.414606204503234e+37
4490.0,6.408995992162425e+37
4510.0,6.230171474290632e+37
4530.0,6.105904396098558e+37
4550.0,6.023237666293924e+37
4570.0,5.927751648858491e+37
4590.0,5.919158916670539e+37
4610.0,6.128017544352978e+37
4630.0,7.198798210055728e+37
4650.0,7.465347014464391e+37
4670.0,7.056023198801048e+37
4690.0,8.85706842869251e+37
4710.0,6.237922862294501e+37
4730.0,5.49427002840759e+37
4750.0,5.224683656854409e+37
4770.0,5.112343187860794e+37
4790.0,5.029560076206587e+37
4810.0,4.928445972327274e+37
4830.0,4.844623148668868e+37
4850.0,4.902188423002276e+37
4870.0,4.902188423002276e+37
4890.0,4.710098614817858e+37
4910.0,4.658434570121947e+37
4930.0,4.574567076482102e+37
4950.0,4.445596071514207e+37
4970.0,4.376329367000965e+37
4990.0,4.333911114523553e+37
5010.0,4.261868054241639e+37
5030.0,4.2314576631310192e+37
5050.0,4.143716168953503e+37
5070.0,4.081783821648277e+37
5090.0,4.025686952138246e+37
5110.0,3.9787806759187434e+37
5130.0,3.9278057357839787e+37
5150.0,3.8689222302989007e+37
5170.0,3.813028049023921e+37
5190.0,3.7448118293620107e+37
5210.0,3.6801879585613264e+37
5230.0,3.6605808212629224e+37
5250.0,3.6220963613998317e+37
5270.0,3.581541600806908e+37
5290.0,3.53752892822429e+37
5310.0,3.5102657772077924e+37
5330.0,3.4871449495928444e+37
5350.0,3.3903146008909496e+37
5370.0,3.343489779723794e+37
5390.0,3.310320168301875e+37
5410.0,3.2708452703264443e+37
5430.0,3.2920013148444033e+37
5450.0,3.2129206511412732e+37
5470.0,3.163370060818445e+37
5490.0,3.108780076749814e+37
5510.0,3.0532333678040306e+37
5530.0,3.0082920777241784e+37
5550.0,2.9737194950693035e+37
5570.0,2.948017111380772e+37
5590.0,2.925297230543697e+37
5610.0,2.882305430587718e+37
5630.0,2.8289156613510655e+37
5650.0,2.787147802702378e+37
5670.0,2.8548940797780886e+37
5690.0,2.9085062407747706e+37
5710.0,2.8271574767991655e+37
5730.0,2.7351427654271902e+37
5750.0,2.800528521341541e+37
5770.0,3.032494347329631e+37
5790.0,3.245712140626163e+37
5810.0,3.308491323147607e+37
5830.0,3.196097357148362e+37
5850.0,2.8598285667428927e+37
5870.0,2.8405994590064613e+37
5890.0,2.93995037645937e+37
5910.0,2.538107427374224e+37
5930.0,2.402038699015135e+37
5950.0,2.34099237969039e+37
5970.0,2.295884309446802e+37
5990.0,2.2586035166374627e+37
6010.0,2.2281786059606225e+37
6030.0,2.1979610903030077e+37
6050.0,2.1739522462518195e+37
6070.0,2.1453591158157007e+37
6090.0,2.1236845131893538e+37
6110.0,2.0957042783508187e+37
6130.0,2.0763951223074994e+37
6150.0,2.0523905200943578e+37
6170.0,2.0249299317285152e+37
6190.0,2.0065962671608318e+37
6210.0,1.9824397628726252e+37
6230.0,1.9568160417392614e+37
6250.0,1.9428085228546289e+37
6270.0,1.9163286828674627e+37
6290.0,1.8924307662957524e+37
6310.0,1.867110408510376e+37
6330.0,1.8520811004237796e+37
6350.0,1.82662753493571e+37
6370.0,1.8199522769412032e+37
6390.0,1.8115903557885098e+37
6410.0,1.773331791598969e+37
6430.0,1.7563456927616457e+37
6450.0,1.7364808569918281e+37
6470.0,1.7200061509503314e+37
6490.0,1.701492346767174e+37
6510.0,1.6828290482161457e+37
6530.0,1.685000367781823e+37
6550.0,2.1863012344734246e+37
6570.0,2.3129700007379955e+37
6590.0,1.877284092087177e+37
6610.0,1.6440688466463623e+37
6630.0,1.5836528985352162e+37
6650.0,1.5709776266358214e+37
6670.0,1.6767951147018226e+37
6690.0,1.6592048174216383e+37
6710.0,1.5609176808841953e+37
6730.0,1.5185531604543614e+37
6750.0,1.49678699123465e+37
6770.0,1.474144308429774e+37
6790.0,1.4491722193115532e+37
6810.0,1.4284663030299743e+37
6830.0,1.4100028808958995e+37
6850.0,1.3951792225951495e+37
6870.0,1.380638564202439e+37
6890.0,1.3642375527895228e+37
6910.0,1.35584486298471e+37
6930.0,1.3380119740216224e+37
6950.0,1.322269559551697e+37
6970.0,1.3105391522845144e+37
6990.0,1.3055995748861894e+37
7010.0,1.3041273410604544e+37
7030.0,1.299421355637492e+37
7050.0,1.296074601324667e+37
7070.0,1.373947062833648e+37
7090.0,1.334289289792037e+37
7110.0,1.3079164438438905e+37
7130.0,1.2701645865195068e+37
7150.0,1.2229536568506397e+37
7170.0,1.1948131671611936e+37
7190.0,1.1885295940272027e+37
7210.0,1.1736537750208456e+37
7230.0,1.1535860616795945e+37
7250.0,1.1414844509429543e+37
7270.0,1.143325790044728e+37
7290.0,1.128989752545154e+37
7310.0,1.1065473437549964e+37
7330.0,1.091767092803621e+37
7350.0,1.0842264554769715e+37
7370.0,1.0770106553759272e+37
7390.0,1.066547003794656e+37
7410.0,1.0567445093677272e+37
7430.0,1.0424854446536306e+37
7450.0,1.030409846231981e+37
7470.0,1.0203989428457752e+37
7490.0,1.0111602765343024e+37
7510.0,1.0010828007996571e+37
7530.0,9.917677912658153e+36
7550.0,9.845097012836841e+36
7570.0,9.777774114479623e+36
7590.0,9.732849323192491e+36
7610.0,9.721650414157866e+36
7630.0,9.591576611123764e+36
7650.0,9.520943764454333e+36
7670.0,9.534106524783505e+36
7690.0,9.58826436996206e+36
7710.0,9.606164070715699e+36
7730.0,9.527961640236501e+36
7750.0,9.361382702719716e+36
7770.0,9.144921882291285e+36
7790.0,8.963342672337119e+36
7810.0,8.806635062112135e+36
7830.0,8.684403625905293e+36
7850.0,8.581831833478989e+36
7870.0,8.491022662258878e+36
7890.0,8.395566384855836e+36
7910.0,8.30921506820947e+36
7930.0,8.224509375274933e+36
7950.0,8.143104348026887e+36
7970.0,8.06491881595093e+36
7990.0,7.983806452150071e+36
8010.0,7.910792625266012e+36
8030.0,7.836641866123602e+36
8050.0,7.761398815340515e+36
8070.0,7.690418959694114e+36
8090.0,7.621316543967089e+36
8110.0,7.554226461181141e+36
8130.0,7.502741785146805e+36
8150.0,7.468957702672755e+36
8170.0,7.457100566019964e+36
8190.0,7.429849213887621e+36
8210.0,7.429849213887621e+36
8230.0,7.398437340625728e+36
8250.0,7.40014108992272e+36
8270.0,7.262397234153625e+36
8290.0,7.147596047445662e+36
8310.0,7.073266152489582e+36
8330.0,7.009224979011926e+36
8350.0,6.938410650064026e+36
8370.0,6.840848933447977e+36
8390.0,6.765657366293352e+36
8410.0,6.710424586328967e+36
8430.0,6.661775607416517e+36
8450.0,6.622622495772436e+36
8470.0,6.588097229217454e+36
8490.0,6.583244727733903e+36
8510.0,6.511334402880437e+36
8530.0,6.464128780347446e+36
8550.0,6.314515010990982e+36
8570.0,6.318587441924058e+36
8590.0,6.1929845991804e+36
8610.0,6.123080935192035e+36
8630.0,6.150352393069738e+36
8650.0,6.077150615609194e+36
8670.0,5.925704629499345e+36
8690.0,5.985356183363575e+36
8710.0,5.951411776268097e+36
8730.0,5.871107062209238e+36
8750.0,5.683423255533396e+36
8770.0,5.741032428394428e+36
8790.0,5.750425747706413e+36
8810.0,5.713733761118405e+36
8830.0,5.674531353979914e+36
8850.0,5.579560614821775e+36
8870.0,5.436757972539139e+36
8890.0,5.514929944245625e+36
8910.0,5.479235916246345e+36
8930.0,5.433253894840362e+36
8950.0,5.386665405020914e+36
8970.0,5.338140496997933e+36
8990.0,5.324023944228075e+36
9010.0,5.181315045495434e+36
9030.0,5.1558467487505423e+36
9050.0,5.165352922264197e+36
9070.0,5.128850026747521e+36
9090.0,5.084871706963218e+36
9110.0,5.0433603526435274e+36
9130.0,5.003339813403501e+36
9150.0,4.9614657765118333e+36
9170.0,4.9218684290453476e+36
9190.0,4.8946314906512917e+36
9210.0,4.8617206381063584e+36
9230.0,4.706087524640558e+36
9250.0,4.765845947670909e+36
9270.0,4.744276586271891e+36
9290.0,4.74023639035036e+36
9310.0,4.743075087378855e+36
9330.0,4.7906009910965146e+36
9350.0,4.841500711359806e+36
9370.0,4.789387760442038e+36
9390.0,4.7813441023873733e+36
9410.0,4.7384903443797013e+36
9430.0,4.610096327244619e+36
9450.0,4.4854911072684196e+36
9470.0,4.4116393317691025e+36
9490.0,4.367872976251699e+36
9510.0,4.362847170291673e+36
9530.0,4.3587303248602984e+36
9550.0,4.2130828540400933e+36
9570.0,4.241212180461136e+36
9590.0,4.1959470591310514e+36
9610.0,4.173880395541256e+36
9630.0,4.2162853946019784e+36
9650.0,4.329721876892856e+36
9670.0,4.4281263058440836e+36
9690.0,4.513360253409544e+36
9710.0,4.525014758387879e+36
9730.0,4.4435492701950576e+36
9750.0,4.305761795528552e+36
9770.0,4.170518000435864e+36
9790.0,4.040824605218897e+36
9810.0,3.9345040799933374e+36
9830.0,3.8610017636183625e+36
9850.0,3.809956349398145e+36
9870.0,3.770682800695771e+36
9890.0,3.7352528002182056e+36
9910.0,3.70160437676049e+36
9930.0,3.674684013555491e+36
9950.0,3.6459440519704975e+36
9970.0,3.620512072814705e+36
9990.0,3.611935613826768e+36
10025.0,3.681883138047485e+36
10075.0,3.718433337110223e+36
10125.0,4.2727747647419043e+36
10175.0,3.7193752774033996e+36
10225.0,3.410907955636248e+36
10275.0,3.282993327114197e+36
10325.0,3.2399626221919274e+36
10375.0,3.1521726751417787e+36
10425.0,3.112074607311861e+36
10475.0,3.0513357687296015e+36
10525.0,3.007045503344156e+36
10575.0,2.9445572325482466e+36
10625.0,2.8774646700454177e+36
10675.0,2.80970031396237e+36
10725.0,2.7642034202175074e+36
10775.0,2.5631852781036696e+36
10825.0,4.967295539380324e+36
10875.0,3.798481363803784e+36
10925.0,2.9021509652938796e+36
10975.0,2.555171177785143e+36
11025.0,2.5387503717105917e+36
11075.0,2.4814755474451098e+36
11125.0,2.427392467851633e+36
11175.0,2.383307062799623e+36
11225.0,2.3481184448158685e+36
11275.0,2.306534739236283e+36
11325.0,2.2705444059925125e+36
11375.0,2.239133564226655e+36
11425.0,2.2009491050306186e+36
11475.0,2.1665564044281615e+36
11525.0,2.1459519823497836e+36
11575.0,2.1658082315684903e+36
11625.0,2.323164699697012e+36
11675.0,2.1850933735369735e+36
11725.0,2.0539033345886493e+36
11775.0,1.997698759818148e+36
11825.0,2.0088615205651987e+36
11875.0,2.0320294600874138e+36
11925.0,1.996411210931751e+36
11975.0,1.9824397628726252e+36
12025.0,1.8810052166743243e+36
12075.0,1.8142619820386028e+36
12125.0,1.7782794100389228e+36
12175.0,1.7475918070088542e+36
12225.0,1.7212739653404343e+36
12275.0,1.693947709663744e+36
12325.0,1.668284059036402e+36
12375.0,1.6415722426231534e+36
12425.0,1.6246132839435044e+36
12475.0,1.60524009936538e+36
12525.0,1.6019169621363356e+36
12575.0,1.5649843539064484e+36
12625.0,1.527671582407734e+36
12675.0,1.507925897648916e+36
12725.0,1.5071622229995773e+36
12775.0,1.6600837560057553e+36
12825.0,1.7327663282747813e+36
12875.0,1.5021039909500663e+36
12925.0,1.426691257584612e+36
12975.0,1.417849061282667e+36
13025.0,1.3738205234600555e+36
13075.0,1.3480003346009716e+36
13125.0,1.3294132408557757e+36
13175.0,1.3121394713720902e+36
13225.0,1.2881605656402163e+36
13275.0,1.2691998146343287e+36
13325.0,1.253227741856966e+36
13375.0,1.2411663709899848e+36
13425.0,1.2331332268438642e+36
13475.0,1.2154021492658317e+36
13525.0,1.1994716839752056e+36
13575.0,1.1904194113479565e+36
13625.0,1.1775788584533869e+36
13675.0,1.1626526879603408e+36
13725.0,1.140775012922125e+36
13775.0,1.1246826616095815e+36
13825.0,1.1181240785294572e+36
13875.0,1.1108361382938664e+36
13925.0,1.104714361608611e+36
13975.0,1.0866007488513095e+36
14025.0,1.0592293352397227e+36
14075.0,1.0358574645826898e+36
14125.0,1.0163656995605607e+36
14175.0,9.997927888128344e+35
14225.0,9.893956577386933e+35
14275.0,9.960473858646245e+35
14325.0,9.901021418380566e+35
14375.0,9.671637266500227e+35
14425.0,9.444522378733375e+35
14475.0,9.288808297538755e+35
14525.0,9.157564790173335e+35
14570.0,9.06275000101755e+35
14620.0,8.995597187678334e+35
14675.0,8.960247378023216e+35
14725.0,9.049612847462714e+35
14775.0,9.177618484027184e+35
14825.0,8.825717050493181e+35
14875.0,8.647289523233705e+35
14925.0,8.452204573829013e+35
14975.0,8.239104286938973e+35
15025.0,8.094685874176858e+35
15075.0,8.00626572349545e+35
15125.0,7.892598307114798e+35
15175.0,7.778932446100832e+35
15225.0,7.681039526698612e+35
15275.0,7.588221509663043e+35
15325.0,7.499287440321939e+35
15375.0,7.392307090401328e+35
15425.0,7.306678526193548e+35
15475.0,7.227032371087055e+35
15525.0,7.160444781785926e+35
15575.0,7.06642900425213e+35
15625.0,7.008095316467894e+35
15675.0,6.990045456718151e+35
15725.0,6.97332650160586e+35
15775.0,6.841321498872987e+35
15825.0,6.719392340911098e+35
15875.0,6.620335517966985e+35
15925.0,6.532659166535936e+35
15975.0,6.4630869698498765e+35
16050.0,6.36033513737066e+35
16150.0,6.226442760550016e+35
16250.0,6.109560925275196e+35
16350.0,5.984667133433012e+35
16450.0,5.755857057331805e+35
16550.0,5.6670885672344845e+35
16650.0,5.584059021806124e+35
16750.0,5.4882008913076124e+35
16850.0,5.384185325031762e+35
16950.0,5.10728390266025e+35
17050.0,5.441642418513176e+35
17150.0,5.031876807623919e+35
17250.0,5.085457158153482e+35
17350.0,5.231424958272178e+35
17450.0,4.899367308565708e+35
17550.0,4.635536446198508e+35
17650.0,4.50847846931773e+35
17750.0,4.440685331432333e+35
17850.0,4.346703331453116e+35
17950.0,4.296947029863578e+35
18050.0,4.199910154847813e+35
18150.0,4.2753335217382415e+35
18250.0,4.024852784765736e+35
18350.0,3.900856730798384e+35
18450.0,3.887496401266884e+35
18550.0,4.170614031267197e+35
18650.0,5.887487526204494e+35
18750.0,7.361731946856189e+35
18850.0,4.217741899501577e+35
18950.0,3.551730461229144e+35
19050.0,3.534760555148314e+35
19150.0,3.411222126336598e+35
19250.0,3.2757443453010714e+35
19350.0,3.248852540823802e+35
19450.0,3.43526306500663e+35
19550.0,3.2141045529220644e+35
19650.0,3.05105474326132e+35
19750.0,2.971118681039967e+35
19850.0,2.9171583214169996e+35
19950.0,2.8721029297978197e+35
20050.0,2.8318483990502777e+35
20150.0,2.779905290181413e+35
20250.0,2.7301090838755002e+35
20350.0,2.7085072348884925e+35
20450.0,2.661337784924617e+35
20550.0,2.526155031940056e+35
20650.0,2.987651933161496e+35
20750.0,3.00123498278118e+35
20850.0,2.8378536836933666e+35
20950.0,2.6254273189936788e+35
21050.0,2.461330877647635e+35
21150.0,2.5124648813287808e+35
21250.0,2.3330282630082365e+35
21350.0,2.257615613662857e+35
21450.0,2.223719477191456e+35
21550.0,2.2474498003813764e+35
21650.0,2.5217962814816747e+35
21750.0,2.2240267166134908e+35
21850.0,2.2161032977080662e+35
21950.0,2.136830136150446e+35
22050.0,2.0226465590945657e+35
22150.0,1.9832615856936248e+35
22250.0,1.9421376164312524e+35
22350.0,1.905636225463319e+35
22450.0,1.889382985166562e+35
22550.0,1.8579755730855985e+35
22650.0,1.84026344763107e+35
22750.0,1.808881012188772e+35
22850.0,1.7723520829638253e+35
22950.0,1.7388815519126524e+35
23050.0,1.7162478255375165e+35
23150.0,1.701649067220869e+35
23250.0,1.665750682954137e+35
23350.0,1.6387775280410711e+35
23450.0,1.648807673617824e+35
23550.0,1.5991529368866112e+35
23650.0,1.5564314579458138e+35
23750.0,1.5369155334902352e+35
23850.0,1.5121678487917694e+35
23950.0,1.4901500441502286e+35
24050.0,1.5046656272036033e+35
24150.0,1.5354652778554166e+35
24250.0,1.524228226955741e+35
24350.0,1.475061065904949e+35
24450.0,1.4173268025941796e+35
24550.0,1.3765119943297897e+35
24650.0,1.350890041003847e+35
24750.0,1.340571554841675e+35
24850.0,1.299421355637492e+35
24950.0,1.2798232631246137e+35
25050.0,1.2573610418027222e+35
25150.0,1.2366591067949075e+35
25250.0,1.2251238654037005e+35
25350.0,1.2063129775490615e+35
25450.0,1.1883927673774349e+35
25550.0,1.1841589451622043e+35
25650.0,1.1865061673991085e+35
25750.0,1.1482064971426507e+35
25850.0,1.1291457390185434e+35
25950.0,1.1138840879261057e+35
26050.0,1.1249934658505199e+35
26150.0,1.2603466170069897e+35
26250.0,1.4676753493204156e+35
26350.0,1.1609138701261775e+35
26450.0,1.0566471840836197e+35
26550.0,1.0373611994719462e+35
26650.0,1.0224686477805327e+35
26750.0,1.0185210286838925e+35
26850.0,9.89418439677896e+34
26950.0,9.831278523765209e+34
27050.0,9.678097655882088e+34
27150.0,9.472835594797008e+34
27250.0,9.309149394995778e+34
27350.0,9.190094982958695e+34
27450.0,9.111502527914776e+34
27550.0,9.278547598526718e+34
27650.0,8.991869597172531e+34
27750.0,8.753061905504812e+34
27850.0,8.607757035482432e+34
27950.0,8.575313378969913e+34
28050.0,8.688603922784584e+34
28150.0,8.974701235756677e+34
28250.0,9.458668392808918e+34
28350.0,8.777483060471352e+34
28450.0,8.2387248709012165e+34
28550.0,8.05879299020169e+34
28650.0,8.164131663560028e+34
28750.0,8.099346891353342e+34
28850.0,7.8498254534409215e+34
28950.0,7.567980423806505e+34
29050.0,7.420616710482489e+34
29150.0,7.327570406132719e+34
29250.0,7.258552126267118e+34
29350.0,7.172986277567071e+34
29450.0,7.099536560226343e+34
29550.0,6.979591418442044e+34
29650.0,6.871159026599481e+34
29750.0,6.780160896380995e+34
29850.0,6.698074905401458e+34
29950.0,6.619878217185511e+34
30050.0,6.544251783081976e+34
30150.0,6.47336357866344e+34
30250.0,6.491573818353223e+34
30350.0,6.814437301222843e+34
30450.0,6.561905927776831e+34
30550.0,6.424066086129006e+34
30650.0,6.589007471361652e+34
30750.0,7.106242112640689e+34
30850.0,8.323960295478907e+34
30950.0,8.339115710713985e+34
31050.0,7.029104501361827e+34
31150.0,6.278125600956416e+34
31250.0,5.951137709938e+34
31350.0,5.825725266217298e+34
31450.0,5.833779365403159e+34
31550.0,5.669176784459601e+34
31650.0,5.5203930443944985e+34
31750.0,5.418636274368726e+34
31850.0,5.341952229293096e+34
31950.0,5.271934429321012e+34
32100.0,5.18286623208904e+34
32300.0,5.071541691146658e+34
32500.0,5.0777346270521e+34
32700.0,5.209427520403071e+34
32900.0,5.718867045330648e+34
33100.0,4.990338439306984e+34
33300.0,4.614556842160899e+34
33500.0,4.466630220849979e+34
33700.0,4.371092529978511e+34
33900.0,4.284103949409751e+34
34100.0,4.197009961500064e+34
34300.0,4.1103613193191425e+34
34500.0,4.0488342676105453e+34
34700.0,3.9867591532222744e+34
34900.0,3.926991850494511e+34
35100.0,3.787302547605983e+34
35300.0,3.7579413689893893e+34
35500.0,3.759412663493964e+34
35700.0,3.608278079727402e+34
35900.0,3.495908040169008e+34
36100.0,3.4234185532424967e+34
36300.0,3.344644779632519e+34
36500.0,3.2877591870669674e+34
36700.0,3.212254898038881e+34
36900.0,3.1260793671239367e+34
37100.0,3.2107759405589427e+34
37300.0,3.554512124888901e+34
37500.0,3.3168054625235963e+34
37700.0,2.9576719323841395e+34
37900.0,2.886622550242484e+34
38100.0,2.853185445781819e+34
38300.0,2.8077601119439724e+34
38500.0,2.776578778458528e+34
38700.0,2.7138135090332447e+34
38900.0,2.6511847929916926e+34
39100.0,2.636634922165467e+34
39300.0,2.5373477939902673e+34
39500.0,2.509400614462203e+34
39700.0,2.4496836298251e+34
39900.0,2.408574033642774e+34
40100.0,2.5173870861756666e+34
40300.0,3.114225094958213e+34
40500.0,4.843396236779467e+34
40700.0,2.80388372632579e+34
40900.0,2.307065899636721e+34
41100.0,2.2640707812441443e+34
41300.0,2.213247590052519e+34
41500.0,2.1359938601897917e+34
41700.0,2.168452932603912e+34
41900.0,2.0824759761419655e+34
42100.0,2.1223157644645987e+34
42300.0,2.0701890161059247e+34
42500.0,1.989756811090657e+34
42700.0,1.991406865260285e+34
42900.0,2.844919617360519e+34
43100.0,2.2660004929258726e+34
43300.0,1.9157992548309922e+34
43500.0,1.8160591934273915e+34
43700.0,1.8684436302655462e+34
43900.0,1.7797131115560266e+34
44100.0,1.732606741947437e+34
44300.0,1.6737477260926432e+34
44500.0,1.6413076737612082e+34
44700.0,1.6156973028748007e+34
44900.0,1.5909627081886101e+34
45100.0,1.5729684072692213e+34
45300.0,1.5424816280180673e+34
45500.0,1.5205825420363334e+34
45700.0,1.4959945108347657e+34
45900.0,1.480028232761238e+34
46100.0,1.4705168321919422e+34
46300.0,1.53893401871875e+34
46500.0,2.130247184591245e+34
46700.0,1.7179875015841139e+34
46900.0,1.4298154975281886e+34
47100.0,1.42000541333275e+34
47300.0,1.5011012963071072e+34
47500.0,1.732128071146564e+34
47700.0,1.6920765237123827e+34
47900.0,1.4040416789228068e+34
48100.0,1.2970896681091875e+34
48300.0,1.252304669645804e+34
48500.0,1.2274392311584034e+34
48700.0,1.2119089701775497e+34
48900.0,1.18943304510228e+34
49100.0,1.1762509846847304e+34
49300.0,1.1603526541990675e+34
49500.0,1.1460669800002263e+34
49700.0,1.1301081319529724e+34
49900.0,1.1149618303931857e+34
50100.0,1.1028844157747412e+34
50300.0,1.0862755387380564e+34
50500.0,1.0667434871094457e+34
50700.0,1.0547025596550898e+34
50900.0,1.0501951299255157e+34
51100.0,1.1002465108919252e+34
51300.0,1.147651424289779e+34
51500.0,1.0434700780491903e+34
51700.0,1.0100200614247336e+34
51900.0,9.923845629964263e+33
52100.0,9.881207059992631e+33
52300.0,9.884848101868511e+33
52500.0,9.705099672454938e+33
52700.0,9.591355759453122e+33
52900.0,9.413692328912582e+33
53100.0,9.287738945521022e+33
53300.0,9.182903066784093e+33
53500.0,9.089709421888075e+33
53700.0,9.084269294828911e+33
53900.0,8.973874673290572e+33
54100.0,8.850340914245977e+33
54300.0,8.786582679745032e+33
54500.0,8.77990870376872e+33
54700.0,8.71404904636073e+33
54900.0,8.795084168721415e+33
55100.0,9.045446306189953e+33
55300.0,9.000569712227918e+33
55500.0,8.932643464427196e+33
55700.0,9.515683750019954e+33
55900.0,9.191153092652649e+33
56100.0,8.397306400684115e+33
56300.0,8.076626507614462e+33
56500.0,7.952432655333978e+33
56700.0,7.882246275836304e+33
56900.0,7.841876528725842e+33
57100.0,7.902418035526702e+33
57300.0,7.712230480375377e+33
57500.0,7.618333843701792e+33
57700.0,7.542928655886498e+33
57900.0,7.462940858766738e+33
58100.0,7.381251445377231e+33
58300.0,7.287859643647196e+33
58500.0,7.214396379258032e+33
58700.0,7.198466700780162e+33
58900.0,8.128305161640928e+33
59100.0,8.405237704048981e+33
59300.0,7.518652276696604e+33
59500.0,7.408665723434528e+33
59700.0,7.149077416264225e+33
59900.0,6.828416451426693e+33
60100.0,6.697920678302841e+33
60300.0,6.630709479798191e+33
60500.0,6.570070049599317e+33
60700.0,6.513583726532214e+33
60900.0,6.464426471333347e+33
61100.0,6.419186593806251e+33
61300.0,6.346145133522347e+33
61500.0,6.286660388874278e+33
61700.0,6.239072035989534e+33
61900.0,6.197406738203046e+33
62100.0,6.15488581015306e+33
62300.0,6.121812164322343e+33
62500.0,6.078410130188349e+33
62700.0,6.163536894760127e+33
62900.0,6.260802442700659e+33
63100.0,6.032259277063737e+33
63300.0,5.879630038419735e+33
63500.0,5.814334323084447e+33
63700.0,5.759701812546675e+33
63900.0,5.715444343689019e+33
64200.0,5.642609555694676e+33
64600.0,5.564805633776212e+33
65000.0,5.521791450704703e+33
65400.0,5.477091546788992e+33
65800.0,5.331138924734362e+33
66200.0,5.234678335779989e+33
66600.0,5.182030920072284e+33
67000.0,5.0769162588824534e+33
67400.0,5.0578972208011615e+33
67800.0,5.17535326863562e+33
68200.0,4.86564030124548e+33
68600.0,4.926970931495184e+33
69000.0,5.308599966617737e+33
69400.0,6.169500446561345e+33
69800.0,5.148372952117518e+33
70200.0,4.6433348119455325e+33
70600.0,4.4738353832786957e+33
71000.0,4.4286361420731565e+33
71400.0,4.3600352453265704e+33
71800.0,4.3717971236354374e+33
72200.0,4.3273298451644124e+33
72600.0,4.2157029334840704e+33
73000.0,4.0941146470669014e+33
73400.0,4.0295820197081294e+33
73800.0,4.012730565115594e+33
74200.0,4.579625869939131e+33
74600.0,8.217505435131408e+33
75000.0,5.991285288644506e+33
75400.0,4.078683443701753e+33
75800.0,3.7914907431285963e+33
76200.0,3.6654727904685104e+33
76600.0,3.6081119162071394e+33
77000.0,3.5588525931538037e+33
77400.0,3.5086496122418855e+33
77800.0,3.5026762691381547e+33
78200.0,3.439774716819365e+33
78600.0,3.38890972423248e+33
79000.0,3.3218498642544614e+33
79400.0,3.280952931131177e+33
79800.0,3.2467586032617246e+33
80200.0,3.2365327057453153e+33
80600.0,3.194993654842384e+33
81000.0,3.126223331713818e+33
81400.0,3.163879976923927e+33
81800.0,3.081910340559708e+33
82200.0,3.015157479805234e+33
82600.0,2.9650361998949606e+33
83000.0,2.9230752787165317e+33
83400.0,2.880049817442871e+33
83800.0,2.8525942338384414e+33
84200.0,2.8213047496792557e+33
84600.0,2.774278140918998e+33
85000.0,2.738230477470819e+33
85400.0,2.7110654352828574e+33
85800.0,2.7212597619968256e+33
86200.0,2.713188702316454e+33
86600.0,2.745743726535268e+33
87000.0,2.617459677455551e+33
87400.0,2.8634526102869e+33
87800.0,2.671099093806166e+33
88200.0,2.4967784084649077e+33
88600.0,2.4450063985266648e+33
89000.0,2.408296752271408e+33
89400.0,2.3725752737181568e+33
89800.0,2.340399518017666e+33
90200.0,2.3157410807022792e+33
90600.0,2.3005411185489403e+33
91000.0,2.3088727601076202e+33
91400.0,2.2469841036401444e+33
91800.0,2.1948255137007213e+33
92200.0,2.168652663697619e+33
92600.0,2.1698514366511843e+33
93000.0,2.1185562525047047e+33
93400.0,2.0814692531492358e+33
93800.0,2.156155109908534e+33
94200.0,2.0605350199406112e+33
94600.0,1.9925076614963903e+33
95000.0,1.968430111911443e+33
95400.0,1.9436586703763212e+33
95800.0,1.9272586341773677e+33
96200.0,1.9337930720136105e+33
96600.0,2.0570270370948992e+33
97000.0,2.2955671432171777e+33
97400.0,2.0224602750407877e+33
97800.0,1.8453553148841174e+33
98200.0,1.7806558875810412e+33
98600.0,1.7450183572026375e+33
99000.0,1.7054146917142153e+33
99400.0,1.6758301516083895e+33
99800.0,1.6509350961064958e+33
100200.0,1.6280584772696357e+33
200000.0,1.508794179459854e+32
400000.0,1.8912546115647015e+31
600000.0,5.210027312436767e+30
800000.0,2.4700173280466127e+30
1000000.0,1.6241270513777772e+30
1200000.0,1.427479894198169e+30
1400000.0,1.2343831933726485e+30
1600000.0,1.0426534869969898e+30
