WAVE,FLUX
91.0,4.562784945900592e+25
94.0,1.6558462162500078e+26
96.0,4.893279240819356e+26
98.0,8.501782690401484e+26
100.0,1.9296120387082988e+27
102.0,4.156999765430297e+27
104.0,8.560714232661349e+27
106.0,1.6872521880019265e+28
108.0,3.3045322907264447e+28
110.0,9.205343521959074e+28
114.0,3.013977459140426e+29
118.0,9.356210840627022e+29
121.0,2.2807096493391976e+30
125.0,5.302125461399216e+30
127.0,7.372588593477559e+30
128.0,8.745607853370879e+30
131.0,1.5439385106352647e+31
132.0,1.8816116788592815e+31
134.0,2.7856079934107914e+31
137.0,5.025971250296125e+31
140.0,8.705024544851604e+31
143.0,1.4134485348699564e+32
147.0,2.819356534368661e+32
151.0,5.333963014713599e+32
155.0,1.0369790918736705e+33
159.0,1.7314900491176524e+33
162.0,2.989716442977157e+33
166.0,4.571092397886044e+33
170.0,7.195815176100328e+33
173.0,8.832425847310559e+33
177.0,1.3239451713406192e+34
180.0,1.716722107858081e+34
182.0,2.0480945409881874e+34
186.0,2.931905714751872e+34
191.0,4.544122180578624e+34
194.0,4.955756964830351e+34
198.0,5.594741176112485e+34
202.0,3.0932142340187996e+34
205.0,5.65613803967662e+34
210.0,2.2357848037456713e+35
216.0,2.4762814252739516e+35
220.0,3.512287030328104e+35
223.0,5.0879167893211815e+35
227.0,7.277965624790419e+35
230.0,1.5828873195783507e+36
234.0,6.503393011772354e+36
240.0,8.010506921318288e+36
246.0,5.809249108320981e+36
252.0,6.421108375457963e+37
257.0,1.7767650385453698e+38
260.0,3.875609394789051e+37
264.0,7.602212412388969e+38
269.0,3.2945795624128308e+38
274.0,5.6018309666948535e+38
279.0,1.9664821109718453e+37
284.0,2.7155012059611575e+38
290.0,4.898464894873282e+38
296.0,3.6907956493485175e+38
301.0,2.7554339176857175e+38
308.0,4.15106945517244e+38
318.0,2.1046505636839382e+39
328.0,9.791517399691125e+38
338.0,4.9374191824968185e+38
348.0,1.1911048691173817e+38
357.0,2.423259924092547e+38
366.0,1.7843087286027645e+39
375.0,1.6169626935123038e+39
385.0,1.183068796577282e+39
395.0,8.418796270555413e+38
405.0,2.5390426729745285e+39
414.0,2.531337191386097e+39
422.0,1.437540205523007e+39
430.0,1.7813940606504922e+39
441.0,1.45867990470399e+39
451.0,9.466076284377598e+38
460.0,6.1449732970198975e+38
470.0,2.6582755696601537e+39
480.0,2.0484718486951936e+39
490.0,2.6256086833519476e+39
500.0,2.3947489968108483e+39
506.0,2.1405727871943755e+39
512.0,2.7704479804146595e+39
520.0,3.0058686574056343e+39
530.0,1.672938592955363e+39
540.0,3.99456966845502e+38
550.0,4.960780372030749e+38
560.0,2.911253341360776e+39
570.0,2.8364164798359704e+39
580.0,2.395852073452438e+39
590.0,3.1844908106622287e+39
600.0,1.5616007179835074e+39
610.0,3.6139321948359604e+39
620.0,2.6932086459226287e+39
630.0,2.8616729608568076e+39
640.0,1.5915855956846618e+39
650.0,2.6816370667607514e+39
658.0,2.213196628730139e+39
665.0,1.7170779056093585e+39
675.0,2.7066369104350313e+39
685.0,2.3100426591195086e+39
695.0,2.533378030385359e+39
705.0,2.6228291394326097e+39
716.0,2.607053839011503e+39
726.0,2.5658425330363142e+39
735.0,2.3906169807011164e+39
745.0,2.463088406210378e+39
755.0,2.3714283091877624e+39
765.0,1.809589218206733e+39
775.0,1.839331463807958e+39
785.0,5.08709678011322e+38
795.0,2.3589025507421366e+39
805.0,2.3082880328019953e+39
815.0,2.2945102388602927e+39
825.0,2.274416513982837e+39
835.0,1.1248898548946906e+39
845.0,2.178612544594697e+39
855.0,2.0491794880044617e+39
865.0,1.5773933297029378e+39
875.0,2.152831304926385e+39
885.0,2.049651383345546e+39
895.0,2.1048928844834802e+39
905.0,2.0757258794786747e+39
915.0,3.6978560418847755e+39
925.0,2.6409489116859386e+39
935.0,5.54140637503523e+39
945.0,5.594483534692328e+39
955.0,4.560054151251693e+39
965.0,4.549985367579096e+39
975.0,3.71406927533339e+39
985.0,4.2934854947230946e+39
995.0,3.948116870581673e+39
1005.0,3.6130169582445347e+39
1015.0,4.3616418375993735e+39
1025.0,3.563936849215354e+39
1035.0,3.896727173078981e+39
1045.0,4.311515979123672e+39
1055.0,4.219004610730813e+39
1065.0,3.955123053484044e+39
1075.0,3.9933741286437533e+39
1085.0,3.55721405828353e+39
1095.0,3.9507541047547747e+39
1105.0,3.784948721041429e+39
1115.0,3.6518253579666456e+39
1125.0,3.4658518932057736e+39
1135.0,3.6602436848356504e+39
1145.0,3.529474105672528e+39
1155.0,3.475361614432033e+39
1165.0,3.4055714785896054e+39
1175.0,2.9291391262889096e+39
1185.0,3.322308826476417e+39
1195.0,2.8830355659367625e+39
1205.0,2.8131960567999456e+39
1215.0,2.5171552369337744e+39
1225.0,2.959034304318085e+39
1235.0,1.7987052406243496e+39
1245.0,3.59037656057569e+39
1255.0,2.890347099702045e+39
1265.0,2.905561016415578e+39
1275.0,2.924085047521745e+39
1285.0,2.8707805820246805e+39
1295.0,2.673806655641023e+39
1305.0,2.6630541660401188e+39
1315.0,2.7299205011346136e+39
1325.0,2.6433824360314415e+39
1335.0,2.5276096222944384e+39
1345.0,2.5725865812234528e+39
1355.0,2.5288321254467883e+39
1365.0,2.4345012395094503e+39
1375.0,2.3974524371622575e+39
1385.0,2.3677181320430442e+39
1395.0,2.1771582623740856e+39
1405.0,2.1701512334142453e+39
1415.0,2.2318242904940187e+39
1425.0,2.1835342074077477e+39
1435.0,2.175604758317111e+39
1442.0,2.168752536143152e+39
1447.0,2.1430879777276175e+39
1455.0,2.1036815594197632e+39
1465.0,2.0400931611536723e+39
1475.0,2.0128434559727684e+39
1485.0,1.9843578794379587e+39
1495.0,1.9488122460315428e+39
1505.0,1.8898615969370647e+39
1512.0,1.8129256767818513e+39
1517.0,1.823055960681083e+39
1525.0,1.8131761590224272e+39
1535.0,1.7153391506418307e+39
1545.0,1.6801575196331353e+39
1555.0,1.6427822434771857e+39
1565.0,1.6604660484280905e+39
1575.0,1.6693984271959958e+39
1585.0,1.6507830463670594e+39
1595.0,1.6361005852758888e+39
1605.0,1.5991529368866112e+39
1615.0,1.574490338384196e+39
1625.0,1.545432353771658e+39
1635.0,1.5495657192412312e+39
1645.0,1.5241580352681053e+39
1655.0,1.497269576131849e+39
1665.0,1.49844221589555e+39
1672.0,1.45633068423777e+39
1677.0,1.4832692726833877e+39
1685.0,1.4672023029373004e+39
1695.0,1.4259030566673314e+39
1705.0,1.3919383484931636e+39
1715.0,1.3512322436590817e+39
1725.0,1.3322631021321647e+39
1735.0,1.3386591166189762e+39
1745.0,1.3097849623996765e+39
1755.0,1.3070433745893106e+39
1765.0,1.2708081751660649e+39
1775.0,1.2480730343512809e+39
1785.0,1.2402521826519844e+39
1795.0,1.2386254522789691e+39
1805.0,1.2276653546466161e+39
1815.0,1.1736267509550972e+39
1825.0,1.1757364978178958e+39
1835.0,1.1521260598258134e+39
1845.0,1.1044345901706568e+39
1855.0,1.0832033637766073e+39
1865.0,1.0812098660850457e+39
1875.0,1.0947375125932113e+39
1885.0,1.041333883653603e+39
1895.0,1.0048008643912567e+39
1905.0,1.026833431668082e+39
1915.0,9.935963787255562e+38
1925.0,9.691700839472983e+38
1935.0,9.799637253344744e+38
1945.0,9.78565724550093e+38
1955.0,9.351472477127865e+38
1967.0,9.525767998554665e+38
1976.0,9.580099064694042e+38
1984.0,9.255928689088122e+38
1995.0,9.06149802231998e+38
2005.0,9.086779718007853e+38
2015.0,8.960660022165453e+38
2025.0,8.997254390546565e+38
2035.0,8.634356975624365e+38
2045.0,8.604190157960875e+38
2055.0,8.400013808798867e+38
2065.0,8.412207951590139e+38
2074.0,8.623429158784738e+38
2078.0,8.282281741943497e+38
2085.0,8.361996857435327e+38
2095.0,8.112225229527664e+38
2105.0,8.125311134907573e+38
2115.0,8.061762506230273e+38
2125.0,8.030082367142857e+38
2135.0,7.877528806964426e+38
2145.0,7.676796000029176e+38
2155.0,7.736241169900132e+38
2165.0,7.620965577451204e+38
2175.0,7.526966792214176e+38
2185.0,7.38329124231815e+38
2195.0,7.383121237711837e+38
2205.0,7.270260963686194e+38
2215.0,7.138385536016631e+38
2225.0,7.002127266840008e+38
2235.0,6.969794927090733e+38
2245.0,6.897155222126118e+38
2255.0,6.748698090583899e+38
2265.0,6.730386425795183e+38
2275.0,6.659628450786931e+38
2285.0,6.615002307229587e+38
2295.0,6.4304297782784484e+38
2305.0,6.407963067304273e+38
2315.0,6.28405532607635e+38
2325.0,5.7600996923948415e+38
2335.0,6.062475548581405e+38
2345.0,5.9901817547513175e+38
2355.0,5.983702596794598e+38
2365.0,5.866782664019767e+38
2375.0,5.812326469917691e+38
2385.0,5.694557728975467e+38
2395.0,5.686172098861394e+38
2405.0,5.585473555755038e+38
2415.0,5.529552680806459e+38
2425.0,5.5115023890288845e+38
2435.0,5.397467052856429e+38
2445.0,5.380591237129304e+38
2455.0,5.3308934223669805e+38
2465.0,5.243967603311173e+38
2475.0,5.174161736692296e+38
2485.0,5.1383064246304855e+38
2495.0,4.938215064582147e+38
2505.0,5.032687915706653e+38
2513.0,4.8824746826954365e+38
2518.0,4.940034705414799e+38
2525.0,4.866536667867449e+38
2535.0,4.8014233481092564e+38
2545.0,4.729334149186492e+38
2555.0,4.734237051291699e+38
2565.0,4.669495917086632e+38
2575.0,4.6563969918861344e+38
2585.0,4.604897842285431e+38
2595.0,4.549566317738137e+38
2605.0,4.486420743836875e+38
2615.0,4.432819013944133e+38
2625.0,4.3968332975425295e+38
2635.0,4.355319302103491e+38
2645.0,4.3616418375993736e+38
2655.0,4.317476675131541e+38
2665.0,4.232334650218373e+38
2675.0,4.2099796832627494e+38
2685.0,4.173688185671519e+38
2695.0,4.096566413208059e+38
2705.0,4.0677101581240344e+38
2715.0,4.014024325135285e+38
2725.0,3.9615943170106965e+38
2735.0,3.9442097288817995e+38
2745.0,3.844766770841986e+38
2755.0,3.8156629054297285e+38
2765.0,3.789134313580585e+38
2775.0,3.7860818622733395e+38
2785.0,3.738006050401742e+38
2795.0,3.6256009334741174e+38
2805.0,3.633540455915077e+38
2815.0,3.6372235972431764e+38
2825.0,3.59037656057569e+38
2835.0,3.516818861744557e+38
2845.0,3.50017694610384e+38
2855.0,3.465772089935483e+38
2865.0,3.4508811322087476e+38
2875.0,3.40698326239866e+38
2885.0,3.378858463041743e+38
2895.0,3.3398733621764764e+38
2910.0,3.3018702251790152e+38
2930.0,3.2280481195758518e+38
2950.0,3.1520275155679857e+38
2970.0,3.1029873136163652e+38
2990.0,3.0399049181453037e+38
3010.0,2.9814669534999238e+38
3030.0,2.9328510018409748e+38
3050.0,2.8744846909198314e+38
3070.0,2.819161786845228e+38
3090.0,2.762485454631565e+38
3110.0,2.7111902873348035e+38
3130.0,2.6571128519351326e+38
3150.0,2.6106581061615587e+38
3170.0,2.5591750909098787e+38
3190.0,2.4986763142038086e+38
3210.0,2.464336445834911e+38
3230.0,2.4192458236548376e+38
3250.0,2.3760742073271836e+38
3270.0,2.333135705404165e+38
3290.0,2.2913424445559095e+38
3310.0,2.2536683209177493e+38
3330.0,2.2114646417744815e+38
3350.0,2.1677041048196874e+38
3370.0,2.1319646529503653e+38
3390.0,2.0944982411518627e+38
3410.0,2.060060618838086e+38
3430.0,2.0097405720121e+38
3450.0,1.9818008027919745e+38
3470.0,1.9524053992533614e+38
3490.0,1.9191105813411793e+38
3510.0,1.890557975949496e+38
3530.0,1.859816087241271e+38
3550.0,1.8289422812817623e+38
3570.0,1.800321218127042e+38
3590.0,1.764371361960917e+38
3610.0,1.734842288643284e+38
3630.0,1.7072613161061505e+38
3640.0,1.6969928011830874e+38
3650.0,1.741004926352608e+38
3670.0,1.6919596432439369e+38
3690.0,1.684030682724254e+38
3710.0,1.8170212232379567e+38
3730.0,1.8153902557255467e+38
3750.0,1.9373139245819493e+38
3770.0,1.9192431533825055e+38
3790.0,1.955464787865302e+38
3810.0,2.0093241312822785e+38
3830.0,1.8383999519791402e+38
3850.0,1.992278278779015e+38
3870.0,1.9720140280581187e+38
3890.0,1.7541228261264402e+38
3910.0,1.9285015843745247e+38
3930.0,1.865477434400738e+38
3950.0,1.8721903397002606e+38
3970.0,1.6306471659526993e+38
3990.0,1.8163101086091963e+38
4010.0,1.7925034490935042e+38
4030.0,1.745942754207806e+38
4050.0,1.7446567698772156e+38
4070.0,1.7097790840625224e+38
4090.0,1.6527988423956958e+38
4110.0,1.5054627009958792e+38
4130.0,1.6259605339733885e+38
4150.0,1.61224114382449e+38
4170.0,1.5910359764159915e+38
4190.0,1.5724976315639916e+38
4210.0,1.5511007220059188e+38
4230.0,1.5266869735746992e+38
4250.0,1.5025536921461202e+38
4270.0,1.474076423138715e+38
4290.0,1.4597550958436697e+38
4310.0,1.4307376308750237e+38
4330.0,1.3670361524128191e+38
4350.0,1.2707203938791452e+38
4370.0,1.3751497683396201e+38
4390.0,1.3480003346009716e+38
4410.0,1.3373035577469857e+38
4430.0,1.319532222500448e+38
4450.0,1.3038270892120745e+38
4470.0,1.26832338520523e+38
4490.0,1.2625831817310311e+38
4510.0,1.2501726683664232e+38
4530.0,1.2306370897443728e+38
4550.0,1.2093444058487937e+38
4570.0,1.1985882061023906e+38
4590.0,1.1793426371219887e+38
4610.0,1.1669976997083711e+38
4630.0,1.147017383882993e+38
4650.0,1.1310973893337048e+38
4670.0,1.1185103316044559e+38
4690.0,1.1036973505030075e+38
4710.0,1.0790461014718907e+38
4730.0,1.0725807543104251e+38
4750.0,1.0580592784309656e+38
4770.0,1.0472491101201308e+38
4790.0,1.0326662893010321e+38
4810.0,1.0170680226590962e+38
4830.0,1.002051401984628e+38
4850.0,9.607270084891155e+37
4870.0,8.774653990257192e+37
4890.0,9.618558705821363e+37
4910.0,9.516341092870137e+37
4930.0,9.301864310104947e+37
4950.0,9.264457641581473e+37
4970.0,9.158197394187723e+37
4990.0,9.025265778730096e+37
5010.0,8.80947444346767e+37
5030.0,8.783750676632947e+37
5050.0,8.621443769426831e+37
5070.0,8.565249141171687e+37
5090.0,8.455903147665163e+37
5110.0,8.340651974086609e+37
5130.0,8.220344151159518e+37
5150.0,8.110544285707299e+37
5170.0,8.000368661726304e+37
5190.0,7.904783868294281e+37
5210.0,7.806026117219911e+37
5230.0,7.701405663466815e+37
5250.0,7.621492033286163e+37
5270.0,7.502914544149724e+37
5290.0,7.435668163771605e+37
5310.0,7.324534011626981e+37
5330.0,7.240690764113813e+37
5350.0,7.159620452568327e+37
5370.0,7.071149185711466e+37
5390.0,6.984575238937644e+37
5410.0,6.891440327831348e+37
5430.0,6.804402570983331e+37
5450.0,6.729611606025518e+37
5470.0,6.648749949040909e+37
5490.0,6.570977801024454e+37
5510.0,6.489929812441051e+37
5530.0,6.408848421275136e+37
5550.0,6.3384052115009885e+37
5570.0,6.260225828040186e+37
5590.0,6.188280628143858e+37
5610.0,6.114627427082429e+37
5630.0,6.043520505557402e+37
5650.0,5.96087479773113e+37
5670.0,5.890063813507299e+37
5690.0,5.825591125480171e+37
5710.0,5.75917134883448e+37
5730.0,5.693246659549961e+37
5750.0,5.624837754925849e+37
5770.0,5.564933769636443e+37
5790.0,5.501992575394712e+37
5810.0,5.442519578332017e+37
5830.0,5.379228590096035e+37
5850.0,5.319612526319648e+37
5870.0,5.194574748163997e+37
5890.0,5.185372976109492e+37
5910.0,5.139726387329769e+37
5930.0,5.080892425884742e+37
5950.0,5.019725861547761e+37
5970.0,4.969698020523766e+37
5990.0,4.909870075307076e+37
6010.0,4.859370356034993e+37
6030.0,4.805073110898126e+37
6050.0,4.751820206651425e+37
6070.0,4.700672558853242e+37
6090.0,4.648897811924234e+37
6110.0,4.597269885308737e+37
6130.0,4.547471647374274e+37
6150.0,4.485904255292689e+37
6170.0,4.447848641920503e+37
6190.0,4.401796897723937e+37
6210.0,4.355118736855715e+37
6230.0,4.306455858266612e+37
6250.0,4.250108331760462e+37
6270.0,4.2157029334840706e+37
6290.0,4.1706140312671963e+37
6310.0,4.123253155390559e+37
6330.0,4.0825357832708585e+37
6350.0,4.025872346142362e+37
6370.0,3.9881363688746166e+37
6390.0,3.953575165200787e+37
6410.0,3.9100291936232604e+37
6430.0,3.8715957103759553e+37
6450.0,3.8257800663066784e+37
6470.0,3.791054256752034e+37
6490.0,3.7483488253039565e+37
6510.0,3.7088562413098996e+37
6530.0,3.6650508116097127e+37
6550.0,3.54666361860799e+37
6570.0,3.192125812251078e+37
6590.0,3.533946740149638e+37
6610.0,3.5220863561846567e+37
6630.0,3.489795674378742e+37
6650.0,3.455970287485657e+37
6670.0,3.4093375361040216e+37
6690.0,3.374737520252812e+37
6710.0,3.3526637596594453e+37
6730.0,3.3180276439342155e+37
6750.0,3.286094132870201e+37
6770.0,3.253493923907649e+37
6790.0,3.217436616058603e+37
6810.0,3.1881592024878367e+37
6830.0,3.1558038379121898e+37
6850.0,3.124783984113097e+37
6870.0,3.094425277155803e+37
6890.0,3.0633033087190203e+37
6910.0,3.0335419146694855e+37
6930.0,3.002893984881829e+37
6950.0,2.974061876887023e+37
6970.0,2.945099689996e+37
6990.0,2.9164866982169907e+37
7010.0,2.8872208146951063e+37
7030.0,2.8596310236071113e+37
7050.0,2.831066038513229e+37
7070.0,2.7852231740273432e+37
7090.0,2.7781775658085315e+37
7110.0,2.747134986776228e+37
7130.0,2.7227013080779264e+37
7150.0,2.69817429171162e+37
7170.0,2.671960293221408e+37
7190.0,2.6468540831611497e+37
7210.0,2.6219234027650757e+37
7230.0,2.5864852137152907e+37
7250.0,2.57175741094535e+37
7270.0,2.548179397279383e+37
7290.0,2.5142010301590073e+37
7310.0,2.49890646139568e+37
7330.0,2.476737615185e+37
7350.0,2.4536917347844536e+37
7370.0,2.4311961537438014e+37
7390.0,2.4084076609891775e+37
7410.0,2.384569583564569e+37
7430.0,2.362816527432253e+37
7450.0,2.3412619119134377e+37
7470.0,2.318462095413139e+37
7490.0,2.29847614111375e+37
7510.0,2.2767219781882303e+37
7530.0,2.257251758342873e+37
7550.0,2.236711651062283e+37
7570.0,2.2162563859879987e+37
7590.0,2.195937625309516e+37
7610.0,2.176456542581616e+37
7630.0,2.1566516401329017e+37
7650.0,2.136633335884834e+37
7670.0,2.1176783663557272e+37
7690.0,2.0988432260954374e+37
7710.0,2.0785477217422748e+37
7730.0,2.0616740283641947e+37
7750.0,2.0430076836716313e+37
7770.0,2.0121946964789784e+37
7790.0,2.0069659298991628e+37
7810.0,1.9884743809176068e+37
7830.0,1.9715146109965968e+37
7850.0,1.9532147712923e+37
7870.0,1.9326802115762106e+37
7890.0,1.9145644914889243e+37
7910.0,1.9017350025049443e+37
7930.0,1.8852545603444948e+37
7950.0,1.8681855130690618e+37
7970.0,1.852976877589567e+37
7990.0,1.8344251671177309e+37
8010.0,1.8211679553254796e+37
8030.0,1.806092545026647e+37
8050.0,1.7908120170201159e+37
8070.0,1.7761105746788261e+37
8090.0,1.7593409040302585e+37
8110.0,1.744536257419514e+37
8130.0,1.731171126238388e+37
8150.0,1.7147073127405843e+37
8170.0,1.7017274328608017e+37
8190.0,1.6859317907346624e+37
8210.0,1.6762546669354675e+37
8230.0,1.6643321402125457e+37
8250.0,1.6501369911872304e+37
8270.0,1.628470891246265e+37
8290.0,1.6085701303606457e+37
8310.0,1.586791991740707e+37
8330.0,1.5681225495410045e+37
8350.0,1.5643718771485486e+37
8370.0,1.5357835093796246e+37
8390.0,1.544222940815377e+37
8410.0,1.5382254765729862e+37
8430.0,1.5595884132638375e+37
8450.0,1.5453611856203803e+37
8470.0,1.4904588839049842e+37
8490.0,1.5792467797672395e+37
8510.0,1.469535222823414e+37
8530.0,1.5711585025308812e+37
8550.0,1.4274141578333204e+37
8570.0,1.5637956474022544e+37
8590.0,1.4772023844400274e+37
8610.0,1.4467383704821418e+37
8630.0,1.533310112687008e+37
8650.0,1.4993050368888312e+37
8670.0,1.3527265063333337e+37
8690.0,1.4919009826404454e+37
8710.0,1.4906648126341938e+37
8730.0,1.4625138919577959e+37
8750.0,1.3123207626621563e+37
8770.0,1.4289268603891723e+37
8790.0,1.4443418660591267e+37
8810.0,1.4330455669506835e+37
8830.0,1.419515045526645e+37
8850.0,1.3699351215862344e+37
8870.0,1.2566953265158629e+37
8890.0,1.381401744123857e+37
8910.0,1.3761317025516577e+37
8930.0,1.3653060038066522e+37
8950.0,1.3583134465871626e+37
8970.0,1.3469454265257492e+37
8990.0,1.3257450065096405e+37
9010.0,1.2027074468046588e+37
9030.0,1.264648985596755e+37
9050.0,1.3018471599875954e+37
9070.0,1.287537835354434e+37
9090.0,1.2787333737317992e+37
9110.0,1.2742070393200754e+37
9130.0,1.2660183485296445e+37
9150.0,1.2566374548899134e+37
9170.0,1.24485853137862e+37
9190.0,1.2345537414938337e+37
9210.0,1.20670190959328e+37
9230.0,1.0802144934534313e+37
9250.0,1.1871073665716323e+37
9270.0,1.190501645447925e+37
9290.0,1.1902549601886491e+37
9310.0,1.1796413839996805e+37
9330.0,1.1726272978400703e+37
9350.0,1.1634025195408553e+37
9370.0,1.1553405063077126e+37
9390.0,1.1461197595503833e+37
9410.0,1.1346188645161e+37
9430.0,1.12927574420941e+37
9450.0,1.12083065370097e+37
9470.0,1.1096857267741274e+37
9490.0,1.1038752598350739e+37
9510.0,1.0896825594561752e+37
9530.0,1.0646086732484722e+37
9550.0,9.604615864776382e+36
9570.0,1.0594732598892373e+37
9590.0,1.0620134085357694e+37
9610.0,1.0536830648995636e+37
9630.0,1.0437824730264839e+37
9650.0,1.040495005769796e+37
9670.0,1.0314780724230159e+37
9690.0,1.0248020842291628e+37
9710.0,1.0165763455519672e+37
9730.0,1.0105551042316235e+37
9750.0,1.0032288205779929e+37
9770.0,9.959785837251099e+36
9790.0,9.8878074362693e+36
9810.0,9.814993131086887e+36
9830.0,9.743836770156472e+36
9850.0,9.670969196540917e+36
9870.0,9.603067908358269e+36
9890.0,9.526645394615305e+36
9910.0,9.459757424939367e+36
9930.0,9.395502230761628e+36
9950.0,9.331253758565586e+36
9970.0,9.264884295446653e+36
9990.0,9.195598483875404e+36
10025.0,8.886280134780048e+36
10075.0,8.586180222335944e+36
10125.0,8.743594334567465e+36
10175.0,8.615291966820539e+36
10225.0,8.466618671514047e+36
10275.0,8.32319366570844e+36
10325.0,8.165447672165562e+36
10375.0,8.037851901581115e+36
10425.0,7.900962490394156e+36
10475.0,7.761398815340515e+36
10525.0,7.631677330687849e+36
10575.0,7.505333587918144e+36
10625.0,7.379891893836669e+36
10675.0,7.231693313397016e+36
10725.0,7.129186893406183e+36
10775.0,7.018592047907985e+36
10825.0,6.86720480773777e+36
10875.0,6.782503085450617e+36
10925.0,6.320915724423633e+36
10975.0,6.510584800955217e+36
11025.0,6.451786686421336e+36
11075.0,6.362239300022285e+36
11125.0,6.258496302673462e+36
11175.0,6.159422568812463e+36
11225.0,6.060382005270647e+36
11275.0,5.950315586670967e+36
11325.0,5.857199275708286e+36
11375.0,5.777101528116415e+36
11425.0,5.68525567006103e+36
11475.0,5.599509683127915e+36
11525.0,5.5122638838243e+36
11575.0,5.426502407207122e+36
11625.0,5.336788600711665e+36
11675.0,5.251701096404153e+36
11725.0,5.1801221409602886e+36
11775.0,5.087682487489161e+36
11825.0,5.0189168425329514e+36
11875.0,4.9396934716925554e+36
11925.0,4.87315247344291e+36
11975.0,4.7840972576468014e+36
12025.0,4.727265559795096e+36
12075.0,4.6554321343375313e+36
12125.0,4.587013306692152e+36
12175.0,4.518975637620041e+36
12225.0,4.4523572074237486e+36
12275.0,4.3860138626897517e+36
12325.0,4.3215545562576136e+36
12375.0,4.258630890711181e+36
12425.0,4.1981697984388044e+36
12475.0,4.1354235823848985e+36
12525.0,4.0744594503896436e+36
12575.0,4.015595880237112e+36
12625.0,3.9586763815838037e+36
12675.0,3.9038219352197746e+36
12725.0,3.8480437405429935e+36
12775.0,3.768512845817079e+36
12825.0,3.541767104911817e+36
12875.0,3.678662964343856e+36
12925.0,3.6346282684092125e+36
12975.0,3.5773381991628747e+36
13025.0,3.534516390972676e+36
13075.0,3.4852184144484917e+36
13125.0,3.4366871574990386e+36
13175.0,3.387271437222807e+36
13225.0,3.3426430332923493e+36
13275.0,3.296552525877902e+36
13325.0,3.2512472659823735e+36
13375.0,3.207229220197583e+36
13425.0,3.162423291789644e+36
13475.0,3.1206136224985885e+36
13525.0,3.077868068167076e+36
13575.0,3.0364071121563033e+36
13625.0,2.9957805720306904e+36
13675.0,2.955493441851786e+36
13725.0,2.914338542909354e+36
13775.0,2.877729706540796e+36
13825.0,2.8393569936359147e+36
13875.0,2.80227014557853e+36
13925.0,2.7648399748597173e+36
13975.0,2.729040620567122e+36
14025.0,2.6934567110294814e+36
14075.0,2.6584592031735655e+36
14125.0,2.623614364295928e+36
14175.0,2.589703239180643e+36
14225.0,2.55646587547821e+36
14275.0,2.5233645645722082e+36
14325.0,2.491035977476225e+36
14375.0,2.4592914504726333e+36
14425.0,2.4232599240925468e+36
14475.0,2.3966245294086575e+36
14525.0,2.3636871815809997e+36
14570.0,2.3394297045810332e+36
14620.0,2.314674888042725e+36
14675.0,2.2837049855417272e+36
14725.0,2.2543949348590012e+36
14775.0,2.2224397697264093e+36
14825.0,2.1899288247978365e+36
14875.0,2.1563040569713638e+36
14925.0,2.1263756972830558e+36
14975.0,2.1037784397664772e+36
15025.0,2.0650472826885697e+36
15075.0,2.0468687708326505e+36
15125.0,2.0246035778869687e+36
15175.0,2.0072432216432862e+36
15225.0,2.0080753267683636e+36
15275.0,1.9476458956301705e+36
15325.0,1.9351739089378298e+36
15375.0,1.9415116461337772e+36
15425.0,1.8790571975243165e+36
15475.0,1.9019101668381332e+36
15525.0,1.8849507176986722e+36
15575.0,1.8030177408595698e+36
15625.0,1.8548551491543578e+36
15675.0,1.8065084610859742e+36
15725.0,1.7473906196481726e+36
15775.0,1.7911006850772234e+36
15825.0,1.7688459029412555e+36
15875.0,1.6667865987607807e+36
15925.0,1.7193725939793425e+36
15975.0,1.7110787586851856e+36
16050.0,1.673940434513802e+36
16150.0,1.6011056866113005e+36
16250.0,1.605387954251178e+36
16350.0,1.5604864429706673e+36
16450.0,1.4945140423664646e+36
16550.0,1.4987527742371675e+36
16650.0,1.4651092152879057e+36
16750.0,1.4242623697427163e+36
16850.0,1.364897379644955e+36
16950.0,1.369872035195079e+36
17050.0,1.337950357711891e+36
17150.0,1.3111126270244536e+36
17250.0,1.2818582416243803e+36
17350.0,1.2167742209183892e+36
17450.0,1.2253213479549573e+36
17550.0,1.2014065628177267e+36
17650.0,1.1759801740658471e+36
17750.0,1.1514100079943991e+36
17850.0,1.1271455480095612e+36
17950.0,1.1040786199020713e+36
18050.0,1.0800403974789935e+36
18150.0,1.0285845579288153e+36
18250.0,1.0329516649657815e+36
18350.0,1.015663861442109e+36
18450.0,9.9515332865363e+35
18550.0,9.746080629810074e+35
18650.0,9.529278067716313e+35
18750.0,9.067759645839114e+35
18850.0,9.166214161884763e+35
18950.0,8.990627410288081e+35
19050.0,8.807243423922418e+35
19150.0,8.646493115112066e+35
19250.0,8.477152578433708e+35
19350.0,8.305389414216368e+35
19450.0,7.903145908644643e+35
19550.0,7.984725674749896e+35
19650.0,7.841876528725841e+35
19750.0,7.691127306076363e+35
19850.0,7.546576867215545e+35
19950.0,7.404743173058503e+35
20050.0,7.265909763712683e+35
20150.0,7.130007718629098e+35
20250.0,6.996647594166287e+35
20350.0,6.86878622213998e+35
20450.0,6.742019433240686e+35
20550.0,6.614545374840643e+35
20650.0,6.498154007594232e+35
20750.0,6.379255548043554e+35
20850.0,6.2651287458932774e+35
20950.0,6.1521936909051935e+35
21050.0,6.0428247595972396e+35
21150.0,5.9259775245658346e+35
21250.0,5.826932671853767e+35
21350.0,5.724795796480695e+35
21450.0,5.624578727538931e+35
21550.0,5.524589326132767e+35
21650.0,5.266959756057639e+35
21750.0,5.328316329981968e+35
21850.0,5.243243172456372e+35
21950.0,5.1553718995838906e+35
22050.0,5.067222798332582e+35
22150.0,4.9796635416448814e+35
22250.0,4.894856901951652e+35
22350.0,4.812048545578493e+35
22450.0,4.7324932151521386e+35
22550.0,4.65232450870716e+35
22650.0,4.5750937732985044e+35
22750.0,4.49893791524651e+35
22850.0,4.428636142073156e+35
22950.0,4.356723517486092e+35
23050.0,4.284695861130046e+35
23150.0,4.213956032872329e+35
23250.0,4.142189848676505e+35
23350.0,4.071927154442865e+35
23450.0,4.001474005851913e+35
23550.0,3.9353195222234136e+35
23650.0,3.8687440639483024e+35
23750.0,3.81215016794308e+35
23850.0,3.750334456236797e+35
23950.0,3.69054070702269e+35
24050.0,3.62760506830509e+35
24150.0,3.5661532304263976e+35
24250.0,3.5452755861788015e+35
24350.0,3.4601904248294686e+35
24450.0,3.4052578283091794e+35
24550.0,3.3841530812123046e+35
24650.0,3.3138282810327708e+35
24750.0,3.262195617907859e+35
24850.0,3.2477306206692425e+35
24950.0,3.1295363477702782e+35
25050.0,3.1544235035702402e+35
25150.0,3.1042736607908727e+35
25250.0,2.9856575954815114e+35
25350.0,3.0082920777241786e+35
25450.0,2.968793565082139e+35
25550.0,2.9197119004229655e+35
25650.0,2.8071783126379002e+35
25750.0,2.8357634459917343e+35
25850.0,2.796533331552106e+35
25950.0,2.7561953774080236e+35
26050.0,2.7061383754090633e+35
26150.0,2.602975018019498e+35
26250.0,2.54941184920489e+35
26350.0,2.594239095993786e+35
26450.0,2.562182142573883e+35
26550.0,2.524526884511835e+35
26650.0,2.4854212089533764e+35
26750.0,2.384844133087432e+35
26850.0,2.415460834444955e+35
26950.0,2.38522855552589e+35
27050.0,2.352014528126199e+35
27150.0,2.319156198606751e+35
27250.0,2.286493652078194e+35
27350.0,2.254550668322917e+35
27450.0,2.222695652290112e+35
27550.0,2.135846316057196e+35
27650.0,2.149314655419159e+35
27750.0,2.1322101185816737e+35
27850.0,2.1035846835344513e+35
27950.0,2.0750568523535135e+35
28050.0,2.0468216404800556e+35
28150.0,2.0191100943215933e+35
28250.0,1.9917737297496646e+35
28350.0,1.964943196028399e+35
28450.0,1.9384294531668847e+35
28550.0,1.9124496055577008e+35
28650.0,1.8809619054272648e+35
28750.0,1.808714415762798e+35
28850.0,1.836326916228703e+35
28950.0,1.8129674214188166e+35
29050.0,1.789822651124034e+35
29150.0,1.765875170082239e+35
29250.0,1.7428098266724676e+35
29350.0,1.720402242602635e+35
29450.0,1.698282756417128e+35
29550.0,1.676293264569931e+35
29650.0,1.6546646926744706e+35
29750.0,1.6334280152961526e+35
29850.0,1.6125381569734876e+35
29950.0,1.5919154583766595e+35
30050.0,1.571737445353011e+35
30150.0,1.5516365457440993e+35
30250.0,1.5316163718911309e+35
30350.0,1.478121043705974e+35
30450.0,1.4794149394941364e+35
30550.0,1.4748912529992671e+35
30650.0,1.4569008611304283e+35
30750.0,1.4384341992261619e+35
30850.0,1.4205940783083398e+35
30950.0,1.4030398296397008e+35
31050.0,1.3857982226656788e+35
31150.0,1.3687684935049354e+35
31250.0,1.3519791685561843e+35
31350.0,1.3355187817584604e+35
31450.0,1.3191372980316638e+35
31550.0,1.3031967853217366e+35
31650.0,1.287656427432767e+35
31750.0,1.2719498838656827e+35
31850.0,1.2566663903697624e+35
31950.0,1.2416523075924145e+35
32100.0,1.2195230127812996e+35
32300.0,1.1906112997512902e+35
32500.0,1.1627062313281636e+35
32700.0,1.1354029022270434e+35
32900.0,1.0892811795068316e+35
33100.0,1.079642569179121e+35
33300.0,1.0568661785791584e+35
33500.0,1.0329754498306768e+35
33700.0,1.0094155715327658e+35
33900.0,9.864838961304469e+34
34100.0,9.639843870283906e+34
34300.0,9.424970509863591e+34
34500.0,9.211916654534143e+34
34700.0,9.011352946938585e+34
34900.0,8.807243423922418e+34
35100.0,8.620451246166947e+34
35300.0,8.435289651265258e+34
35500.0,8.239863171434759e+34
35700.0,8.057679703710204e+34
35900.0,7.939076741763857e+34
36100.0,7.709567230288209e+34
36300.0,7.607290482522737e+34
36500.0,7.379721967502466e+34
36700.0,7.294239182682775e+34
36900.0,7.065615498377869e+34
37100.0,6.988436124559735e+34
37300.0,6.800173602389938e+34
37500.0,6.556921737208437e+34
37700.0,6.568708657584578e+34
37900.0,6.437689112497881e+34
38100.0,6.25676725512624e+34
38300.0,6.147662256718124e+34
38500.0,6.054802756898621e+34
38700.0,5.934170223084044e+34
38900.0,5.813397238638886e+34
39100.0,5.624060708549677e+34
39300.0,5.590234163796897e+34
39500.0,5.47999295295586e+34
39700.0,5.374028929503498e+34
39900.0,5.269992534632673e+34
40100.0,5.141383506442099e+34
40300.0,5.014065465855748e+34
40500.0,4.891927364576321e+34
40700.0,4.8767444680573375e+34
40900.0,4.785749911687924e+34
41100.0,4.695696293383599e+34
41300.0,4.605852226393172e+34
41500.0,4.5200162900188915e+34
41700.0,4.3683758751605085e+34
41900.0,4.354015793077835e+34
42100.0,4.275136639886961e+34
42300.0,4.197203245402e+34
42500.0,4.1196469596243385e+34
42700.0,4.046038397752418e+34
42900.0,3.970726735079439e+34
43100.0,3.9015753613493036e+34
43300.0,3.8312456609002e+34
43500.0,3.76227035036147e+34
43700.0,3.6423359470162086e+34
43900.0,3.6234310368549923e+34
44100.0,3.5673851488490646e+34
44300.0,3.504854552929292e+34
44500.0,3.4434200190445203e+34
44700.0,3.392657356315043e+34
44900.0,3.3341105826303293e+34
45100.0,3.2768004907361833e+34
45300.0,3.2203271981675373e+34
45500.0,3.165191567226258e+34
45700.0,3.1115013947804024e+34
45900.0,3.0590036839170063e+34
46100.0,3.007391722181192e+34
46300.0,2.956718645261906e+34
46500.0,2.852856979576502e+34
46700.0,2.80679051341059e+34
46900.0,2.808536031925775e+34
47100.0,2.7657313976358273e+34
47300.0,2.720320034467055e+34
47500.0,2.675469472656097e+34
47700.0,2.6319037325956036e+34
47900.0,2.589524354996968e+34
48100.0,2.5475927248356715e+34
48300.0,2.5061669589945327e+34
48500.0,2.465925774540885e+34
48700.0,2.426945366815536e+34
48900.0,2.3886361461535396e+34
49100.0,2.350985767597166e+34
49300.0,2.313769010250732e+34
49500.0,2.2773511466376185e+34
49700.0,2.2412484385357415e+34
49900.0,2.2062260082823114e+34
50100.0,2.173752027070999e+34
50300.0,2.1437295772657235e+34
50500.0,2.1147060121651526e+34
50700.0,2.085931295831108e+34
50900.0,2.0580219383704506e+34
51100.0,2.0286634281301817e+34
51300.0,1.9672520203555342e+34
51500.0,1.9756954514755624e+34
51700.0,1.95015890290484e+34
51900.0,1.9244649244739963e+34
52100.0,1.899240662939755e+34
52300.0,1.8745628243283806e+34
52500.0,1.8500778346649766e+34
52700.0,1.8262069868217054e+34
52900.0,1.8028101727197496e+34
53100.0,1.7797950722608337e+34
53300.0,1.75695241784486e+34
53500.0,1.7347623980429996e+34
53700.0,1.7129315161333662e+34
53900.0,1.6915311505957003e+34
54100.0,1.6702058480974298e+34
54300.0,1.6496431195988618e+34
54500.0,1.6291084637994247e+34
54700.0,1.6091628586750487e+34
54900.0,1.5894614528612879e+34
55100.0,1.5701820200413523e+34
55300.0,1.5509935794645182e+34
55500.0,1.5323571531519364e+34
55700.0,1.513770369095489e+34
55900.0,1.4956845240361825e+34
56100.0,1.4779168478427802e+34
56300.0,1.4604611206944169e+34
56500.0,1.4433444945637186e+34
56700.0,1.4265598605148878e+34
56900.0,1.4097431726874833e+34
57100.0,1.3932209616643265e+34
57300.0,1.377114337919903e+34
57500.0,1.36131929455114e+34
57700.0,1.3456434444780598e+34
57900.0,1.3303012525696848e+34
58100.0,1.3150734200537561e+34
58300.0,1.3002893335917111e+34
58500.0,1.2873006839634348e+34
58700.0,1.2727408983935098e+34
58900.0,1.2573899939439471e+34
59100.0,1.2228410238432777e+34
59300.0,1.2301837897915972e+34
59500.0,1.217194552430299e+34
59700.0,1.2036493897912159e+34
59900.0,1.19063871490523e+34
60100.0,1.17776867703732e+34
60300.0,1.1650645822864093e+34
60500.0,1.152444448005601e+34
60700.0,1.139987265569974e+34
60900.0,1.1277426362663512e+34
61100.0,1.1157322848150447e+34
61300.0,1.103976935186034e+34
61500.0,1.0923202879667116e+34
61700.0,1.0809609369731734e+34
61900.0,1.06947343140708e+34
62100.0,1.0584247822759078e+34
62300.0,1.0473214540244663e+34
62500.0,1.0366209938287558e+34
62700.0,1.0258644968516779e+34
62900.0,1.0154534045276183e+34
63100.0,1.0050553969685503e+34
63300.0,9.94855487954514e+33
63500.0,9.848044446522108e+33
63700.0,9.74765163901321e+33
63900.0,9.650504109445874e+33
64200.0,9.507580253948782e+33
64600.0,9.319443935061004e+33
65000.0,9.136502975615152e+33
65400.0,8.959215850801693e+33
65800.0,8.785571145259884e+33
66200.0,8.617672788870574e+33
66600.0,8.453177725859836e+33
67000.0,8.293159153870324e+33
67400.0,8.137855986689463e+33
67800.0,7.986748337027568e+33
68200.0,7.839349013815636e+33
68600.0,7.695201564102794e+33
69000.0,7.554052520691394e+33
69400.0,7.417370966256923e+33
69800.0,7.284001054576942e+33
70200.0,7.153852804604122e+33
70600.0,7.027162556314847e+33
71000.0,6.903033802033087e+33
71400.0,6.78156611274606e+33
71800.0,6.663309714550943e+33
72200.0,6.54741697455934e+33
72600.0,6.435021466502357e+33
73000.0,6.324701013427534e+33
73400.0,6.216987583488456e+33
73800.0,6.112093651206501e+33
74200.0,6.006341208719799e+33
74600.0,5.858817903288264e+33
75000.0,5.761426157072502e+33
75400.0,5.713207531025241e+33
75800.0,5.619271294036343e+33
76200.0,5.527134079444345e+33
76600.0,5.436757972539138e+33
77000.0,5.348105920748293e+33
77400.0,5.261626304145122e+33
77800.0,5.176783469170538e+33
78200.0,5.093425989689247e+33
78600.0,5.0117569349760355e+33
79000.0,4.931965159708769e+33
79400.0,4.853779018413657e+33
79800.0,4.7769423491189913e+33
80200.0,4.7014302788159004e+33
80600.0,4.627538066703016e+33
81000.0,4.554912095373539e+33
81400.0,4.4836324119848854e+33
81800.0,4.4138746963956794e+33
82200.0,4.345202292544095e+33
82600.0,4.2776968112955204e+33
83000.0,4.2115309828388335e+33
83400.0,4.1463885828878324e+33
83800.0,4.082441780492718e+33
84200.0,4.019666292366309e+33
84600.0,3.9577649675958556e+33
85000.0,3.8972655630228393e+33
85400.0,3.83760260269339e+33
85800.0,3.7789400306731415e+33
86200.0,3.7210885074727194e+33
86600.0,3.66420699962453e+33
87000.0,3.6084442508999546e+33
87400.0,3.553611936565992e+33
87800.0,3.4996934121904303e+33
88200.0,3.446037506681162e+33
88600.0,3.393438634484963e+33
89000.0,3.3416426094287436e+33
89400.0,3.290788720121725e+33
89800.0,3.240559500335636e+33
90200.0,3.19117043687704e+33
90600.0,3.142534107503118e+33
91000.0,3.094425277155803e+33
91400.0,3.0469126227157906e+33
91800.0,3.0002676548539157e+33
92200.0,2.9540646795337756e+33
92600.0,2.908573212376909e+33
93000.0,2.8638482382129617e+33
93400.0,2.819551295345241e+33
93800.0,2.775875603534323e+33
94200.0,2.7327506105220763e+33
94600.0,2.690233646072523e+33
95000.0,2.648195236311728e+33
95400.0,2.6066936860921486e+33
95800.0,2.5657834530088068e+33
96200.0,2.5252826795607888e+33
96600.0,2.4851350807332699e+33
97000.0,2.4456820721043577e+33
97400.0,2.4066337342632457e+33
97800.0,2.3680452669887081e+33
98200.0,2.3299145848906195e+33
98600.0,2.292133982885223e+33
99000.0,2.2546544966088347e+33
99400.0,2.2177878505512252e+33
99800.0,2.1812728811694744e+33
100200.0,2.1451615300382414e+33
200000.0,1.2126347235175195e+32
400000.0,8.637339691940481e+30
600000.0,1.2365452115270863e+30
800000.0,4.689969301267546e+29
1000000.0,1.7499272738981976e+29
1200000.0,1.1092769787429374e+29
1400000.0,8.3017566744074e+28
1600000.0,6.900649990317168e+28
