WAVE,FLUX
91.0,1.8040144006468756e+16
94.0,1.8040144006468756e+16
96.0,1.8040144006468756e+16
98.0,1.804055940091792e+16
100.0,1.804055940091792e+16
102.0,1.8041390218510944e+16
104.0,1.804305196848308e+16
106.0,1.8047207013081376e+16
108.0,1.8560941417034264e+16
110.0,2.1070265109197684e+16
114.0,9.577893419308525e+16
118.0,1.2786744872396383e+18
121.0,8.881779763192462e+18
125.0,9.372382403964617e+19
127.0,2.7308006653878554e+20
128.0,4.7542279399230774e+20
131.0,2.396845276850866e+21
132.0,4.087050463012832e+21
134.0,1.1582971826456832e+22
137.0,5.188478243789619e+22
140.0,2.1751038644783667e+23
143.0,8.577880663729213e+23
147.0,4.859034694216194e+24
151.0,2.4917243712538964e+25
155.0,1.1741943870291355e+26
159.0,5.096476194791173e+26
162.0,1.45958704500149e+27
166.0,9.880752024068694e+26
170.0,3.236234623794243e+27
173.0,3.907059274388958e+27
177.0,6.536721770237246e+26
180.0,1.0405668831010084e+27
182.0,1.4243279609590174e+27
186.0,3.671639217545018e+26
191.0,1.0990564516871612e+26
194.0,1.567039702904076e+26
198.0,2.0345576487328513e+26
202.0,4.9130366061866055e+26
205.0,9.27812031545759e+26
210.0,2.641192163271745e+27
216.0,8.695408711056064e+27
220.0,1.866035922653544e+28
223.0,3.4442922939431437e+28
227.0,3.7949844438164085e+28
230.0,9.174237947181617e+29
234.0,8.772027812959974e+33
240.0,3.864559515814256e+35
246.0,3.567467291873441e+32
252.0,1.1560323835459094e+36
257.0,4.673475819523267e+36
260.0,2.5637755412788352e+35
264.0,6.494414445892391e+35
269.0,4.374314456834292e+36
274.0,1.3807975252416387e+37
279.0,1.5744903383841957e+35
284.0,9.459757424939367e+36
290.0,1.1137558546631339e+36
296.0,1.654588494303914e+36
301.0,1.926238238688842e+36
308.0,3.090793569431335e+36
318.0,1.1726813005662496e+37
328.0,4.396225894532922e+37
338.0,3.6545171138864206e+37
348.0,4.0935490632955777e+37
357.0,8.656054855505488e+36
366.0,6.640793870563547e+36
375.0,8.430241189829077e+36
385.0,9.324166069792594e+35
395.0,1.0994108027390116e+37
405.0,1.417685834773307e+37
414.0,1.2797643264423469e+37
422.0,2.0257693689008245e+37
430.0,3.653928122790765e+37
441.0,7.220046589614455e+37
451.0,1.7215117845544293e+37
460.0,8.335276290136259e+37
470.0,5.723873142777485e+37
480.0,1.1206242080795072e+38
490.0,2.295725720854723e+37
500.0,1.130030069545034e+38
506.0,4.905462950898969e+36
512.0,1.5436541328443024e+38
520.0,7.844224236524717e+37
530.0,1.0930750967619627e+38
540.0,4.924702499896862e+37
550.0,7.607290482522737e+37
560.0,1.4039446945093886e+38
570.0,1.58843701946584e+38
580.0,1.3196537615064456e+38
590.0,1.6296712351105267e+38
600.0,1.7391218038726737e+38
610.0,1.351543412204462e+38
620.0,1.9191105813411793e+38
630.0,1.2652023794017687e+38
640.0,1.9672520203555344e+38
650.0,1.777869993210499e+38
658.0,9.175928059924851e+37
665.0,1.3985564483576539e+38
675.0,1.933882128526236e+38
685.0,7.57007182299967e+37
695.0,1.407407950357315e+38
705.0,2.4239854017510314e+38
716.0,1.7493632549085366e+38
726.0,1.884429958516682e+38
735.0,2.473375189196282e+38
745.0,1.047056217471584e+38
755.0,2.726151580661542e+38
765.0,1.7004348611729118e+38
775.0,2.0211567669607467e+38
785.0,7.268587116950545e+37
795.0,2.159036577335472e+38
805.0,2.2227468323381103e+38
815.0,1.5973864641126822e+38
825.0,2.368699672481775e+38
835.0,2.121729427956673e+38
845.0,2.500518085400735e+38
855.0,1.2589833887868562e+38
865.0,2.431364100625041e+38
875.0,2.464336445834911e+38
885.0,2.5954340623778626e+38
895.0,2.3869317427540182e+38
905.0,2.45126350846546e+38
915.0,7.936152416516427e+38
925.0,9.522478482957557e+38
935.0,1.23788414367094e+39
945.0,1.242395872770548e+39
955.0,1.459587045001502e+39
965.0,1.6985956204767655e+39
975.0,4.885061099598081e+38
985.0,9.346090885942057e+38
995.0,1.452546352023658e+39
1005.0,1.457404143769996e+39
1015.0,1.496890389188258e+39
1025.0,1.1666215647264528e+39
1035.0,1.310690042366076e+39
1045.0,1.641307673761208e+39
1055.0,1.588400444772916e+39
1065.0,1.4344321152293643e+39
1075.0,1.472549830295995e+39
1085.0,1.3195018394979843e+39
1095.0,1.455660173575608e+39
1105.0,1.384586204025281e+39
1115.0,1.2786450450104652e+39
1125.0,9.452136832337388e+38
1135.0,1.3211131030578182e+39
1145.0,1.2930639382201364e+39
1155.0,1.0445037415039154e+39
1165.0,1.0410222215177388e+39
1175.0,7.251869830481386e+38
1185.0,1.126652539638888e+39
1195.0,1.106572823242513e+39
1205.0,9.858253917099976e+38
1215.0,8.623230599276511e+38
1225.0,9.878932089910504e+38
1235.0,1.0595952432777672e+39
1245.0,9.167480608651046e+38
1255.0,1.004638922678141e+39
1265.0,1.0498324680109848e+39
1275.0,1.0575477850857812e+39
1285.0,9.508237037009799e+38
1295.0,8.987936594032666e+38
1305.0,9.76922247666214e+38
1315.0,9.436044927301909e+38
1325.0,8.993733199305812e+38
1335.0,9.32803141420631e+38
1345.0,8.323960295478906e+38
1355.0,9.11968840671709e+38
1365.0,8.671415571897274e+38
1375.0,8.277706048336854e+38
1385.0,8.159245488269391e+38
1395.0,7.221542974107288e+38
1405.0,7.465862720178557e+38
1415.0,7.501705314661873e+38
1425.0,6.6902138494074455e+38
1435.0,7.477045096045813e+38
1442.0,7.501705314661873e+38
1447.0,7.406107302795526e+38
1455.0,7.208418623012247e+38
1465.0,6.81349591694808e+38
1475.0,7.024735879448906e+38
1485.0,6.7093430808370385e+38
1495.0,6.846994830911385e+38
1505.0,6.4611526243715245e+38
1512.0,6.12110740522081e+38
1517.0,6.288832099468212e+38
1525.0,5.600154387615528e+38
1535.0,5.4521776732834745e+38
1545.0,3.4154662641388614e+38
1555.0,5.527134079444345e+38
1565.0,4.373710164702675e+38
1575.0,5.443898258013072e+38
1585.0,4.755651264808518e+38
1595.0,5.50769649271791e+38
1605.0,5.308844442309901e+38
1615.0,5.20343339648447e+38
1625.0,5.1143447524673814e+38
1635.0,5.1528796588632205e+38
1645.0,5.3763805340606e+38
1655.0,5.096358845441046e+38
1665.0,5.187164249811214e+38
1672.0,4.935827803117582e+38
1677.0,5.229618400103101e+38
1685.0,5.152761010790374e+38
1695.0,4.972788632333957e+38
1705.0,4.84607353615029e+38
1715.0,4.494692652627974e+38
1725.0,4.669926013360673e+38
1735.0,4.752367311663356e+38
1745.0,4.495934753698573e+38
1755.0,4.6842492939385504e+38
1765.0,4.559949153333453e+38
1775.0,4.433839825763033e+38
1785.0,4.4274126337272754e+38
1795.0,4.375624042891516e+38
1805.0,4.3334121832886155e+38
1815.0,4.176572263341741e+38
1825.0,4.133234064334868e+38
1835.0,4.148967185746864e+38
1845.0,3.901755039671836e+38
1855.0,3.901126201742178e+38
1865.0,3.920577110090011e+38
1875.0,3.883559827593164e+38
1885.0,3.65923246184223e+38
1895.0,3.571494617928083e+38
1905.0,3.661592416873295e+38
1915.0,3.578821189075388e+38
1925.0,3.458836234797002e+38
1935.0,3.53549314888091e+38
1945.0,3.541033211145344e+38
1955.0,3.3363376773830023e+38
1967.0,3.424916596289153e+38
1976.0,3.469444942884122e+38
1984.0,3.336414500281491e+38
1995.0,3.2691135070341072e+38
2005.0,3.265727925931567e+38
2015.0,3.251846223025703e+38
2025.0,3.2526699691324604e+38
2035.0,3.1212603825679133e+38
2045.0,3.1006303947162373e+38
2055.0,2.920249780769903e+38
2065.0,2.9853138787341994e+38
2074.0,3.0794985220891066e+38
2078.0,2.967700022563335e+38
2085.0,2.9789279551075106e+38
2095.0,2.8848949269801908e+38
2105.0,2.8997462802520075e+38
2115.0,2.8836994858420775e+38
2125.0,2.867741492170539e+38
2135.0,2.8091181126247348e+38
2145.0,2.748716820038014e+38
2155.0,2.7638851978567303e+38
2165.0,2.7127514232076972e+38
2175.0,2.687756990033817e+38
2185.0,2.63147955402021e+38
2195.0,2.6373635519768255e+38
2205.0,2.5981845743566175e+38
2215.0,2.536880440299936e+38
2225.0,2.5080142515363984e+38
2235.0,2.4843913015099768e+38
2245.0,2.4570274021322057e+38
2255.0,2.3969556581965798e+38
2265.0,2.394418172863365e+38
2275.0,2.369736184383195e+38
2285.0,2.3401839691825438e+38
2295.0,2.173852134356301e+38
2305.0,2.270021654008629e+38
2315.0,2.231413211129651e+38
2325.0,2.0891518123748975e+38
2335.0,2.1595834967938197e+38
2345.0,2.138946884169504e+38
2355.0,2.1244181345193443e+38
2365.0,2.0866038290277873e+38
2375.0,2.0601554903199943e+38
2385.0,2.00253446809714e+38
2395.0,2.0015203036676433e+38
2405.0,1.9790191651199612e+38
2415.0,1.959431114123836e+38
2425.0,1.9476907423505567e+38
2435.0,1.9113930388160914e+38
2445.0,1.8998967507213744e+38
2455.0,1.8781055669775565e+38
2465.0,1.8513988942052645e+38
2475.0,1.825071990484887e+38
2485.0,1.8027271521548025e+38
2495.0,1.6439174292827767e+38
2505.0,1.7532344673972564e+38
2513.0,1.6962114870357437e+38
2518.0,1.7168406989160646e+38
2525.0,1.713365429846003e+38
2535.0,1.6957428712262282e+38
2545.0,1.6642938179899777e+38
2555.0,1.6496051355995988e+38
2565.0,1.6381738912888055e+38
2575.0,1.6282084339024935e+38
2585.0,1.6072742982283254e+38
2595.0,1.588656485309803e+38
2605.0,1.5674366598220323e+38
2615.0,1.5470701261439003e+38
2625.0,1.5361725485899403e+38
2635.0,1.5215281790435524e+38
2645.0,1.5163169858964443e+38
2655.0,1.50027198624275e+38
2665.0,1.4686895337812101e+38
2675.0,1.4560959703812973e+38
2685.0,1.4435771529594523e+38
2695.0,1.415207104126435e+38
2705.0,1.4056267063870276e+38
2715.0,1.3915217535033215e+38
2725.0,1.3704083621356932e+38
2735.0,1.362448201644534e+38
2745.0,1.3354880306561043e+38
2755.0,1.3229090881761137e+38
2765.0,1.3086695578133417e+38
2775.0,1.3080971516608385e+38
2785.0,1.2898226526138594e+38
2795.0,1.2449731923667579e+38
2805.0,1.2468379143290405e+38
2815.0,1.2536029342656181e+38
2825.0,1.2374851612821032e+38
2835.0,1.2128301928946828e+38
2845.0,1.2080919765409417e+38
2855.0,1.1929163746552573e+38
2865.0,1.1871073665716323e+38
2875.0,1.1731404241617847e+38
2885.0,1.1621441489270804e+38
2895.0,1.147651424289779e+38
2910.0,1.1354290461460156e+38
2930.0,1.1104525353336323e+38
2950.0,1.0818822610610994e+38
2970.0,1.0638000343306755e+38
2990.0,1.0431097384842108e+38
3010.0,1.0203989428457751e+38
3030.0,1.0018206976844076e+38
3050.0,9.84509701283684e+37
3070.0,9.640509790107427e+37
3090.0,9.419112845819751e+37
3110.0,9.265097629747483e+37
3130.0,9.082805201609904e+37
3150.0,8.925653022747006e+37
3170.0,8.747621835857513e+37
3190.0,8.515496994516485e+37
3210.0,8.5039363317213375e+37
3230.0,8.236448741565776e+37
3250.0,8.108676978860299e+37
3270.0,7.964893992468294e+37
3290.0,7.818798122393421e+37
3310.0,7.684223711000204e+37
3330.0,7.555270188231992e+37
3350.0,7.3814214069293685e+37
3370.0,7.246695282816661e+37
3390.0,7.128037896844223e+37
3410.0,7.0171377171175065e+37
3430.0,6.869102548718842e+37
3450.0,6.759740124729338e+37
3470.0,6.651965682079714e+37
3490.0,6.535367288359063e+37
3510.0,6.45683963195367e+37
3530.0,6.344245787714181e+37
3550.0,6.250431499998313e+37
3570.0,6.129711012125027e+37
3590.0,5.995287303483972e+37
3610.0,5.923794715877212e+37
3630.0,5.817950206837058e+37
3640.0,5.787886419373755e+37
3650.0,6.047696663852945e+37
3670.0,5.978744577621372e+37
3690.0,5.981360797812762e+37
3710.0,6.168790197459357e+37
3730.0,6.077010685656005e+37
3750.0,6.40309580626251e+37
3770.0,6.37250228694989e+37
3790.0,6.55450652289508e+37
3810.0,6.73147132334705e+37
3830.0,6.113923495106725e+37
3850.0,6.673904686838875e+37
3870.0,6.653191132305941e+37
3890.0,5.858683000573781e+37
3910.0,6.503992023989658e+37
3930.0,6.161975964948896e+37
3950.0,6.250431499998313e+37
3970.0,5.296878363563186e+37
3990.0,6.167795986080934e+37
4010.0,6.186143640800928e+37
4030.0,6.020741760455696e+37
4050.0,6.038930062135234e+37
4070.0,5.886403110804813e+37
4090.0,5.641830054223089e+37
4110.0,5.181553659365387e+37
4130.0,5.645988640124161e+37
4150.0,5.625744444724013e+37
4170.0,5.54421418928755e+37
4190.0,5.4764610096189655e+37
4210.0,5.411279918442833e+37
4230.0,5.334085835164898e+37
4250.0,5.267444883319088e+37
4270.0,5.159171917785577e+37
4290.0,5.095185500541993e+37
4310.0,4.938442483026476e+37
4330.0,4.779362811706034e+37
4350.0,4.475277809890611e+37
4370.0,4.894180699191099e+37
4390.0,4.780793661491156e+37
4410.0,4.737399392261963e+37
4430.0,4.734782131851524e+37
4450.0,4.682416052722135e+37
4470.0,4.558374474644713e+37
4490.0,4.595999788174428e+37
4510.0,4.618915317184106e+37
4530.0,4.481671291423347e+37
4550.0,4.409100518828124e+37
4570.0,4.438334191218041e+37
4590.0,4.340202572154303e+37
4610.0,4.335208604593101e+37
4630.0,4.258532833240097e+37
4650.0,4.2334067701624693e+37
4670.0,4.224837409231881e+37
4690.0,4.32105704754206e+37
4710.0,4.0549919837679407e+37
4730.0,4.054618522402989e+37
4750.0,4.0331093757562398e+37
4770.0,3.999723779198932e+37
4790.0,3.9476623529937153e+37
4810.0,3.891795396347827e+37
4830.0,3.8497275940009655e+37
4850.0,3.660749401121196e+37
4870.0,3.349345891214713e+37
4890.0,3.712017371816004e+37
4910.0,3.686718684676581e+37
4930.0,3.5981560953615965e+37
4950.0,3.6275215405731806e+37
4970.0,3.589136702571874e+37
4990.0,3.4963910510778195e+37
5010.0,3.3926573563150427e+37
5030.0,3.428151449375175e+37
5050.0,3.3867255175696987e+37
5070.0,3.3925792383918445e+37
5090.0,3.3174164969453995e+37
5110.0,3.2951865022953684e+37
5130.0,3.226413305478098e+37
5150.0,3.180240763841053e+37
5170.0,3.124855935751697e+37
5190.0,3.114655370776706e+37
5210.0,3.098631988704207e+37
5230.0,3.095137876945166e+37
5250.0,3.089797375879589e+37
5270.0,2.984351682337392e+37
5290.0,3.0433366772278236e+37
5310.0,3.0389951011552514e+37
5330.0,2.950258022538566e+37
5350.0,2.9856575954815116e+37
5370.0,2.9599201825753563e+37
5390.0,2.9034209084826693e+37
5410.0,2.854499688829282e+37
5430.0,2.8475410922096575e+37
5450.0,2.864309873213687e+37
5470.0,2.812095076335935e+37
5490.0,2.783684428031064e+37
5510.0,2.758544536480687e+37
5530.0,2.7556242628918105e+37
5550.0,2.7476410743527306e+37
5570.0,2.7137510218873715e+37
5590.0,2.674422393262419e+37
5610.0,2.6825634313592395e+37
5630.0,2.6476465006329656e+37
5650.0,2.6313583726986666e+37
5670.0,2.589822502168225e+37
5690.0,2.607053839011503e+37
5710.0,2.5473580936797614e+37
5730.0,2.5848777008407994e+37
5750.0,2.5297057039729693e+37
5770.0,2.5271440622764583e+37
5790.0,2.473659963430901e+37
5810.0,2.493446188097825e+37
5830.0,2.4991366297858266e+37
5850.0,2.4523361492183813e+37
5870.0,2.407631407212329e+37
5890.0,2.3477940626722644e+37
5910.0,2.3944181728633654e+37
5930.0,2.379578300956397e+37
5950.0,2.3585223712123634e+37
5970.0,2.363523909494205e+37
5990.0,2.3233786809273345e+37
6010.0,2.29636014095777e+37
6030.0,2.301017915202839e+37
6050.0,2.2975236998624718e+37
6070.0,2.2798695596125193e+37
6090.0,2.231310453119838e+37
6110.0,2.2174304141908746e+37
6130.0,2.162917726637832e+37
6150.0,2.1664067491827546e+37
6170.0,2.132602922377849e+37
6190.0,2.1606777513766804e+37
6210.0,2.13968577784613e+37
6230.0,2.095366517951672e+37
6250.0,2.0444194309268903e+37
6270.0,2.0776385743589277e+37
6290.0,2.0809421163016955e+37
6310.0,2.0407979060670036e+37
6330.0,2.0468687708326505e+37
6350.0,2.0340423923563905e+37
6370.0,2.015579812825197e+37
6390.0,2.013399702017823e+37
6410.0,1.9877419348126768e+37
6430.0,1.981846435967184e+37
6450.0,1.9718778108598118e+37
6470.0,1.9608754083558824e+37
6490.0,1.919906150972754e+37
6510.0,1.9358424097664385e+37
6530.0,1.9224276312502505e+37
6550.0,1.8976669765024527e+37
6570.0,1.7614892616930775e+37
6590.0,1.8907756470100594e+37
6610.0,1.882044985843946e+37
6630.0,1.8735703288661824e+37
6650.0,1.8615298302472158e+37
6670.0,1.83501661124831e+37
6690.0,1.8474385428247446e+37
6710.0,1.8075902911421746e+37
6730.0,1.8251140148043107e+37
6750.0,1.7984153469565093e+37
6770.0,1.7948989355209716e+37
6790.0,1.7753745909773222e+37
6810.0,1.7694569461897905e+37
6830.0,1.766891982176892e+37
6850.0,1.7368407498255172e+37
6870.0,1.7391218038726736e+37
6890.0,1.7431710312112778e+37
6910.0,1.7274679556352153e+37
6930.0,1.7071826956273445e+37
6950.0,1.6833328550366434e+37
6970.0,1.686591860154389e+37
6990.0,1.666824978382408e+37
7010.0,1.6408920088400564e+37
7030.0,1.6502129845537721e+37
7050.0,1.6535220854858598e+37
7070.0,1.6218100973589332e+37
7090.0,1.6112391282777785e+37
7110.0,1.5816850146176066e+37
7130.0,1.561816475999258e+37
7150.0,1.5586191216398472e+37
7170.0,1.560737983939431e+37
7190.0,1.5305234921089937e+37
7210.0,1.5429789455002793e+37
7230.0,1.5485669992858812e+37
7250.0,1.544258498271995e+37
7270.0,1.5348643537676698e+37
7290.0,1.5061214717235118e+37
7310.0,1.5106018074531245e+37
7330.0,1.5076134385335063e+37
7350.0,1.4979937452284506e+37
7370.0,1.5118196993608074e+37
7390.0,1.488264080112397e+37
7410.0,1.4712280620618638e+37
7430.0,1.47587644004958e+37
7450.0,1.473329891232012e+37
7470.0,1.4666280944428557e+37
7490.0,1.4540522072545627e+37
7510.0,1.459587045001502e+37
7530.0,1.4611338427835934e+37
7550.0,1.4608310795054223e+37
7570.0,1.4475380886013457e+37
7590.0,1.4346633370035206e+37
7610.0,1.4324847261342384e+37
7630.0,1.4279401335254948e+37
7650.0,1.4214120734106486e+37
7670.0,1.3909451355013415e+37
7690.0,1.4079589732125791e+37
7710.0,1.3833433923904933e+37
7730.0,1.3818471272161398e+37
7750.0,1.371702720580536e+37
7770.0,1.3753080974214434e+37
7790.0,1.3763535266521913e+37
7810.0,1.3711343151782773e+37
7830.0,1.357000476003675e+37
7850.0,1.3407876468616483e+37
7870.0,1.3410964101728155e+37
7890.0,1.3069530903499396e+37
7910.0,1.2839555828128056e+37
7930.0,1.2840738449382916e+37
7950.0,1.2652897795045866e+37
7970.0,1.291665321976611e+37
7990.0,1.2828917136959536e+37
8010.0,1.2954480451883952e+37
8030.0,1.2905950646688392e+37
8050.0,1.2798232631246139e+37
8070.0,1.2703985810339538e+37
8090.0,1.2513822773288693e+37
8110.0,1.2468953346590783e+37
8130.0,1.2517857403407727e+37
8150.0,1.2466082594501015e+37
8170.0,1.2439129810736875e+37
8190.0,1.2267046174249168e+37
8210.0,1.2230381384142933e+37
8230.0,1.2265351536253818e+37
8250.0,1.2240241879769334e+37
8270.0,1.2250392397681066e+37
8290.0,1.2126068018925952e+37
8310.0,1.1846498396968331e+37
8330.0,1.1800488880689648e+37
8350.0,1.1863149406116123e+37
8370.0,1.1794241060390533e+37
8390.0,1.162786551003355e+37
8410.0,1.1852228071957053e+37
8430.0,1.1717096318915052e+37
8450.0,1.1766302243252537e+37
8470.0,1.1593645052208466e+37
8490.0,1.169553249697276e+37
8510.0,1.1003731887446649e+37
8530.0,1.153453257821086e+37
8550.0,9.850312303642633e+36
8570.0,1.1808371284771287e+37
8590.0,1.1505884232021617e+37
8610.0,1.1403548132842346e+37
8630.0,1.1726542988922952e+37
8650.0,1.147783560149065e+37
8670.0,9.76247646710601e+36
8690.0,1.1316444556654194e+37
8710.0,1.1550479136828593e+37
8730.0,1.147862848967046e+37
8750.0,1.090033888235078e+37
8770.0,1.1372606172184488e+37
8790.0,1.1403810712264666e+37
8810.0,1.1231557892484457e+37
8830.0,1.1226645259802304e+37
8850.0,1.1129867650393997e+37
8870.0,1.0621356843865375e+37
8890.0,1.117223339990576e+37
8910.0,1.1213985752845732e+37
8930.0,1.1033670235262277e+37
8950.0,1.0977918442923748e+37
8970.0,1.0972611431925404e+37
8990.0,1.0908373508555115e+37
9010.0,1.025770015590839e+37
9030.0,1.0641430182243186e+37
9050.0,1.0894316796591294e+37
9070.0,1.0776308110239652e+37
9090.0,1.0526403173882305e+37
9110.0,1.0611090046369168e+37
9130.0,1.0673331542618417e+37
9150.0,1.0606693028840723e+37
9170.0,1.0556258096186248e+37
9190.0,1.0576695467830707e+37
9210.0,1.0322621420651455e+37
9230.0,9.899425690881805e+36
9250.0,1.0200230832227725e+37
9270.0,1.0255338505067276e+37
9290.0,1.0248020842291628e+37
9310.0,1.0281346596899581e+37
9330.0,1.0217625953505417e+37
9350.0,1.0158509708723528e+37
9370.0,1.0006218912693504e+37
9390.0,1.0079987649715126e+37
9410.0,9.876657643599454e+36
9430.0,1.0005527731451108e+37
9450.0,9.851446428040291e+36
9470.0,9.91836302524045e+36
9490.0,9.886669125896675e+36
9510.0,9.798960341764967e+36
9530.0,9.695495296273924e+36
9550.0,9.18438329517306e+36
9570.0,9.551685183603072e+36
9590.0,9.670746516809642e+36
9610.0,9.543770779852074e+36
9630.0,9.510426641573945e+36
9650.0,9.386204238893507e+36
9670.0,9.347597419219674e+36
9690.0,9.419980418125406e+36
9710.0,9.363538488930432e+36
9730.0,9.284104069412918e+36
9750.0,9.215947668409917e+36
9770.0,9.207887403805479e+36
9790.0,9.070892079988248e+36
9810.0,9.205343521958998e+36
9830.0,9.128512193311221e+36
9850.0,9.129142790373998e+36
9870.0,9.058160257954007e+36
9890.0,9.017164654159991e+36
9910.0,8.98152328168695e+36
9930.0,8.958390714526719e+36
9950.0,8.932643464427195e+36
9970.0,8.907585507281164e+36
9990.0,8.855640952975326e+36
10025.0,8.653464173893399e+36
10075.0,8.464864293407843e+36
10125.0,8.571167849682821e+36
10175.0,8.413176498574572e+36
10225.0,8.362959623320998e+36
10275.0,8.315914203442227e+36
10325.0,8.132236496051005e+36
10375.0,8.052486399925804e+36
10425.0,8.020288671909122e+36
10475.0,7.906240117415616e+36
10525.0,7.866653113117135e+36
10575.0,7.751754320690842e+36
10625.0,7.67608897354821e+36
10675.0,7.507580541199413e+36
10725.0,7.479800248745e+36
10775.0,7.375475080523848e+36
10825.0,7.38754262993632e+36
10875.0,7.265407869782494e+36
10925.0,7.084676103394479e+36
10975.0,7.063826115097711e+36
11025.0,7.077827926089994e+36
11075.0,7.024412385855326e+36
11125.0,6.942086167859627e+36
11175.0,6.8454184335848e+36
11225.0,6.811927232143518e+36
11275.0,6.686209803545965e+36
11325.0,6.62399506165294e+36
11375.0,6.55571401882703e+36
11425.0,6.464277624126696e+36
11475.0,6.487091146460189e+36
11525.0,6.436799774313608e+36
11575.0,6.331112051909988e+36
11625.0,6.228880513063198e+36
11675.0,6.18956317487736e+36
11725.0,6.20183203488156e+36
11775.0,6.070297835574269e+36
11825.0,6.019771409743063e+36
11875.0,5.906225169098249e+36
11925.0,5.972277790454094e+36
11975.0,5.76819587993123e+36
12025.0,5.833779365403158e+36
12075.0,5.747116489127704e+36
12125.0,5.714128465496397e+36
12175.0,5.698361537914218e+36
12225.0,5.635987224607591e+36
12275.0,5.577762266863169e+36
12325.0,5.527515893527765e+36
12375.0,5.485547752405028e+36
12425.0,5.434880507105355e+36
12475.0,5.400823690493207e+36
12525.0,5.328684409747354e+36
12575.0,5.291392775114958e+36
12625.0,5.24638309578248e+36
12675.0,5.1921831088256654e+36
12725.0,5.169993534815561e+36
12775.0,5.143870186935958e+36
12825.0,4.9258365851146444e+36
12875.0,5.0184546044959604e+36
12925.0,4.949370893784774e+36
12975.0,4.968897064394416e+36
13025.0,4.901172634719436e+36
13075.0,4.896209587767699e+36
13125.0,4.8138216963845487e+36
13175.0,4.7813441023873733e+36
13225.0,4.7652972909629846e+36
13275.0,4.678643991396607e+36
13325.0,4.6932101365034135e+36
13375.0,4.63671070378586e+36
13425.0,4.642372661026741e+36
13475.0,4.602883680772438e+36
13525.0,4.571618694642185e+36
13575.0,4.492519801420736e+36
13625.0,4.457691404515535e+36
13675.0,4.453074900454843e+36
13725.0,4.4374145187212405e+36
13775.0,4.401898254009991e+36
13825.0,4.3871249121047657e+36
13875.0,4.331516768376396e+36
13925.0,4.33411070310174e+36
13975.0,4.3192664903517597e+36
14025.0,4.243361190153164e+36
14075.0,4.260984947502576e+36
14125.0,4.2017479804324436e+36
14175.0,4.214344170440188e+36
14225.0,4.141712988897376e+36
14275.0,4.079904523489777e+36
14325.0,4.122968340990283e+36
14375.0,4.117181379938735e+36
14425.0,3.9952135689058856e+36
14475.0,4.058167794535391e+36
14525.0,3.9908003349789015e+36
14570.0,4.000736974985341e+36
14620.0,3.988962926618201e+36
14675.0,3.97273869059475e+36
14725.0,3.894215669926914e+36
14775.0,3.9020245726708165e+36
14825.0,3.879716572936899e+36
14875.0,3.8321279393870343e+36
14925.0,3.8772160333894104e+36
14975.0,3.8260443509590934e+36
15025.0,3.788698098482383e+36
15075.0,3.7442945002249613e+36
15125.0,3.7844258471709587e+36
15175.0,3.7776350563998523e+36
15225.0,3.775982735892201e+36
15275.0,3.7551734353305393e+36
15325.0,3.7218597184434425e+36
15375.0,3.756211171457359e+36
15425.0,3.712273797748519e+36
15475.0,3.724088559212803e+36
15525.0,3.673245878697966e+36
15575.0,3.5047738515999116e+36
15625.0,3.596830729823942e+36
15675.0,3.563198361629845e+36
15725.0,3.582613845838687e+36
15775.0,3.38088189704142e+36
15825.0,3.435658587050429e+36
15875.0,3.364573344897951e+36
15925.0,3.4760018586666205e+36
15975.0,3.369690394961999e+36
16050.0,3.375281507513318e+36
16150.0,3.3345712388501954e+36
16250.0,3.2845811789945426e+36
16350.0,3.3339570446991846e+36
16450.0,3.118315116312977e+36
16550.0,3.2216621887342644e+36
16650.0,3.057665689525157e+36
16750.0,3.0873082965124324e+36
16850.0,2.941236860174591e+36
16950.0,3.0006821857826954e+36
17050.0,2.895276197794128e+36
17150.0,2.8814427817477915e+36
17250.0,2.8221493943430124e+36
17350.0,2.7130637582361716e+36
17450.0,2.7275957181093783e+36
17550.0,2.665385311100099e+36
17650.0,2.6406448787080393e+36
17750.0,2.5788138855996035e+36
17850.0,2.5498227989629932e+36
17950.0,2.511076825494296e+36
18050.0,2.4446123418147453e+36
18150.0,2.4033111425802324e+36
18250.0,2.3691360432762108e+36
18350.0,2.328627382208765e+36
18450.0,2.2816551203053104e+36
18550.0,2.2532532181048598e+36
18650.0,2.2087674825510166e+36
18750.0,2.1651600240819972e+36
18850.0,2.1375190798395427e+36
18950.0,2.0545182339509496e+36
19050.0,2.0789785093472885e+36
19150.0,2.0347450470472353e+36
19250.0,2.006781090018198e+36
19350.0,1.9528999756374044e+36
19450.0,1.9068652306835554e+36
19550.0,1.9025671767929483e+36
19650.0,1.867970442644074e+36
19750.0,1.830838346283374e+36
19850.0,1.8072989654887716e+36
19950.0,1.7782794100389228e+36
20050.0,1.7675837488140743e+36
20150.0,1.742569065228462e+36
20250.0,1.6932847614376633e+36
20350.0,1.6659424706286785e+36
20450.0,1.6614604207862254e+36
20550.0,1.6282834173984267e+36
20650.0,1.5977911083641486e+36
20750.0,1.5763040812492995e+36
20850.0,1.549351653613165e+36
20950.0,1.5174346612568328e+36
21050.0,1.5081689661759304e+36
21150.0,1.4778147604897333e+36
21250.0,1.4538848129438902e+36
21350.0,1.442048941187818e+36
21450.0,1.4188614851894038e+36
21550.0,1.3960790179101326e+36
21650.0,1.362322721306425e+36
21750.0,1.3447142278943386e+36
21850.0,1.3281587873731077e+36
21950.0,1.3117769639222387e+36
22050.0,1.2778209377742429e+36
22150.0,1.2748526762655137e+36
22250.0,1.2411092144823989e+36
22350.0,1.2271848920181414e+36
22450.0,1.2112673196882458e+36
22550.0,1.1950057638113685e+36
22650.0,1.1716556739113109e+36
22750.0,1.1643672993408912e+36
22850.0,1.1396985611884418e+36
22950.0,9.730160409045247e+35
23050.0,1.0429176082658731e+36
23150.0,1.0279926274489527e+36
23250.0,8.911688546689106e+35
23350.0,9.572822361869124e+35
23450.0,9.27918856002594e+35
23550.0,8.109050405833401e+35
23650.0,8.857272372577727e+35
23750.0,8.568997181827322e+35
23850.0,7.690241883292178e+35
23950.0,8.274847523632376e+35
24050.0,8.167704180469902e+35
24150.0,7.41224899718128e+35
24250.0,7.880975910224226e+35
24350.0,7.780007219575191e+35
24450.0,7.321836050587742e+35
24550.0,7.349029657371922e+35
24650.0,7.558576275347857e+35
24750.0,7.289537928556937e+35
24850.0,6.946083504306275e+35
24950.0,7.144634230613506e+35
25050.0,7.34818361776793e+35
25150.0,6.706562867022823e+35
25250.0,6.96450091853261e+35
25350.0,6.973647642553359e+35
25450.0,6.815378815563633e+35
25550.0,6.671907245459211e+35
25650.0,6.671139157966443e+35
25750.0,6.717226613834443e+35
25850.0,6.35887078467954e+35
25950.0,6.427321141451378e+35
26050.0,6.4950126311150266e+35
26150.0,6.302603698851962e+35
26250.0,6.219994490430056e+35
26350.0,6.2683032681345255e+35
26450.0,6.222716278418207e+35
26550.0,6.0772905487843266e+35
26650.0,5.9630712697434715e+35
26750.0,6.081490042658203e+35
26850.0,6.0100764998782404e+35
26950.0,5.8100517411875826e+35
27050.0,5.869755345477224e+35
27150.0,5.8024312041964914e+35
27250.0,5.793753315293088e+35
27350.0,5.5966738650014824e+35
27450.0,5.6359872246075914e+35
27550.0,5.603508047709787e+35
27650.0,5.514929944245625e+35
27750.0,5.3958516381115065e+35
27850.0,5.4102832156474716e+35
27950.0,5.395478918758605e+35
28050.0,5.326108385256435e+35
28150.0,5.21723020560768e+35
28250.0,5.200199437855187e+35
28350.0,5.170707845159857e+35
28450.0,5.099997932049919e+35
28550.0,5.0316450864690055e+35
28650.0,4.980007536497026e+35
28750.0,4.909983130545062e+35
28850.0,4.878766128423061e+35
28950.0,4.822586210400308e+35
29050.0,4.763322649750343e+35
29150.0,4.724109983429405e+35
29250.0,4.634362485994575e+35
29350.0,4.630949019244362e+35
29450.0,4.551766760051777e+35
29550.0,4.503187187539659e+35
29650.0,4.4704372168973376e+35
29750.0,4.419162789078235e+35
29850.0,4.35943292580459e+35
29950.0,4.310920362323018e+35
30050.0,4.258434778026775e+35
30150.0,4.221239564426705e+35
30250.0,4.1622676155166085e+35
30350.0,4.0830058296301404e+35
30450.0,4.067803821690129e+35
30550.0,4.015041143485074e+35
30650.0,3.967893436187628e+35
30750.0,3.9322398491431476e+35
30850.0,3.883202154986192e+35
30950.0,3.8408734662341655e+35
31050.0,3.801718883549696e+35
31150.0,3.729237133383836e+35
31250.0,3.7027125662903e+35
31350.0,3.66209831950593e+35
31450.0,3.61934514571332e+35
31550.0,3.569932462316949e+35
31650.0,3.5267932425601175e+35
31750.0,3.493735316678145e+35
31850.0,3.452073230182814e+35
31950.0,3.417432930563019e+35
32100.0,3.353126979272457e+35
32300.0,3.2740853759060094e+35
32500.0,3.1988951096914167e+35
32700.0,3.1239926254244506e+35
32900.0,3.0443178912055795e+35
33100.0,2.9816042582887014e+35
33300.0,2.9099799723012296e+35
33500.0,2.853513949805429e+35
33700.0,2.7861853221790862e+35
33900.0,2.7204453127188575e+35
34100.0,2.6575411624429883e+35
34300.0,2.6090355697193258e+35
34500.0,2.5549358486600646e+35
34700.0,2.4993092699910262e+35
34900.0,2.4465832606722682e+35
35100.0,2.3962934463646687e+35
35300.0,2.33899880539244e+35
35500.0,2.2954614308776383e+35
35700.0,2.2438302570869375e+35
35900.0,2.1985178699803865e+35
36100.0,2.1549142844275095e+35
36300.0,2.1140730991265756e+35
36500.0,2.060582466059039e+35
36700.0,2.0201796872669008e+35
36900.0,1.9674785216525337e+35
37100.0,1.928812447156436e+35
37300.0,1.8992843950756367e+35
37500.0,1.8430622334583867e+35
37700.0,1.8243577250848343e+35
37900.0,1.787228165454581e+35
38100.0,1.752709739634761e+35
38300.0,1.722780708745185e+35
38500.0,1.6918817274169824e+35
38700.0,1.6521139565404962e+35
38900.0,1.623229773550614e+35
39100.0,1.5915123021469868e+35
39300.0,1.5642277998090938e+35
39500.0,1.5286568262462473e+35
39700.0,1.5023115286214085e+35
39900.0,1.4636930139640723e+35
40100.0,1.4423478117902047e+35
40300.0,1.4216411964328763e+35
40500.0,1.4036214615118836e+35
40700.0,1.3694935778520095e+35
40900.0,1.3430123303673363e+35
41100.0,1.3199272652020404e+35
41300.0,1.2968208966191982e+35
41500.0,1.2711300917681837e+35
41700.0,1.2448585313786201e+35
41900.0,1.2237142010526553e+35
42100.0,1.1996374085599435e+35
42300.0,1.1849772157707704e+35
42500.0,1.1592577287210829e+35
42700.0,1.141747317713501e+35
42900.0,1.0629675336124967e+35
43100.0,9.893273150684098e+34
43300.0,1.0053794407758962e+35
43500.0,9.341142557364746e+34
43700.0,9.057743123863365e+34
43900.0,8.798527585670784e+34
44100.0,8.132798270449683e+34
44300.0,8.1376686077878525e+34
44500.0,7.888237901040856e+34
44700.0,7.417370966256923e+34
44900.0,7.607115320202689e+34
45100.0,7.314084947004729e+34
45300.0,6.985540260326952e+34
45500.0,7.079457843841402e+34
45700.0,6.957448495035174e+34
45900.0,6.580516766484361e+34
46100.0,6.75740579635025e+34
46300.0,6.549075542914732e+34
46500.0,6.524090848550874e+34
46700.0,6.474705210016555e+34
46900.0,6.324846646726848e+34
47100.0,6.165098219980541e+34
47300.0,6.261523285713684e+34
47500.0,6.119557220774817e+34
47700.0,6.042824759597239e+34
47900.0,5.939911850355439e+34
48100.0,5.768860006253033e+34
48300.0,5.87759963680597e+34
48500.0,5.738521326746201e+34
48700.0,5.597962695159076e+34
48900.0,5.563524437435327e+34
49100.0,5.461349875057207e+34
49300.0,5.393367328679619e+34
49500.0,5.287738872635878e+34
49700.0,5.302980131929042e+34
49900.0,5.200319178250844e+34
50100.0,5.173208708657461e+34
50300.0,5.105049999754044e+34
50500.0,4.959980853140762e+34
50700.0,4.939352261541089e+34
50900.0,4.884498718528625e+34
51100.0,4.793580224027819e+34
51300.0,4.747664266362222e+34
51500.0,4.667238561439775e+34
51700.0,4.700239630848194e+34
51900.0,4.593143352424681e+34
52100.0,4.534401789901373e+34
52300.0,4.469510892294475e+34
52500.0,4.451229637780866e+34
52700.0,4.478576531586359e+34
52900.0,4.321853088981397e+34
53100.0,4.249227661767455e+34
53300.0,4.246684528944415e+34
53500.0,4.192470351251192e+34
53700.0,4.1481074733307945e+34
53900.0,4.111875911372297e+34
54100.0,4.06742918036557e+34
54300.0,3.9842813634277235e+34
54500.0,3.9953055631571046e+34
54700.0,3.9008567307983836e+34
54900.0,3.889824433789762e+34
55100.0,3.808026833442713e+34
55300.0,3.880341959763989e+34
55500.0,3.7366291717262636e+34
55700.0,3.764783444138048e+34
55900.0,3.6869733629773392e+34
56100.0,3.6849364290778436e+34
56300.0,3.587732047754929e+34
56500.0,3.595257492311866e+34
56700.0,3.5462553173732904e+34
56900.0,3.46393712178844e+34
57100.0,3.4770425071188323e+34
57300.0,3.439457916449349e+34
57500.0,3.3946890538007794e+34
57700.0,3.3516603366799643e+34
57900.0,3.3411809763304107e+34
58100.0,3.289803815801131e+34
58300.0,3.2569418150100398e+34
58500.0,3.2210687912834543e+34
58700.0,3.1632972223696036e+34
58900.0,3.143764460164009e+34
59100.0,3.10835061257712e+34
59300.0,3.0840399842703593e+34
59500.0,3.0341706287675355e+34
59700.0,3.0217602226093083e+34
59900.0,2.986482677146181e+34
60100.0,2.953928642960266e+34
60300.0,2.9190396893073507e+34
60500.0,2.870251813401711e+34
60700.0,2.8440026714324315e+34
60900.0,2.808665372767935e+34
61100.0,2.7727454417005515e+34
61300.0,2.752643698094343e+34
61500.0,2.728726446240232e+34
61700.0,2.7127514232076973e+34
61900.0,2.6757159038494696e+34
62100.0,2.65619527613746e+34
62300.0,2.614447949660713e+34
62500.0,2.575016403792081e+34
62700.0,2.5498815114786287e+34
62900.0,2.5255734302101074e+34
63100.0,2.49637600776337e+34
63300.0,2.4808471080889033e+34
63500.0,2.446301603578816e+34
63700.0,2.4341649239660743e+34
63900.0,2.3892412269571526e+34
64200.0,2.3600977997012545e+34
64600.0,2.30356250011754e+34
65000.0,2.256887961664712e+34
65400.0,2.20673406908459e+34
65800.0,2.1638641910594645e+34
66200.0,2.114024421354985e+34
66600.0,2.0702843540285043e+34
67000.0,2.0277294091788391e+34
67400.0,1.9815270258050847e+34
67800.0,1.9414222382770032e+34
68200.0,1.8983225206581568e+34
68600.0,1.8611441004411461e+34
69000.0,1.8184442878429038e+34
69400.0,1.7892045750248107e+34
69800.0,1.7452996435989782e+34
70200.0,1.7065538621217103e+34
70600.0,1.6730926833900005e+34
71000.0,1.6374196580144035e+34
71400.0,1.6045010291709496e+34
71800.0,1.5709414539556196e+34
72200.0,1.539642887235349e+34
72600.0,1.5070928172123714e+34
73000.0,1.476284296125188e+34
73400.0,1.4457726338736344e+34
73800.0,1.4173268025941794e+34
74200.0,1.3886730268999397e+34
74600.0,1.3870432397482564e+34
75000.0,1.3427649611378642e+34
75400.0,1.3065318463516823e+34
75800.0,1.2810615606243276e+34
76200.0,1.2554227661768648e+34
76600.0,1.2310055189439958e+34
77000.0,1.2064240881969968e+34
77400.0,1.1830687965772818e+34
77800.0,1.1605931420818546e+34
78200.0,1.1380202762310274e+34
78600.0,1.1160920123869184e+34
79000.0,1.0944602678150819e+34
79400.0,1.073791594400643e+34
79800.0,1.0534404733382325e+34
80200.0,1.033237119493636e+34
80600.0,1.0138413496383909e+34
81000.0,9.951075012044599e+33
81400.0,9.76742308511379e+33
81800.0,9.58473257344599e+33
82200.0,9.408274931407848e+33
82600.0,9.235278572249754e+33
83000.0,9.064837016590333e+33
83400.0,8.896516734394931e+33
83800.0,8.736349504522448e+33
84200.0,8.584005752562746e+33
84600.0,8.426747871223852e+33
85000.0,8.276181378964375e+33
85400.0,8.129241021227159e+33
85800.0,7.983806452150071e+33
86200.0,7.843321188819633e+33
86600.0,7.714894650475408e+33
87000.0,7.573210005504511e+33
87400.0,7.458474341233422e+33
87800.0,7.318802032281031e+33
88200.0,7.181083886363944e+33
88600.0,7.056510628451119e+33
89000.0,6.93617433120491e+33
89400.0,6.819617240146346e+33
89800.0,6.699000342572622e+33
90200.0,6.590221323188552e+33
90600.0,6.478880952687834e+33
91000.0,6.367222113343492e+33
91400.0,6.263109432497765e+33
91800.0,6.155736197793304e+33
92200.0,6.053826916644319e+33
92600.0,5.957855969698528e+33
93000.0,5.85517662006774e+33
93400.0,5.757712825522317e+33
93800.0,5.671396358377722e+33
94200.0,5.572370699992978e+33
94600.0,5.477974420792733e+33
95000.0,5.389518909310821e+33
95400.0,5.302247548755274e+33
95800.0,5.217110075825712e+33
96200.0,5.131212493406973e+33
96600.0,5.0512632191459727e+33
97000.0,5.003570231022404e+33
97400.0,4.8972243474385487e+33
97800.0,4.81193774534162e+33
98200.0,4.7345640920970146e+33
98600.0,4.660473039975341e+33
99000.0,4.585851635084245e+33
99400.0,4.51263284431064e+33
99800.0,4.441707954746392e+33
100200.0,4.372099127112767e+33
200000.0,2.8135847410469588e+32
400000.0,1.8337916885152986e+31
600000.0,3.586906037023498e+30
800000.0,1.1835864919618605e+30
1000000.0,5.61254711825243e+29
1200000.0,3.282237476988458e+29
1400000.0,2.1832828332124957e+29
1600000.0,1.5697120782774694e+29
