WAVE,FLUX
91.0,1.3401086177809303e+25
94.0,1.3842993022742117e+25
96.0,1.41374147791993e+25
98.0,1.4432115637448067e+25
100.0,1.472651553947999e+25
102.0,1.5021039909500783e+25
104.0,1.5315458399746813e+25
106.0,1.5610255089819134e+25
108.0,1.5905964176594595e+25
110.0,3.4919659478404547e+25
114.0,6.351261583645101e+26
118.0,6.57415591880213e+26
121.0,1.0621845986687008e+27
125.0,2.1107655626245388e+27
127.0,2.275883357303346e+27
128.0,2.2302831332496993e+27
131.0,4.1641848520156814e+27
132.0,1.0699906927079136e+28
134.0,1.0862255150526664e+28
137.0,3.4356585870504572e+28
140.0,3.5109932942964057e+28
143.0,4.923001861619025e+28
147.0,3.556558855586721e+29
151.0,3.653423348834552e+29
155.0,4.1991365740582275e+29
159.0,7.225368476956817e+29
162.0,3.472881781679073e+29
166.0,1.1008800460241433e+30
170.0,1.127508955375864e+30
173.0,1.4060151490619562e+30
177.0,2.270910404006835e+30
180.0,3.1856642365731103e+30
182.0,3.959223330718306e+30
186.0,6.066385431274231e+30
191.0,1.0056109646013514e+31
194.0,1.2472686312661798e+31
198.0,1.7944856923459264e+31
202.0,1.6038730870538799e+31
205.0,3.313217907523919e+31
210.0,5.519884620819344e+31
216.0,7.630623048329377e+31
220.0,1.1457767359171137e+32
223.0,1.4486384228706504e+32
227.0,2.0362448550853705e+32
230.0,7.179265260450517e+32
234.0,2.8552885252177826e+33
240.0,3.572399336228103e+34
246.0,2.1615236914778544e+34
252.0,8.309406397159784e+34
257.0,1.6796546631628167e+35
260.0,1.022280319441422e+35
264.0,1.2633683711885575e+36
269.0,1.170199747325505e+36
274.0,6.207975581554867e+35
279.0,1.759665016452316e+35
284.0,9.850765937733281e+35
290.0,5.08850259110969e+35
296.0,8.443451245436351e+35
301.0,3.666316893946424e+36
308.0,7.677503091632685e+36
318.0,5.1998402332106036e+36
328.0,2.24915818101286e+36
338.0,1.6253990440717505e+36
348.0,2.7228893921173544e+36
357.0,3.827542308876828e+36
366.0,7.515882813017698e+36
375.0,1.4739746010636216e+37
385.0,9.878022248540328e+36
395.0,6.360920972863896e+36
405.0,1.329872483226175e+37
414.0,2.345848710644951e+37
422.0,1.8971863880017282e+37
430.0,2.022879438290689e+37
441.0,2.8170853167694114e+37
451.0,3.2220331176527742e+37
460.0,3.1942580650573805e+37
470.0,3.161913610455145e+37
480.0,4.1845619334391474e+37
490.0,3.8828445153205037e+37
500.0,4.52720332609935e+37
506.0,5.896441579314596e+37
512.0,1.6582117950262011e+38
520.0,1.702197702494252e+38
530.0,1.7546075751424043e+38
540.0,8.006265723495449e+37
550.0,1.8524222977948997e+38
560.0,1.7805738872351366e+38
570.0,1.9790647342448912e+38
580.0,1.1279244215529332e+38
590.0,1.9797483970457398e+38
600.0,1.8269219762374792e+38
610.0,2.0845868796603616e+38
620.0,2.0660460630344627e+38
630.0,2.034510801851055e+38
640.0,2.073480712904668e+38
650.0,1.697891757378409e+38
658.0,1.6671704347473994e+38
665.0,1.9149612928918006e+38
675.0,2.118214809099329e+38
685.0,1.7401232110583074e+38
695.0,1.5068499221260982e+38
705.0,2.587557444314484e+38
716.0,2.2181453445281536e+38
726.0,2.2181964198002013e+38
735.0,2.2446053824538064e+38
745.0,2.2457944281075443e+38
755.0,2.2547064125448907e+38
765.0,2.644843626854381e+38
775.0,2.2741023134339324e+38
785.0,1.5763766744063934e+38
795.0,2.2892857238973487e+38
805.0,2.310415024013147e+38
815.0,2.3032442731799833e+38
825.0,2.3321152023869023e+38
835.0,2.7207585335901333e+38
845.0,2.349037770964116e+38
855.0,2.0765863741730623e+38
865.0,2.3667369983344885e+38
875.0,2.3723021366186213e+38
885.0,2.3789756673108876e+38
895.0,2.3839107936588156e+38
905.0,2.3744334401784164e+38
915.0,7.288363088544666e+38
925.0,1.0031133262401653e+39
935.0,1.1928339737574654e+39
945.0,1.3978159765470492e+39
955.0,1.505150752282372e+39
965.0,1.6338794104956618e+39
975.0,9.946951491175052e+38
985.0,1.56217613893897e+39
995.0,1.5006174764083563e+39
1005.0,1.5482817689743366e+39
1015.0,1.5019310647918215e+39
1025.0,1.1151672328700581e+39
1035.0,1.383120441747528e+39
1045.0,1.5427657898057523e+39
1055.0,1.5081689661759303e+39
1065.0,1.412732707377433e+39
1075.0,1.3280364650613521e+39
1085.0,1.3365031909879452e+39
1095.0,1.4060798999433417e+39
1105.0,1.3552518225668457e+39
1115.0,1.3236708350899235e+39
1125.0,1.0659823158323487e+39
1135.0,1.300259393668038e+39
1145.0,1.251324650372243e+39
1155.0,1.144853720946959e+39
1165.0,1.164206447165235e+39
1175.0,9.748549472253517e+38
1185.0,1.1647427075163475e+39
1195.0,1.0858004067248208e+39
1205.0,9.580319657166724e+38
1215.0,7.545360600759826e+38
1225.0,9.826073310477178e+38
1235.0,1.0606448803520036e+39
1245.0,1.0516712461692859e+39
1255.0,1.0379346248848112e+39
1265.0,1.0198586881756028e+39
1275.0,1.0290820429254837e+39
1285.0,1.0129779687601047e+39
1295.0,9.57194071294848e+38
1305.0,9.524013448848114e+38
1315.0,9.645838805024735e+38
1325.0,9.37302984756652e+38
1335.0,9.08008679734667e+38
1345.0,8.848914522788767e+38
1355.0,9.056074779584879e+38
1365.0,8.76819096762336e+38
1375.0,8.651471869513697e+38
1385.0,8.450842349196593e+38
1395.0,7.427112460440278e+38
1405.0,7.83573969132105e+38
1415.0,8.10550354381971e+38
1425.0,7.780902977570566e+38
1435.0,7.804408621281116e+38
1442.0,7.823840713198396e+38
1447.0,7.757468129138948e+38
1455.0,7.631501606846335e+38
1465.0,7.455383702828644e+38
1475.0,7.318296484808439e+38
1485.0,7.244526410214652e+38
1495.0,7.121803717395054e+38
1505.0,6.946083504306276e+38
1512.0,6.7575613931602064e+38
1517.0,6.783752583770015e+38
1525.0,6.6745194044850794e+38
1535.0,6.359017204776074e+38
1545.0,4.647720467923881e+38
1555.0,6.1602735832723775e+38
1565.0,5.560194707250165e+38
1575.0,6.123926928522981e+38
1585.0,5.6910185342353154e+38
1595.0,6.052990607319053e+38
1605.0,5.848304814076429e+38
1615.0,5.7545318748392215e+38
1625.0,5.6635664447091345e+38
1635.0,5.640141503766236e+38
1645.0,5.51404111419528e+38
1655.0,5.466004690065294e+38
1665.0,5.471671298737173e+38
1672.0,5.289078343819676e+38
1677.0,5.411404519202129e+38
1685.0,5.35920043457778e+38
1695.0,5.235522134241476e+38
1705.0,5.116700537662822e+38
1715.0,4.989878833316991e+38
1725.0,4.9154128444655295e+38
1735.0,4.939579732356478e+38
1745.0,4.840274590234714e+38
1755.0,4.821031842831715e+38
1765.0,4.671646794644571e+38
1775.0,4.652753023363131e+38
1785.0,4.607231130428726e+38
1795.0,4.5790986513759296e+38
1805.0,4.528350141126448e+38
1815.0,4.404432919800609e+38
1825.0,4.3688788319709565e+38
1835.0,4.302986663002851e+38
1845.0,4.15106945517244e+38
1855.0,4.071458383489714e+38
1865.0,4.0540583948460276e+38
1875.0,4.072020915110006e+38
1885.0,3.9184111176526685e+38
1895.0,3.811009224694976e+38
1905.0,3.864114617568529e+38
1915.0,3.756730147057051e+38
1925.0,3.676715280195013e+38
1935.0,3.698026338369922e+38
1945.0,3.6979411891470134e+38
1955.0,3.554675819990717e+38
1967.0,3.593519451429878e+38
1976.0,3.596168230138675e+38
1984.0,3.5005799420646674e+38
1995.0,3.41483716994589e+38
2005.0,3.418928354379717e+38
2015.0,3.3790140688072318e+38
2025.0,3.3751260736346716e+38
2035.0,3.283976192504779e+38
2045.0,3.2561919627760574e+38
2055.0,3.0575248820586776e+38
2065.0,3.111143190564256e+38
2074.0,3.2064908133938743e+38
2078.0,3.1306174380185414e+38
2085.0,3.1329971513250066e+38
2095.0,3.0544990894196336e+38
2105.0,3.0530224651992713e+38
2115.0,3.0278893469956455e+38
2125.0,3.0100242883700397e+38
2135.0,2.9484923138943664e+38
2145.0,2.905159626054257e+38
2155.0,2.9023514457046734e+38
2165.0,2.8456402822684245e+38
2175.0,2.816631292854467e+38
2185.0,2.7747253377621742e+38
2195.0,2.773831016149582e+38
2205.0,2.7255239333258214e+38
2215.0,2.673252612989656e+38
2225.0,2.6300257464166406e+38
2235.0,2.6292386026826103e+38
2245.0,2.587617025712442e+38
2255.0,2.536880440299936e+38
2265.0,2.5240618923028e+38
2275.0,2.505993845093361e+38
2285.0,2.486279791290578e+38
2295.0,2.4222557750074243e+38
2305.0,2.406190456774977e+38
2315.0,2.3747068226674677e+38
2325.0,2.2051594613088334e+38
2335.0,2.3069065386744702e+38
2345.0,2.2620385397696288e+38
2355.0,2.264748600718968e+38
2365.0,2.216460520145273e+38
2375.0,2.2039919300154735e+38
2385.0,2.145902570548196e+38
2395.0,2.153128750108913e+38
2405.0,2.1191417121107087e+38
2415.0,2.098166748019179e+38
2425.0,2.0921845949503676e+38
2435.0,2.051020494455549e+38
2445.0,2.045596632146506e+38
2455.0,2.022367139447724e+38
2465.0,1.9929665061647266e+38
2475.0,1.9663915532091468e+38
2485.0,1.960423952085236e+38
2495.0,1.8847771153165427e+38
2505.0,1.9245978663930178e+38
2513.0,1.86848665326538e+38
2518.0,1.8881652475339428e+38
2525.0,1.8597304415173914e+38
2535.0,1.835904135006727e+38
2545.0,1.8134684320438524e+38
2555.0,1.815223059803696e+38
2565.0,1.7918431880502124e+38
2575.0,1.7887102678251055e+38
2585.0,1.771617656704005e+38
2595.0,1.7517817598196483e+38
2605.0,1.7254405488774676e+38
2615.0,1.7074578831440357e+38
2625.0,1.6946889589583877e+38
2635.0,1.6793066199260344e+38
2645.0,1.6869414132873151e+38
2655.0,1.6686682398656642e+38
2665.0,1.6400987590101103e+38
2675.0,1.6312104688045127e+38
2685.0,1.6196829108225664e+38
2695.0,1.5915123021469867e+38
2705.0,1.5821585408495458e+38
2715.0,1.5596243245275813e+38
2725.0,1.538827716594411e+38
2735.0,1.5329570956303056e+38
2745.0,1.4970627349838945e+38
2755.0,1.4847386020613377e+38
2765.0,1.4765562627905265e+38
2775.0,1.4776106069382066e+38
2785.0,1.4618405344788031e+38
2795.0,1.4157937799570925e+38
2805.0,1.4211175409274657e+38
2815.0,1.4259687234418208e+38
2825.0,1.4054001643876123e+38
2835.0,1.3842674279717928e+38
2845.0,1.3729666874640128e+38
2855.0,1.361381987064964e+38
2865.0,1.355033399385094e+38
2875.0,1.3389365592529585e+38
2885.0,1.3299949746492406e+38
2895.0,1.3171341194590944e+38
2910.0,1.3052989840824474e+38
2930.0,1.2764388088113487e+38
2950.0,1.2485329261595026e+38
2970.0,1.2311756003899678e+38
2990.0,1.208509308793956e+38
3010.0,1.1901179349101953e+38
3030.0,1.1699033915638889e+38
3050.0,1.1483386969107393e+38
3070.0,1.1277686037991322e+38
3090.0,1.1085365066512284e+38
3110.0,1.0886292523940237e+38
3130.0,1.0688087485777344e+38
3150.0,1.0512838675259824e+38
3170.0,1.033189538261467e+38
3190.0,1.0089043626704277e+38
3210.0,9.968963364769218e+37
3230.0,9.810022421684435e+37
3250.0,9.651615228750966e+37
3270.0,9.502327622422906e+37
3290.0,9.34350882233749e+37
3310.0,9.204283778625536e+37
3330.0,9.04815433975304e+37
3350.0,8.88116625277217e+37
3370.0,8.749233355770437e+37
3390.0,8.60954102869994e+37
3410.0,8.481838520726074e+37
3430.0,8.297170221528525e+37
3450.0,8.191246586825977e+37
3470.0,8.085185714831143e+37
3490.0,7.962143490564377e+37
3510.0,7.857239657956114e+37
3530.0,7.738200886967784e+37
3550.0,7.623422682511102e+37
3570.0,7.515882813017697e+37
3590.0,7.382781240242605e+37
3610.0,7.275787393248187e+37
3630.0,7.164237918794849e+37
3640.0,7.123607787354991e+37
3650.0,7.267248317035e+37
3670.0,7.011484850413635e+37
3690.0,7.094634067566995e+37
3710.0,7.964343816085788e+37
3730.0,8.039702898473587e+37
3750.0,8.892011178579444e+37
3770.0,8.850340914245978e+37
3790.0,9.198563272435842e+37
3810.0,9.619223155267029e+37
3830.0,8.578275698828063e+37
3850.0,9.667406936052736e+37
3870.0,9.676315048599959e+37
3890.0,8.122505236452593e+37
3910.0,9.461282280575031e+37
3930.0,9.231239103123973e+37
3950.0,9.185863762165883e+37
3970.0,7.56223205480145e+37
3990.0,8.909431641188505e+37
4010.0,8.840971692004962e+37
4030.0,8.61906190556016e+37
4050.0,8.62084824175871e+37
4070.0,8.459992928050079e+37
4090.0,8.043035767113413e+37
4110.0,7.101007968517572e+37
4130.0,8.041369160123693e+37
4150.0,7.981416968613365e+37
4170.0,7.886421776237952e+37
4190.0,7.789328145536732e+37
4210.0,7.678033453075659e+37
4230.0,7.566760707783072e+37
4250.0,7.45692886191073e+37
4270.0,7.335335800934721e+37
4290.0,7.242691717337e+37
4310.0,7.102479681764251e+37
4330.0,6.649515458732245e+37
4350.0,6.071695734237793e+37
4370.0,6.830460748668226e+37
4390.0,6.701314494938664e+37
4410.0,6.660548576017172e+37
4430.0,6.567196330640767e+37
4450.0,6.489929812441051e+37
4470.0,6.309718729772157e+37
4490.0,6.287963325219751e+37
4510.0,6.229167370216576e+37
4530.0,6.139174811705991e+37
4550.0,6.038234844638981e+37
4570.0,5.983978162827687e+37
4590.0,5.895491261809426e+37
4610.0,5.831093429229773e+37
4630.0,5.741296818796039e+37
4650.0,5.66513156216843e+37
4670.0,5.599896496913509e+37
4690.0,5.51861376673315e+37
4710.0,5.415393258728537e+37
4730.0,5.380962928042159e+37
4750.0,5.310922940318962e+37
4770.0,5.249041422610181e+37
4790.0,5.17916801507953e+37
4810.0,5.108460033640088e+37
4830.0,5.02747592992955e+37
4850.0,4.743621185513763e+37
4870.0,4.23730767804979e+37
4890.0,4.827030022584392e+37
4910.0,4.788615864550835e+37
4930.0,4.687917929882754e+37
4950.0,4.672722604923997e+37
4970.0,4.617745566319099e+37
4990.0,4.553653700512382e+37
5010.0,4.461901719246136e+37
5030.0,4.441707954746392e+37
5050.0,4.366063019503177e+37
5070.0,4.335607910449907e+37
5090.0,4.280849896283467e+37
5110.0,4.2277568317402095e+37
5130.0,4.1733998874631036e+37
5150.0,4.120121278811719e+37
5170.0,4.063871808228363e+37
5190.0,4.01855577095552e+37
5210.0,3.971732585437879e+37
5230.0,3.923015282765591e+37
5250.0,3.88186117606906e+37
5270.0,3.8259562540465086e+37
5290.0,3.7909669655068043e+37
5310.0,3.742570585861384e+37
5330.0,3.6982817978026435e+37
5350.0,3.659400979604828e+37
5370.0,3.6160131403224945e+37
5390.0,3.5735511273490333e+37
5410.0,3.5281740388544893e+37
5430.0,3.488670878474509e+37
5450.0,3.451596341584304e+37
5470.0,3.411300673533042e+37
5490.0,3.3731060844547583e+37
5510.0,3.3341873542474756e+37
5530.0,3.2964766208247804e+37
5550.0,3.260994001987292e+37
5570.0,3.2227008973315897e+37
5590.0,3.186397847328194e+37
5610.0,3.151519509699611e+37
5630.0,3.117238274402344e+37
5650.0,3.0800658389305617e+37
5670.0,3.0451591835483823e+37
5690.0,3.012104257800127e+37
5710.0,2.97529477786448e+37
5730.0,2.9448284487815787e+37
5750.0,2.9113874126187675e+37
5770.0,2.8810447232136147e+37
5790.0,2.850361871860903e+37
5810.0,2.822409335878594e+37
5830.0,2.792286650288783e+37
5850.0,2.761913036740983e+37
5870.0,2.699354977384041e+37
5890.0,2.6984849483892422e+37
5910.0,2.6740529336762357e+37
5930.0,2.645635442434043e+37
5950.0,2.61673654652823e+37
5970.0,2.590299609045027e+37
5990.0,2.5617102146487998e+37
6010.0,2.5357124326473736e+37
6030.0,2.50928505495414e+37
6050.0,2.483762123732427e+37
6070.0,2.4577063976948713e+37
6090.0,2.4319800051219446e+37
6110.0,2.4063566762642425e+37
6130.0,2.3800166758528326e+37
6150.0,2.354073399897627e+37
6170.0,2.331793031020227e+37
6190.0,2.3093512835286625e+37
6210.0,2.2859145923328467e+37
6230.0,2.2615698200783886e+37
6250.0,2.2350127243727046e+37
6270.0,2.2170219860323513e+37
6290.0,2.194774976557442e+37
6310.0,2.171000882536049e+37
6330.0,2.1504532222556814e+37
6350.0,2.1244181345193444e+37
6370.0,2.1048928844834802e+37
6390.0,2.0871324000802365e+37
6410.0,2.0649046392026966e+37
6430.0,2.0454082344102244e+37
6450.0,2.0240908424017093e+37
6470.0,2.0056262263908603e+37
6490.0,1.983809656836503e+37
6510.0,1.9644455696712558e+37
6530.0,1.9403049874022348e+37
6550.0,1.8641463291647886e+37
6570.0,1.6447125260500048e+37
6590.0,1.8739154850640785e+37
6610.0,1.8700361412108063e+37
6630.0,1.854983282434367e+37
6650.0,1.8380613373817162e+37
6670.0,1.8143873111451157e+37
6690.0,1.7974631681082806e+37
6710.0,1.7859940182835095e+37
6730.0,1.769293980687271e+37
6750.0,1.7522658618857113e+37
6770.0,1.735881201314328e+37
6790.0,1.7192538280302848e+37
6810.0,1.7032170659103782e+37
6830.0,1.6872521880019127e+37
6850.0,1.6711290930370923e+37
6870.0,1.6558843439570908e+37
6890.0,1.6402875932277561e+37
6910.0,1.6252119238630037e+37
6930.0,1.610015288290589e+37
6950.0,1.5950709295052936e+37
6970.0,1.5805564085215183e+37
6990.0,1.5659215469215728e+37
7010.0,1.5509935794645183e+37
7030.0,1.5371632749710687e+37
7050.0,1.5229302038421718e+37
7070.0,1.5003756249395996e+37
7090.0,1.4955467727443872e+37
7110.0,1.481255582125252e+37
7130.0,1.4678781301705563e+37
7150.0,1.4548894679486605e+37
7170.0,1.4417169353733447e+37
7190.0,1.4282689667488676e+37
7210.0,1.415826380188927e+37
7230.0,1.401619077287431e+37
7250.0,1.3910091923669752e+37
7270.0,1.3787959529688518e+37
7290.0,1.3618836311246296e+37
7310.0,1.3536924290762087e+37
7330.0,1.342023126793255e+37
7350.0,1.330423783485685e+37
7370.0,1.3190158065915196e+37
7390.0,1.306983184403449e+37
7410.0,1.2946131081490794e+37
7430.0,1.2839555828128056e+37
7450.0,1.2729753675258338e+37
7470.0,1.261972816217149e+37
7490.0,1.2509501398340607e+37
7510.0,1.2400522937284456e+37
7530.0,1.2299005621150286e+37
7550.0,1.2195230127812996e+37
7570.0,1.2088154440690655e+37
7590.0,1.1983122527403045e+37
7610.0,1.18825595647953e+37
7630.0,1.1782026629913604e+37
7650.0,1.168073039447364e+37
7670.0,1.157603949941179e+37
7690.0,1.1485238021576077e+37
7710.0,1.1378630637797016e+37
7730.0,1.128989752545154e+37
7750.0,1.119257465938663e+37
7770.0,1.1054013738252213e+37
7790.0,1.1010067968195183e+37
7810.0,1.0917419542267036e+37
7830.0,1.0826298570318879e+37
7850.0,1.0735196542241878e+37
7870.0,1.0637020592386291e+37
7890.0,1.0543140644403199e+37
7910.0,1.0467669451133263e+37
7930.0,1.037910725832005e+37
7950.0,1.0292479247216255e+37
7970.0,1.0214803109129087e+37
7990.0,1.0128613520747057e+37
8010.0,1.0046620556105471e+37
8030.0,9.969192911276396e+36
8050.0,9.886441479548163e+36
8070.0,9.81160373791737e+36
8090.0,9.723889164625857e+36
8110.0,9.649170935126327e+36
8130.0,9.578334507757136e+36
8150.0,9.495328627526397e+36
8170.0,9.42518753032817e+36
8190.0,9.339206968125951e+36
8210.0,9.287097393402343e+36
8230.0,9.220192746544065e+36
8250.0,9.151873320057391e+36
8270.0,9.055032220461098e+36
8290.0,8.94375718508139e+36
8310.0,8.80359388334336e+36
8330.0,8.671615240918271e+36
8350.0,8.628593311099796e+36
8370.0,8.47207906233051e+36
8390.0,8.498259726469468e+36
8410.0,8.474030055233734e+36
8430.0,8.614300151772337e+36
8450.0,8.572746862576517e+36
8470.0,8.208428129711806e+36
8490.0,8.790225168308897e+36
8510.0,8.097295713234335e+36
8530.0,8.784155192614556e+36
8550.0,7.797941988464048e+36
8570.0,8.781121776776952e+36
8590.0,8.236448741565776e+36
8610.0,8.043220966988254e+36
8630.0,8.642711178085312e+36
8650.0,8.419765576091762e+36
8670.0,7.416517059021884e+36
8690.0,8.405237704048981e+36
8710.0,8.42577776186734e+36
8730.0,8.263042756752262e+36
8750.0,7.26373514038437e+36
8770.0,8.048408295201059e+36
8790.0,8.179749427245374e+36
8810.0,8.122879300255154e+36
8830.0,8.041924657412374e+36
8850.0,7.720759064707168e+36
8870.0,6.98248481657517e+36
8890.0,7.824921691407735e+36
8910.0,7.824020865862491e+36
8930.0,7.77141318793685e+36
8950.0,7.727161691709827e+36
8970.0,7.661609272159952e+36
8990.0,7.536331613124717e+36
9010.0,6.723725890070816e+36
9030.0,7.120164050268524e+36
9050.0,7.411054380075361e+36
9070.0,7.352076206577473e+36
9090.0,7.301632994342982e+36
9110.0,7.27629000419534e+36
9130.0,7.231027280500638e+36
9150.0,7.180587851795398e+36
9170.0,7.118033047359115e+36
9190.0,7.053911392688363e+36
9210.0,6.880341585326111e+36
9230.0,6.041850849812518e+36
9250.0,6.750407646754926e+36
9270.0,6.817576188272202e+36
9290.0,6.818989159111132e+36
9310.0,6.766592140971643e+36
9330.0,6.726358336929609e+36
9350.0,6.675134178751369e+36
9370.0,6.629640821827858e+36
9390.0,6.58218371956119e+36
9410.0,6.514483673544326e+36
9430.0,6.489033257435789e+36
9450.0,6.441544331404626e+36
9470.0,6.386163011052193e+36
9490.0,6.348483570521115e+36
9510.0,6.268014608747945e+36
9530.0,6.09958095872238e+36
9550.0,5.414769824427544e+36
9570.0,6.074352628635783e+36
9590.0,6.114768223203071e+36
9610.0,6.077570424801118e+36
9630.0,6.026289623039286e+36
9650.0,6.002331815102544e+36
9670.0,5.954975787328704e+36
9690.0,5.919704116460894e+36
9710.0,5.875705227902205e+36
9730.0,5.840903081207365e+36
9750.0,5.798290898656092e+36
9770.0,5.760232325118728e+36
9790.0,5.720710887427972e+36
9810.0,5.682114749620001e+36
9830.0,5.643649058525329e+36
9850.0,5.603766104733696e+36
9870.0,5.565702646759829e+36
9890.0,5.524589326132767e+36
9910.0,5.488832780159366e+36
9930.0,5.452554309382951e+36
9950.0,5.41626618734171e+36
9970.0,5.379104730206446e+36
9990.0,5.340230464883726e+36
10025.0,5.141265123074812e+36
10075.0,4.9627225973566427e+36
10125.0,5.0961241548469264e+36
10175.0,5.0215755376001273e+36
10225.0,4.9394659956393964e+36
10275.0,4.8611609440521575e+36
10325.0,4.773094139287541e+36
10375.0,4.7026212283943104e+36
10425.0,4.6277511776134994e+36
10475.0,4.550090136070124e+36
10525.0,4.480020486810283e+36
10575.0,4.408897476920745e+36
10625.0,4.3372055017020184e+36
10675.0,4.2584347780267744e+36
10725.0,4.200006862466303e+36
10775.0,4.135137927310345e+36
10825.0,4.0525650996298764e+36
10875.0,4.0027641366006235e+36
10925.0,3.708173107663267e+36
10975.0,3.8384863450886346e+36
11025.0,3.822786115799054e+36
11075.0,3.770943279232517e+36
11125.0,3.713043181834224e+36
11175.0,3.65670562644524e+36
11225.0,3.602301011202805e+36
11275.0,3.5437248986537073e+36
11325.0,3.4913227631828546e+36
11375.0,3.442627233560322e+36
11425.0,3.3898462439730275e+36
11475.0,3.3432588276089096e+36
11525.0,3.294048581720795e+36
11575.0,3.245338485716311e+36
11625.0,3.1941845153940946e+36
11675.0,3.1476758353523266e+36
11725.0,3.106919493772834e+36
11775.0,3.055765335741676e+36
11825.0,3.014949207298846e+36
11875.0,2.969750745326088e+36
11925.0,2.932851001840975e+36
11975.0,2.8819072528824325e+36
12025.0,2.8493775617416235e+36
12075.0,2.808083385881693e+36
12125.0,2.7700652553197585e+36
12175.0,2.732247265617805e+36
12225.0,2.694139007893251e+36
12275.0,2.6561952761374598e+36
12325.0,2.6198112333733538e+36
12375.0,2.583925572102413e+36
12425.0,2.5490009656786824e+36
12475.0,2.5140852495887217e+36
12525.0,2.478563215394183e+36
12575.0,2.445175299418767e+36
12625.0,2.4124037783541977e+36
12675.0,2.380455131508385e+36
12725.0,2.3484969472956832e+36
12775.0,2.3018657977070247e+36
12825.0,2.1480777664871655e+36
12875.0,2.2494171398243824e+36
12925.0,2.2258710447929872e+36
12975.0,2.194724440577846e+36
13025.0,2.1685527958512764e+36
13075.0,2.140622076271718e+36
13125.0,2.1120782292995975e+36
13175.0,2.084058953266779e+36
13225.0,2.0582114979253034e+36
13275.0,2.0309535932282104e+36
13325.0,2.0054415098954667e+36
13375.0,1.9796572283620574e+36
13425.0,1.9545644703728967e+36
13475.0,1.9301452838853164e+36
13525.0,1.9054168436139177e+36
13575.0,1.880961905427265e+36
13625.0,1.85741949722503e+36
13675.0,1.8344251671177309e+36
13725.0,1.8103393856236747e+36
13775.0,1.788792642873811e+36
13825.0,1.7667292529053807e+36
13875.0,1.7450183572026375e+36
13925.0,1.7237330156558947e+36
13975.0,1.7028641402801502e+36
14025.0,1.6815895506542675e+36
14075.0,1.6616517144976468e+36
14125.0,1.6409297922098247e+36
14175.0,1.6218100973589332e+36
14225.0,1.6013269028171923e+36
14275.0,1.581976398601146e+36
14325.0,1.5637956474022545e+36
14375.0,1.5455391121439033e+36
14425.0,1.5234212176739103e+36
14475.0,1.5089331509390644e+36
14525.0,1.4889153249491617e+36
14570.0,1.4746875033173517e+36
14620.0,1.4600912555763262e+36
14675.0,1.4420821459740648e+36
14725.0,1.4240000350812733e+36
14775.0,1.4060475241299243e+36
14825.0,1.3875543395044596e+36
14875.0,1.3665955430452327e+36
14925.0,1.34880758644017e+36
14975.0,1.3335214321633242e+36
15025.0,1.3096040214191643e+36
15075.0,1.2979262023605412e+36
15125.0,1.2852866599436207e+36
15175.0,1.2750875344375284e+36
15225.0,1.2769679580759754e+36
15275.0,1.2385969322023089e+36
15325.0,1.2321682106154316e+36
15375.0,1.2389677444264728e+36
15425.0,1.1977881163745067e+36
15475.0,1.2163820424679304e+36
15525.0,1.206868633139586e+36
15575.0,1.1511449165633072e+36
15625.0,1.1916535195022684e+36
15675.0,1.1585372445234966e+36
15725.0,1.11918015304231e+36
15775.0,1.1521791184133332e+36
15825.0,1.1393574593637559e+36
15875.0,1.067161134346661e+36
15925.0,1.1084088890158639e+36
15975.0,1.1057832318747406e+36
16050.0,1.081732803827481e+36
16150.0,1.0334036710629694e+36
16250.0,1.0414537785490462e+36
16350.0,1.0119289017696364e+36
16450.0,9.670969196540916e+35
16550.0,9.747876089570751e+35
16650.0,9.531472517714654e+35
16750.0,9.255928689088123e+35
16850.0,8.853805965100346e+35
16950.0,8.92873636653023e+35
17050.0,8.725292603875197e+35
17150.0,8.551454710662413e+35
17250.0,8.361034202385658e+35
17350.0,7.904237844028639e+35
17450.0,7.997790063223052e+35
17550.0,7.85163315065887e+35
17650.0,7.688294311951863e+35
17750.0,7.530607283431507e+35
17850.0,7.376663962462045e+35
17950.0,7.228030891481029e+35
18050.0,7.07587252012302e+35
18150.0,6.713979331965542e+35
18250.0,6.767371218527715e+35
18350.0,6.661775607416516e+35
18450.0,6.5273965861250985e+35
18550.0,6.398968908333416e+35
18650.0,6.260514128731901e+35
18750.0,5.929116721270438e+35
18850.0,6.022960292335515e+35
18950.0,5.907041200628195e+35
19050.0,5.797756880921391e+35
19150.0,5.689839291528654e+35
19250.0,5.581359542592719e+35
19350.0,5.467515211652005e+35
19450.0,5.186208826845452e+35
19550.0,5.262353274898868e+35
19650.0,5.1710650373408595e+35
19750.0,5.072826396030229e+35
19850.0,4.981154357636314e+35
19950.0,4.8889995805083934e+35
20050.0,4.800538974699393e+35
20150.0,4.71313630674882e+35
20250.0,4.6262596073165314e+35
20350.0,4.541611699595566e+35
20450.0,4.461901719246135e+35
20550.0,4.379756844535141e+35
20650.0,4.3018969217918715e+35
20750.0,4.226296868402845e+35
20850.0,4.1518341808558846e+35
20950.0,4.0778382948633106e+35
21050.0,4.007467417200819e+35
21150.0,3.9339605457136656e+35
21250.0,3.867942416897972e+35
21350.0,3.801456279182943e+35
21450.0,3.736371063442285e+35
21550.0,3.66986425175251e+35
21650.0,3.491001215280892e+35
21750.0,3.541114747386944e+35
21850.0,3.487466142303198e+35
21950.0,3.430204402546959e+35
22050.0,3.371320178728428e+35
22150.0,3.315278368814036e+35
22250.0,3.260693667171299e+35
22350.0,3.206859995542646e+35
22450.0,3.154350871121121e+35
22550.0,3.101201604551031e+35
22650.0,3.0512655099359184e+35
22750.0,3.0015805326188538e+35
22850.0,2.9550171109806285e+35
22950.0,2.894742917327551e+35
23050.0,2.855025555536405e+35
23150.0,2.8097003139623705e+35
23250.0,2.7517564936141486e+35
23350.0,2.713875997617999e+35
23450.0,2.6703611438077682e+35
23550.0,2.61492959313036e+35
23650.0,2.579110799611559e+35
23750.0,2.542904205222612e+35
23850.0,2.4922981780526186e+35
23950.0,2.4597445104263535e+35
24050.0,2.4206945923164545e+35
24150.0,2.372739171072637e+35
24250.0,2.3628165274322536e+35
24350.0,2.3097235369767407e+35
24450.0,2.26934225635505e+35
24550.0,2.2560566465556773e+35
24650.0,2.2134514470766483e+35
24750.0,2.1781611117029575e+35
24850.0,2.1670553299148896e+35
24950.0,2.090354771036064e+35
25050.0,2.1120782292995977e+35
25150.0,2.0742925139624334e+35
25250.0,1.9960434922654433e+35
25350.0,2.01432712037542e+35
25450.0,1.9879250210418855e+35
25550.0,1.9551496295798085e+35
25650.0,1.8787543536948642e+35
25750.0,1.9019977550548752e+35
25850.0,1.874217548897198e+35
25950.0,1.8491408804394145e+35
26050.0,1.815139467617336e+35
26150.0,1.745701559963763e+35
26250.0,1.7082050443133804e+35
26350.0,1.741686557790958e+35
26450.0,1.7216307064829856e+35
26550.0,1.696719300302358e+35
26650.0,1.6692831132208542e+35
26750.0,1.6023965454263024e+35
26850.0,1.6249125763348802e+35
26950.0,1.6051661770290511e+35
27050.0,1.5833612057573922e+35
27150.0,1.5615647612121209e+35
27250.0,1.540281148071626e+35
27350.0,1.5187979420318118e+35
27450.0,1.4974419655855086e+35
27550.0,1.438500443094357e+35
27650.0,1.4478047595318541e+35
27750.0,1.4377057179828836e+35
27850.0,1.4186981421271203e+35
27950.0,1.400038568947783e+35
28050.0,1.3812427135253918e+35
28150.0,1.3626364438226814e+35
28250.0,1.3445284615907935e+35
28350.0,1.3267833107241545e+35
28450.0,1.3090312065365231e+35
28550.0,1.2915463606824275e+35
28650.0,1.2695797887759861e+35
28750.0,1.2208154026376218e+35
28850.0,1.2403949801812641e+35
28950.0,1.2254342094191328e+35
29050.0,1.2097064604262584e+35
29150.0,1.1940430909145773e+35
29250.0,1.1786096700582077e+35
29350.0,1.1636168459443242e+35
29450.0,1.1485238021576077e+35
29550.0,1.1338875844628322e+35
29650.0,1.1195152141675235e+35
29750.0,1.1052741171145854e+35
29850.0,1.0912644312280286e+35
29950.0,1.0774819411092863e+35
30050.0,1.0638245295137032e+35
30150.0,1.0503886008363629e+35
30250.0,1.0367880908581489e+35
30350.0,1.0000690799387045e+35
30450.0,1.0008292742914265e+35
30550.0,9.98734379772537e+34
30650.0,9.8657475883931e+34
30750.0,9.746080629810074e+34
30850.0,9.624983640175253e+34
30950.0,9.507142423779026e+34
31050.0,9.391176438213083e+34
31150.0,9.272353919508797e+34
31250.0,9.163892797190155e+34
31350.0,9.052947462266156e+34
31450.0,8.943345319325643e+34
31550.0,8.834459822680662e+34
31650.0,8.729512677109342e+34
31750.0,8.62481920336631e+34
31850.0,8.523343670065004e+34
31950.0,8.421316697087002e+34
32100.0,8.271609055611442e+34
32300.0,8.0769984585748325e+34
32500.0,7.888782820031547e+34
32700.0,7.7047756975496e+34
32900.0,7.391115687291996e+34
33100.0,7.326895543036295e+34
33300.0,7.176125082258975e+34
33500.0,7.015845231627289e+34
33700.0,6.856776600192708e+34
33900.0,6.701777421333105e+34
34100.0,6.550885369386077e+34
34300.0,6.406045219928474e+34
34500.0,6.262244211721502e+34
34700.0,6.125055101456812e+34
34900.0,5.988251059509523e+34
35100.0,5.860841816800695e+34
35300.0,5.734294585354384e+34
35500.0,5.604540347113047e+34
35700.0,5.479614421527587e+34
35900.0,5.394609340387261e+34
36100.0,5.244329856271779e+34
36300.0,5.171660412476264e+34
36500.0,5.020766220476787e+34
36700.0,4.960209273959777e+34
36900.0,4.805958319603675e+34
37100.0,4.752695604905947e+34
37300.0,4.625514002458219e+34
37500.0,4.46323752725397e+34
37700.0,4.469407979187742e+34
37900.0,4.380765436931325e+34
38100.0,4.2587289504402175e+34
38300.0,4.184561933439148e+34
38500.0,4.122778475653318e+34
38700.0,4.040638522653659e+34
38900.0,3.9579472336049656e+34
39100.0,3.8309810169663696e+34
39300.0,3.80679946846633e+34
39500.0,3.7329313228194596e+34
39700.0,3.661086584128804e+34
39900.0,3.5893846399152896e+34
40100.0,3.50211174992284e+34
40300.0,3.418298622504946e+34
40500.0,3.3339570446991846e+34
40700.0,3.3229973887102797e+34
40900.0,3.2616698564703934e+34
41100.0,3.2007370718482415e+34
41300.0,3.1403640714362435e+34
41500.0,3.080846070242058e+34
41700.0,2.979613957593662e+34
41900.0,2.9680417113237766e+34
42100.0,2.914741201472457e+34
42300.0,2.862529690990604e+34
42500.0,2.8097003139623705e+34
42700.0,2.75949746856595e+34
42900.0,2.7016556902751936e+34
43100.0,2.6487440857182276e+34
43300.0,2.605793521450497e+34
43500.0,2.5508210956109577e+34
43700.0,2.4710981752249292e+34
43900.0,2.456687974699381e+34
44100.0,2.411570707481986e+34
44300.0,2.372302136618621e+34
44500.0,2.330236496722482e+34
44700.0,2.288442475210035e+34
44900.0,2.2543430260949385e+34
45100.0,2.214165094539713e+34
45300.0,2.171700843347975e+34
45500.0,2.1377651849846917e+34
45700.0,2.1026645850970897e+34
45900.0,2.0619588788335637e+34
46100.0,2.0314212914187366e+34
46300.0,1.9958596583318354e+34
46500.0,1.9292122015070045e+34
46700.0,1.8983662316527568e+34
46900.0,1.8977106724024477e+34
47100.0,1.8689599716514886e+34
47300.0,1.8410687227731444e+34
47500.0,1.8098809130350108e+34
47700.0,1.7810659459592084e+34
47900.0,1.7529519021614913e+34
48100.0,1.723058410567202e+34
48300.0,1.698321861272936e+34
48500.0,1.6707058757733236e+34
48700.0,1.6434632608593564e+34
48900.0,1.6181172957417506e+34
49100.0,1.5924287140117828e+34
49300.0,1.5675449382504158e+34
49500.0,1.5430855343912315e+34
49700.0,1.5192526410773996e+34
49900.0,1.4959945108347657e+34
50100.0,1.473804913234627e+34
50300.0,1.4518775837096633e+34
50500.0,1.4290255705691014e+34
50700.0,1.4085750775880954e+34
50900.0,1.3886730268999397e+34
51100.0,1.3663438300275117e+34
51300.0,1.325378740230849e+34
51500.0,1.3280058862437213e+34
51700.0,1.3109315026329434e+34
51900.0,1.2909517185349489e+34
52100.0,1.2726236800229073e+34
52300.0,1.254469191654575e+34
52500.0,1.237314208198292e+34
52700.0,1.2207029665616818e+34
52900.0,1.2020706681020123e+34
53100.0,1.1855776402280176e+34
53300.0,1.1693378298685356e+34
53500.0,1.1531611431462267e+34
53700.0,1.137548704028695e+34
53900.0,1.1220442900290773e+34
54100.0,1.1065983033167412e+34
54300.0,1.090812233686465e+34
54500.0,1.0768122809530325e+34
54700.0,1.0620623171867832e+34
54900.0,1.0476350020300237e+34
55100.0,1.0337130523505887e+34
55300.0,1.0209865007909998e+34
55500.0,1.005981513625438e+34
55700.0,9.938023056811243e+33
55900.0,9.800088553709348e+33
56100.0,9.67431000787135e+33
56300.0,9.544210296858806e+33
56500.0,9.425187530328171e+33
56700.0,9.302506882321326e+33
56900.0,9.175928059924851e+33
57100.0,9.063167365688714e+33
57300.0,8.946434774867025e+33
57500.0,8.831612388288697e+33
57700.0,8.717260012115585e+33
57900.0,8.610334033251767e+33
58100.0,8.498455408384018e+33
58300.0,8.392473913584251e+33
58500.0,8.296979174323324e+33
58700.0,8.189926420261802e+33
58900.0,8.078486433718024e+33
59100.0,7.853802936825951e+33
59300.0,7.885695443398465e+33
59500.0,7.789866231847575e+33
59700.0,7.696796426427687e+33
59900.0,7.602212412388969e+33
60100.0,7.509482334770767e+33
60300.0,7.418054162831423e+33
60500.0,7.325883364929411e+33
60700.0,7.237690370745296e+33
60900.0,7.151382378032467e+33
61100.0,7.063826115097712e+33
61300.0,6.979591418442045e+33
61500.0,6.896519999907715e+33
61700.0,6.816320459988533e+33
61900.0,6.734727065388811e+33
62100.0,6.655489459998505e+33
62300.0,6.576124095304863e+33
62500.0,6.498902178289091e+33
62700.0,6.423474435023629e+33
62900.0,6.348483570521115e+33
63100.0,6.274079248328804e+33
63300.0,6.20326022390081e+33
63500.0,6.129852155562047e+33
63700.0,6.060800656088098e+33
63900.0,5.989767981946369e+33
64200.0,5.888165387275143e+33
64600.0,5.755194427943742e+33
65000.0,5.626133070805421e+33
65400.0,5.500345877073958e+33
65800.0,5.378980873168715e+33
66200.0,5.26017266390702e+33
66600.0,5.1455286420667854e+33
67000.0,5.0334991545351004e+33
67400.0,4.9250426980436933e+33
67800.0,4.818701230781143e+33
68200.0,4.715958774855283e+33
68600.0,4.616150928903388e+33
69000.0,4.518663488623221e+33
69400.0,4.424049728416865e+33
69800.0,4.33171624668833e+33
70200.0,4.242188868096399e+33
70600.0,4.154894492655875e+33
71000.0,4.069864965878659e+33
71400.0,3.987126364220515e+33
71800.0,3.906609483459355e+33
72200.0,3.8278948547864334e+33
72600.0,3.751111728551261e+33
73000.0,3.6764613104730363e+33
73400.0,3.603711370003388e+33
73800.0,3.5330517600574945e+33
74200.0,3.462900395663589e+33
74600.0,3.365038209994632e+33
75000.0,3.300805999518798e+33
75400.0,3.2664799741550233e+33
75800.0,3.2044241786443973e+33
76200.0,3.143474922090671e+33
76600.0,3.0838979622506876e+33
77000.0,3.025868149764248e+33
77400.0,2.96920374740429e+33
77800.0,2.9138017513524343e+33
78200.0,2.8596310236071113e+33
78600.0,2.806725885414676e+33
79000.0,2.755243585627707e+33
79400.0,2.704830157808795e+33
79800.0,2.655522588610514e+33
80200.0,2.6073540044554105e+33
80600.0,2.560236000064362e+33
81000.0,2.5142010301590074e+33
81400.0,2.4692780734346327e+33
81800.0,2.425381161607402e+33
82200.0,2.3823194693587037e+33
82600.0,2.3400762022095472e+33
83000.0,2.2989525097925414e+33
83400.0,2.258603516637463e+33
83800.0,2.2191159758308017e+33
84200.0,2.1805196262964914e+33
84600.0,2.142693242690715e+33
85000.0,2.1057654703953576e+33
85400.0,2.0695217735669418e+33
85800.0,2.0339955573386742e+33
86200.0,1.9993093637122827e+33
86600.0,1.9652146817162614e+33
87000.0,1.93196831701693e+33
87400.0,1.8991969318108625e+33
87800.0,1.8672393883829504e+33
88200.0,1.8357350497737782e+33
88600.0,1.8050947371315798e+33
89000.0,1.7747615041995825e+33
89400.0,1.7452996435989782e+33
89800.0,1.7161687912241867e+33
90200.0,1.6876795967186085e+33
90600.0,1.6598544228013234e+33
91000.0,1.632563189710198e+33
91400.0,1.6056097621151034e+33
91800.0,1.579283143686811e+33
92200.0,1.5534955015206072e+33
92600.0,1.5279881986563526e+33
93000.0,1.5030727454382246e+33
93400.0,1.4784954760657972e+33
93800.0,1.454521013864367e+33
94200.0,1.4308694127493387e+33
94600.0,1.4076348159996753e+33
95000.0,1.3848731652379236e+33
95400.0,1.362448201644534e+33
95800.0,1.3403246351782407e+33
96200.0,1.3187121269419163e+33
96600.0,1.2974481167485119e+33
97000.0,1.2766151675318876e+33
97400.0,1.2560299636948651e+33
97800.0,1.2358051479284733e+33
98200.0,1.2159059957088183e+33
98600.0,1.1963823573191217e+33
99000.0,1.1771179978194793e+33
99400.0,1.1581638364305505e+33
99800.0,1.1395673560954796e+33
100200.0,1.1211920250577236e+33
200000.0,6.773139180997428e+31
400000.0,4.3346097147614424e+30
600000.0,7.659316219424929e+29
800000.0,2.4928147171495432e+29
1000000.0,9.845777111534948e+28
1200000.0,4.954159675001265e+28
1400000.0,2.8622660544039244e+28
1600000.0,1.8468856206052828e+28
