WAVE,FLUX
91.0,3973745050614629.0
94.0,3973745050614629.0
96.0,3973745050614629.0
98.0,3973745050614629.0
100.0,3973745050614629.0
102.0,3973745050614629.0
104.0,3973745050614629.0
106.0,3973745050614629.0
108.0,3973745050614629.0
110.0,3973745050614629.0
114.0,3973745050614629.0
118.0,3973745050614629.0
121.0,3973745050614629.0
125.0,3973745050614629.0
127.0,3973745050614629.0
128.0,3973745050614629.0
131.0,3973745050614629.0
132.0,3973745050614629.0
134.0,3973745050614629.0
137.0,3973745050614629.0
140.0,3973745050614629.0
143.0,3973745050614629.0
147.0,3973745050614629.0
151.0,3973745050614629.0
155.0,1.177117997819489e+16
159.0,6.458029135322321e+16
162.0,2.1945728396206026e+17
166.0,9.725680536191133e+17
170.0,4.252457677510106e+18
173.0,1.2231507895774142e+19
177.0,4.7186742804591895e+19
180.0,1.2520451781085136e+20
182.0,2.358793921766451e+20
186.0,7.972967613938589e+20
191.0,3.3846206515364176e+21
194.0,7.767656284888655e+21
198.0,2.252838191749729e+22
202.0,6.254318588777834e+22
205.0,1.3106900423660759e+23
210.0,4.277007383594575e+23
216.0,1.6365150364506835e+24
220.0,3.8736466294766433e+24
223.0,7.132799231360126e+24
227.0,7.982703524716071e+24
230.0,1.2655520160402501e+28
234.0,3.214622647120544e+28
240.0,1.1382823452540284e+29
246.0,1.5923920474077274e+29
252.0,3.2118111392787596e+29
257.0,5.068623117186217e+29
260.0,8.059535266648568e+29
264.0,1.0291768292493449e+30
269.0,5.0265499199303446e+30
274.0,3.6838335597906355e+32
279.0,5.398337091873638e+32
284.0,7.473774670299325e+32
290.0,4.1854292011927244e+33
296.0,2.913332139846299e+33
301.0,2.1103767810481976e+33
308.0,1.2005493031496223e+34
318.0,1.1844589120899e+35
328.0,1.0748800441501606e+35
338.0,7.493073626999303e+34
348.0,1.0612556123905675e+34
357.0,3.657042436990285e+34
366.0,6.099721408381295e+34
375.0,6.977823820956821e+34
385.0,4.415399458009242e+33
395.0,7.110170252443213e+34
405.0,6.877807240683242e+34
414.0,2.2282299122597483e+35
422.0,2.916016653983426e+35
430.0,5.325127370192261e+35
441.0,7.234524637674336e+35
451.0,4.299025290384172e+34
460.0,2.340561192672915e+35
470.0,7.839890555564864e+35
480.0,1.0307657986519837e+36
490.0,2.180469418554651e+35
500.0,1.454152653091913e+36
506.0,6.669910401896307e+35
512.0,9.464114807472912e+36
520.0,4.178207458576483e+36
530.0,4.055178727349711e+36
540.0,3.934775875294016e+36
550.0,4.761348826788416e+36
560.0,6.650434186704593e+36
570.0,9.561587418445796e+36
580.0,7.095777679633873e+36
590.0,9.851900114360499e+36
600.0,9.399613579277076e+36
610.0,9.92681663947901e+36
620.0,1.9448674147340254e+37
630.0,1.1947031258693596e+37
640.0,2.201912211484462e+37
650.0,1.951686239004856e+37
658.0,1.5570049741246484e+37
665.0,1.3518235251619494e+37
675.0,2.472691864784568e+37
685.0,1.0796922897016787e+37
695.0,2.3812774535852433e+37
705.0,4.938556196176118e+37
716.0,2.6077742941382073e+37
726.0,2.2982644533865224e+37
735.0,4.897337111494538e+37
745.0,2.1307868112231297e+37
755.0,4.782775545333019e+37
765.0,3.1725611374296743e+37
775.0,3.531913022286016e+37
785.0,2.219524789752066e+37
795.0,3.695047281836994e+37
805.0,4.480639467270284e+37
815.0,2.8163070348592357e+37
825.0,5.285426039541119e+37
835.0,3.745760451760922e+37
845.0,5.296512480805665e+37
855.0,3.055483902313983e+37
865.0,5.517470248223037e+37
875.0,5.599767556016091e+37
885.0,5.706370948536401e+37
895.0,5.767531830065394e+37
905.0,5.803099272232559e+37
915.0,5.731786430808264e+37
925.0,2.739870270527504e+38
935.0,4.991257778290629e+38
945.0,7.196146563265858e+38
955.0,8.046370017397997e+38
965.0,9.327816630818223e+38
975.0,2.279554605749558e+38
985.0,7.150559092102598e+38
995.0,7.195152447550225e+38
1005.0,8.337579730305336e+38
1015.0,8.703421167752525e+38
1025.0,5.502879463293534e+38
1035.0,7.374965618350983e+38
1045.0,9.790841048991596e+38
1055.0,9.216584305509954e+38
1065.0,7.813938702135324e+38
1075.0,8.56189702074218e+38
1085.0,7.57024613235173e+38
1095.0,8.585982520506299e+38
1105.0,8.031376767813228e+38
1115.0,8.003132368417e+38
1125.0,6.659475108940346e+38
1135.0,7.855611549998872e+38
1145.0,7.381421406929368e+38
1155.0,7.402867904919333e+38
1165.0,7.296422938337737e+38
1175.0,4.697751068478175e+38
1185.0,6.6982291360514355e+38
1195.0,6.379843126251371e+38
1205.0,5.284939256230245e+38
1215.0,4.202134993545339e+38
1225.0,5.94538523154582e+38
1235.0,6.479626904362405e+38
1245.0,6.263686312760256e+38
1255.0,6.2921635128798586e+38
1265.0,6.26080244270066e+38
1275.0,6.462342922295919e+38
1285.0,6.361067440168301e+38
1295.0,5.619400684029187e+38
1305.0,5.7683286990787746e+38
1315.0,6.1304167618105314e+38
1325.0,5.8079116332696166e+38
1335.0,5.594225905136723e+38
1345.0,5.669829510130484e+38
1355.0,5.6156495835751154e+38
1365.0,5.27618481896556e+38
1375.0,5.137123422056303e+38
1385.0,5.082179499463142e+38
1395.0,3.92545497171947e+38
1405.0,4.058821946619212e+38
1415.0,4.697751068478175e+38
1425.0,4.451332132311e+38
1435.0,4.609777884070946e+38
1442.0,4.636497180283525e+38
1447.0,4.5637306019365235e+38
1455.0,4.418654043446522e+38
1465.0,4.1905400917972514e+38
1475.0,4.2204620549766e+38
1485.0,4.152694665647489e+38
1495.0,4.082159785144978e+38
1505.0,3.8345994001931774e+38
1512.0,3.534272243662719e+38
1517.0,3.638144965774203e+38
1525.0,3.577667699361132e+38
1535.0,3.1069910340615557e+38
1545.0,2.8472788360603707e+38
1555.0,2.8790552552410237e+38
1565.0,3.0832589440928323e+38
1575.0,3.2655775370656304e+38
1585.0,3.283673741048344e+38
1595.0,3.258291984210825e+38
1605.0,3.1382677943140595e+38
1615.0,3.062739079365313e+38
1625.0,3.0277499107487916e+38
1635.0,3.149488304836953e+38
1645.0,3.119895157377328e+38
1655.0,3.0695873752060437e+38
1665.0,3.1216197516358878e+38
1672.0,2.9565824864715722e+38
1677.0,3.210332386110208e+38
1685.0,3.1411595772813016e+38
1695.0,2.9975745993128295e+38
1705.0,2.9165538535780684e+38
1715.0,2.747134986776228e+38
1725.0,2.7391133209757503e+38
1735.0,2.8408610999340555e+38
1745.0,2.726465458529012e+38
1755.0,2.813001734812575e+38
1765.0,2.734638979912284e+38
1775.0,2.6283911728937804e+38
1785.0,2.650330289727099e+38
1795.0,2.6590101798296135e+38
1805.0,2.6544833156864916e+38
1815.0,2.4741726396808216e+38
1825.0,2.5016122793103476e+38
1835.0,2.4801617193949473e+38
1845.0,2.2675663313717444e+38
1855.0,2.2901820160888413e+38
1865.0,2.3271265445183666e+38
1875.0,2.3506609893456048e+38
1885.0,2.1421999261361327e+38
1895.0,2.0286634281301817e+38
1905.0,2.152633030966568e+38
1915.0,2.0717149498494765e+38
1925.0,1.976059421548991e+38
1935.0,2.0754869164614203e+38
1945.0,2.115387822729691e+38
1955.0,1.9285903971994966e+38
1967.0,2.0480945409881874e+38
1976.0,2.1192881022902526e+38
1984.0,1.9875131007382792e+38
1995.0,1.9471526498539026e+38
2005.0,1.9751951020851428e+38
2015.0,1.966346275891667e+38
2025.0,2.0000000199680918e+38
2035.0,1.865305625491688e+38
2045.0,1.8737428990176e+38
2055.0,1.7608404245941517e+38
2065.0,1.8071741260109182e+38
2074.0,1.9082268396158058e+38
2078.0,1.776969607955659e+38
2085.0,1.8145544300881254e+38
2095.0,1.7271100049493375e+38
2105.0,1.7689273631810876e+38
2115.0,1.765021500144896e+38
2125.0,1.7742711872165322e+38
2135.0,1.7312109883855872e+38
2145.0,1.671283016802953e+38
2155.0,1.7122611383504553e+38
2165.0,1.6843409212131083e+38
2175.0,1.66410222011266e+38
2185.0,1.6295586652978125e+38
2195.0,1.642101508294615e+38
2205.0,1.6192727224220728e+38
2215.0,1.5854406897209429e+38
2225.0,1.5530663141476954e+38
2235.0,1.5408841929214894e+38
2245.0,1.533451342271102e+38
2255.0,1.493653978497685e+38
2265.0,1.4958911747641045e+38
2275.0,1.4824498142371028e+38
2285.0,1.4731602776237072e+38
2295.0,1.3588139599464464e+38
2305.0,1.4199073262216885e+38
2315.0,1.3890887690355397e+38
2325.0,1.249366912033539e+38
2335.0,1.33570330324275e+38
2345.0,1.3324778548798532e+38
2355.0,1.3292295883156934e+38
2365.0,1.3037070078293375e+38
2375.0,1.2860267434121854e+38
2385.0,1.25643492518535e+38
2395.0,1.253372033338723e+38
2405.0,1.235179286230318e+38
2415.0,1.2252367086782233e+38
2425.0,1.2252649211208466e+38
2435.0,1.1964374540313882e+38
2445.0,1.1953910502529457e+38
2455.0,1.185987194961703e+38
2465.0,1.167911675340175e+38
2475.0,1.1493703776206933e+38
2485.0,1.136344462664271e+38
2495.0,1.0016131092283134e+38
2505.0,1.1074649750194187e+38
2513.0,1.0603518538261172e+38
2518.0,1.0857254048804017e+38
2525.0,1.0787728305795055e+38
2535.0,1.0687349204349395e+38
2545.0,1.0455143547727869e+38
2555.0,1.0456347309904606e+38
2565.0,1.0361198643073642e+38
2575.0,1.0334036710629694e+38
2585.0,1.0205399259080095e+38
2595.0,1.0074186812165758e+38
2605.0,9.924988220686485e+37
2615.0,9.789488487746583e+37
2625.0,9.745631816545013e+37
2635.0,9.675869448084664e+37
2645.0,9.70264183377264e+37
2655.0,9.620109159262101e+37
2665.0,9.346306090115263e+37
2675.0,9.318371056188184e+37
2685.0,9.279829565802894e+37
2695.0,9.022356845677921e+37
2705.0,8.966645498178103e+37
2715.0,8.856456625211702e+37
2725.0,8.766374100363664e+37
2735.0,8.725091698901472e+37
2745.0,8.477347774332619e+37
2755.0,8.4411185559277055e+37
2765.0,8.362189401745107e+37
2775.0,8.411820564017581e+37
2785.0,8.269133435269327e+37
2795.0,7.869370628116928e+37
2805.0,7.939807991429043e+37
2815.0,8.07551075750168e+37
2825.0,7.986196651052562e+37
2835.0,7.781978023302714e+37
2845.0,7.79758288823314e+37
2855.0,7.6845775907279995e+37
2865.0,7.688648379141951e+37
2875.0,7.5959133167554795e+37
2885.0,7.532514910055215e+37
2895.0,7.430191378967052e+37
2910.0,7.369024492600455e+37
2930.0,7.218882949379925e+37
2950.0,7.022471737108672e+37
2970.0,6.945923566664264e+37
2990.0,6.811456697132503e+37
3010.0,6.657328693784441e+37
3030.0,6.57400454501072e+37
3050.0,6.461598960398671e+37
3070.0,6.34672966200774e+37
3090.0,6.1922716465210575e+37
3110.0,6.107591752937825e+37
3130.0,5.975579105231897e+37
3150.0,5.896305810292931e+37
3170.0,5.779496432599242e+37
3190.0,5.617330801619559e+37
3210.0,5.580845504054104e+37
3230.0,5.452052133698419e+37
3250.0,5.388774371188966e+37
3270.0,5.301026801687815e+37
3290.0,5.2109871233338065e+37
3310.0,5.135822433803879e+37
3330.0,5.041734827369978e+37
3350.0,4.939920958221615e+37
3370.0,4.8518794295588455e+37
3390.0,4.782665419124204e+37
3410.0,4.71813105427754e+37
3430.0,4.604791811814859e+37
3450.0,4.534923862252067e+37
3470.0,4.480639467270284e+37
3490.0,4.406867572038117e+37
3510.0,4.365258835043633e+37
3530.0,4.2972438627010175e+37
3550.0,4.248934145657114e+37
3570.0,4.1613093283113164e+37
3590.0,4.0672418726425798e+37
3610.0,4.023277606855181e+37
3630.0,3.970726735079439e+37
3640.0,3.9615943170106964e+37
3650.0,3.9414861061385004e+37
3670.0,3.9165168559121085e+37
3690.0,3.9420306801845906e+37
3710.0,4.209204247768381e+37
3730.0,4.1770531366741204e+37
3750.0,4.6346826274710415e+37
3770.0,4.65189603351703e+37
3790.0,4.9475478140067325e+37
3810.0,5.214708060974705e+37
3830.0,4.546319989782e+37
3850.0,5.252184818226304e+37
3870.0,5.294927280882458e+37
3890.0,4.353314065201743e+37
3910.0,5.174280877540824e+37
3930.0,4.656718655504918e+37
3950.0,4.95358933912229e+37
3970.0,3.859312978889532e+37
3990.0,4.968897064394416e+37
4010.0,5.028054772806386e+37
4030.0,4.893166570198216e+37
4050.0,4.912584119630689e+37
4070.0,4.771885342283315e+37
4090.0,4.571934501781392e+37
4110.0,4.015873277354381e+37
4130.0,4.606594661892122e+37
4150.0,4.622745664910923e+37
4170.0,4.552814963754865e+37
4190.0,4.514503561758757e+37
4210.0,4.47249640342512e+37
4230.0,4.396327122540482e+37
4250.0,4.362847170291673e+37
4270.0,4.258532833240097e+37
4290.0,4.229899023646829e+37
4310.0,4.0747409137987304e+37
4330.0,3.8882125705275323e+37
4350.0,3.5586067648166166e+37
4370.0,4.095434646443931e+37
4390.0,3.993466080539742e+37
4410.0,3.957582709980212e+37
4430.0,3.9689899571438537e+37
4450.0,3.9380388837699223e+37
4470.0,3.8460949355925773e+37
4490.0,3.882129334801162e+37
4510.0,3.936316403352763e+37
4530.0,3.7951592133327883e+37
4550.0,3.7399000870331044e+37
4570.0,3.7938486381195703e+37
4590.0,3.6953025354767336e+37
4610.0,3.7132141777291163e+37
4630.0,3.6287746585200844e+37
4650.0,3.5995648313608843e+37
4670.0,3.608194997010786e+37
4690.0,3.5867408576994824e+37
4710.0,3.450642762018256e+37
4730.0,3.4916443407017806e+37
4750.0,3.484817186947086e+37
4770.0,3.4546972954873116e+37
4790.0,3.411379222538178e+37
4810.0,3.367596116338605e+37
4830.0,3.333342963676552e+37
4850.0,3.10820747103742e+37
4870.0,2.7469452279683e+37
4890.0,3.2152148570383713e+37
4910.0,3.2034651224767177e+37
4930.0,3.116592347758827e+37
4950.0,3.160166755138832e+37
4970.0,3.1332135785761816e+37
4990.0,3.0368266362804827e+37
5010.0,2.9302184598312944e+37
5030.0,2.9850389338266815e+37
5050.0,2.943743733711726e+37
5070.0,2.9624429802725435e+37
5090.0,2.8896816493032833e+37
5110.0,2.8760074055828154e+37
5130.0,2.8047877373491904e+37
5150.0,2.762358240404259e+37
5170.0,2.708881454841081e+37
5190.0,2.708008355367758e+37
5210.0,2.7008471083246603e+37
5230.0,2.7171273875625497e+37
5250.0,2.7255866915561196e+37
5270.0,2.6093359633315465e+37
5290.0,2.692836591099046e+37
5310.0,2.6960006961189817e+37
5330.0,2.5992018054176626e+37
5350.0,2.6546055619755364e+37
5370.0,2.630510259686805e+37
5390.0,2.576202515760607e+37
5410.0,2.539802813772826e+37
5430.0,2.5290068170149664e+37
5450.0,2.554700541208559e+37
5470.0,2.508476287388478e+37
5490.0,2.487081402397913e+37
5510.0,2.464052744948136e+37
5530.0,2.4716672321196495e+37
5550.0,2.4718948915685664e+37
5570.0,2.4401695308004548e+37
5590.0,2.405691867193882e+37
5610.0,2.4203601841000827e+37
5630.0,2.390121618118487e+37
5650.0,2.3792495727732674e+37
5670.0,2.3375989310838146e+37
5690.0,2.354127605064886e+37
5710.0,2.3012298565449885e+37
5730.0,2.356134073933845e+37
5750.0,2.303774675835377e+37
5770.0,2.3074909160249214e+37
5790.0,2.2509715189383404e+37
5810.0,2.2773511466376186e+37
5830.0,2.2912896850537913e+37
5850.0,2.2488474697905366e+37
5870.0,2.214063130816734e+37
5890.0,2.114024421354985e+37
5910.0,2.1976574517316207e+37
5930.0,2.1900801049468205e+37
5950.0,2.1724510517952013e+37
5970.0,2.186200553899076e+37
5990.0,2.1443219934794543e+37
6010.0,2.1201178376779227e+37
6030.0,2.135108748254744e+37
6050.0,2.1360430438322644e+37
6070.0,2.1228533819373775e+37
6090.0,2.0727169550779035e+37
6110.0,2.064666921955022e+37
6130.0,2.0040105337576774e+37
6150.0,2.0141416025349787e+37
6170.0,1.9809795852893727e+37
6190.0,2.0174835393523502e+37
6210.0,1.996089453394473e+37
6230.0,1.9536195831253894e+37
6250.0,1.8982788106699973e+37
6270.0,1.9413775358926271e+37
6290.0,1.9542044594511374e+37
6310.0,1.9151376754674855e+37
6330.0,1.926992391949079e+37
6350.0,1.9173879779005574e+37
6370.0,1.9013847222345147e+37
6390.0,1.9045834228945198e+37
6410.0,1.8803123563802886e+37
6430.0,1.8776299324485208e+37
6450.0,1.8697778040160016e+37
6470.0,1.8643180312937838e+37
6490.0,1.8201618187522874e+37
6510.0,1.8449304550358452e+37
6530.0,1.8345518890958333e+37
6550.0,1.7742303335829998e+37
6570.0,1.6110536381957437e+37
6590.0,1.7998238397096284e+37
6610.0,1.8053441374131245e+37
6630.0,1.801316387348996e+37
6650.0,1.7935768922291685e+37
6670.0,1.7622194892143956e+37
6690.0,1.7777062528733963e+37
6710.0,1.7338039977541269e+37
6730.0,1.7593409040302585e+37
6750.0,1.7317691548326185e+37
6770.0,1.7324471703178598e+37
6790.0,1.7137205319118907e+37
6810.0,1.7135232439014241e+37
6830.0,1.716050246578339e+37
6850.0,1.6862812070654736e+37
6870.0,1.6934017334451926e+37
6890.0,1.7055325016565568e+37
6910.0,1.6918038151781013e+37
6930.0,1.6713214999595965e+37
6950.0,1.6502129845537721e+37
6970.0,1.6597779854403653e+37
6990.0,1.6387020612846375e+37
7010.0,1.6155112995559923e+37
7030.0,1.6300465239848542e+37
7050.0,1.6404386762556898e+37
7070.0,1.6023965454263023e+37
7090.0,1.582194971815692e+37
7110.0,1.5375880675647093e+37
7130.0,1.5179588551413065e+37
7150.0,1.5207576156488912e+37
7170.0,1.5324630082901244e+37
7190.0,1.5037650954249295e+37
7210.0,1.521037775357019e+37
7230.0,1.5366678319373925e+37
7250.0,1.5363494171716575e+37
7270.0,1.531475311306272e+37
7290.0,1.5058093865053405e+37
7310.0,1.5154443748561884e+37
7330.0,1.5157933589955976e+37
7350.0,1.5084815404267395e+37
7370.0,1.5312284865429815e+37
7390.0,1.5077523012574748e+37
7410.0,1.4919696888017054e+37
7430.0,1.5008939258240133e+37
7450.0,1.501481549942696e+37
7470.0,1.4954090341393953e+37
7490.0,1.4849437404497874e+37
7510.0,1.4969593251254718e+37
7530.0,1.5026574884630492e+37
7550.0,1.505844059446975e+37
7570.0,1.4935508040996858e+37
7590.0,1.4803349747287543e+37
7610.0,1.4791083881682133e+37
7630.0,1.4748233333109314e+37
7650.0,1.468452828074075e+37
7670.0,1.432220876998291e+37
7690.0,1.4553920557576249e+37
7710.0,1.4283018542358241e+37
7730.0,1.4283018542358241e+37
7750.0,1.4195477314447724e+37
7770.0,1.4263956311954089e+37
7790.0,1.4324187592936684e+37
7810.0,1.429519223761518e+37
7830.0,1.413969364488607e+37
7850.0,1.3956290477377068e+37
7870.0,1.4029106108466781e+37
7890.0,1.3629502385845342e+37
7910.0,1.3378579385674995e+37
7930.0,1.3434453361799087e+37
7950.0,1.3210522649519353e+37
7970.0,1.3584698372042266e+37
7990.0,1.3494288783353052e+37
8010.0,1.37220816763944e+37
8030.0,1.3679177973695623e+37
8050.0,1.358657529713068e+37
8070.0,1.3477210138513612e+37
8090.0,1.328250536500729e+37
8110.0,1.3251041069286416e+37
8130.0,1.33518055857338e+37
8150.0,1.3316803762699852e+37
8170.0,1.330760801701437e+37
8190.0,1.3109315026329434e+37
8210.0,1.3031367722737785e+37
8230.0,1.313650997702973e+37
8250.0,1.3099659283798572e+37
8270.0,1.3159518531592564e+37
8290.0,1.302116973191439e+37
8310.0,1.2673891942098128e+37
8330.0,1.2633392813916942e+37
8350.0,1.2721842072743455e+37
8370.0,1.2660766521716585e+37
8390.0,1.2444859560933743e+37
8410.0,1.2784978440331988e+37
8430.0,1.2616532187160013e+37
8450.0,1.268790738892836e+37
8470.0,1.2497409485836088e+37
8490.0,1.2718913097575814e+37
8510.0,1.1854411534149468e+37
8530.0,1.2614789269222784e+37
8550.0,1.0558445924300847e+37
8570.0,1.2973584953031787e+37
8590.0,1.258548626414484e+37
8610.0,1.2471250424241163e+37
8630.0,1.2938680833940273e+37
8650.0,1.2681773724845608e+37
8670.0,1.0565255400834104e+37
8690.0,1.2453459135212219e+37
8710.0,1.2799411446318845e+37
8730.0,1.2731219326678955e+37
8750.0,1.1998307828486301e+37
8770.0,1.2621181145707582e+37
8790.0,1.2698136755567856e+37
8810.0,1.2479868234980098e+37
8830.0,1.2491655541075908e+37
8850.0,1.2394242811039186e+37
8870.0,1.17576357046292e+37
8890.0,1.24925184638748e+37
8910.0,1.2566374548899134e+37
8930.0,1.2341558325267895e+37
8950.0,1.2287117177708149e+37
8970.0,1.2295324636193334e+37
8990.0,1.2239114563745515e+37
9010.0,1.1401185190095838e+37
9030.0,1.190145338703859e+37
9050.0,1.226224530793312e+37
9070.0,1.214227319352253e+37
9090.0,1.1819252206728948e+37
9110.0,1.1947031258693596e+37
9130.0,1.2044811285731858e+37
9150.0,1.1967405313072516e+37
9170.0,1.1920377251337802e+37
9190.0,1.1967680875935687e+37
9210.0,1.1650377559918558e+37
9230.0,1.1126536578219874e+37
9250.0,1.15191384990841e+37
9270.0,1.1588574044238614e+37
9290.0,1.1589641440506968e+37
9310.0,1.1658696584197136e+37
9330.0,1.1587506746276375e+37
9350.0,1.1518077596077593e+37
9370.0,1.1320093135419733e+37
9390.0,1.1439841307423845e+37
9410.0,1.1202888150420838e+37
9430.0,1.1384920439241914e+37
9450.0,1.1190513100824066e+37
9470.0,1.129978030935423e+37
9490.0,1.1273012796790592e+37
9510.0,1.1176607509023437e+37
9530.0,1.1052486675305383e+37
9550.0,1.0390824268082291e+37
9570.0,1.0876270494010643e+37
9590.0,1.1057323098475584e+37
9610.0,1.0896825594561752e+37
9630.0,1.0880278198340858e+37
9650.0,1.070409611278371e+37
9670.0,1.0657614323711875e+37
9690.0,1.0759448223773698e+37
9710.0,1.0686857045062655e+37
9730.0,1.0585222712904164e+37
9750.0,1.0532706924782e+37
9770.0,1.0542655126013155e+37
9790.0,1.0366687330889321e+37
9810.0,1.0576451933221437e+37
9830.0,1.0474420383041066e+37
9850.0,1.0501951299255158e+37
9870.0,1.0419574878703246e+37
9890.0,1.0374806369688909e+37
9910.0,1.0338796806374177e+37
9930.0,1.0313830741565861e+37
9950.0,1.0288924964661634e+37
9970.0,1.0269753037492087e+37
9990.0,1.0213156810072972e+37
10025.0,9.956117192378206e+36
10075.0,9.727024281432968e+36
10125.0,9.847590937757876e+36
10175.0,9.708899375114555e+36
10225.0,9.676537856553051e+36
10275.0,9.634961863549335e+36
10325.0,9.418895965228341e+36
10375.0,9.326098541743053e+36
10425.0,9.304863360242435e+36
10475.0,9.178675157228577e+36
10525.0,9.145343031204562e+36
10575.0,9.004300909377025e+36
10625.0,8.93367193221357e+36
10675.0,8.726096270032202e+36
10725.0,8.70482410656174e+36
10775.0,8.593102655077192e+36
10825.0,8.492195821428455e+36
10875.0,8.428300278523856e+36
10925.0,8.250304924229601e+36
10975.0,8.249735033039326e+36
11025.0,8.273894901443002e+36
11075.0,8.216748609764406e+36
11125.0,8.126246649773761e+36
11175.0,8.012351621071411e+36
11225.0,7.978293338414779e+36
11275.0,7.828345774483928e+36
11325.0,7.758897239198764e+36
11375.0,7.679624757238593e+36
11425.0,7.57600059319258e+36
11475.0,7.614124959900316e+36
11525.0,7.563625197734596e+36
11575.0,7.436010596829751e+36
11625.0,7.300288107712489e+36
11675.0,7.269926163504981e+36
11725.0,7.301128632824673e+36
11775.0,7.140522632071636e+36
11825.0,7.084023610659876e+36
11875.0,6.944484293596055e+36
11925.0,7.038822279364513e+36
11975.0,6.781253817276228e+36
12025.0,6.883352332539927e+36
12075.0,6.781722265874155e+36
12125.0,6.748853486889213e+36
12175.0,6.734571994352739e+36
12225.0,6.662849445319663e+36
12275.0,6.597053407575062e+36
12325.0,6.537022804330852e+36
12375.0,6.496358749323727e+36
12425.0,6.436799774313608e+36
12475.0,6.39955830229243e+36
12525.0,6.314224223523997e+36
12575.0,6.276391130382997e+36
12625.0,6.227303034831227e+36
12675.0,6.164672364791449e+36
12725.0,6.141719814110026e+36
12775.0,6.114909022565601e+36
12825.0,5.82948246114683e+36
12875.0,5.969665543129187e+36
12925.0,5.881390287161778e+36
12975.0,5.924067522987001e+36
13025.0,5.843593535932787e+36
13075.0,5.849382210864082e+36
13125.0,5.744470453495581e+36
13175.0,5.713470640013375e+36
13225.0,5.700461278650091e+36
13275.0,5.595127660489998e+36
13325.0,5.625485375583447e+36
13375.0,5.556739019767713e+36
13425.0,5.572627323056016e+36
13475.0,5.530571355872881e+36
13525.0,5.49718053461443e+36
13575.0,5.403933549526544e+36
13625.0,5.360681440980621e+36
13675.0,5.368216220687007e+36
13725.0,5.362162856657281e+36
13775.0,5.319367554750308e+36
13825.0,5.3112898185501434e+36
13875.0,5.23998447186179e+36
13925.0,5.2565403200698786e+36
13975.0,5.246020700994099e+36
14025.0,5.152405082963062e+36
14075.0,5.1866865163288635e+36
14125.0,5.116229293829421e+36
14175.0,5.1417386728994954e+36
14225.0,5.0562670101503007e+36
14275.0,4.9723306426664843e+36
14325.0,5.0427797477481244e+36
14375.0,5.041850918941127e+36
14425.0,4.8959841141752094e+36
14475.0,4.9835635417328744e+36
14525.0,4.907157530405359e+36
14570.0,4.924589105736693e+36
14620.0,4.9181299526830836e+36
14675.0,4.903091522657109e+36
14725.0,4.8051837530691314e+36
14775.0,4.8281416152936226e+36
14825.0,4.807286438439686e+36
14875.0,4.7517107932074174e+36
14925.0,4.823363582105556e+36
14975.0,4.7589374872117526e+36
15025.0,4.720956513495451e+36
15075.0,4.666916171156733e+36
15125.0,4.729334149186492e+36
15175.0,4.7261771919819827e+36
15225.0,4.7340190366384985e+36
15275.0,4.7203043343018197e+36
15325.0,4.681230220150662e+36
15375.0,4.7352182414850055e+36
15425.0,4.6916974681320244e+36
15475.0,4.7098817117551426e+36
15525.0,4.6452597120537047e+36
15575.0,4.402607813363231e+36
15625.0,4.5318966791207375e+36
15675.0,4.508893734653718e+36
15725.0,4.559424200005494e+36
15775.0,4.2484449971941115e+36
15825.0,4.3359074139785365e+36
15875.0,4.2727747647419043e+36
15925.0,4.4279223877870796e+36
15975.0,4.262849498615225e+36
16050.0,4.292398159704706e+36
16150.0,4.259513509562246e+36
16250.0,4.186007479551024e+36
16350.0,4.293979828963588e+36
16450.0,3.9818051135913266e+36
16550.0,4.1550858370241356e+36
16650.0,3.909759107703751e+36
16750.0,3.982538656758933e+36
16850.0,3.7805065948707316e+36
16950.0,3.877930308761821e+36
17050.0,3.7374896614529176e+36
17150.0,3.7280351631125275e+36
17250.0,3.658221518221511e+36
17350.0,3.511720962165999e+36
17450.0,3.542582720823355e+36
17550.0,3.4562090257012805e+36
17650.0,3.435025773636739e+36
17750.0,3.3522777921981913e+36
17850.0,3.3213909654361e+36
17950.0,3.272276549306177e+36
18050.0,3.181778918437686e+36
18150.0,3.137400778665274e+36
18250.0,3.091861276086887e+36
18350.0,3.037805751330696e+36
18450.0,2.980300118055959e+36
18550.0,2.945167504203194e+36
18650.0,2.8723674724359765e+36
18750.0,2.813390392211113e+36
18850.0,2.795117053991826e+36
18950.0,2.684355310420725e+36
19050.0,2.7255866915561195e+36
19150.0,2.667411382000615e+36
19250.0,2.6337830597622333e+36
19350.0,2.5605897341738124e+36
19450.0,2.5026493257310928e+36
19550.0,2.498848922610436e+36
19650.0,2.4543698085408636e+36
19750.0,2.4035325059106944e+36
19850.0,2.3756365585933655e+36
19950.0,2.3386756830865163e+36
20050.0,2.3292708946329007e+36
20150.0,2.295725720854723e+36
20250.0,2.2282812197402226e+36
20350.0,2.195836500973188e+36
20450.0,2.1926534669833548e+36
20550.0,2.1507008165847288e+36
20650.0,2.109065171831345e+36
20750.0,2.0818047733934187e+36
20850.0,2.0450314909898505e+36
20950.0,2.003779826799423e+36
21050.0,1.9944355192924162e+36
21150.0,1.953124824499105e+36
21250.0,1.9220292827385392e+36
21350.0,1.910073151206184e+36
21450.0,1.8789706657349344e+36
21550.0,1.8483746344808627e+36
21650.0,1.8054688504754773e+36
21750.0,1.7803279088537385e+36
21850.0,1.7594624391920405e+36
21950.0,1.7385212362019402e+36
22050.0,1.6907134204889754e+36
22150.0,1.6927000225868245e+36
22250.0,1.642895726773843e+36
22350.0,1.6271964946090053e+36
22450.0,1.6064973000731283e+36
22550.0,1.58807131043106e+36
22650.0,1.5537816923256414e+36
22750.0,1.5482104696056605e+36
22850.0,1.5139097989198344e+36
22950.0,1.2672432890356657e+36
23050.0,1.3732512404838303e+36
23150.0,1.353598922545609e+36
23250.0,1.1540111367875754e+36
23350.0,1.2548447557295445e+36
23450.0,1.2050636876691746e+36
23550.0,1.038914960005374e+36
23650.0,1.1530814883477093e+36
23750.0,1.106088813288731e+36
23850.0,9.843963619400385e+35
23950.0,1.0733960678208828e+36
24050.0,1.0556744241030644e+36
24150.0,9.489645740229925e+35
24250.0,1.0215038316370577e+36
24350.0,1.0054257412762573e+36
24450.0,9.420848070341104e+35
24550.0,9.483311147548837e+35
24650.0,9.80189396301362e+35
24750.0,9.433220801474143e+35
24850.0,8.949113166271812e+35
24950.0,9.250389080968573e+35
25050.0,9.572822361869124e+35
25150.0,8.655456937070815e+35
25250.0,9.059411775490533e+35
25350.0,9.075906225532264e+35
25450.0,8.875442198701222e+35
25550.0,8.673412469012753e+35
25650.0,8.692806251178744e+35
25750.0,8.772027812959974e+35
25850.0,8.268562243496507e+35
25950.0,8.375678526637966e+35
26050.0,8.502957336226437e+35
26150.0,8.233225301402276e+35
26250.0,8.107556801117134e+35
26350.0,8.212587316014328e+35
26450.0,8.163191787271375e+35
26550.0,7.968562806414075e+35
26650.0,7.816817993891615e+35
26750.0,8.01124475024899e+35
26850.0,7.913889827849434e+35
26950.0,7.624300412007525e+35
27050.0,7.735884911031373e+35
27150.0,7.646452587645067e+35
27250.0,7.654203420718373e+35
27350.0,7.364614183350721e+35
27450.0,7.443719511205322e+35
27550.0,7.418054162831424e+35
27650.0,7.290545085009466e+35
27750.0,7.121147805238417e+35
27850.0,7.16143410212897e+35
27950.0,7.152041075024412e+35
28050.0,7.060736429466719e+35
28150.0,6.9031927520904e+35
28250.0,6.886522963442775e+35
28350.0,6.862462748749302e+35
28450.0,6.77298322549978e+35
28550.0,6.680977359210834e+35
28650.0,6.614088474014272e+35
28750.0,6.53115513933872e+35
28850.0,6.485448275794923e+35
28950.0,6.4137200551202726e+35
29050.0,6.334611720631075e+35
29150.0,6.2870946709885976e+35
29250.0,6.159564396391136e+35
29350.0,6.168080030123112e+35
29450.0,6.0605215523299124e+35
29550.0,5.996391777940522e+35
29650.0,5.957307256154448e+35
29750.0,5.8918271859219804e+35
29850.0,5.809249108320982e+35
29950.0,5.7475134995825e+35
30050.0,5.677014454455643e+35
30150.0,5.630409729962157e+35
30250.0,5.549834086646746e+35
30350.0,5.4464058431569025e+35
30450.0,5.4262525132901076e+35
30550.0,5.355992990869026e+35
30650.0,5.2940739082142245e+35
30750.0,5.246745515605157e+35
30850.0,5.163093620231235e+35
30950.0,5.106108042463319e+35
31050.0,5.069673610273544e+35
31150.0,4.9761103192411605e+35
31250.0,4.942765423935868e+35
31350.0,4.887311271452786e+35
31450.0,4.8284751430204634e+35
31550.0,4.764309868054127e+35
31650.0,4.7052207111210724e+35
31750.0,4.664337850453278e+35
31850.0,4.607443306148625e+35
31950.0,4.562259666108742e+35
32100.0,4.475999197584009e+35
32300.0,4.368778235976439e+35
32500.0,4.2696276275391775e+35
32700.0,4.168885814569409e+35
32900.0,4.059476204148323e+35
33100.0,3.9778646332788e+35
33300.0,3.883112741981621e+35
33500.0,3.809254594138597e+35
33700.0,3.719032726055967e+35
33900.0,3.631700284101691e+35
34100.0,3.54699029344286e+35
34300.0,3.483533569315666e+35
34500.0,3.411693436645813e+35
34700.0,3.337182826564194e+35
34900.0,3.266705622391417e+35
35100.0,3.200958178568974e+35
35300.0,3.1232733823485822e+35
35500.0,3.06542009470704e+35
35700.0,2.9977816715823632e+35
35900.0,2.937852584619399e+35
36100.0,2.8798508775207737e+35
36300.0,2.8251401679586385e+35
36500.0,2.7535311886216188e+35
36700.0,2.6997279328181797e+35
36900.0,2.629117524558314e+35
37100.0,2.576677113512061e+35
37300.0,2.536588387957906e+35
37500.0,2.46252132443588e+35
37700.0,2.4394392093735055e+35
37900.0,2.389791433422876e+35
38100.0,2.34439075450278e+35
38300.0,2.3044113202541602e+35
38500.0,2.263497400142104e+35
38700.0,2.208462351124493e+35
38900.0,2.171200848315425e+35
39100.0,2.1291683412779005e+35
39300.0,2.092762766791308e+35
39500.0,2.044796061591249e+35
39700.0,2.0097868485317098e+35
39900.0,1.9572666671621665e+35
40100.0,1.9296564701789873e+35
40300.0,1.899809259257199e+35
40500.0,1.862087136662881e+35
40700.0,1.831006980492494e+35
40900.0,1.7978356997779602e+35
41100.0,1.7665665386211277e+35
41300.0,1.735921171916291e+35
41500.0,1.7018841749676957e+35
41700.0,1.6667098421686727e+35
41900.0,1.6381738912888056e+35
42100.0,1.6052031377716976e+35
42300.0,1.5866093160772918e+35
42500.0,1.5523870099580911e+35
42700.0,1.5295370451743974e+35
42900.0,1.4104250087816945e+35
43100.0,1.3018771364713601e+35
43300.0,1.3267527607611582e+35
43500.0,1.2277501616940447e+35
43700.0,1.1835864919618605e+35
43900.0,1.1448009996986728e+35
44100.0,1.0566715145642876e+35
44300.0,1.054338341198287e+35
44500.0,1.0219508283125662e+35
44700.0,9.601741287139253e+34
44900.0,9.84668398288156e+34
45100.0,9.445392291451278e+34
45300.0,9.039408228527533e+34
45500.0,9.169591742113989e+34
45700.0,9.004922925931774e+34
45900.0,8.52569908235142e+34
46100.0,8.770008211436304e+34
46300.0,8.492195821428455e+34
46500.0,8.423643914384008e+34
46700.0,8.421122791336608e+34
46900.0,8.221858533987131e+34
47100.0,8.01438128145544e+34
47300.0,8.164695641274922e+34
47500.0,7.940539308447784e+34
47700.0,7.841695964924776e+34
47900.0,7.75264682576365e+34
48100.0,7.513806384733042e+34
48300.0,7.6776798747097265e+34
48500.0,7.494971745730805e+34
48700.0,7.304155324602088e+34
48900.0,7.251034976171957e+34
49100.0,7.135427535831023e+34
49300.0,7.041578091529173e+34
49500.0,6.889853697729035e+34
49700.0,6.936334044359893e+34
49900.0,6.80628295666738e+34
50100.0,6.760207087162813e+34
50300.0,6.674365719765561e+34
50500.0,6.479626904362406e+34
50700.0,6.467999832685244e+34
50900.0,6.388516193897999e+34
51100.0,6.2672930184367565e+34
51300.0,6.214125214037357e+34
51500.0,6.103233701099919e+34
51700.0,6.155736197793304e+34
51900.0,6.018662628995719e+34
52100.0,5.952234050989782e+34
52300.0,5.854906985428321e+34
52500.0,5.835525887331029e+34
52700.0,5.884099391228418e+34
52900.0,5.673747442653542e+34
53100.0,5.573397263156513e+34
53300.0,5.579946050527045e+34
53500.0,5.507316047663001e+34
53700.0,5.451298956889101e+34
53900.0,5.406173756768821e+34
54100.0,5.350569381731378e+34
54300.0,5.237089549400341e+34
54500.0,5.260778298527626e+34
54700.0,5.126724736756594e+34
54900.0,5.122830658822471e+34
55100.0,5.007488954482027e+34
55300.0,5.124954334518643e+34
55500.0,4.920961870875087e+34
55700.0,4.954387827738906e+34
55900.0,4.8521028720087e+34
56100.0,4.866424613009638e+34
56300.0,4.730205404974633e+34
56500.0,4.74733632066026e+34
56700.0,4.682308237349354e+34
56900.0,4.56867221308172e+34
57100.0,4.5929318352268245e+34
57300.0,4.544854665567925e+34
57500.0,4.485284547525511e+34
57700.0,4.429350011412104e+34
57900.0,4.420384017592843e+34
58100.0,4.350608459784242e+34
58300.0,4.308042707527101e+34
58500.0,4.259905843322012e+34
58700.0,4.18061332052518e+34
58900.0,4.151738582441541e+34
59100.0,4.1005300604498014e+34
59300.0,4.0769933211491626e+34
59500.0,4.007928820497544e+34
59700.0,3.9953055631571046e+34
59900.0,3.9514819275883294e+34
60100.0,3.908048996732949e+34
60300.0,3.861979818837716e+34
60500.0,3.794634928928054e+34
60700.0,3.760538159718811e+34
60900.0,3.713128678797369e+34
61100.0,3.6653883908101733e+34
61300.0,3.6399045902233806e+34
61500.0,3.6098570148777127e+34
61700.0,3.5904592330029215e+34
61900.0,3.5391583956695245e+34
62100.0,3.5150378024662346e+34
62300.0,3.4576418013672358e+34
62500.0,3.403376533158948e+34
62700.0,3.368914584396804e+34
62900.0,3.3361840368927156e+34
63100.0,3.299438213384248e+34
63300.0,3.2801220222996253e+34
63500.0,3.233553121320796e+34
63700.0,3.219363382365019e+34
63900.0,3.1568940021970777e+34
64200.0,3.1195359868491764e+34
64600.0,3.0436870744812333e+34
65000.0,2.981261008172266e+34
65400.0,2.912929675938759e+34
65800.0,2.857129991314975e+34
66200.0,2.790486976764774e+34
66600.0,2.7311779655044534e+34
67000.0,2.6751614655805147e+34
67400.0,2.6127628960310887e+34
67800.0,2.5575845514067337e+34
68200.0,2.5011515077388337e+34
68600.0,2.451771542957535e+34
69000.0,2.3945835791239796e+34
69400.0,2.3448766391749402e+34
69800.0,2.29472158079566e+34
70200.0,2.2443986561783253e+34
70600.0,2.199733151617994e+34
71000.0,2.151394232373719e+34
71400.0,2.1076573143446544e+34
71800.0,2.0619114010224254e+34
72200.0,2.0197145772534026e+34
72600.0,1.976742046172331e+34
73000.0,1.935753262981636e+34
73400.0,1.8949161621841215e+34
73800.0,1.8568208324211983e+34
74200.0,1.8165610584586392e+34
74600.0,1.7851306223722273e+34
75000.0,1.7440944496235234e+34
75400.0,1.7070254655311084e+34
75800.0,1.6740560702164129e+34
76200.0,1.6399854689144683e+34
76600.0,1.607385328638302e+34
77000.0,1.5747078772898562e+34
77400.0,1.5433698074328534e+34
77800.0,1.513177935589355e+34
78200.0,1.4831668156107011e+34
78600.0,1.4539517683555491e+34
79000.0,1.4253121917602969e+34
79400.0,1.3976228744725616e+34
79800.0,1.370534587223118e+34
80200.0,1.3431360320708044e+34
80600.0,1.3174071009484625e+34
81000.0,1.292825768977121e+34
81400.0,1.2680313765732598e+34
81800.0,1.2440848458746396e+34
82200.0,1.220562436028731e+34
82600.0,1.197870859504147e+34
83000.0,1.1750598842483254e+34
83400.0,1.1527363811297988e+34
83800.0,1.13161839888886e+34
84200.0,1.111450178679734e+34
84600.0,1.090460654039053e+34
85000.0,1.0707793815138964e+34
85400.0,1.051453328121859e+34
85800.0,1.0322146057313127e+34
86200.0,1.0137246335583332e+34
86600.0,9.960932565980796e+33
87000.0,9.778224407986291e+33
87400.0,9.610367602088613e+33
87800.0,9.434089673230375e+33
88200.0,9.262537942315113e+33
88600.0,9.099761293853431e+33
89000.0,8.940462790053465e+33
89400.0,8.787391991186468e+33
89800.0,8.630977808954885e+33
90200.0,8.489849665156174e+33
90600.0,8.344109601532694e+33
91000.0,8.191435199420215e+33
91400.0,8.059349691127485e+33
91800.0,7.921546939787488e+33
92200.0,7.789507503510312e+33
92600.0,7.65896350299955e+33
93000.0,7.528873496641611e+33
93400.0,7.403208827434957e+33
93800.0,7.284504232923316e+33
94200.0,7.160939424872549e+33
94600.0,7.04028110437013e+33
95000.0,6.925800860474804e+33
95400.0,6.813182151090283e+33
95800.0,6.702394706271254e+33
96200.0,6.593105117581775e+33
96600.0,6.487688657150958e+33
97000.0,6.38366370401024e+33
97400.0,6.273501410885653e+33
97800.0,6.177603068499367e+33
98200.0,6.081350012787164e+33
98600.0,5.986320986550134e+33
99000.0,5.890741971201155e+33
99400.0,5.798290898656092e+33
99800.0,5.707947894951343e+33
100200.0,5.61901252298852e+33
200000.0,3.658726955115115e+32
400000.0,2.313769010250732e+31
600000.0,4.574567076482102e+30
800000.0,1.448438299900711e+30
1000000.0,6.0819101516175314e+29
1200000.0,3.0411651144358236e+29
1400000.0,1.722304752602574e+29
1600000.0,1.0642165291587816e+29
