WAVE FLUX
92.1977 0.0
92.5055 0.0
92.8142 0.0
93.124 0.0
93.4349 0.0
93.7467 0.0
94.0596 0.0
94.3736 0.0
94.6886 0.0
95.0046 0.0
95.3217 0.0
95.6399 0.0
95.9591 0.0
96.2794 0.0
96.6008 0.0
96.9232 0.0
97.2467 0.0
97.5713 0.0
97.897 0.0
98.2237 0.0
98.5516 0.0
98.8805 0.0
99.2106 0.0
99.5417 0.0
99.874 3.12790646401701e+30
100.207 3.279186305563464e+30
100.542 3.5861234160517916e+30
100.877 3.9217752047273114e+30
101.214 4.2886909875032544e+30
101.552 4.6894934057239144e+30
101.891 5.132532632924688e+30
102.231 5.65012986978089e+30
102.572 6.245849281289652e+30
102.915 6.90447529331126e+30
103.258 7.630259370081748e+30
103.603 8.436630977226315e+30
103.948 9.332395070195707e+30
104.295 1.0335352665136079e+31
104.644 1.1458497137660897e+31
104.993 1.2705497851018975e+31
105.343 1.4089013749229935e+31
105.695 1.562147857506491e+31
106.048 1.7324702826290615e+31
106.402 1.9192310943890165e+31
106.757 2.126874127637731e+31
107.113 2.3570248511373887e+31
107.471 2.6121780648539336e+31
107.829 2.896690939864115e+31
108.189 3.554765482801156e+31
108.55 4.785922470911307e+31
108.913 6.447373529922939e+31
109.276 8.683602847166701e+31
109.641 1.169529064504546e+32
110.007 1.538069149301497e+32
110.374 1.750673847367177e+32
110.742 1.9529584159474715e+32
111.112 2.1782392753519277e+32
111.483 2.430272464098522e+32
111.855 2.7109862171433325e+32
112.228 3.0240368042463955e+32
112.603 3.373875063001751e+32
112.979 3.763636248650195e+32
113.356 4.198560088061607e+32
113.734 4.684680473972411e+32
114.114 5.19553871419822e+32
114.495 5.694354373419872e+32
114.877 6.2369596588211544e+32
115.26 6.831449711171515e+32
115.645 7.48574514753726e+32
116.031 8.19928748660574e+32
116.418 8.984158506439372e+32
116.807 9.839544834811877e+32
117.197 1.0781599232190897e+33
117.588 1.1809435317279623e+33
117.981 1.2993019042778926e+33
118.374 1.466793618899942e+33
118.769 1.6663181834392217e+33
119.166 1.8930014959418288e+33
119.564 2.1502862830520897e+33
119.963 2.4423768506297838e+33
120.363 2.774238329431307e+33
120.765 3.151557598442988e+33
121.168 3.5125264293977645e+33
121.572 3.809097473321167e+33
121.978 4.129877336705835e+33
122.385 4.482290766576756e+33
122.794 4.8603606971203414e+33
123.204 5.271849634373447e+33
123.615 5.7164150645225e+33
124.027 6.201658071529172e+33
124.441 6.727108868163588e+33
124.857 7.292342241746464e+33
125.274 7.590394639207483e+33
125.692 7.729697098745511e+33
126.111 7.871918435070974e+33
126.532 8.01307118985672e+33
126.954 8.07952647120602e+33
127.378 7.395432399308942e+33
127.803 6.611793212080342e+33
128.23 6.512972325961596e+33
128.658 6.981215836721599e+33
129.087 7.488258341062977e+33
129.518 8.026036510455051e+33
129.951 8.609377052050234e+33
130.384 9.230387389632465e+33
130.82 9.899759196579367e+33
131.256 1.0620958978464016e+34
131.694 1.1408255679508629e+34
132.134 1.224604931456879e+34
132.575 1.3107897894892965e+34
133.017 1.403796667512488e+34
133.461 1.503175460422081e+34
133.907 1.6081228545104978e+34
134.354 1.695134502143611e+34
134.802 1.7775376000665306e+34
135.252 1.864100368582264e+34
135.704 1.9547775995030545e+34
136.157 2.049901035798512e+34
136.611 2.149424357893983e+34
137.067 2.267296407673151e+34
137.524 2.437005314425275e+34
137.983 2.6244667179344636e+34
138.444 2.8262947332934575e+34
138.906 3.043777525358987e+34
139.37 3.2781445154306394e+34
139.835 3.5285385127112897e+34
140.302 3.6712237122847173e+34
140.77 3.74297299930034e+34
141.24 3.8141927849196224e+34
141.711 3.8918624907391156e+34
142.184 3.9654984638351844e+34
142.659 4.0454930876516563e+34
143.135 4.190293788380409e+34
143.613 4.48837277329087e+34
144.092 4.811780552644095e+34
144.573 5.163629049884946e+34
145.056 5.536831293778587e+34
145.54 5.937966968586843e+34
146.026 6.370078673172146e+34
146.513 6.829526110212709e+34
147.002 7.322678067179699e+34
147.493 7.822470005060056e+34
147.985 8.355492294962952e+34
148.479 8.9213437433769e+34
148.974 9.526349808135429e+34
149.472 1.0173267712543414e+35
149.971 1.0861785967348524e+35
150.471 1.1601294712175725e+35
150.973 1.2387928856038632e+35
151.477 1.3208185332723229e+35
151.983 1.4081137403393912e+35
152.49 1.5012783060138798e+35
152.999 1.6005634458740484e+35
153.51 1.7065459551621208e+35
154.022 1.8194865699812016e+35
154.536 1.9399386876498705e+35
155.052 2.063059107567628e+35
155.57 2.1695080981367178e+35
156.089 2.279021730546095e+35
156.61 2.3940676050305503e+35
157.133 2.5152130657866837e+35
157.657 2.642097218606567e+35
158.183 2.7755769943957694e+35
158.711 2.9158920366631015e+35
159.241 2.76764998972521e+35
159.773 2.3189341921812984e+35
160.306 1.945065164096839e+35
160.841 1.6312122670087544e+35
161.378 1.3682463625807812e+35
161.916 1.1644976786093815e+35
162.457 1.1748660831062808e+35
162.999 1.2473920448462245e+35
163.543 1.3245398502366081e+35
164.089 1.4065608086093023e+35
164.637 1.4937025464534441e+35
165.186 1.585920535498996e+35
165.738 1.6843308002017962e+35
166.291 1.8377484006030106e+35
166.846 2.0556461002886088e+35
167.403 2.299134303534212e+35
167.962 2.5717610400339536e+35
168.522 2.876750140724745e+35
169.085 3.218105098211221e+35
169.649 3.5992615610927466e+35
170.215 3.9026279243399184e+35
170.783 4.033816178748126e+35
171.353 4.166959861193183e+35
171.925 4.302034876028514e+35
172.499 4.444726659320844e+35
173.075 4.6234062122935845e+35
173.653 4.945465963842447e+35
174.232 5.304926583023594e+35
174.814 5.690077562840077e+35
175.397 6.103520478208183e+35
175.983 6.544892717769519e+35
176.57 7.01955087063333e+35
177.159 7.388134338261906e+35
177.751 7.441097289847984e+35
178.344 7.48262214707704e+35
178.939 7.526539616043002e+35
179.537 7.567296725386172e+35
180.136 7.905708573410598e+35
180.737 9.108195304385715e+35
181.34 1.0555138988755749e+36
181.946 1.2371197384890656e+36
182.553 1.5750434104642307e+36
183.162 2.0497011167715296e+36
183.774 2.667206220529482e+36
184.387 3.4718110504220455e+36
185.002 4.516982895775871e+36
185.62 5.876138038430399e+36
186.24 6.509657105255278e+36
186.861 5.623656344905483e+36
187.485 4.8485088956392295e+36
188.111 4.180553168379754e+36
188.739 3.603089550025365e+36
189.368 3.107451363987388e+36
190.001 2.677240967360323e+36
190.635 2.30851205282177e+36
191.271 2.1749426208623153e+36
191.909 2.3037072327373657e+36
192.55 2.441810261879637e+36
193.193 2.5871266100041145e+36
193.838 2.741104241933784e+36
194.485 2.8231358911677955e+36
195.134 2.874311312351037e+36
195.785 2.925117570063313e+36
196.438 2.9780635702443354e+36
197.094 3.03311104394218e+36
197.752 3.087762068539501e+36
198.412 3.151946325655689e+36
199.074 3.220619874050426e+36
199.739 3.2912541645532673e+36
200.405 3.3614029108090893e+36
201.074 3.435933744592691e+36
201.745 3.514817169358899e+36
202.419 3.814501680154448e+36
203.094 4.29887353876054e+36
203.772 4.8452132490049606e+36
204.453 5.462514338189657e+36
205.135 6.128498388736856e+36
205.82 6.756474557348e+36
206.507 7.446980794592071e+36
207.196 8.206505003082729e+36
207.887 9.043813945596259e+36
208.581 9.967506117634083e+36
209.278 1.0986094359493183e+37
209.976 1.1981447017401452e+37
210.677 1.215194287126932e+37
211.38 1.215812013821485e+37
212.086 1.2164084387188704e+37
212.794 1.2169894676855329e+37
213.504 1.2175552375562996e+37
214.216 1.2181058842092328e+37
214.931 1.2188649826080796e+37
215.649 1.2193737333791577e+37
216.369 1.2016608491597568e+37
217.091 1.1670422719834977e+37
217.815 1.133547105539107e+37
218.542 1.100934741224631e+37
219.272 1.0691977367758214e+37
220.004 1.0678785588652038e+37
220.738 1.2530556173709492e+37
221.475 1.5103581083050787e+37
222.214 1.820673372809253e+37
222.956 2.163136685046494e+37
223.7 2.2849378751488196e+37
224.447 2.354121882182993e+37
225.196 2.427198716506539e+37
225.947 2.5041277241434127e+37
226.702 2.589190059711632e+37
227.458 3.7431463220684517e+37
228.188 6.620725476378428e+37
228.889 1.1441064616983893e+38
229.593 1.977065638577542e+38
230.298 2.491029015047419e+38
231.006 2.0451232272139134e+38
231.717 1.6773636717497448e+38
232.429 1.3756188438133543e+38
233.143 1.1282998498549668e+38
233.86 9.355422276697354e+37
234.579 9.041256042763383e+37
235.3 9.216550569076998e+37
236.024 9.394827446381679e+37
236.774 9.58344128774019e+37
237.552 9.780076965689045e+37
238.332 9.983609723194628e+37
239.114 1.0189848182858489e+38
239.9 1.0710675308418437e+38
240.688 1.5090703876327463e+38
241.478 2.304325895890537e+38
242.271 3.52037949694294e+38
243.067 5.3787523861870324e+38
243.865 8.214374474714612e+38
244.666 1.2548905913811699e+39
245.47 1.916793358672403e+39
246.276 2.523366254754085e+39
247.085 2.5469915250872212e+39
247.896 2.5565368376763972e+39
248.71 2.5659889463595347e+39
249.527 2.5753484223572276e+39
250.352 2.586531160319296e+39
251.187 2.5955766181558285e+39
252.024 2.629942097430014e+39
252.863 2.794535571439668e+39
253.706 2.990989770781248e+39
254.551 3.2015937080619814e+39
255.399 3.428116649291482e+39
256.25 3.668470926259842e+39
257.104 3.5528601081094537e+39
257.961 2.2983462803757762e+39
258.82 1.4358846218909245e+39
259.683 9.092600688055596e+38
260.548 8.293195479080474e+38
261.416 9.620036502254422e+38
262.287 1.1157630927331894e+39
263.161 1.2943128855820032e+39
264.038 1.4410780558507224e+39
264.918 1.3024578481609307e+39
265.801 1.1438077683703351e+39
266.686 1.004296313490694e+39
267.575 8.818897652985234e+38
268.466 7.744118039238616e+38
269.361 8.197358247874092e+38
270.258 1.1194782898629683e+39
271.159 1.5381631896885413e+39
272.062 2.1140632836861002e+39
272.969 2.9043942912881154e+39
273.878 3.860272152224439e+39
274.791 3.49621226516708e+39
275.707 2.857690671748999e+39
276.625 2.335529919817222e+39
277.547 1.909056408713276e+39
278.472 1.5607215115632958e+39
279.4 1.3784115747232425e+39
280.331 1.3469578483496497e+39
281.265 1.3169238512510553e+39
282.202 1.287423969793995e+39
283.142 1.2586277547074035e+39
284.086 1.2265380330969401e+39
285.032 1.1787583394695496e+39
285.982 1.130934550761018e+39
286.935 1.0853038964737308e+39
287.891 1.0413328830517814e+39
288.85 9.991768808318367e+38
289.813 9.623840338449588e+38
290.778 9.82560286208959e+38
291.747 1.0230124339024044e+39
292.719 1.0650363432612188e+39
293.694 1.1089504552241131e+39
294.673 1.1545636370540482e+39
295.655 1.2045261049541776e+39
296.64 1.390930739562015e+39
297.628 1.7041446908913522e+39
298.62 2.0876507302287413e+39
299.615 2.557343509770585e+39
300.613 3.133648206029594e+39
301.615 3.351807283581107e+39
302.62 3.293486657773495e+39
303.628 3.2355201460784725e+39
304.64 3.1795119412351826e+39
305.655 3.123843956886875e+39
306.674 3.070110148995031e+39
307.695 3.013511881476791e+39
308.721 2.882272296261983e+39
309.749 2.7232685913584446e+39
310.781 2.5732062187406558e+39
311.817 2.4304229536339663e+39
312.856 2.2964332729162535e+39
313.898 2.1680161928668216e+39
314.944 2.0482406631556537e+39
315.994 1.9354670697240087e+39
317.047 1.8280827133600375e+39
318.103 1.775573604255498e+39
319.163 1.930135498685061e+39
320.226 2.1251739300010292e+39
321.293 2.3388172972699088e+39
322.364 2.575455566053688e+39
323.438 2.834860293222442e+39
324.516 3.121340911210558e+39
325.597 3.436140865213684e+39
326.682 3.781973511297064e+39
327.77 4.134492949024469e+39
328.862 4.00396927724243e+39
329.958 3.71457610996581e+39
331.058 3.4449069457526086e+39
332.161 3.196267687788082e+39
333.268 2.9654921889553865e+39
334.378 2.750946872930978e+39
335.492 2.551001010639591e+39
336.61 2.3669796854187486e+39
337.732 2.2045634684422163e+39
338.857 2.243746877782205e+39
339.986 2.3637532971258208e+39
341.119 2.4901540600786112e+39
342.255 2.6228888951064406e+39
343.396 2.763309370892464e+39
344.54 2.9113499176204694e+39
345.688 3.0669221565821186e+39
346.84 3.2313656746513364e+39
347.995 3.3154486945396426e+39
349.155 2.896844616756421e+39
350.318 2.4641236132758932e+39
351.486 2.095880849034009e+39
352.657 1.7817271295440933e+39
353.832 1.5155623214143586e+39
355.011 1.2890125759623699e+39
356.194 1.0963005068418995e+39
357.381 1.0250053358014746e+39
358.571 1.1478106012435582e+39
359.766 1.2918226134096251e+39
360.965 1.45423682574881e+39
362.168 1.635680889823903e+39
363.374 1.841656517539074e+39
364.585 2.0732544696797528e+39
365.8 2.3059861205704944e+39
367.019 2.212458510385704e+39
368.242 2.02993194497521e+39
369.469 1.8619217628612855e+39
370.7 1.7082892570443905e+39
371.935 1.567572662714095e+39
373.174 1.43832870359928e+39
374.418 1.3191289180842148e+39
375.665 1.3619395764765504e+39
376.917 1.5599174926291233e+39
378.173 1.7878169302728057e+39
379.433 2.0492269443727358e+39
380.697 2.347687037682134e+39
381.966 2.6892589618036848e+39
383.238 3.081226617405652e+39
384.515 3.525623661568528e+39
385.796 3.4437153943613684e+39
387.082 3.045539221912197e+39
388.372 2.693082315415784e+39
389.666 2.3808465883532918e+39
390.964 2.1059232091126468e+39
392.267 1.8616687303852374e+39
393.574 1.6465408725539004e+39
394.885 1.473974148559763e+39
396.201 1.469078275052365e+39
397.521 1.5013625228407937e+39
398.846 1.5346484847701637e+39
400.174 1.5677022686908355e+39
401.508 1.601739925759398e+39
402.846 1.636758286985088e+39
404.188 1.6727465733076135e+39
405.535 1.7194040218520535e+39
406.886 1.7802580279163123e+39
408.242 1.844305365127934e+39
409.602 1.9115166399899825e+39
410.967 1.9806554378535026e+39
412.336 2.0517050767724598e+39
413.71 2.1258296650372843e+39
415.089 2.2148591871879098e+39
416.472 2.3127360451336207e+39
417.859 2.414655758359222e+39
419.252 2.5217378009095367e+39
420.649 2.6327681886482877e+39
422.05 2.7243694866630575e+39
423.456 2.6909032980862758e+39
424.867 2.6390830516899217e+39
426.283 2.589885844621546e+39
427.703 2.5409906315440184e+39
429.128 2.4923899737694488e+39
430.558 2.457807015917646e+39
431.993 2.4416633484236153e+39
433.432 2.4256041930260238e+39
434.877 2.4096180720243852e+39
436.326 2.393715891383602e+39
437.779 2.3778972534999043e+39
439.238 2.362151005732718e+39
440.702 2.3554213772170304e+39
442.17 2.4946049050145006e+39
443.643 2.6961056626967016e+39
445.122 2.9150404602061345e+39
446.605 3.151241379936697e+39
448.093 3.4067209517768824e+39
449.586 3.6834698172412167e+39
451.084 3.89502679798011e+39
452.587 3.6993026961143164e+39
454.095 3.4636278182190245e+39
455.608 3.242447408336365e+39
457.126 3.0356248024302514e+39
458.649 2.84302420362721e+39
460.177 2.727645674747858e+39
461.711 2.875363089964271e+39
463.249 3.059280695721043e+39
464.793 3.256771670316625e+39
466.341 3.4655965630861156e+39
467.895 3.6877266379393315e+39
469.454 3.917784913170528e+39
471.018 3.7343668000907604e+39
472.588 3.3447631495817215e+39
474.163 2.99509513177897e+39
475.742 2.6829126326835974e+39
477.328 2.40267818332155e+39
478.918 2.1520437462952184e+39
480.514 2.0598378732099395e+39
482.115 2.234805342883119e+39
483.721 2.4330217207669864e+39
485.333 2.6491715170765975e+39
486.95 2.88408581277132e+39
488.573 3.1395804441478455e+39
490.201 3.373257744522854e+39
491.834 3.443155646114167e+39
493.473 3.496582093161376e+39
495.117 3.551608111050271e+39
496.767 3.6072176277921095e+39
498.422 3.6643981648973633e+39
500.083 3.695553555110773e+39
501.749 3.596917613764025e+39
503.421 3.4842203606572336e+39
505.098 3.3741856772921473e+39
506.78 3.225008119693403e+39
508.468 3.032232293003698e+39
510.161 2.85132198621373e+39
511.86 2.715830823012334e+39
513.565 2.8774885499276374e+39
515.276 3.1240504090712563e+39
516.992 3.3927598457663275e+39
518.713 3.683389284511976e+39
520.441 3.8972953243810015e+39
522.174 3.8721014598096265e+39
523.913 3.8357513547436704e+39
525.658 3.800535176269137e+39
527.409 3.7655091965756056e+39
529.165 3.7306797691196603e+39
530.928 3.4409733343706604e+39
532.696 2.9765930485628786e+39
534.47 2.5742225823810365e+39
536.25 2.225913776940588e+39
538.036 1.9256503254005497e+39
539.828 1.655633668843549e+39
541.626 1.338293391146343e+39
543.43 1.0674430347035172e+39
545.24 8.513905494406639e+38
547.056 6.7897744747758946e+38
548.878 5.415224106960813e+38
550.706 5.492031646586955e+38
552.54 7.896107016277198e+38
554.38 1.1458431777687604e+39
556.226 1.6634835931184655e+39
558.079 2.4141454895837168e+39
559.937 3.3585631562737264e+39
561.802 3.430682818911864e+39
563.673 3.3135889807589834e+39
565.551 3.200713158278357e+39
567.434 3.0911607309086617e+39
569.324 2.987485928829633e+39
571.22 2.974983638468864e+39
573.123 3.0157983979289925e+39
575.031 3.057172786845587e+39
576.946 3.099942942704336e+39
578.868 3.142392112278424e+39
580.796 3.193005937957566e+39
582.73 3.2533918901530507e+39
584.671 3.3158653679327166e+39
586.618 3.3795697397161974e+39
588.572 3.4436483402835265e+39
590.532 3.399697706835075e+39
592.499 3.119964652812466e+39
594.472 2.8553076354497684e+39
596.452 2.6130110262892357e+39
598.438 2.3912196687839105e+39
600.432 2.3324309162716418e+39
602.431 2.6974267205689054e+39
604.438 3.1536568696882205e+39
606.451 3.686405993686002e+39
608.47 4.309466099233707e+39
610.497 4.7113644354637486e+39
612.53 4.3580787173246825e+39
614.57 4.0006746718490716e+39
616.617 3.6719478123384065e+39
618.671 3.3708286985550895e+39
620.731 3.243026363757775e+39
622.798 3.380118585503925e+39
624.873 3.528079492507607e+39
626.954 3.6828801186234765e+39
629.042 3.844442040951072e+39
631.137 3.7177680514502695e+39
633.239 3.3702667808911764e+39
635.348 3.0552586333252827e+39
637.464 2.769341562326172e+39
639.587 2.527634544092383e+39
641.717 2.5491718310050066e+39
643.854 2.6600218664099937e+39
645.998 2.775444406883531e+39
648.15 2.896145614056213e+39
650.309 2.991784393422825e+39
652.474 2.980347815315029e+39
654.647 2.960676352611891e+39
656.828 2.940349521702033e+39
659.015 2.924613960274536e+39
661.21 2.9134157262863204e+39
663.412 2.9030032378846113e+39
665.622 2.888186066217161e+39
667.839 2.865326038004212e+39
670.063 2.8425875865728915e+39
672.294 2.819970215633171e+39
674.533 2.798199309155009e+39
676.78 2.791819332585693e+39
679.034 2.7905291922000115e+39
681.295 2.789941713078199e+39
683.564 2.788605091843059e+39
685.841 2.7829368507160857e+39
688.125 2.770837390484114e+39
690.417 2.758072784557041e+39
692.716 2.745364905768246e+39
695.023 2.7284586042118893e+39
697.338 2.689742269561844e+39
699.661 2.6477327783553932e+39
701.991 2.6066768098570785e+39
704.329 2.567261626416623e+39
706.675 2.5691912675083735e+39
709.028 2.5905290862930585e+39
711.39 2.6116927072715522e+39
713.759 2.633380344600764e+39
716.136 2.650081506102161e+39
718.521 2.64197037773461e+39
720.914 2.6311514449732312e+39
723.315 2.6196943233533692e+39
725.724 2.6069271920712388e+39
728.141 2.5746038722159207e+39
730.566 2.5384223694259005e+39
732.999 2.5024529574594678e+39
735.44 2.459999008382653e+39
737.89 2.3984434056880336e+39
740.347 2.3366079827365757e+39
742.813 2.276479911390287e+39
745.287 2.109688812213141e+39
747.769 1.591667031664168e+39
750.259 1.1787946215710831e+39
752.758 8.726567997250544e+38
755.265 7.321893777732956e+38
757.781 1.0013870112681993e+39
760.304 1.4456060000211524e+39
762.837 2.086973729432097e+39
765.377 2.7716814453291175e+39
767.926 2.7451677176867406e+39
770.484 2.6536078759366366e+39
773.05 2.5658124289830946e+39
775.624 2.2633479407048287e+39
778.208 1.557252188305017e+39
780.799 1.0633135520093274e+39
783.4 7.260080633707764e+38
786.009 6.703464071168509e+38
788.627 9.62843624567888e+38
791.253 1.3971531134562825e+39
793.888 2.0363605384543095e+39
796.532 2.3405633964077414e+39
799.185 2.2884298426219662e+39
801.847 2.2372302853418332e+39
804.517 2.189408207752616e+39
807.197 2.1705481869696434e+39
809.885 2.1609120697040268e+39
812.583 2.1513132298696327e+39
815.289 2.1411529122014325e+39
818.004 2.127424444191956e+39
820.728 2.114363615941058e+39
823.462 2.100765682199149e+39
826.204 2.066973090801807e+39
828.956 2.009618155583238e+39
831.717 1.9532137113618864e+39
834.487 1.9030630222263662e+39
837.266 1.91439065006436e+39
840.054 1.9461392282216325e+39
842.852 1.978238543372355e+39
845.659 2.0002049298190234e+39
848.476 1.9941444767702303e+39
851.302 1.9863677900669245e+39
854.137 1.9786217149789884e+39
856.981 1.9571155944926722e+39
859.836 1.9288545756232256e+39
862.699 1.9013337848003672e+39
865.573 1.8745401428506716e+39
868.455 1.8496078671902327e+39
871.348 1.8253826184945346e+39
874.25 1.8024256723726652e+39
877.161 1.8093559740755328e+39
880.083 1.8290868004320057e+39
883.014 1.84922586722227e+39
885.955 1.8597617031424602e+39
888.905 1.8519278153782026e+39
891.866 1.8435708743507114e+39
894.836 1.8330495809438732e+39
897.816 1.8044779703595413e+39
900.806 1.772249112212002e+39
903.806 1.742393597098556e+39
906.817 1.8604188560750114e+39
909.837 2.1021255667137634e+39
911.553 2.2526678323213983e+39
913.273 2.4139568526844722e+39
916.322 2.5370493432790885e+39
919.38 2.4279162076540306e+39
922.449 2.322148128823498e+39
925.528 2.305378052029193e+39
928.618 2.5702711959519503e+39
931.718 2.8920422288318807e+39
934.828 3.205850481258648e+39
937.948 3.168936206890401e+39
941.079 3.0600203086470093e+39
944.22 2.9585752207573895e+39
947.372 2.945093265010614e+39
950.534 2.967415634673275e+39
953.707 2.989039171140764e+39
956.891 3.0022508890494373e+39
960.085 3.0091887595789906e+39
963.29 3.0160461802856726e+39
966.505 2.943345808739609e+39
969.731 2.7857847154835684e+39
972.968 2.6368303786757672e+39
976.216 2.573074905877088e+39
979.475 2.634395395153094e+39
982.744 2.6987892729982093e+39
986.025 2.733756910844377e+39
989.316 2.7082373308915826e+39
992.618 2.6808728787673167e+39
995.932 2.6625578221977806e+39
999.256 2.6635567897541056e+39
1002.59 2.6650137128379992e+39
1005.94 2.6693556903628502e+39
1009.3 2.681936500068952e+39
1012.67 2.6944072164432446e+39
1016.05 2.663634743559196e+39
1019.44 2.5494749137427695e+39
1022.84 2.4374922919687875e+39
1026.25 2.3924459291540826e+39
1029.68 2.449994479346691e+39
1033.12 2.5109497665355478e+39
1036.57 2.554373665422403e+39
1040.03 2.5757046382528046e+39
1043.5 2.5968692663892936e+39
1046.98 2.5938816590503132e+39
1050.48 2.5716451507221425e+39
1053.98 2.5490891175756875e+39
1057.5 2.5135963169916042e+39
1061.03 2.4727464090360798e+39
1064.57 2.4344573688642765e+39
1068.13 2.4194282121818094e+39
1071.69 2.4109317320787573e+39
1075.27 2.3960354172044202e+39
1078.86 2.354286290077709e+39
1082.46 2.310518143060911e+39
1086.07 2.2847020321773152e+39
1089.7 2.295618883604649e+39
1093.33 2.3078144236598044e+39
1096.98 2.298340015784138e+39
1100.65 2.2709909454948412e+39
1104.32 2.244715475999216e+39
1108.01 2.2247959867869664e+39
1111.7 2.2067805356564605e+39
1115.42 2.1857350983260488e+39
1119.14 2.150309371922553e+39
1122.87 2.1146609930674946e+39
1126.62 2.095383888223242e+39
1130.38 2.097562227748005e+39
1134.16 2.098820738873674e+39
1137.94 2.0805977404062456e+39
1141.74 2.05555853610668e+39
1145.55 2.0323871735114908e+39
1149.38 2.0149040512791912e+39
1153.21 1.9979640643323753e+39
1157.06 1.97939963830148e+39
1160.92 1.9592447705719533e+39
1164.8 1.934962611048206e+39
1168.69 1.8783813316812237e+39
1172.59 1.8175404839774458e+39
1176.5 1.7905723585155045e+39
1180.43 1.813395063075565e+39
1184.37 1.8339719405149785e+39
1188.32 1.8125433377504756e+39
1192.29 1.779249368510735e+39
1196.27 1.7515130600025286e+39
1200.26 1.733792767256531e+39
1204.27 1.71411688718814e+39
1208.29 1.6546185143186645e+39
1212.32 1.5849407162424558e+39
1216.37 1.5561831401557528e+39
1220.43 1.5974072611395842e+39
1224.5 1.6323124347405695e+39
1228.59 1.58158716534486e+39
1232.69 1.511212355327482e+39
1236.81 1.5069745675901545e+39
1240.94 1.5856879396140533e+39
1245.08 1.6531872681424425e+39
1249.23 1.6335046261080697e+39
1253.4 1.6009617277486723e+39
1257.59 1.5811397844194893e+39
1261.79 1.569242346144346e+39
1266.0 1.55818947476097e+39
1270.22 1.5499113920716158e+39
1274.46 1.541663937531997e+39
1278.72 1.529981340934995e+39
1282.99 1.5175968651986538e+39
1287.27 1.4991622663945293e+39
1291.57 1.4762517550940954e+39
1295.88 1.4561420395993326e+39
1300.2 1.444107989599144e+39
1304.54 1.4332641044785504e+39
1308.9 1.4273611963309882e+39
1313.27 1.422986513210462e+39
1317.65 1.4111557393880976e+39
1322.05 1.394540035221065e+39
1326.46 1.3783954099253377e+39
1330.89 1.3634473039198846e+39
1335.33 1.3496945879723545e+39
1339.79 1.3400560368336156e+39
1344.26 1.3308378657014033e+39
1348.75 1.3187403999970693e+39
1353.25 1.3059857845865737e+39
1357.77 1.291120618020637e+39
1362.3 1.275621789191393e+39
1366.85 1.2612880493688456e+39
1371.41 1.2488356645901227e+39
1375.99 1.2371635868893084e+39
1380.58 1.2255600755277479e+39
1385.19 1.2108164795327175e+39
1389.81 1.1780921024138964e+39
1394.45 1.145215003837726e+39
1399.11 1.1252105689280938e+39
1403.78 1.1098913108364522e+39
1408.46 1.1166920424535789e+39
1413.16 1.1331886814217565e+39
1417.88 1.1297636932351408e+39
1422.61 1.1128538875488638e+39
1427.36 1.1022506602682157e+39
1432.13 1.0975478605026239e+39
1436.91 1.0911551808056479e+39
1441.7 1.0820648800936982e+39
1446.52 1.0709699931235592e+39
1451.34 1.0579130467826027e+39
1456.19 1.0455973360855238e+39
1461.05 1.0347044670999525e+39
1465.93 1.0238698563221926e+39
1470.82 1.0147742462923814e+39
1475.73 1.0057252853741058e+39
1480.66 9.973880232403403e+38
1485.6 9.884365030589734e+38
1490.56 9.778793512280064e+38
1495.53 9.670564911851659e+38
1500.53 9.559580377810591e+38
1505.53 9.446062225759711e+38
1510.56 9.316810695944741e+38
1515.6 9.230594318685651e+38
1520.66 9.14482917544596e+38
1525.74 9.03369437280634e+38
1530.83 8.852470580676823e+38
1535.94 8.669128964937907e+38
1541.07 8.480502364766372e+38
1546.21 8.328105970097374e+38
1551.37 8.255967800296589e+38
1556.55 8.215838638845666e+38
1561.75 8.226319854296728e+38
1566.96 8.220966084192949e+38
1572.19 8.190486348357553e+38
1577.44 8.14137510725301e+38
1582.7 8.076981961226068e+38
1587.99 8.009763076352545e+38
1593.29 7.933668783092525e+38
1598.61 7.833337923013185e+38
1603.94 7.718273827256067e+38
1609.3 7.625249419442715e+38
1614.67 7.541945108732681e+38
1620.06 7.477338386419011e+38
1625.47 7.416098375946212e+38
1630.89 7.361258327981682e+38
1636.33 7.29465488553281e+38
1641.8 7.20436618166888e+38
1647.28 7.138548656807481e+38
1652.78 7.105855335614936e+38
1658.29 7.055519259136299e+38
1663.83 6.99059222790489e+38
1669.38 6.87885835979421e+38
1674.95 6.864802781254027e+38
1680.55 6.844857755927617e+38
1686.16 6.7607556537973535e+38
1691.78 6.680082568627398e+38
1697.43 6.602728068881011e+38
1703.1 6.525810183764273e+38
1708.78 6.443601502505716e+38
1714.49 6.358954058449908e+38
1720.21 6.2834199090111206e+38
1725.95 6.2225799101954734e+38
1731.71 6.193351627127929e+38
1737.49 6.1472413636045014e+38
1743.29 6.084418626796643e+38
1749.11 6.021943673621131e+38
1754.95 5.962621119285059e+38
1760.81 5.895235214374633e+38
1766.69 5.8282303643291605e+38
1772.58 5.764415580765378e+38
1778.5 5.71200245768929e+38
1784.44 5.665392805795184e+38
1790.39 5.610809854812493e+38
1796.37 5.556495696066136e+38
1802.37 5.507945126501416e+38
1808.38 5.443348324017098e+38
1814.42 5.3709486099864154e+38
1820.48 5.317905659230607e+38
1826.55 5.267881796481588e+38
1832.65 5.215416917004352e+38
1838.77 5.144497760836614e+38
1844.9 5.066014219009635e+38
1851.06 5.011911913699576e+38
1857.24 4.9660693023425986e+38
1863.44 4.925763105717517e+38
1869.66 4.8830381829268455e+38
1875.9 4.832669911336206e+38
1882.16 4.7564218619208396e+38
1888.45 4.688427708638534e+38
1894.75 4.631256247090566e+38
1901.07 4.605498819677315e+38
1907.42 4.569513465845045e+38
1913.79 4.507989004171365e+38
1920.18 4.4416974507799426e+38
1926.59 4.391135968400381e+38
1933.02 4.371434376692968e+38
1939.47 4.344201592456403e+38
1945.94 4.301921717335299e+38
1952.44 4.224546959221969e+38
1958.96 4.182835458188719e+38
1965.49 4.163927968419032e+38
1972.06 4.140067568733724e+38
1978.64 4.098923772746461e+38
1985.24 4.035687810266049e+38
1991.87 3.985172034074365e+38
1998.52 3.947271874629457e+38
2005.19 3.916951413105685e+38
2011.88 3.88189815231568e+38
2018.6 3.847020066043967e+38
2025.34 3.809904447001051e+38
2032.1 3.756035164225576e+38
2038.88 3.7097323489095235e+38
2045.69 3.658868430378533e+38
2052.51 3.562740568935453e+38
2059.37 3.5293522270311746e+38
2066.24 3.546216071189156e+38
2073.14 3.5890446424151496e+38
2080.06 3.5557981311173825e+38
2087.0 3.5180193314432465e+38
2093.97 3.473386141656239e+38
2100.96 3.4430794079573714e+38
2107.97 3.415277318986061e+38
2115.01 3.3852832204108973e+38
2122.07 3.350815492125146e+38
2129.15 3.3165451935029305e+38
2136.26 3.2778457676472297e+38
2143.39 3.2393728628207556e+38
2150.54 3.2102844561550042e+38
2157.72 3.179062429311989e+38
2164.92 3.1366455200639858e+38
2172.15 3.1080691265313755e+38
2179.4 3.072875670966854e+38
2186.68 3.040125855030419e+38
2193.97 3.0165575213433045e+38
2201.3 2.9841429484733228e+38
2208.65 2.947457710964451e+38
2216.02 2.908767425793186e+38
2223.42 2.879153844771432e+38
2230.84 2.849711181517804e+38
2238.28 2.820438525480574e+38
2245.76 2.7891174079979225e+38
2253.25 2.7514357606878947e+38
2260.77 2.724858504698931e+38
2268.32 2.700592676002121e+38
2275.89 2.6699733054769293e+38
2283.49 2.6395222723001393e+38
2291.11 2.6006532850437134e+38
2298.76 2.568434996261695e+38
2306.43 2.544948534821115e+38
2314.13 2.519457153688716e+38
2321.86 2.470773432107838e+38
2329.61 2.447757357770114e+38
2337.38 2.4375136841130286e+38
2345.18 2.4105088673822872e+38
2353.01 2.3857454577353244e+38
2360.87 2.3590305142347005e+38
2368.75 2.3303943166286155e+38
2376.65 2.3019286411069316e+38
2384.59 2.2674183077473992e+38
2392.55 2.2495837521296314e+38
2400.53 2.227746215760136e+38
2408.55 2.203972247707909e+38
2416.59 2.1803380346335493e+38
2424.65 2.156842771127088e+38
2432.75 2.13144395258402e+38
2440.87 2.1082138784724215e+38
2449.01 2.0851208216565815e+38
2457.19 2.0621471995830155e+38
2465.39 2.039309485007076e+38
2473.62 2.0165987278320033e+38
2481.88 1.992030394610247e+38
2490.16 1.9460545341853798e+38
2498.47 1.9175075891663907e+38
