WAVE FLUX
92.1977 0.0
92.5055 0.0
92.8142 0.0
93.124 0.0
93.4349 0.0
93.7467 0.0
94.0596 0.0
94.3736 0.0
94.6886 0.0
95.0046 0.0
95.3217 0.0
95.6399 0.0
95.9591 0.0
96.2794 0.0
96.6008 0.0
96.9232 0.0
97.2467 0.0
97.5713 0.0
97.897 0.0
98.2237 0.0
98.5516 0.0
98.8805 0.0
99.2106 0.0
99.5417 0.0
99.874 9.095468702403011e+16
100.207 9.083368666143474e+16
100.542 9.109878867787117e+16
100.877 9.136212995250312e+16
101.214 9.162191747373674e+16
101.552 9.187907601184539e+16
101.891 9.215908950503942e+16
102.231 9.261400629755579e+16
102.572 9.319148125246126e+16
102.915 9.37633071199484e+16
103.258 9.433133403195413e+16
103.603 9.489376781264586e+16
103.948 9.55273524533452e+16
104.295 9.675198226362784e+16
104.644 9.814018553375456e+16
104.993 9.954387291951154e+16
105.343 1.0098656297193136e+17
105.695 1.0244230896921306e+17
106.048 1.0445015513213664e+17
106.402 1.0856523612941771e+17
106.757 1.1304084502178234e+17
107.113 1.1770370483557339e+17
107.471 1.2255068424811683e+17
107.829 1.2763017206493634e+17
108.189 1.4032414620607102e+17
108.55 1.6213523531671622e+17
108.913 1.8730041326290714e+17
109.276 2.1640617640302342e+17
109.641 2.4990580662985664e+17
110.007 2.938888693541585e+17
110.374 3.747200679557476e+17
110.742 4.850018551474947e+17
111.112 6.279358150592979e+17
111.483 8.127388216251579e+17
111.855 1.0522115402954875e+18
112.228 1.3619877962081853e+18
112.603 1.7630054613763313e+18
112.979 2.2823733252893796e+18
113.356 2.955065738624752e+18
113.734 3.8235706368524913e+18
114.114 5.163731146828902e+18
114.495 7.43088109776568e+18
114.877 1.0780620687735638e+19
115.26 1.5641075467109618e+19
115.645 2.2683481524486394e+19
116.031 3.2916919983410627e+19
116.418 4.776254434557535e+19
116.807 6.928383548332199e+19
117.197 1.0051358774128037e+20
117.588 1.4581172489981454e+20
117.981 2.1308471595166178e+20
118.374 3.1015981832200946e+20
118.769 4.550630643962887e+20
119.166 6.675829028959507e+20
119.564 9.793779333555357e+20
119.963 1.437036247374302e+21
120.363 2.1082944617091868e+21
120.765 3.0939039243802703e+21
121.168 4.102919368560553e+21
121.572 4.727435216445468e+21
121.978 5.445576632985304e+21
122.385 6.271268488849981e+21
122.794 7.224492940839893e+21
123.204 8.32295496670946e+21
123.615 9.586172845251426e+21
124.027 1.1043858661998712e+22
124.441 1.2721049704371874e+22
124.857 1.466743510033976e+22
125.274 1.6899015542948103e+22
125.692 1.949753651924841e+22
126.111 2.2488092005949302e+22
126.532 2.596084056051114e+22
126.954 2.9492076997830546e+22
127.378 2.87624375049083e+22
127.803 2.704260927917964e+22
128.23 2.715490517083481e+22
128.658 2.885946359778325e+22
129.087 3.0693184228585783e+22
129.518 3.2614422131610153e+22
129.951 3.4682117843245817e+22
130.384 3.687538266580099e+22
130.82 3.921190497039654e+22
131.256 4.299574843009445e+22
131.694 4.821180567556155e+22
132.134 5.623981045300244e+22
132.575 7.055520372520581e+22
133.017 8.889089865437045e+22
133.461 1.119833681533282e+23
133.907 1.4147004282461407e+23
134.354 1.7914123177183446e+23
134.802 2.278981415512791e+23
135.252 2.9006378670864202e+23
135.704 3.692113485985069e+23
136.157 4.6974521692354224e+23
136.611 5.977182131071449e+23
137.067 7.611786222791675e+23
137.524 9.584525861208969e+23
137.983 1.209123903126073e+24
138.444 1.525395028934046e+24
138.906 1.9239847983259302e+24
139.37 2.4276926769960333e+24
139.835 3.069057572245631e+24
140.302 3.8466696416469746e+24
140.77 4.8218427825091023e+24
141.24 6.042151096881881e+24
141.711 7.572902830414795e+24
142.184 9.491209131262138e+24
142.659 1.189498749629898e+25
143.135 1.4944368149118383e+25
143.613 1.869958689072154e+25
144.092 2.344533981525373e+25
144.573 2.9415563844050764e+25
145.056 3.688403118240586e+25
145.54 4.6263704841314055e+25
146.026 5.8014748455740785e+25
146.513 7.2751121199016366e+25
147.002 9.155423148191825e+25
147.493 1.1536801492798732e+26
147.985 1.4584335157768908e+26
148.479 1.8436260783245412e+26
148.974 2.330403111627859e+26
149.472 2.9475640923289617e+26
149.971 3.724964682486844e+26
150.471 4.709277796354983e+26
150.973 5.975728017989984e+26
151.477 7.603680617775902e+26
151.983 9.715809473626778e+26
152.49 1.241448985267298e+27
152.999 1.586332384198356e+27
153.51 2.0265994868498987e+27
154.022 2.58926514969589e+27
154.536 3.3093475115298603e+27
155.052 4.250517034726745e+27
155.57 5.47725188729279e+27
156.089 7.08478318395814e+27
156.61 9.165329838676122e+27
157.133 1.1856116524658004e+28
157.657 1.5337037180572e+28
158.183 1.9847736218477e+28
158.711 2.5667173206751925e+28
159.241 3.34029160302691e+28
159.773 4.337664070186075e+28
160.306 5.650481900545725e+28
160.841 7.361039041113823e+28
161.378 9.587511490413262e+28
161.916 1.2225405287166045e+29
162.457 1.1796584723024177e+29
162.999 1.0507761569135386e+29
163.543 9.359051843469022e+28
164.089 8.33645384838273e+28
164.637 7.4245660878692675e+28
165.186 6.612935335314635e+28
165.738 5.894246627481679e+28
166.291 6.308417288946485e+28
166.846 7.979425648052514e+28
167.403 1.0094928760059527e+29
167.962 1.277092390650483e+29
168.522 1.615118160849032e+29
169.085 2.0440172656989063e+29
169.649 2.584763531177092e+29
170.215 2.9191496935420116e+29
170.783 2.7559926911555048e+29
171.353 2.5969155625401965e+29
171.925 2.44792007435358e+29
172.499 2.3074069414662456e+29
173.075 2.107833960243084e+29
173.653 1.706354375146479e+29
174.232 1.3668018199441754e+29
174.814 1.0952334948024176e+29
175.397 8.77682834025192e+28
175.983 7.032877924882133e+28
176.57 5.635518349606188e+28
177.159 4.967959427199425e+28
177.751 5.440424115379835e+28
178.344 6.010105684427026e+28
178.939 6.639739709217403e+28
179.537 7.335894320852728e+28
180.136 8.112366225430894e+28
180.737 8.978343657778663e+28
181.34 9.942923940126536e+28
181.946 1.0627124069442466e+29
182.553 8.256534863421679e+28
183.162 5.958258047222225e+28
183.774 4.299209865550441e+28
184.387 3.1014637449240007e+28
185.002 2.2384215615639823e+28
185.62 1.6145170392883375e+28
186.24 1.2767255054962705e+28
186.861 1.1587589172361827e+28
187.485 1.0535974712968574e+28
188.111 9.58089330454929e+27
188.739 8.711791530344752e+27
189.368 7.921032476154658e+27
190.001 7.202274269368353e+27
190.635 6.549503775913007e+27
191.271 6.135682470798647e+27
191.909 5.978728233482978e+27
192.55 5.828113565831252e+27
193.193 5.681125690729548e+27
193.838 5.54174882559084e+27
194.485 5.49663022641873e+27
195.134 5.488986446713433e+27
195.785 5.482662624636221e+27
196.438 5.475004091226417e+27
197.094 5.467313086041519e+27
197.752 5.467490446969679e+27
198.412 6.056089197877204e+27
199.074 7.152946500504541e+27
199.739 8.44895658108242e+27
200.405 9.979724910020243e+27
201.074 1.1786653234786738e+28
201.745 1.3941577557054876e+28
202.419 1.6728024412551621e+28
203.094 2.030075644716335e+28
203.772 2.4638931961019372e+28
204.453 2.9912417374629067e+28
205.135 3.6453533174862883e+28
205.82 4.457692424963567e+28
206.507 5.464369354184624e+28
207.196 6.697233618180992e+28
207.887 8.207670051134561e+28
208.581 1.0058759133345798e+29
209.278 1.2328861002874826e+29
209.976 1.5149776604973849e+29
210.677 1.868331225604267e+29
211.38 2.3113826201841475e+29
212.086 2.8591183184164604e+29
212.794 3.537315258366724e+29
213.504 4.3762540164725244e+29
214.216 5.413072776279951e+29
214.931 6.696448350807656e+29
215.649 8.300879573417779e+29
216.369 1.0205162843627336e+30
217.091 1.2525782908508829e+30
217.815 1.5366938131168923e+30
218.542 1.8853891427026738e+30
219.272 2.3133907823429996e+30
220.004 2.838774727387136e+30
220.738 3.437048669686204e+30
221.475 4.16134443310471e+30
222.214 5.0372573667833743e+30
222.956 5.875862487076667e+30
223.7 5.129064624763008e+30
224.447 4.216065752064227e+30
225.196 3.464640460838511e+30
225.947 2.84793792110079e+30
226.702 2.3623256109186928e+30
227.458 4.526430581181301e+30
228.188 1.4577419110388093e+31
228.889 4.475459580252899e+31
229.593 1.3742329235023878e+32
230.298 3.712364999715785e+32
231.006 7.777127447837971e+32
231.717 1.6684522741204104e+33
232.429 3.57897464151978e+33
233.143 7.679131897983049e+33
233.86 1.627644614051374e+34
234.579 2.1535860921820883e+34
235.3 2.4976506685434942e+34
236.024 2.895643027135604e+34
236.774 3.375220284126931e+34
237.552 3.9528952771426774e+34
238.332 4.630186050255184e+34
239.114 5.4245479080860575e+34
239.9 6.466715017573052e+34
240.688 9.012333538809893e+34
241.478 1.3141178175656761e+35
242.271 1.918136770861166e+35
243.067 2.7967954693470216e+35
243.865 4.080386586799928e+35
244.666 5.9515413793268736e+35
245.47 8.68138101257108e+35
246.276 1.059891249137006e+36
247.085 9.393325691286856e+35
247.896 8.276136340753456e+35
248.71 7.292380904691e+35
249.527 6.425191363716468e+35
250.352 5.656761690486577e+35
251.187 4.974789810679462e+35
252.024 4.711178208968901e+35
252.863 6.546675421377875e+35
253.706 9.65340806443845e+35
254.551 1.4229709293389405e+36
255.399 2.0989231695248318e+36
256.25 3.0943888875319945e+36
257.104 4.985440442965066e+36
257.961 1.0138924690144958e+37
258.82 2.154388387849735e+37
259.683 4.64416901494733e+37
260.548 5.746104055091763e+37
261.416 5.313130648353913e+37
262.287 4.91264482303305e+37
263.161 4.542365756344652e+37
264.038 4.401493298231698e+37
264.918 5.377077471400298e+37
265.801 6.789314716963049e+37
266.686 8.574503255704209e+37
267.575 1.0831611033169152e+38
268.466 1.3675794452202344e+38
269.361 1.5046369777872385e+38
270.258 1.3565912772739844e+38
271.159 1.2219467780109318e+38
272.062 1.1005843663180074e+38
272.969 9.91417080040779e+37
273.878 8.949982467026756e+37
274.791 8.288548611594007e+37
275.707 7.733051656322795e+37
276.625 7.21401101929779e+37
277.547 6.7300928065352e+37
278.472 6.279128045079319e+37
279.4 5.562702545863215e+37
280.331 4.5862523734459005e+37
281.265 3.7841241826825217e+37
282.202 3.1233516026841783e+37
283.142 2.577809700791953e+37
284.086 2.129924117563751e+37
285.032 1.7532670846945617e+37
285.982 1.4444076546023658e+37
286.935 1.1909339220322613e+37
287.891 9.814884843300455e+36
288.85 8.08993417069273e+36
289.813 6.806949755276671e+36
290.778 7.766811307011386e+36
291.747 9.836353882700317e+36
292.719 1.2454056405821975e+37
293.694 1.5769886338582212e+37
294.673 1.9970462485492688e+37
295.655 2.5257535875550343e+37
296.64 2.6118336198276276e+37
297.628 2.414856898112745e+37
298.62 2.2330561790007258e+37
299.615 2.0654288935042178e+37
300.613 1.911839322097542e+37
301.615 1.9029071738581766e+37
302.62 1.986615519165432e+37
303.628 2.0740220743604337e+37
304.64 2.165932163074205e+37
305.655 2.2614559511259405e+37
306.674 2.3613931311582393e+37
307.695 2.472458119102116e+37
308.721 2.832364519959477e+37
309.749 3.388394982140969e+37
310.781 4.0542416901766927e+37
311.817 4.850423768402775e+37
312.856 5.80300309903003e+37
313.898 6.942636857722078e+37
314.944 8.304483184294616e+37
315.994 9.93555085934336e+37
317.047 1.1891246532948524e+38
318.103 1.4111193759264232e+38
319.163 1.612113417293598e+38
320.226 1.8360678747877305e+38
321.293 2.0908178717853654e+38
322.364 2.3816823931065398e+38
323.438 2.7123113720862e+38
324.516 3.0886877872515595e+38
325.597 3.5175262820343944e+38
326.682 4.0062245604324924e+38
327.77 4.5454763656475155e+38
328.862 4.7797038904817375e+38
329.958 4.896723933536e+38
331.058 5.016827369552149e+38
332.161 5.139994700684838e+38
333.268 5.266176377739884e+38
334.378 5.3945780948298655e+38
335.492 5.5267046996958945e+38
336.61 5.662514499892094e+38
337.732 5.811953586907133e+38
338.857 6.184705696270038e+38
339.986 6.676258706604931e+38
341.119 7.2078303994958e+38
342.255 7.778269317973313e+38
343.396 8.402237865396394e+38
344.54 9.067180357688092e+38
345.688 9.787656163735424e+38
346.84 1.0563088930054807e+39
347.995 1.091574771337461e+39
349.155 8.583198087746167e+38
350.318 6.451949774132641e+38
351.486 4.849273146514427e+38
352.657 3.644191880987701e+38
353.832 2.7389172789369334e+38
355.011 2.0581463706536125e+38
356.194 1.5472244856903273e+38
357.381 1.370016688375966e+38
358.571 1.6570886279023459e+38
359.766 2.021568198959101e+38
360.965 2.4669912116213033e+38
362.168 3.0104498039345035e+38
363.374 3.673098097828571e+38
364.585 4.482179826568754e+38
365.8 5.382314092328117e+38
367.019 5.1975941833791354e+38
368.242 4.7018981902631625e+38
369.469 4.2529793917882754e+38
370.7 3.8475880558750056e+38
371.935 3.480421737290586e+38
373.174 3.1483315201208703e+38
374.418 2.8495862321713018e+38
375.665 2.6964631612497284e+38
376.917 2.655840042105476e+38
378.173 2.6161443513766217e+38
379.433 2.5773681345574177e+38
380.697 2.5388219213860315e+38
381.966 2.5011773916415665e+38
383.238 2.463762878800191e+38
384.515 2.4299383314901886e+38
385.796 2.6478483687391766e+38
387.082 3.0734190626497793e+38
388.372 3.568289511108391e+38
389.666 4.1430760981050796e+38
390.964 4.809577297201323e+38
392.267 5.584046044646579e+38
393.574 6.482537764212267e+38
394.885 7.411803203931025e+38
396.201 7.393733478257799e+38
397.521 7.140730830816956e+38
398.846 6.902327471367362e+38
400.174 6.6719367933141645e+38
401.508 6.4500825004951914e+38
402.846 6.234144307339245e+38
404.188 6.025353774311388e+38
405.535 5.659198298747237e+38
406.886 5.0900774826100736e+38
408.242 4.57869208212992e+38
409.602 4.118162830402066e+38
410.967 3.7035697266233885e+38
412.336 3.331333409462397e+38
413.71 3.0336500843790676e+38
415.089 3.3930013414760452e+38
416.472 4.086365785793174e+38
417.859 4.921017701354443e+38
419.252 5.926447087657923e+38
420.649 7.136724222800584e+38
422.05 8.170459719943727e+38
423.456 7.175200168342532e+38
424.867 6.0685887353341075e+38
426.283 5.131153159364745e+38
427.703 4.3388099379506906e+38
429.128 3.668969795647268e+38
430.558 3.5193835599163285e+38
431.993 4.071085954044388e+38
433.432 4.7220583252299784e+38
434.877 5.476641937579193e+38
436.326 6.351050659574248e+38
437.779 7.367185763135158e+38
439.238 8.547793910641247e+38
440.702 9.885328174191535e+38
442.17 1.0767929710449198e+39
443.643 1.1492495390681909e+39
445.122 1.2276221735010471e+39
446.605 1.310692853051042e+39
448.093 1.3995676896514668e+39
449.586 1.4941860878219864e+39
451.084 1.5772315087516683e+39
452.587 1.573713572825141e+39
454.095 1.5582022780285284e+39
455.608 1.543346234179402e+39
457.126 1.5285718132039155e+39
458.649 1.5138786878490903e+39
460.177 1.499266529887286e+39
461.711 1.4836078491038826e+39
463.249 1.4674800902922023e+39
464.793 1.4519985757991915e+39
466.341 1.4366072546379042e+39
467.895 1.4212995510290898e+39
469.454 1.405525512955318e+39
471.018 1.3496277436408264e+39
472.588 1.2748671850053337e+39
474.163 1.2038723385868059e+39
475.742 1.1371558300083055e+39
477.328 1.0741265374317788e+39
478.918 1.0142151676406365e+39
480.514 9.741277260156734e+38
482.115 9.655109683452705e+38
483.721 9.574777605941368e+38
485.333 9.494859800609742e+38
486.95 9.41537444274585e+38
488.573 9.336300569578867e+38
490.201 9.326466361187585e+38
491.834 9.585655051584173e+38
493.473 9.879814749754474e+38
495.117 1.0177164732790926e+39
496.767 1.04880895609202e+39
498.422 1.080725907380468e+39
500.083 1.0698724066195139e+39
501.749 8.6515683323994e+38
503.421 6.813739787092403e+38
505.098 5.363030498737729e+38
506.78 5.442509731865538e+38
508.468 7.31763834984373e+38
510.161 9.877053069531472e+38
511.86 1.2921236039930349e+39
513.565 1.2741926064385301e+39
515.276 1.1803290865945902e+39
516.992 1.0930989309012952e+39
518.713 1.0124388286139519e+39
520.441 9.766711298300485e+38
522.174 1.0365362079370148e+39
523.913 1.1054024742907013e+39
525.658 1.1787357651129455e+39
527.409 1.2569812076032528e+39
529.165 1.3405802465881255e+39
530.928 1.3253771302116144e+39
532.696 1.2240480597830289e+39
534.47 1.130173343701704e+39
536.25 1.0436821524497911e+39
538.036 9.640218461581399e+38
539.828 8.776690489109655e+38
541.626 6.951096624353153e+38
543.43 5.328512655844031e+38
545.24 4.085908078164035e+38
547.056 3.133229455165387e+38
548.878 2.402866832752227e+38
550.706 2.374631066298972e+38
552.54 3.400323532490081e+38
554.38 4.914362200405715e+38
556.226 7.104508444365765e+38
558.079 1.026570559704393e+39
559.937 1.434190707179991e+39
561.802 1.5522820963524264e+39
563.673 1.605590022332822e+39
565.551 1.660818649139138e+39
567.434 1.717952917586233e+39
569.324 1.7751431747115102e+39
571.22 1.712925775229347e+39
573.123 1.5872651874052446e+39
575.031 1.470996904484007e+39
576.946 1.363126580898014e+39
578.868 1.2635747840312197e+39
580.796 1.2549127722086052e+39
582.73 1.3705240327885762e+39
584.671 1.4986662408616987e+39
586.618 1.638770903272773e+39
588.572 1.7915936667553363e+39
590.532 1.9438247114237125e+39
592.499 2.0687484426706584e+39
594.472 2.2011162559173794e+39
596.452 2.3412813797444558e+39
598.438 2.4908999683488697e+39
600.432 2.52800223243493e+39
602.431 2.2512856612129114e+39
604.438 1.9905392839466756e+39
606.451 1.759739611016564e+39
608.47 1.556037681036933e+39
610.497 1.4492932242190714e+39
612.53 1.5359810321457525e+39
614.57 1.637698080582507e+39
616.617 1.7462966452267653e+39
618.671 1.8621241304382006e+39
620.731 1.859288402883478e+39
622.798 1.6568904649754173e+39
624.873 1.4740832463474696e+39
626.954 1.3115111241089697e+39
629.042 1.167738617841865e+39
631.137 1.1613957379515595e+39
633.239 1.2702214911332058e+39
635.348 1.389338463012614e+39
637.464 1.5198616858008006e+39
639.587 1.6576168446612192e+39
641.717 1.723682232766677e+39
643.854 1.7647084449725396e+39
645.998 1.806246967980316e+39
648.15 1.8490891651119547e+39
650.309 1.79387408117965e+39
652.474 1.4288262610081286e+39
654.647 1.1204798307950946e+39
656.828 8.785541645683985e+38
659.015 8.075246301238967e+38
661.21 8.892132170895414e+38
663.412 9.801288226769182e+38
665.622 1.0575661530906182e+39
667.839 1.0882451709764432e+39
670.063 1.1179350264079755e+39
672.294 1.1481883913693424e+39
674.533 1.1793816493262578e+39
676.78 1.2046033914866631e+39
679.034 1.2281170731682555e+39
681.295 1.2522240027596054e+39
683.564 1.2769156848304776e+39
685.841 1.2942406827595272e+39
688.125 1.2993715505057438e+39
690.417 1.3040775405523926e+39
692.716 1.3087391635812623e+39
695.023 1.3219412878760256e+39
697.338 1.3826676136026923e+39
699.661 1.4548427649636298e+39
701.991 1.5305908164326447e+39
704.329 1.609871765123864e+39
706.675 1.6665788732981812e+39
709.028 1.7126471015817372e+39
711.39 1.760576739585247e+39
713.759 1.8096255182222117e+39
716.136 1.8304305377178914e+39
718.521 1.714214573678748e+39
720.914 1.5893919979061798e+39
723.315 1.4736297491731107e+39
725.724 1.3861484138000234e+39
728.141 1.5041296876534763e+39
730.566 1.6934103392815283e+39
732.999 1.9061968275561286e+39
735.44 2.0205302321275878e+39
737.89 1.7729505941593255e+39
740.347 1.5357568788957395e+39
742.813 1.3301568671734257e+39
745.287 1.2118975131915195e+39
747.769 1.3414664326258534e+39
750.259 1.5144298050797785e+39
752.758 1.7100124181761094e+39
755.265 1.8884774116540086e+39
757.781 1.907545314030356e+39
760.304 1.9094057781295813e+39
762.837 1.9108887441161585e+39
765.377 1.9079372995664272e+39
767.926 1.8894404458822318e+39
770.484 1.869697080412959e+39
773.05 1.8500652309232747e+39
775.624 1.6221326363938738e+39
778.208 1.0195938494040882e+39
780.799 6.35048442982493e+38
783.4 3.9546329130568084e+38
786.009 3.416632344079003e+38
788.627 4.793727323654137e+38
791.253 6.7879774791051475e+38
793.888 9.661189690244994e+38
796.532 1.2150412460809553e+39
799.185 1.412301270904854e+39
801.847 1.641891184672329e+39
804.517 1.889294058588323e+39
807.197 1.8621274676520767e+39
809.885 1.7473390998508795e+39
812.583 1.63967635002078e+39
815.289 1.5680373255651684e+39
818.004 1.6164393303122808e+39
820.728 1.6793616570495148e+39
823.462 1.7449974859993743e+39
826.204 1.7150243881985202e+39
828.956 1.5700427053709072e+39
831.717 1.4372358804802778e+39
834.487 1.320840416821306e+39
837.266 1.2820574369010598e+39
840.054 1.2673008606657323e+39
842.852 1.25293489415754e+39
845.659 1.2500033196175256e+39
848.476 1.2767396161789845e+39
851.302 1.3060283055380429e+39
854.137 1.3369317900128001e+39
856.981 1.412729317979529e+39
859.836 1.5163723565248125e+39
862.699 1.6277357808645726e+39
865.573 1.7326448595103634e+39
868.455 1.7983012260340906e+39
871.348 1.8637975211894674e+39
874.25 1.9303244364298787e+39
877.161 1.9703597923493972e+39
880.083 1.9989018904722397e+39
883.014 2.0281159596772476e+39
885.955 2.0067400012911143e+39
888.905 1.8932458442757936e+39
891.866 1.7839716775053397e+39
894.836 1.6942514088402e+39
897.816 1.704233916202731e+39
900.806 1.7351583316195646e+39
903.806 1.7678681898336112e+39
906.817 1.9591427962052005e+39
909.837 2.299135761316152e+39
911.553 2.517399990037847e+39
913.273 2.7561401846229977e+39
916.322 3.004364953198752e+39
919.38 2.977438670446927e+39
922.449 2.947842902307976e+39
925.528 3.002515968176153e+39
928.618 3.3250277999662317e+39
931.718 3.709412712544993e+39
934.828 4.080102182781526e+39
937.948 4.0333339243820613e+39
941.079 3.898600589079173e+39
944.22 3.767468904988972e+39
947.372 3.5796491270948653e+39
950.534 3.379390708827849e+39
953.707 3.19130607383136e+39
956.891 3.213226184982895e+39
960.085 3.3809055794839696e+39
963.29 3.5609003491760994e+39
966.505 3.500732312744757e+39
969.731 3.1813832659924535e+39
972.968 2.8907873272790436e+39
976.216 2.4774334867533645e+39
979.475 1.9155364608664372e+39
982.744 1.482764279373219e+39
986.025 1.4212538950003083e+39
989.316 2.0407311768206394e+39
992.618 2.977330145300982e+39
995.932 3.735982914966426e+39
999.256 3.3652214916398305e+39
1002.59 2.9943006688644836e+39
1005.94 2.82440816572768e+39
1009.3 3.030951233097173e+39
1012.67 3.269400667692088e+39
1016.05 3.353011653603275e+39
1019.44 3.110247522037911e+39
1022.84 2.8766747937055586e+39
1026.25 2.763455075237294e+39
1029.68 2.8222869154542983e+39
1033.12 2.8857232369110287e+39
1036.57 2.988760454275836e+39
1040.03 3.145970433187523e+39
1043.5 3.3120523178792486e+39
1046.98 3.365478351272031e+39
1050.48 3.324625170013526e+39
1053.98 3.2865051164270116e+39
1057.5 3.2338543156673135e+39
1061.03 3.179077429846198e+39
1064.57 3.1173225274584976e+39
1068.13 3.002477590513458e+39
1071.69 2.8762900524211404e+39
1075.27 2.7774305707286095e+39
1078.86 2.780213575405454e+39
1082.46 2.7925405323764054e+39
1086.07 2.814316195024318e+39
1089.7 2.857325467466454e+39
1093.33 2.904795544928026e+39
1096.98 2.9211486983538674e+39
1100.65 2.916123271148917e+39
1104.32 2.894684176883041e+39
1108.01 2.6555518867102223e+39
1111.7 2.3736613823052257e+39
1115.42 2.128007457298946e+39
1119.14 1.9266464308437722e+39
1122.87 1.746707895867172e+39
1126.62 1.791331236829644e+39
1130.38 2.145064017258107e+39
1134.16 2.560007143145646e+39
1137.94 2.6837528343279486e+39
1141.74 2.6884560741540433e+39
1145.55 2.64553925501367e+39
1149.38 2.4470963164906608e+39
1153.21 2.2544714442165714e+39
1157.06 2.1130935673003625e+39
1160.92 2.0139844520053516e+39
1164.8 1.9475765348612003e+39
1168.69 2.095839799570385e+39
1172.59 2.305722033772759e+39
1176.5 2.445823038776808e+39
1180.43 2.45526487991684e+39
1184.37 2.455860145680739e+39
1188.32 2.358173560748263e+39
1192.29 2.239334083425762e+39
1196.27 2.1496793342342592e+39
1200.26 2.1098904268051908e+39
1204.27 2.076579064604477e+39
1208.29 2.109182530198605e+39
1212.32 2.163810892255534e+39
1216.37 2.184337155761098e+39
1220.43 2.1430538023438325e+39
1224.5 2.084015725552521e+39
1228.59 1.8838368815832174e+39
1232.69 1.6704489322284373e+39
1236.81 1.644325107208467e+39
1240.94 1.8437614389641644e+39
1245.08 2.0272705985522775e+39
1249.23 1.9839801631973e+39
1253.4 1.9084445304198883e+39
1257.59 1.932002778436977e+39
1261.79 2.0209868307678944e+39
1266.0 2.0823101651451852e+39
1270.22 2.0651786469266966e+39
1274.46 2.0399847889969025e+39
1278.72 1.9948381037952765e+39
1282.99 1.9443133734537578e+39
1287.27 1.9140640870333637e+39
1291.57 1.9014639078386778e+39
1295.88 1.900345658932911e+39
1300.2 1.9321477499806642e+39
1304.54 1.9541620542905142e+39
1308.9 1.860826006795678e+39
1313.27 1.7465605985555167e+39
1317.65 1.6927068722142248e+39
1322.05 1.677063872799823e+39
1326.46 1.6830292371281497e+39
1330.89 1.7294811555675078e+39
1335.33 1.751322720188295e+39
1339.79 1.655051733479499e+39
1344.26 1.561338167975596e+39
1348.75 1.602118649087931e+39
1353.25 1.686524295489656e+39
1357.77 1.697917718481128e+39
1362.3 1.6602737684471462e+39
1366.85 1.6270318513997773e+39
1371.41 1.5994856515245463e+39
1375.99 1.5176027574180936e+39
1380.58 1.3013103936137409e+39
1385.19 1.1237117738256886e+39
1389.81 1.0290564370419246e+39
1394.45 9.752065959045047e+38
1399.11 1.1876401728239166e+39
1403.78 1.5346926184089098e+39
1408.46 1.604387205208252e+39
1413.16 1.538460220424732e+39
1417.88 1.445316862961601e+39
1422.61 1.3396500353893104e+39
1427.36 1.2948362199795921e+39
1432.13 1.3057423696754884e+39
1436.91 1.3210813042597886e+39
1441.7 1.3323498208557221e+39
1446.52 1.272124747035529e+39
1451.34 1.2854202650681448e+39
1456.19 1.3110738525677118e+39
1461.05 1.3113300889232782e+39
1465.93 1.320947708647197e+39
1470.82 1.362775691771911e+39
1475.73 1.3963953487762815e+39
1480.66 1.3898182901214427e+39
1485.6 1.3764639884737746e+39
1490.56 1.3499502280194746e+39
1495.53 1.3216950270996709e+39
1500.53 1.2910073650161344e+39
1505.53 1.2489764922804713e+39
1510.56 1.1683798655262242e+39
1515.6 1.2184221517347064e+39
1520.66 1.2148797364694246e+39
1525.74 1.1574355824211591e+39
1530.83 1.094263653247734e+39
1535.94 1.0031164662764322e+39
1541.07 8.339334203984762e+38
1546.21 7.880341302644274e+38
1551.37 1.0394680882702215e+39
1556.55 1.1823670026952715e+39
1561.75 9.456682184688397e+38
1566.96 8.587366905772981e+38
1572.19 9.66619631959121e+38
1577.44 1.0035374697368776e+39
1582.7 9.457739624581771e+38
1587.99 9.514466554645174e+38
1593.29 1.0062566923874993e+39
1598.61 1.0171911812145128e+39
1603.94 1.0047518811463067e+39
1609.3 9.997931042135662e+38
1614.67 9.966287300652043e+38
1620.06 9.857853846711125e+38
1625.47 9.801100210018698e+38
1630.89 1.0026264235623096e+39
1636.33 1.0245054317397385e+39
1641.8 1.0356316955536032e+39
1647.28 1.0277760834722351e+39
1652.78 9.95626862899597e+38
1658.29 9.86216450009966e+38
1663.83 9.911978579254355e+38
1669.38 9.770225499932136e+38
1674.95 9.867860517871926e+38
1680.55 9.839610272419344e+38
1686.16 9.602210538662174e+38
1691.78 9.469088064622002e+38
1697.43 9.222037178230131e+38
1703.1 8.837880671800161e+38
1708.78 8.728025855576699e+38
1714.49 8.800354756826618e+38
1720.21 9.188906735749221e+38
1725.95 9.534182140057335e+38
1731.71 9.441037696612271e+38
1737.49 9.082586005993713e+38
1743.29 8.480827366500463e+38
1749.11 8.730010406135538e+38
1754.95 9.283487402850397e+38
1760.81 9.061026780341622e+38
1766.69 8.734197430698351e+38
1772.58 8.463649295986342e+38
1778.5 8.417969746112164e+38
1784.44 8.513543639701124e+38
1790.39 8.483801363274683e+38
1796.37 8.379005757245365e+38
1802.37 8.158206229056312e+38
1808.38 8.059352392372435e+38
1814.42 8.049684171766981e+38
1820.48 7.933095946089928e+38
1826.55 7.85843423960509e+38
1832.65 7.934215869950383e+38
1838.77 7.85418649854946e+38
1844.9 7.66775862624395e+38
1851.06 7.469828673550778e+38
1857.24 7.382104645006417e+38
1863.44 7.470329010496631e+38
1869.66 7.546785102461757e+38
1875.9 7.550728032945184e+38
1882.16 7.321586183445841e+38
1888.45 7.18178544398928e+38
1894.75 7.144212073018816e+38
1901.07 7.203717849990914e+38
1907.42 7.204221569717576e+38
1913.79 7.082625916530448e+38
1920.18 6.973925989124537e+38
1926.59 6.886077527300164e+38
1933.02 6.836325703108566e+38
1939.47 6.75740142717159e+38
1945.94 6.6535973761917945e+38
1952.44 6.519814872105563e+38
1958.96 6.487518801718496e+38
1965.49 6.520090209996482e+38
1972.06 6.516788415025303e+38
1978.64 6.438728675976149e+38
1985.24 6.312763664161629e+38
1991.87 6.291751437915242e+38
1998.52 6.291588761082639e+38
2005.19 6.2913644118300605e+38
2011.88 6.218856700976654e+38
2018.6 6.1493090327128385e+38
2025.34 6.07760061423639e+38
2032.1 5.945019900676637e+38
2038.88 5.862892935363607e+38
2045.69 5.805324589261665e+38
2052.51 5.6773176015727045e+38
2059.37 5.6571458556592935e+38
2066.24 5.707403007728731e+38
2073.14 5.735966985739597e+38
2080.06 5.6395449359400445e+38
2087.0 5.6008992838010565e+38
2093.97 5.517821623173788e+38
2100.96 5.501933555873052e+38
2107.97 5.482406122436341e+38
2115.01 5.438394689187717e+38
2122.07 5.404406163003584e+38
2129.15 5.337689031269947e+38
2136.26 5.24826281092583e+38
2143.39 5.1702767255248265e+38
2150.54 5.147054220125216e+38
2157.72 5.114294263062022e+38
2164.92 5.0409551412768936e+38
2172.15 5.001480331187894e+38
2179.4 4.93722029732641e+38
2186.68 4.873319521190377e+38
2193.97 4.857126729443234e+38
2201.3 4.810306818738371e+38
2208.65 4.746132762120415e+38
2216.02 4.680000392936843e+38
2223.42 4.642251741772816e+38
2230.84 4.596570546155135e+38
2238.28 4.555788491706394e+38
2245.76 4.518662351343509e+38
2253.25 4.4472168512337096e+38
2260.77 4.408322336066534e+38
2268.32 4.395937198886827e+38
2275.89 4.4246384812560115e+38
2283.49 4.548538687958079e+38
2291.11 4.509628139300241e+38
2298.76 4.5736320453967516e+38
2306.43 4.690045259540204e+38
2314.13 4.44794967512994e+38
2321.86 4.1682928075911355e+38
2329.61 4.0430472803353516e+38
2337.38 4.0096257182458846e+38
2345.18 3.9465021566542374e+38
2353.01 3.8936719779709554e+38
2360.87 3.8433415026233225e+38
2368.75 3.800980700012923e+38
2376.65 3.76541962460707e+38
2384.59 3.72894349924065e+38
2392.55 3.7284666840142635e+38
2400.53 3.7225575613084684e+38
2408.55 3.689693799001238e+38
2416.59 3.6301754354889176e+38
2424.65 3.5667418197151074e+38
2432.75 3.500471228770553e+38
2440.87 3.4643768493154136e+38
2449.01 3.434850734131325e+38
2457.19 3.399129059939161e+38
2465.39 3.361512253200925e+38
2473.62 3.3209576992995705e+38
2481.88 3.2816779070699205e+38
2490.16 3.161358447783517e+38
2498.47 3.112418734601873e+38
