WAVE FLUX
92.1977 0.0
92.5055 0.0
92.8142 0.0
93.124 0.0
93.4349 0.0
93.7467 0.0
94.0596 0.0
94.3736 0.0
94.6886 0.0
95.0046 0.0
95.3217 0.0
95.6399 0.0
95.9591 0.0
96.2794 0.0
96.6008 0.0
96.9232 0.0
97.2467 0.0
97.5713 0.0
97.897 0.0
98.2237 0.0
98.5516 0.0
98.8805 0.0
99.2106 0.0
99.5417 0.0
99.874 3.8039562501698634e+30
100.207 3.1580586837592064e+30
100.542 2.2797779696818764e+30
100.877 1.645607330449167e+30
101.214 1.1879597744262938e+30
101.552 8.575047974868959e+29
101.891 6.252168892049102e+29
102.231 5.9546045412267645e+29
102.572 6.561498560686453e+29
102.915 7.233631646856741e+29
103.258 7.973129375592553e+29
103.603 8.787107711739284e+29
103.948 9.770101825896483e+29
104.295 1.1852632051941712e+30
104.644 1.4766377669255533e+30
104.993 1.839857951866899e+30
105.343 2.2924420974879268e+30
105.695 2.8563342438844045e+30
106.048 6.538116357958925e+30
106.402 5.708272911629488e+31
106.757 6.757158994279151e+32
107.113 7.999060266561268e+33
107.471 9.47027738288293e+34
107.829 1.427671619207797e+36
108.189 2.739706974494192e+36
108.55 1.609254656314514e+36
108.913 9.453347848374419e+35
109.276 5.5531154630368966e+35
109.641 3.2621488480772166e+35
110.007 2.0114581482491996e+35
110.374 1.5537900295135689e+35
110.742 1.2517011775598012e+35
111.112 1.0087068623886257e+35
111.483 8.126579372857539e+34
111.855 6.54742481641303e+34
112.228 5.274870818517061e+34
112.603 4.249755715352657e+34
112.979 3.4235029437703235e+34
113.356 2.7602282013742747e+34
113.734 2.2230645525184945e+34
114.114 2.312434449797541e+34
114.495 3.913210560048119e+34
114.877 6.788879251014879e+34
115.26 1.1780881089082539e+35
115.645 2.0445169703434255e+35
116.031 3.548896836048669e+35
116.418 6.15629925110396e+35
116.807 1.0684141818995885e+36
117.197 1.8543028548760334e+36
117.588 3.216893726539459e+36
117.981 5.469362657084533e+36
118.374 7.391266996779278e+36
118.769 9.64723520983241e+36
119.166 1.2591141692802682e+37
119.564 1.643438914864561e+37
119.963 2.144729931325697e+37
120.363 2.8003823782038205e+37
120.765 3.65317294346828e+37
121.168 4.244081177378685e+37
121.572 4.202862287980246e+37
121.978 4.157344037807371e+37
122.385 4.112094194656211e+37
122.794 4.0693151903555867e+37
123.204 4.024557858948223e+37
123.615 3.980065230135419e+37
124.027 3.9380506252244533e+37
124.441 3.896251608121413e+37
124.857 3.8502677369581143e+37
125.274 3.626939721116042e+37
125.692 3.326387139467466e+37
126.111 3.049585706771839e+37
126.532 2.7962839346676507e+37
126.954 2.4602534696866684e+37
127.378 1.3847584422468687e+37
127.803 7.146878162354722e+36
128.23 4.190298731066231e+36
128.658 2.886726724817418e+36
129.087 1.9890949375030995e+36
129.518 1.3701501599396574e+36
129.951 9.438600720891668e+35
130.384 6.501856775063585e+35
130.82 4.523111892052761e+35
131.256 6.387503357449666e+35
131.694 1.52210332474076e+36
132.134 2.6548628611657224e+36
132.575 2.447113083816582e+36
133.017 2.215941803306413e+36
133.461 2.0064434459152992e+36
133.907 1.7981023857600824e+36
134.354 1.3306465756552016e+36
134.802 9.215098877653536e+35
135.252 6.383611705444275e+35
135.704 4.421053416141434e+35
136.157 3.0606338992706366e+35
136.611 2.1194380050566177e+35
137.067 1.9298077958898553e+35
137.524 4.192757264898233e+35
137.983 9.992114220549861e+35
138.444 2.3810739550186568e+36
138.906 5.671839317829041e+36
139.37 1.3513482578876978e+37
139.835 3.2806988140175133e+37
140.302 4.370147602238039e+37
140.77 4.357570173981615e+37
141.24 4.345014570189623e+37
141.711 4.332511677962705e+37
142.184 4.320030853668229e+37
142.659 4.307572402723655e+37
143.135 4.222237082608066e+37
143.613 3.9843849655867967e+37
144.092 3.753804269585398e+37
144.573 3.536103411954687e+37
145.056 3.333057052829833e+37
145.54 3.140774300158005e+37
146.026 2.959131811770919e+37
146.513 2.7880501713655243e+37
147.002 2.6423597372645976e+37
147.493 2.587001102036082e+37
147.985 2.5468431057564566e+37
148.479 2.506917479698346e+37
148.974 2.4690840578428634e+37
149.472 2.4296145893267245e+37
149.971 2.3922230288575536e+37
150.471 2.3550638184483925e+37
150.973 2.3326765170475783e+37
151.477 2.4065229335595287e+37
151.983 2.5033440288311576e+37
152.49 2.6049098968290806e+37
152.999 2.711153656609904e+37
153.51 2.820235134207751e+37
154.022 2.935707954743913e+37
154.536 3.053931347797815e+37
155.052 3.212078931399665e+37
155.57 3.528055507981127e+37
156.089 3.8947079124575206e+37
156.61 4.297465234446911e+37
157.133 4.7429458766957485e+37
157.657 5.234225721536433e+37
158.183 5.777750319489463e+37
158.711 6.376441368713013e+37
159.241 5.804916132598016e+37
159.773 4.1453346609333325e+37
160.306 2.9697135621632414e+37
160.841 2.128075613365784e+37
161.378 1.5257200195401316e+37
161.916 1.1087192876645504e+37
162.457 9.115839707177892e+36
162.999 7.813115860558464e+36
163.543 6.696996204261467e+36
164.089 5.738879714722146e+36
164.637 4.918875298126187e+36
165.186 4.215707826649495e+36
165.738 3.6165829428355373e+36
166.291 2.5704349929245825e+36
166.846 1.5458570005074304e+36
167.403 9.296135701924077e+35
167.962 5.59019295130528e+35
168.522 3.361226922994125e+35
169.085 2.021068697548481e+35
169.649 1.2154106381068626e+35
170.215 1.4913752047366173e+35
170.783 4.6051362827178844e+35
171.353 1.5204271292447316e+36
171.925 5.0187398073599996e+36
172.499 1.6561990636358616e+37
173.075 4.390192997596011e+37
173.653 4.902358452133664e+37
174.232 5.105222795427055e+37
174.814 5.31608069668602e+37
175.397 5.536471064176845e+37
175.983 5.764668897504449e+37
176.57 6.003764365142147e+37
177.159 5.729503641327318e+37
177.751 4.444701567360436e+37
178.344 3.427182957508343e+37
178.939 2.642053706960778e+37
179.537 2.0380556482382416e+37
180.136 1.4993641834708333e+37
180.737 9.415860565740069e+36
181.34 5.910979196797952e+36
181.946 4.0040250393480067e+36
182.553 5.15241171331219e+36
183.162 7.737415658274107e+36
183.774 1.1619043474739491e+37
184.387 1.7445859635716094e+37
185.002 2.61931623368421e+37
185.62 3.9336524449000944e+37
186.24 4.675758547808702e+37
186.861 3.8678351569520223e+37
187.485 3.191222795268497e+37
188.111 2.6329784938120357e+37
188.739 2.171565586700309e+37
189.368 1.791538486995007e+37
190.001 1.479059087798927e+37
190.635 1.219660034380052e+37
191.271 9.649866159626844e+36
191.909 7.138546667556162e+36
192.55 5.2972101616896157e+36
193.193 3.931601810400683e+36
193.838 2.998765601353208e+36
194.485 4.036843290024711e+36
195.134 6.888236438642822e+36
195.785 1.1753707458946491e+37
196.438 2.0053465019048274e+37
197.094 3.4217152875160246e+37
197.752 5.87743612589514e+37
198.412 6.861659137835061e+37
199.074 6.4414268876159885e+37
199.739 6.047270168227732e+37
200.405 5.676262286723736e+37
201.074 5.328125757397571e+37
201.745 4.986333673804158e+37
202.419 3.547481060206667e+37
203.094 2.1208733858937626e+37
203.772 1.2678855991508527e+37
204.453 7.579287644870089e+36
205.135 5.246750869341597e+36
205.82 5.556286282280933e+36
206.507 6.049945406026938e+36
207.196 6.589323036577912e+36
207.887 7.176591857098417e+36
208.581 7.815172599606107e+36
209.278 8.511090473930455e+36
209.976 9.564734138733777e+36
210.677 1.3091287620350793e+37
211.38 1.864892424275575e+37
212.086 2.6578540709660745e+37
212.794 3.7876209358672424e+37
213.504 5.3987751573335785e+37
214.216 7.692946879041826e+37
214.931 1.096358933699713e+38
215.649 1.5706571845957527e+38
216.369 1.5349599210067867e+38
217.091 1.0581180460346035e+38
217.815 7.292158169389091e+37
218.542 5.025434926730919e+37
219.272 3.463998816797125e+37
220.004 2.634618005226996e+37
220.738 3.530595877078054e+37
221.475 5.200749419504579e+37
222.214 7.660830551065835e+37
222.956 1.0764873946601212e+38
223.7 1.0323829905746776e+38
224.447 9.163466688796426e+37
225.196 8.135154821171159e+37
225.947 7.2218030910416355e+37
226.702 6.399213399387932e+37
227.458 4.409368487797855e+37
228.188 2.623192763305278e+37
228.889 1.5938187458068633e+37
229.593 9.690329248892079e+36
230.298 9.127473320487908e+36
231.006 1.4959709434198768e+37
231.717 2.4848441702218354e+37
232.429 4.1271447265583657e+37
233.143 6.8551523903541745e+37
233.86 1.1123970049363114e+38
234.579 1.133228237692842e+38
235.3 9.964313328499524e+37
236.024 8.761716996958368e+37
236.774 7.670062861553259e+37
237.552 6.68513305366107e+37
238.332 5.826457456711603e+37
239.114 5.079035958514395e+37
239.9 4.529933350002616e+37
240.688 5.137127585751892e+37
241.478 6.215826700440227e+37
242.271 7.522112293802366e+37
243.067 9.10230537523525e+37
243.865 1.1014539283696852e+38
244.666 1.3327321495431583e+38
245.47 1.6126173775064732e+38
246.276 1.8761591575485435e+38
247.085 2.0334481433774972e+38
247.896 2.200774281756615e+38
248.71 2.3824438551924477e+38
249.527 2.578309938925073e+38
250.352 2.7925599079489225e+38
251.187 3.0260616893434776e+38
252.024 3.2165705883732212e+38
252.863 3.0842237959639662e+38
253.706 2.9126434175480735e+38
254.551 2.7497321620476847e+38
255.399 2.597548826698865e+38
256.25 2.4527761990707104e+38
257.104 2.348467918876114e+38
257.961 2.372613034064992e+38
258.82 2.4093162042053957e+38
259.683 2.447854569104726e+38
260.548 2.5493785647812873e+38
261.416 2.6953860824074983e+38
262.287 2.8498208087337807e+38
263.161 3.012593786016127e+38
264.038 3.2262729656062684e+38
264.918 3.6728472461620564e+38
265.801 4.218734233285921e+38
266.686 4.8464661917247774e+38
267.575 5.56646850743494e+38
268.466 6.3952349224506644e+38
269.361 6.875745760404688e+38
270.258 6.720785947071325e+38
271.159 6.564728348291797e+38
272.062 6.411676709388633e+38
272.969 6.2625650426660056e+38
273.878 6.103363161076127e+38
274.791 5.7991739802508256e+38
275.707 5.472030547030867e+38
276.625 5.163898459613602e+38
277.547 4.8725810917928976e+38
278.472 4.597940492077953e+38
279.4 4.30147529378471e+38
280.331 3.9745923957203365e+38
281.265 3.673274786192664e+38
282.202 3.395331371288908e+38
283.142 3.138598528604994e+38
284.086 2.934773850693715e+38
285.032 2.884555330826622e+38
285.982 2.8509590201530556e+38
286.935 2.817555718008081e+38
287.891 2.7852987481167405e+38
288.85 2.7532267053540056e+38
289.813 2.7270165686220955e+38
290.778 2.785986480957265e+38
291.747 2.8755995766530397e+38
292.719 2.9683428148789762e+38
293.694 3.064182275348103e+38
294.673 3.1630735626690422e+38
295.655 3.2584894190258644e+38
296.64 3.0013393055535956e+38
297.628 2.590803075143267e+38
298.62 2.2372290848814608e+38
299.615 1.930903598328515e+38
300.613 1.6704528081095574e+38
301.615 1.6330261174927337e+38
302.62 1.7310867942544714e+38
303.628 1.834813424461311e+38
304.64 1.9450420536532093e+38
305.655 2.06260925725803e+38
306.674 2.1865358323399326e+38
307.695 2.319447169082778e+38
308.721 2.495930398788418e+38
309.749 2.704927963225167e+38
310.781 2.9319515471212735e+38
311.817 3.177694414997073e+38
312.856 3.444606343152572e+38
313.898 3.733344609856333e+38
314.944 4.046288183492115e+38
315.994 4.385792811101112e+38
317.047 4.754196076667771e+38
318.103 5.124429873338011e+38
319.163 5.392303325333755e+38
320.226 5.660923878620491e+38
321.293 5.943083088415193e+38
322.364 6.238636015611756e+38
323.438 6.549157539902436e+38
324.516 6.87531575266323e+38
325.597 7.21780918202486e+38
326.682 7.576443038601535e+38
327.77 7.928439426189564e+38
328.862 7.853664240912918e+38
329.958 7.627766712943414e+38
331.058 7.409083906925664e+38
332.161 7.196746692302083e+38
333.268 6.990676821890045e+38
334.378 6.7900182147285494e+38
335.492 6.5955216969242084e+38
336.61 6.406316931153097e+38
337.732 6.245946112067757e+38
338.857 6.57704467156218e+38
339.986 7.138571226030156e+38
341.119 7.748635285859228e+38
342.255 8.411573776735081e+38
343.396 9.127591381360389e+38
344.54 9.910538579636456e+38
345.688 1.0751752778914796e+39
346.84 1.1674386928520373e+39
347.995 1.2369774132746658e+39
349.155 1.1313745303660051e+39
350.318 1.0092107579946695e+39
351.486 9.003476284217829e+38
352.657 8.031042677684209e+38
353.832 7.161235637831498e+38
355.011 6.387649018150416e+38
356.194 5.697785089539498e+38
357.381 5.445956550627229e+38
358.571 5.937345440586086e+38
359.766 6.4956421677829595e+38
360.965 7.107241272580728e+38
362.168 7.77462709972347e+38
363.374 8.504806754592107e+38
364.585 9.312910972954482e+38
365.8 1.0160612123120551e+39
367.019 1.067325179687309e+39
368.242 1.108539738147975e+39
369.469 1.1509560190189101e+39
370.7 1.1953017589244145e+39
371.935 1.2415563692103043e+39
373.174 1.2896994105638664e+39
374.418 1.338973330602874e+39
375.665 1.287728769934582e+39
376.917 1.1573655459385431e+39
378.173 1.0402034178452704e+39
379.433 9.34667022446489e+38
380.697 8.39922669602715e+38
381.966 7.551450320186286e+38
383.238 6.784499744892483e+38
384.515 6.108989761728375e+38
385.796 6.2631566974972765e+38
387.082 6.980416251713542e+38
388.372 7.780554530438669e+38
389.666 8.671183467233938e+38
390.964 9.661214089070627e+38
392.267 1.0770610945325318e+39
393.574 1.2005156432276118e+39
394.885 1.3196612701302482e+39
396.201 1.2889307941477784e+39
397.521 1.2245299691879682e+39
398.846 1.163295869081697e+39
400.174 1.1052048572038885e+39
401.508 1.0502192007691534e+39
402.846 9.976335540248756e+38
404.188 9.481052890134069e+38
405.535 9.13796277645549e+38
406.886 8.992848043868535e+38
408.242 8.855314369484304e+38
409.602 8.718606179844171e+38
410.967 8.582698387281828e+38
412.336 8.447608474097751e+38
413.71 8.386352427222078e+38
415.089 9.483545736914011e+38
416.472 1.1252758426424756e+39
417.859 1.3338840014084403e+39
419.252 1.582369011453883e+39
420.649 1.8768634640650612e+39
422.05 2.1003943337726602e+39
423.456 1.7314344733489454e+39
424.867 1.366840252669005e+39
426.283 1.0787559829195652e+39
427.703 8.516614798226953e+38
429.128 6.7215312750514436e+38
430.558 6.0203542441891246e+38
431.993 6.511619638352346e+38
433.432 7.060411216528076e+38
434.877 7.656000585335369e+38
436.326 8.29793626524851e+38
437.779 8.992015415060796e+38
439.238 9.750165489210707e+38
440.702 1.0546809810400905e+39
442.17 1.0990168133862515e+39
443.643 1.1306623140675217e+39
445.122 1.1626998488659438e+39
446.605 1.1957446787616275e+39
448.093 1.2303962255521473e+39
449.586 1.2654153466445364e+39
451.084 1.2947073530805974e+39
452.587 1.292835608768635e+39
454.095 1.2867273943980855e+39
455.608 1.280645560772917e+39
457.126 1.2751909837730651e+39
458.649 1.2691597281181789e+39
460.177 1.2643485781329447e+39
461.711 1.2643126699489888e+39
463.249 1.264859078319309e+39
464.793 1.265385535474643e+39
466.341 1.265897648303258e+39
467.895 1.2663901328821931e+39
469.454 1.2668658638384968e+39
471.018 1.263242491252199e+39
472.588 1.2578832783317545e+39
474.163 1.2519670012921204e+39
475.742 1.2466568438971014e+39
477.328 1.2407881094817887e+39
478.918 1.2355215250175234e+39
480.514 1.2142671444591149e+39
482.115 1.1646515924154753e+39
483.721 1.1164887431112722e+39
485.333 1.0697634596041266e+39
486.95 1.0255935619310676e+39
488.573 9.828285022483811e+38
490.201 9.616319137637462e+38
491.834 1.0142921717041775e+39
493.473 1.078281123269162e+39
495.117 1.1462735101512936e+39
496.767 1.2187780646215779e+39
498.422 1.2957499561613876e+39
500.083 1.313418901937261e+39
501.749 1.0479032687511515e+39
503.421 8.10328106600432e+38
505.098 6.265310623353464e+38
506.78 6.174048462744825e+38
508.468 7.974225422901373e+38
510.161 1.0333168150908714e+39
511.86 1.3100333877369134e+39
513.565 1.3634530703680948e+39
515.276 1.3589256555391495e+39
516.992 1.35494646065274e+39
518.713 1.3504509826932836e+39
520.441 1.3554680773136823e+39
522.174 1.3820081567723592e+39
523.913 1.4104538556830077e+39
525.658 1.4392175122087812e+39
527.409 1.4688158453443472e+39
529.165 1.4992423957105458e+39
530.928 1.4264840289817363e+39
532.696 1.2742630410454208e+39
534.47 1.1384558017324878e+39
536.25 1.0173671633572733e+39
538.036 9.088128190290135e+38
539.828 8.131808548286174e+38
541.626 7.303461856600744e+38
543.43 6.571515242950393e+38
545.24 5.914883089495448e+38
547.056 5.322796428920121e+38
548.878 4.787126763055097e+38
550.706 4.90990912585139e+38
552.54 6.110179049338102e+38
554.38 7.635911069583395e+38
556.226 9.546547675481568e+38
558.079 1.193171062358157e+39
559.937 1.4624754588996397e+39
561.802 1.5554145792787996e+39
563.673 1.6121447953799134e+39
565.551 1.6709076414599712e+39
567.434 1.7321709817134994e+39
569.324 1.7930070226091067e+39
571.22 1.712514849445711e+39
573.123 1.560159258361792e+39
575.031 1.4212205846584702e+39
576.946 1.294612565917739e+39
578.868 1.179742864427795e+39
580.796 1.171569797185026e+39
582.73 1.3095758019755558e+39
584.671 1.46591509897766e+39
586.618 1.64087118989789e+39
588.572 1.8370512369290715e+39
590.532 1.9909763897220644e+39
592.499 2.0043030671267664e+39
594.472 2.011976009866651e+39
596.452 2.0195744873105517e+39
598.438 2.0271023592640488e+39
600.432 2.0121352636665428e+39
602.431 1.9375155491789842e+39
604.438 1.8620013061298072e+39
606.451 1.7892340579081982e+39
608.47 1.7196401611314013e+39
610.497 1.6873823838845794e+39
612.53 1.7441199761952295e+39
614.57 1.8067194914395604e+39
616.617 1.871556596237698e+39
618.671 1.9390509027672607e+39
620.731 1.9361562368939977e+39
622.798 1.8154903050685905e+39
624.873 1.7004367519045682e+39
626.954 1.593140118676437e+39
629.042 1.492650710901875e+39
631.137 1.4816024499537664e+39
633.239 1.5452261102088935e+39
635.348 1.6114376367974757e+39
637.464 1.680640096606176e+39
639.587 1.7485065025047967e+39
641.717 1.7521205258170293e+39
643.854 1.7335054102327722e+39
645.998 1.7154201125026495e+39
648.15 1.697433512725391e+39
650.309 1.6398402567141627e+39
652.474 1.454202543804037e+39
654.647 1.280687363854739e+39
656.828 1.1275453207013015e+39
659.015 1.063778350401982e+39
661.21 1.0860053065228495e+39
663.412 1.1089016431209646e+39
665.622 1.151029948843805e+39
667.839 1.2377022711929398e+39
670.063 1.332396553934679e+39
672.294 1.4346216196944405e+39
674.533 1.5381885019317476e+39
676.78 1.539169999566159e+39
679.034 1.5033149004908547e+39
681.295 1.4680851796587666e+39
683.564 1.4338754876144923e+39
685.841 1.396671530483424e+39
688.125 1.3537118502132517e+39
690.417 1.3122148617781383e+39
692.716 1.2721693205110487e+39
695.023 1.2596464411697615e+39
697.338 1.406341075375347e+39
699.661 1.6015179700384322e+39
701.991 1.8231690658506317e+39
704.329 2.0686819364507565e+39
706.675 2.080084609221182e+39
709.028 1.9798089866598603e+39
711.39 1.8848067518405408e+39
713.759 1.7938795653854197e+39
716.136 1.718495048166062e+39
718.521 1.697880360111982e+39
720.914 1.6842423641128077e+39
723.315 1.6710559156635913e+39
725.724 1.6624807414673987e+39
728.141 1.7044980860804295e+39
730.566 1.7608829096318783e+39
732.999 1.8191234280438293e+39
735.44 1.8392322538698382e+39
737.89 1.7381931192013116e+39
740.347 1.6352098963777042e+39
742.813 1.5380668144072594e+39
745.287 1.479515772840096e+39
747.769 1.5532211622325134e+39
750.259 1.6450949983164846e+39
752.758 1.7421791511448013e+39
755.265 1.8040480240245374e+39
757.781 1.7067052305519478e+39
760.304 1.5991526109229514e+39
762.837 1.4984137287712587e+39
765.377 1.4313489361918684e+39
767.926 1.4605814654586785e+39
770.484 1.4988730813474025e+39
773.05 1.5379614326117257e+39
775.624 1.3717091489997935e+39
778.208 8.316591543145581e+38
780.799 4.992394823870458e+38
783.4 2.99531000473739e+38
786.009 2.683405874256755e+38
788.627 4.298424422484647e+38
791.253 6.995607876543435e+38
793.888 1.1481084715578105e+39
796.532 1.450202166028562e+39
799.185 1.5467886157238452e+39
801.847 1.649911869158904e+39
804.517 1.7492621842943577e+39
807.197 1.7063596296606392e+39
809.885 1.6199691344596327e+39
812.583 1.538526143752671e+39
815.289 1.482204598781561e+39
818.004 1.5132181344717186e+39
820.728 1.5543855067363282e+39
823.462 1.5965955289785618e+39
826.204 1.593956678376368e+39
828.956 1.53531183639252e+39
831.717 1.4786905357313597e+39
834.487 1.429999937105722e+39
837.266 1.4679061884757147e+39
840.054 1.536284276119131e+39
842.852 1.6081020319201223e+39
845.659 1.619331129237263e+39
848.476 1.4731182555155195e+39
851.302 1.3339900670449933e+39
854.137 1.2121723666765444e+39
856.981 1.2379606869460585e+39
859.836 1.3399191033952604e+39
862.699 1.449786772064599e+39
865.573 1.5474825955533385e+39
868.455 1.5863148677655944e+39
871.348 1.6220323725654216e+39
874.25 1.6578106417581818e+39
877.161 1.6776760688568248e+39
880.083 1.6908340331150033e+39
883.014 1.7045097444681092e+39
885.955 1.702882342816779e+39
888.905 1.6734351582695232e+39
891.866 1.6438544895653734e+39
894.836 1.617523235589267e+39
897.816 1.610624559520887e+39
900.806 1.6080230816074927e+39
903.806 1.6069407628198816e+39
906.817 1.7791236174055194e+39
909.837 2.1113766353953332e+39
911.553 2.326791159058079e+39
913.273 2.5639443810030986e+39
916.322 2.8357170145647073e+39
919.38 2.861841373513272e+39
922.449 2.8871624867466076e+39
925.528 2.95591504234903e+39
928.618 3.1682405665841933e+39
931.718 3.411258653738699e+39
934.828 3.634994557390788e+39
937.948 3.599472819304775e+39
941.079 3.508683241608663e+39
944.22 3.4184595758810486e+39
947.372 3.2882004691296526e+39
950.534 3.147212018564903e+39
953.707 3.012884557744313e+39
956.891 3.0660170107092304e+39
960.085 3.261827155899454e+39
963.29 3.467706242810067e+39
966.505 3.365219327303582e+39
969.731 2.9404368146809944e+39
972.968 2.5684162854554314e+39
976.216 2.2992969664486093e+39
979.475 2.137953924498532e+39
982.744 1.9896805745870704e+39
986.025 2.0267997803665276e+39
989.316 2.456556581394999e+39
992.618 2.997174903863461e+39
995.932 3.362325823150802e+39
999.256 3.13946117412909e+39
1002.59 2.912565314121466e+39
1005.94 2.8127486456072675e+39
1009.3 2.9694106003154475e+39
1012.67 3.1439908167398296e+39
1016.05 3.1849013688343277e+39
1019.44 2.9533482539510974e+39
1022.84 2.7313605131569054e+39
1026.25 2.6398400005873175e+39
1029.68 2.7398951494604726e+39
1033.12 2.8451081901796266e+39
1036.57 2.9522445704604583e+39
1040.03 3.058640746291951e+39
1043.5 3.172198611782994e+39
1046.98 3.2010114106517116e+39
1050.48 3.166810906944429e+39
1053.98 3.132837545617411e+39
1057.5 3.0912374241768116e+39
1061.03 3.044706507601395e+39
1064.57 2.998456010834081e+39
1068.13 2.9138794058947806e+39
1071.69 2.8196115705992657e+39
1075.27 2.738690992478342e+39
1078.86 2.7041152821155072e+39
1082.46 2.6773575911440607e+39
1086.07 2.67857567025829e+39
1089.7 2.745280378869937e+39
1093.33 2.819079797112891e+39
1096.98 2.844758468599343e+39
1100.65 2.830281247299593e+39
1104.32 2.805950073084674e+39
1108.01 2.6428913036441514e+39
1111.7 2.4468147707927987e+39
1115.42 2.2665054720725765e+39
1119.14 2.1008951822368158e+39
1122.87 1.948107929629406e+39
1126.62 1.968201116331803e+39
1130.38 2.2177969240348596e+39
1134.16 2.4899152522733692e+39
1137.94 2.5661360513603884e+39
1141.74 2.5624073329557086e+39
1145.55 2.5251088194020255e+39
1149.38 2.370664146955396e+39
1153.21 2.21700713823762e+39
1157.06 2.1262972720672562e+39
1160.92 2.085153217536701e+39
1164.8 2.0449542741190305e+39
1168.69 2.0050050943235465e+39
1172.59 1.966007029211145e+39
1176.5 1.9902942428149956e+39
1180.43 2.1160831547980297e+39
1184.37 2.2403225230781457e+39
1188.32 2.2277898946494814e+39
1192.29 2.174522214959416e+39
1196.27 2.128479382416818e+39
1200.26 2.0946258344421027e+39
1204.27 2.0611904986368338e+39
1208.29 2.0202304136132916e+39
1212.32 1.977712893558388e+39
1216.37 1.9623201982400714e+39
1220.43 1.9947324290719108e+39
1224.5 2.0174908846052988e+39
1228.59 1.926032754514515e+39
1232.69 1.8110988888546292e+39
1236.81 1.8015121298074606e+39
1240.94 1.9225817537709426e+39
1245.08 2.027166901826659e+39
1249.23 1.992725277851423e+39
1253.4 1.9385362389301048e+39
1257.59 1.939067475047583e+39
1261.79 1.975066567235624e+39
1266.0 1.9971407884371124e+39
1270.22 1.982287688021087e+39
1274.46 1.9646999807498308e+39
1278.72 1.9368867240283798e+39
1282.99 1.9066739351097234e+39
1287.27 1.8819820277160508e+39
1291.57 1.8618915058228806e+39
1295.88 1.8499754534497904e+39
1300.2 1.86009724448945e+39
1304.54 1.8663329625112474e+39
1308.9 1.8204498831082722e+39
1313.27 1.7639808013375065e+39
1317.65 1.7295553069270352e+39
1322.05 1.709877348455538e+39
1326.46 1.702535856722495e+39
1330.89 1.7175094581273962e+39
1335.33 1.7111815425554725e+39
1339.79 1.609528614331682e+39
1344.26 1.5140565491269787e+39
1348.75 1.558712552558973e+39
1353.25 1.6493434918143967e+39
1357.77 1.6620616787047717e+39
1362.3 1.6226580996307517e+39
1366.85 1.5935413526491525e+39
1371.41 1.5778267358081008e+39
1375.99 1.5282545398355335e+39
1380.58 1.39224630360207e+39
1385.19 1.2908349069499349e+39
1389.81 1.3320048353816681e+39
1394.45 1.3943550980704765e+39
1399.11 1.4470428923701517e+39
1403.78 1.4966305494827983e+39
1408.46 1.5012144848702107e+39
1413.16 1.4863077243543417e+39
1417.88 1.4426113093565614e+39
1422.61 1.381816111003884e+39
1427.36 1.3506586960353004e+39
1432.13 1.347119129467226e+39
1436.91 1.3512408024736907e+39
1441.7 1.3610420053733502e+39
1446.52 1.329350106001657e+39
1451.34 1.3213389900312111e+39
1456.19 1.319956462980068e+39
1461.05 1.3155657929755625e+39
1465.93 1.3139972368119916e+39
1470.82 1.3221421866758452e+39
1475.73 1.3279813506719009e+39
1480.66 1.3230031236884041e+39
1485.6 1.3152753931617149e+39
1490.56 1.3005780860605247e+39
1495.53 1.2811938929869373e+39
1500.53 1.2461687179934755e+39
1505.53 1.213200823008941e+39
1510.56 1.1933395187043726e+39
1515.6 1.2152901076717595e+39
1520.66 1.209439744693366e+39
1525.74 1.179486146951631e+39
1530.83 1.1391364030658593e+39
1535.94 1.0334014438433292e+39
1541.07 7.661429723599702e+38
1546.21 6.788508047871309e+38
1551.37 9.641581404998716e+38
1556.55 1.1707877469607742e+39
1561.75 9.667206300874027e+38
1566.96 8.904019034471599e+38
1572.19 9.907037491779929e+38
1577.44 1.0184044583692934e+39
1582.7 9.521886011354622e+38
1587.99 9.580120360524955e+38
1593.29 1.0194802712955211e+39
1598.61 1.0214145795537039e+39
1603.94 9.937002142906187e+38
1609.3 9.897077634378506e+38
1614.67 9.911798880030391e+38
1620.06 9.732996571568237e+38
1625.47 9.577232516832529e+38
1630.89 9.675101696510776e+38
1636.33 9.886360412629901e+38
1641.8 1.0316895849108529e+39
1647.28 1.0339273915673809e+39
1652.78 9.786300105868163e+38
1658.29 9.596410647049556e+38
1663.83 9.632150314511646e+38
1669.38 9.401016071920955e+38
1674.95 9.38451393494764e+38
1680.55 9.42679994128486e+38
1686.16 9.325381758186862e+38
1691.78 9.196977741828168e+38
1697.43 9.046606736330268e+38
1703.1 8.869708517089854e+38
1708.78 8.539603200154197e+38
1714.49 8.206734715394976e+38
1720.21 8.46689224347053e+38
1725.95 8.782522338927501e+38
1731.71 8.773932134223795e+38
1737.49 8.581897092300082e+38
1743.29 8.209824277157085e+38
1749.11 8.27673917903361e+38
1754.95 8.505907660635289e+38
1760.81 8.4292366884291e+38
1766.69 8.298557914465534e+38
1772.58 8.162501060811789e+38
1778.5 8.098260922039944e+38
1784.44 8.079000848982071e+38
1790.39 8.012259398448402e+38
1796.37 7.930535181281949e+38
1802.37 7.835549003597336e+38
1808.38 7.756340969180732e+38
1814.42 7.688128780124619e+38
1820.48 7.581052354352062e+38
1826.55 7.503220614975865e+38
1832.65 7.511222876580949e+38
1838.77 7.402561540344575e+38
1844.9 7.233532829104345e+38
1851.06 7.15455147353631e+38
1857.24 7.114474464992766e+38
1863.44 7.109967662306235e+38
1869.66 7.076029238200847e+38
1875.9 6.996844775660858e+38
1882.16 6.804269505313694e+38
1888.45 6.692872009205971e+38
1894.75 6.661919448820998e+38
1901.07 6.671562260272108e+38
1907.42 6.653672500655971e+38
1913.79 6.5784163024107794e+38
1920.18 6.483563019755215e+38
1926.59 6.410660503005304e+38
1933.02 6.40496834679721e+38
1939.47 6.378002100387386e+38
1945.94 6.314445657615945e+38
1952.44 6.171016505539446e+38
1958.96 6.119626983498145e+38
1965.49 6.130043635976492e+38
1972.06 6.127729912558544e+38
1978.64 6.074031643368415e+38
1985.24 5.970814243879924e+38
1991.87 5.912324603968552e+38
1998.52 5.8692843922174666e+38
2005.19 5.837431284984119e+38
2011.88 5.7975391986643e+38
2018.6 5.7537433630310324e+38
2025.34 5.6993310664110285e+38
2032.1 5.5979102582100815e+38
2038.88 5.524054672080063e+38
2045.69 5.464037167963642e+38
2052.51 5.356209800519318e+38
2059.37 5.33303194548638e+38
2066.24 5.367150356894932e+38
2073.14 5.396989288817525e+38
2080.06 5.303757010841311e+38
2087.0 5.2558460816802876e+38
2093.97 5.179316679074215e+38
2100.96 5.147702122477382e+38
2107.97 5.122764546510933e+38
2115.01 5.08623046972831e+38
2122.07 5.049891205498169e+38
2129.15 4.994392729396402e+38
2136.26 4.926333629295192e+38
2143.39 4.863807267053391e+38
2150.54 4.838694719919756e+38
2157.72 4.802223561271041e+38
2164.92 4.730421374305716e+38
2172.15 4.7007648396385945e+38
2179.4 4.642271641587687e+38
2186.68 4.581590902595544e+38
2193.97 4.571375805036188e+38
2201.3 4.5299474989847984e+38
2208.65 4.462634432162283e+38
2216.02 4.390769698643332e+38
2223.42 4.365036773254918e+38
2230.84 4.33204729476873e+38
2238.28 4.293101616698435e+38
2245.76 4.244552501607666e+38
2253.25 4.169485842634054e+38
2260.77 4.144681046598299e+38
2268.32 4.132096712430319e+38
2275.89 4.118352650936532e+38
2283.49 4.132314855875769e+38
2291.11 4.056223101075328e+38
2298.76 4.034359391128852e+38
2306.43 4.059056392195871e+38
2314.13 3.963642201665799e+38
2321.86 3.808471624263423e+38
2329.61 3.7509927475757235e+38
2337.38 3.749100967697604e+38
2345.18 3.707347621218585e+38
2353.01 3.668159276342041e+38
2360.87 3.6245304668339e+38
2368.75 3.585799771073492e+38
2376.65 3.5449843612575296e+38
2384.59 3.4824926302714046e+38
2392.55 3.483536225558439e+38
2400.53 3.476533422430656e+38
2408.55 3.444427546097516e+38
2416.59 3.3954553649689467e+38
2424.65 3.3490462890525436e+38
2432.75 3.2995028482197026e+38
2440.87 3.2648922755191702e+38
2449.01 3.236093314521376e+38
2457.19 3.2029611009966238e+38
2465.39 3.165566059419473e+38
2473.62 3.1283810070691754e+38
2481.88 3.0958325649380117e+38
2490.16 3.0083174473668364e+38
2498.47 2.960928986135607e+38
