WAVE FLUX
92.1977 0.0
92.5055 0.0
92.8142 0.0
93.124 0.0
93.4349 0.0
93.7467 0.0
94.0596 0.0
94.3736 0.0
94.6886 0.0
95.0046 0.0
95.3217 0.0
95.6399 0.0
95.9591 0.0
96.2794 0.0
96.6008 0.0
96.9232 0.0
97.2467 0.0
97.5713 0.0
97.897 0.0
98.2237 0.0
98.5516 0.0
98.8805 0.0
99.2106 0.0
99.5417 0.0
99.874 2.997603016499491e+27
100.207 3.481440463305715e+27
100.542 4.5711262596720873e+27
100.877 6.002820070576366e+27
101.214 7.877658772723076e+27
101.552 1.0345118910714392e+28
101.891 1.3586413835784023e+28
102.231 1.5904335670290345e+28
102.572 1.7643725485214606e+28
102.915 1.9566828790847248e+28
103.258 2.1702907137581995e+28
103.603 2.40698354185116e+28
103.948 2.672685139999997e+28
104.295 2.9812738780515895e+28
104.644 3.332811696008409e+28
104.993 3.7259120280446184e+28
105.343 4.165654367951252e+28
105.695 4.657032521183113e+28
106.048 5.190561234405399e+28
106.402 5.696098449337332e+28
106.757 6.2528129587943065e+28
107.113 6.860180326319521e+28
107.471 7.527469436901913e+28
107.829 8.259112647520894e+28
108.189 9.044509985747907e+28
108.55 9.892935433280998e+28
108.913 1.0818232624331555e+29
109.276 1.183434548557934e+29
109.641 1.294013593170153e+29
110.007 1.418293889024307e+29
110.374 1.5662156011379913e+29
110.742 1.7322773063295524e+29
111.112 1.916753839704179e+29
111.483 2.120421370867009e+29
111.855 2.3454516658570888e+29
112.228 2.594930718610736e+29
112.603 2.870935898450299e+29
112.979 3.176030050783066e+29
113.356 3.513187197446185e+29
113.734 3.886737725384907e+29
114.114 4.28188040983411e+29
114.495 4.668806754709479e+29
114.877 5.091400274485244e+29
115.26 5.552512856197723e+29
115.645 6.056278643670243e+29
116.031 6.602303911521301e+29
116.418 7.199255698693638e+29
116.807 7.851080885670097e+29
117.197 8.561793197355228e+29
117.588 9.339799476461495e+29
117.981 1.0184324556289633e+30
118.374 1.1054570756594108e+30
118.769 1.1999148658740852e+30
119.166 1.302616311948113e+30
119.564 1.413485966076209e+30
119.963 1.5342062580856094e+30
120.363 1.6655565305895055e+30
120.765 1.8078516192645548e+30
121.168 1.9671129951121094e+30
121.572 2.14491112463288e+30
121.978 2.3397352659725487e+30
122.385 2.552725926891326e+30
122.794 2.784537481494425e+30
123.204 3.0380058923062157e+30
123.615 3.314195251432742e+30
124.027 3.6154359278320993e+30
124.441 3.9439945642507723e+30
124.857 4.298310684766547e+30
125.274 4.3178350874304853e+30
125.692 4.143307201429962e+30
126.111 3.9774665277878113e+30
126.532 3.818107015146198e+30
126.954 3.683562061787764e+30
127.378 3.7237062406587e+30
127.803 3.809982417140925e+30
128.23 4.276140450743109e+30
128.658 5.200771921548448e+30
129.087 6.320325812533014e+30
129.518 7.685956184835774e+30
129.951 9.34407339843646e+30
130.384 1.1360936184018117e+31
130.82 1.3813662098571617e+31
131.256 1.273045064905562e+31
131.694 9.650848827692232e+30
132.134 8.2635120217041e+30
132.575 9.063223047147705e+30
133.017 1.0016871312311313e+31
133.461 1.107121776990287e+31
133.907 1.2189606094317377e+31
134.354 1.2551259001230687e+31
134.802 1.2627449594643328e+31
135.252 1.2702947599021617e+31
135.704 1.2781660555440461e+31
136.157 1.285975645297791e+31
136.611 1.2937239715108842e+31
137.067 1.3570603941291575e+31
137.524 1.6368522855667064e+31
137.983 2.0003841003123572e+31
138.444 2.4448938223978263e+31
138.906 2.9882659702519505e+31
139.37 3.652667555690297e+31
139.835 4.455461433159583e+31
140.302 4.451959418585954e+31
140.77 3.9742488874250353e+31
141.24 3.546541760513539e+31
141.711 3.1646424802303105e+31
142.184 2.824357914525684e+31
142.659 2.5204606848009747e+31
143.135 2.5224424793672177e+31
143.613 3.2149549427098243e+31
144.092 4.139994601802554e+31
144.573 5.335503825930952e+31
145.056 6.873614562569874e+31
145.54 8.852836709910946e+31
146.026 1.1406531445933307e+32
146.513 1.4691695379161118e+32
147.002 1.8106213663883996e+32
147.493 1.7104848643266375e+32
147.985 1.547993890068022e+32
148.479 1.4008334871378353e+32
148.974 1.2677987202809778e+32
149.472 1.1473187934741753e+32
149.971 1.0385832085967791e+32
150.471 9.397168631603158e+31
150.973 8.621982264589742e+31
151.477 8.757676181428653e+31
151.983 9.087559598512449e+31
152.49 9.425614708031628e+31
152.999 9.775152458396485e+31
153.51 1.014294727912069e+32
154.022 1.0518552437275234e+32
154.536 1.0912097193219364e+32
155.052 1.137805725201598e+32
155.57 1.210299420926874e+32
156.089 1.2904496613835079e+32
156.61 1.3761402846697696e+32
157.133 1.4673129086374007e+32
157.657 1.564591502168798e+32
158.183 1.6682379157705634e+32
158.711 1.7788525305808602e+32
159.241 2.098307768626189e+32
159.773 2.7627852273080966e+32
160.306 3.651856925373349e+32
160.841 4.8222038547459e+32
161.378 6.3720982033040514e+32
161.916 8.235589720864099e+32
162.457 7.93097160947475e+32
162.999 7.017282426689766e+32
163.543 6.209997230870117e+32
164.089 5.49517264139317e+32
164.637 4.862261075599932e+32
165.186 4.3040819602413036e+32
165.738 3.810267051947109e+32
166.291 3.727506165846124e+32
166.846 3.9913584515147365e+32
167.403 4.275563551466513e+32
167.962 4.576754622426632e+32
168.522 4.901068407405355e+32
169.085 5.2513405857127284e+32
169.649 5.624237639435414e+32
170.215 6.031942560950708e+32
170.783 6.483401269065144e+32
171.353 6.971979277669158e+32
171.925 7.494208839671015e+32
172.499 8.058950768162806e+32
173.075 8.632091232943103e+32
173.653 9.122001756995919e+32
174.232 9.626850829668196e+32
174.814 1.0158487568904515e+33
175.397 1.0719760739360673e+33
175.983 1.131324813359881e+33
176.57 1.1941734431091115e+33
177.159 1.2470219229059304e+33
177.751 1.2711834692083291e+33
178.344 1.2945832292706001e+33
178.939 1.3187013794135418e+33
179.537 1.3429323176582514e+33
180.136 1.41405140588044e+33
180.737 1.6206930673752115e+33
181.34 1.8674303321501174e+33
181.946 2.1302591445915227e+33
182.553 2.2154626614295955e+33
183.162 2.2564003300056657e+33
183.774 2.2978940184198867e+33
184.387 2.3399615456716163e+33
185.002 2.3831563830436306e+33
185.62 2.427167436745322e+33
186.24 2.4950393636694314e+33
186.861 2.60100580136145e+33
187.485 2.7121610347228424e+33
188.111 2.827618239476523e+33
188.739 2.947330939560292e+33
189.368 3.074626413109648e+33
190.001 3.2065883278906073e+33
190.635 3.3432145045298925e+33
191.271 3.4927476720928033e+33
191.909 3.657815446841063e+33
192.55 3.829984056231403e+33
193.193 4.0119378199744646e+33
193.838 4.203573727900265e+33
194.485 4.407513587255728e+33
195.134 4.626343730191978e+33
195.785 4.854497447018758e+33
196.438 5.0972690088628774e+33
197.094 5.349102581757329e+33
197.752 5.612603936592531e+33
198.412 5.868958073077714e+33
199.074 6.120889607759358e+33
199.739 6.381665043592448e+33
200.405 6.656538171154862e+33
201.074 6.942660935639425e+33
201.745 7.242570568967687e+33
202.419 7.584873811236143e+33
203.094 7.966603325093657e+33
203.772 8.366480159155348e+33
204.453 8.786897413087428e+33
205.135 9.235469919647209e+33
205.82 9.729835094383497e+33
206.507 1.0251607159309359e+34
207.196 1.0800498385737607e+34
207.887 1.137877172562134e+34
208.581 1.1991140976982944e+34
209.278 1.263217760502814e+34
209.976 1.3289079938206977e+34
210.677 1.3805637721509443e+34
211.38 1.431362122012596e+34
212.086 1.4838011298911173e+34
212.794 1.538367409156326e+34
213.504 1.5947901245227625e+34
214.216 1.653543865396371e+34
214.931 1.714102864852269e+34
215.649 1.7771836519418483e+34
216.369 1.8476640835775923e+34
217.091 1.9264447436802262e+34
217.815 2.0088195919042663e+34
218.542 2.094498641386761e+34
219.272 2.1836871217981463e+34
220.004 2.279728107630601e+34
220.738 2.3957512089191145e+34
221.475 2.521257216340918e+34
222.214 2.651151974704165e+34
222.956 2.78727681096402e+34
223.7 2.905894429126802e+34
224.447 3.0260456404981846e+34
225.196 3.1500769189676717e+34
225.947 3.2802911242697087e+34
226.702 3.418930151716027e+34
227.458 3.8524369778347855e+34
228.188 4.543591490361197e+34
228.889 5.325899299319519e+34
229.593 6.239492947546374e+34
230.298 9.02002891311732e+34
231.006 1.6397741487407005e+35
231.717 3.0317045859159238e+35
232.429 5.607200002032809e+35
233.143 1.0371092528891105e+36
233.86 1.906788989869989e+36
234.579 2.6107780771880503e+36
235.3 3.2985035152913054e+36
236.024 4.1705256552872853e+36
236.774 5.3118763540026886e+36
237.552 6.822162181083994e+36
238.332 8.760428132060602e+36
239.114 1.125094355056018e+37
239.9 1.4270459568991801e+37
240.688 1.5551023647032468e+37
241.478 1.6311903982535392e+37
242.271 1.7109159050083292e+37
243.067 1.7946762499371815e+37
243.865 1.8824365507682215e+37
244.666 1.9745805172785706e+37
245.47 2.0710618576837922e+37
246.276 2.164099094267755e+37
247.085 2.249211839062716e+37
247.896 2.3358873596854946e+37
248.71 2.426228669824684e+37
249.527 2.518073470904782e+37
250.352 2.6155839231058436e+37
251.187 2.7186732374721104e+37
252.024 2.764299571148915e+37
252.863 2.493233358624601e+37
253.706 2.209307583488525e+37
254.551 1.9582580241263325e+37
255.399 1.7356087472413832e+37
256.25 1.538191174489356e+37
257.104 1.4448884775707252e+37
257.961 1.6869487951657946e+37
258.82 2.01295295394822e+37
259.683 2.401232412028238e+37
260.548 2.627096486411269e+37
261.416 2.7318634068518086e+37
262.287 2.8399442110488852e+37
263.161 2.9513022981935124e+37
264.038 3.0598818880599314e+37
264.918 3.11371170044711e+37
265.801 3.1631629853341775e+37
266.686 3.2122627099681714e+37
267.575 3.2629688439622247e+37
268.466 3.315287860372158e+37
269.361 3.3436087988233132e+37
270.258 3.3403523945536537e+37
271.159 3.3370683076523974e+37
272.062 3.3337814653356626e+37
272.969 3.3304675652165126e+37
273.878 3.3174793662241125e+37
274.791 3.2004189794625634e+37
275.707 3.0610416360337677e+37
276.625 2.926396583100386e+37
277.547 2.8002372608666694e+37
278.472 2.67678701711568e+37
279.4 2.6148038644172986e+37
280.331 2.62312866661169e+37
281.265 2.6332538769790383e+37
282.202 2.6432839638879114e+37
283.142 2.6532195528946032e+37
284.086 2.644403070357863e+37
285.032 2.555702699804788e+37
285.982 2.461997092038157e+37
286.935 2.370733579962756e+37
287.891 2.2837309990645344e+37
288.85 2.2009497532646004e+37
289.813 2.1241712147137912e+37
290.778 2.120765691158084e+37
291.747 2.1409605252031603e+37
292.719 2.162809388854793e+37
293.694 2.184491316288129e+37
294.673 2.205999816052593e+37
295.655 2.2273432715340697e+37
296.64 2.241378837337211e+37
297.628 2.2499586760299395e+37
298.62 2.258451488015429e+37
299.615 2.266865363459426e+37
300.613 2.275200834277375e+37
301.615 2.2922333625670038e+37
302.62 2.314382207875373e+37
303.628 2.3381061983437053e+37
304.64 2.359903121347495e+37
305.655 2.38326561623647e+37
306.674 2.4064420752141215e+37
307.695 2.4294492338766396e+37
308.721 2.496882323131425e+37
309.749 2.5843766297987917e+37
310.781 2.6763718070545213e+37
311.817 2.7711205942158185e+37
312.856 2.8686011710777288e+37
313.898 2.970471383925257e+37
314.944 3.0749928204943233e+37
315.994 3.1838117561875685e+37
317.047 3.296891773624354e+37
318.103 3.397532785267085e+37
319.163 3.431066944341924e+37
320.226 3.459383391359887e+37
321.293 3.485820125739938e+37
322.364 3.5136817150301266e+37
323.438 3.541325939155514e+37
324.516 3.5687431924256143e+37
325.597 3.597572887663766e+37
326.682 3.626167383498716e+37
327.77 3.6529227809156945e+37
328.862 3.6633466838879505e+37
329.958 3.668840196546849e+37
331.058 3.674252940535047e+37
332.161 3.679596600453086e+37
333.268 3.684860661145215e+37
334.378 3.6900567598167037e+37
335.492 3.695174417421088e+37
336.61 3.7002142303106907e+37
337.732 3.703608131694565e+37
338.857 3.696002568558552e+37
339.986 3.6852874216023724e+37
341.119 3.6730470285176254e+37
342.255 3.6608555881459846e+37
343.396 3.6502344706046743e+37
344.54 3.6381143445398582e+37
345.688 3.6260324809300958e+37
346.84 3.6139889178519284e+37
347.995 3.6050388372289266e+37
349.155 3.611269875911229e+37
350.318 3.6189409731528175e+37
351.486 3.626509716296274e+37
352.657 3.6339974095261846e+37
353.832 3.642891659621792e+37
355.011 3.6501935771467966e+37
356.194 3.6588934380491626e+37
357.381 3.6422935982380363e+37
358.571 3.578493479092988e+37
359.766 3.5150665770300585e+37
360.965 3.453489080544095e+37
362.168 3.392281840928526e+37
363.374 3.33291033623502e+37
364.585 3.273886724008738e+37
365.8 3.221011945909848e+37
367.019 3.224748689529452e+37
368.242 3.247128624817812e+37
369.469 3.2693250011175817e+37
370.7 3.2913389226211563e+37
371.935 3.3145958980474335e+37
373.174 3.337663159986714e+37
374.418 3.360532877130617e+37
375.665 3.318351951761807e+37
376.917 3.2201834760792376e+37
378.173 3.1268347168853743e+37
379.433 3.035468244646317e+37
380.697 2.9460672568996815e+37
381.966 2.859994566067943e+37
383.238 2.7772349721040055e+37
384.515 2.696365694452859e+37
385.796 2.695652045857638e+37
387.082 2.745549044901646e+37
388.372 2.795086808816146e+37
389.666 2.846986564704612e+37
390.964 2.898513109470003e+37
392.267 2.952362206948815e+37
393.574 3.005824196556559e+37
394.885 3.0602429208118073e+37
396.201 3.102227699355279e+37
397.521 3.1425701301136114e+37
398.846 3.183933928434492e+37
400.174 3.226323523004326e+37
401.508 3.268383861265734e+37
402.846 3.3101327684609785e+37
404.188 3.354193585686607e+37
405.535 3.3822442092970026e+37
406.886 3.385336585266404e+37
408.242 3.3896647214030185e+37
409.602 3.393931056384774e+37
410.967 3.3981278105532093e+37
412.336 3.4022637734321656e+37
413.71 3.402489467993653e+37
415.089 3.360554076545137e+37
416.472 3.302327441089128e+37
417.859 3.245723040447512e+37
419.252 3.189447525286564e+37
420.649 3.134774386082903e+37
422.05 3.0929867007698585e+37
423.456 3.118999042447909e+37
424.867 3.153530842841963e+37
426.283 3.190282259875172e+37
427.703 3.225521470787302e+37
429.128 3.2629586057018693e+37
430.558 3.284113548385953e+37
431.993 3.283015365389783e+37
433.432 3.280671859412411e+37
434.877 3.2795168770565235e+37
436.326 3.2783394904694652e+37
437.779 3.275929784541038e+37
439.238 3.2746974549594087e+37
440.702 3.2722340024539747e+37
442.17 3.2613702181275795e+37
443.643 3.24576499924948e+37
445.122 3.2314097274937224e+37
446.605 3.217120721623995e+37
448.093 3.2017082438097654e+37
449.586 3.1875407402652073e+37
451.084 3.1746063202400345e+37
452.587 3.1722577669866065e+37
454.095 3.169889857001681e+37
455.608 3.1686656735396396e+37
457.126 3.1662559968543883e+37
458.649 3.164982883191567e+37
460.177 3.161381286057499e+37
461.711 3.1520252777623665e+37
463.249 3.1415604632086418e+37
464.793 3.131124485568716e+37
466.341 3.119594794526069e+37
467.895 3.109233815437398e+37
469.454 3.0989084256904436e+37
471.018 3.0908681408519397e+37
472.588 3.082841933907582e+37
474.163 3.075953764216298e+37
475.742 3.0679717968895117e+37
477.328 3.061107664826673e+37
478.918 3.0531572697833524e+37
480.514 3.044118923230046e+37
482.115 3.0329111795528115e+37
483.721 3.0206511593178424e+37
485.333 3.00843508589498e+37
486.95 2.997357097434665e+37
488.573 2.985231408002678e+37
490.201 2.974236441286806e+37
491.834 2.965438470504463e+37
493.473 2.9577363677360463e+37
495.117 2.9489854429209026e+37
496.767 2.9413233959509913e+37
498.422 2.9326197206047176e+37
500.083 2.9218197767898247e+37
501.749 2.8931123617444757e+37
503.421 2.8624560665044847e+37
505.098 2.8330235785242436e+37
506.78 2.838256365131735e+37
508.468 2.884056162639484e+37
510.161 2.929524164113851e+37
511.86 2.972586471649048e+37
513.565 2.974065148118987e+37
515.276 2.9672740989960802e+37
516.992 2.960499368413593e+37
518.713 2.952719641436783e+37
520.441 2.9449517568030097e+37
522.174 2.935178000555974e+37
523.913 2.925435401034743e+37
525.658 2.915723982631892e+37
527.409 2.9050392585554223e+37
529.165 2.895399072719202e+37
530.928 2.8847867570905996e+37
532.696 2.8722286304534316e+37
534.47 2.85972148425065e+37
536.25 2.847265232348474e+37
538.036 2.834859786345696e+37
539.828 2.821523656088343e+37
541.626 2.805310239151826e+37
543.43 2.7872235266163413e+37
545.24 2.7701976844953567e+37
547.056 2.752285877446769e+37
548.878 2.735427922776372e+37
550.706 2.7273100244858567e+37
552.54 2.7335986272382967e+37
554.38 2.7407716071843265e+37
556.226 2.747867488552216e+37
558.079 2.754881871176024e+37
559.937 2.759932856708745e+37
561.802 2.755485845050781e+37
563.673 2.7491592103254806e+37
565.551 2.7428404872458374e+37
567.434 2.736539476384826e+37
569.324 2.7302465767884774e+37
571.22 2.719329379555698e+37
573.123 2.7066025624558267e+37
575.031 2.6930152386011834e+37
576.946 2.680403534959324e+37
578.868 2.666927802446064e+37
580.796 2.658074716675646e+37
582.73 2.6556169611558693e+37
584.671 2.652237571994356e+37
586.618 2.6497565742672794e+37
588.572 2.646360383716309e+37
590.532 2.6384741397782577e+37
592.499 2.618984955838287e+37
594.472 2.5995985075612054e+37
596.452 2.579421803728986e+37
598.438 2.560238237403802e+37
600.432 2.5358536608175436e+37
602.431 2.4992978498326277e+37
604.438 2.462951238461249e+37
606.451 2.4268211914459055e+37
608.47 2.391777315267704e+37
610.497 2.374290269412453e+37
612.53 2.401006586583259e+37
614.57 2.430104631197046e+37
616.617 2.458982223827262e+37
618.671 2.488496903154469e+37
620.731 2.501575628159295e+37
622.798 2.483915948393381e+37
624.873 2.466341526057382e+37
626.954 2.448014982039751e+37
629.042 2.430624868664261e+37
631.137 2.4292719713931748e+37
633.239 2.440450641838113e+37
635.348 2.452362186882676e+37
637.464 2.464167854868892e+37
639.587 2.475039982385344e+37
641.717 2.4759061293831096e+37
643.854 2.4726254326454337e+37
645.998 2.469339683701258e+37
648.15 2.4660452343945047e+37
650.309 2.4627460797158744e+37
652.474 2.458634175596643e+37
654.647 2.4537102024078304e+37
656.828 2.44959556780462e+37
659.015 2.4446819957017787e+37
661.21 2.4397714087579478e+37
663.412 2.434867625204666e+37
665.622 2.4291711539174697e+37
667.839 2.4211071258384933e+37
670.063 2.41307125122989e+37
672.294 2.4058515303717015e+37
674.533 2.397080293792674e+37
676.78 2.372682756477467e+37
679.034 2.3429610320201576e+37
681.295 2.3134122030907774e+37
683.564 2.2848071568127425e+37
685.841 2.27644910758133e+37
688.125 2.3012289688076347e+37
690.417 2.3273526141774287e+37
692.716 2.3532796059053375e+37
695.023 2.3736718821076357e+37
697.338 2.3581945671245625e+37
699.661 2.3367352446485525e+37
701.991 2.316149551645893e+37
704.329 2.2964261712349095e+37
706.675 2.298548525232782e+37
709.028 2.3103477432304547e+37
711.39 2.322039528676999e+37
713.759 2.3336310448258547e+37
716.136 2.3429003160036754e+37
718.521 2.339547462611059e+37
720.914 2.334721104279006e+37
723.315 2.329900911715684e+37
725.724 2.32508698313004e+37
728.141 2.321734591825234e+37
730.566 2.318378995336999e+37
732.999 2.315743101607753e+37
735.44 2.3130994865160885e+37
737.89 2.3125991080404664e+37
740.347 2.312080180375644e+37
742.813 2.312249895621123e+37
745.287 2.3095502676740963e+37
747.769 2.29975892221187e+37
750.259 2.2885956646560112e+37
752.758 2.277479030491686e+37
755.265 2.2622032049934985e+37
757.781 2.2295235345469212e+37
760.304 2.1956463066771555e+37
762.837 2.1619648307190615e+37
765.377 2.141638452136556e+37
767.926 2.166264735321401e+37
770.484 2.1955157035317215e+37
773.05 2.2245500672704843e+37
775.624 2.2444894786362944e+37
778.208 2.240440656112622e+37
780.799 2.235041544562259e+37
783.4 2.230325951927626e+37
786.009 2.235729238126304e+37
788.627 2.2571940111679457e+37
791.253 2.279163260179902e+37
793.888 2.3016284157409744e+37
796.532 2.3046302858711395e+37
799.185 2.2936652166034356e+37
801.847 2.282086376141663e+37
804.517 2.271878613705651e+37
807.197 2.271555299484606e+37
809.885 2.2744824440850435e+37
812.583 2.2773621960803454e+37
815.289 2.280850328502106e+37
818.004 2.284290249889673e+37
820.728 2.2876823255297133e+37
823.462 2.291667502217234e+37
826.204 2.278290860597479e+37
828.956 2.2445241452717285e+37
831.717 2.210319983359489e+37
834.487 2.180762747004745e+37
837.266 2.1956710359668304e+37
840.054 2.2262234599339185e+37
842.852 2.257175549408094e+37
845.659 2.279754250376251e+37
848.476 2.2809268816972456e+37
851.302 2.2808229749692317e+37
854.137 2.281315983907056e+37
856.981 2.2836363719804293e+37
859.836 2.287144463292555e+37
862.699 2.2906080936492044e+37
865.573 2.2946317223081023e+37
868.455 2.2986075453117397e+37
871.348 2.303136008461466e+37
874.25 2.307004754579579e+37
877.161 2.3120321498279455e+37
880.083 2.3163953530660236e+37
883.014 2.32130600125982e+37
885.955 2.32496193304034e+37
888.905 2.327974096703486e+37
891.866 2.3309375842039823e+37
894.836 2.3332659365182753e+37
897.816 2.332012365546742e+37
900.806 2.3295649634965154e+37
903.806 2.3282803532205893e+37
906.817 2.4169469685224024e+37
909.837 2.573711890278809e+37
911.553 2.66708825393008e+37
913.273 2.764162306103283e+37
916.322 3.5343335706743216e+37
919.38 5.554989414298971e+37
922.449 8.815912461590347e+37
925.528 1.3274324815298966e+38
928.618 1.6567644539280533e+38
931.718 2.0475753346380538e+38
934.828 2.5258768694876207e+38
937.948 3.023567965958452e+38
941.079 3.605739151155415e+38
944.22 4.288366731102177e+38
947.372 4.665551122096084e+38
950.534 4.906415228910727e+38
953.707 5.1606213819523505e+38
956.891 5.433564634291271e+38
960.085 5.727814212693304e+38
963.29 6.0387429294489624e+38
966.505 5.442004757775184e+38
969.731 4.067925647741618e+38
972.968 3.0497782962602724e+38
976.216 2.8562005758126405e+38
979.475 3.772157704273009e+38
982.744 5.0200011896776e+38
986.025 6.039203146666831e+38
989.316 5.960207576282705e+38
992.618 5.84430976277191e+38
995.932 5.819543099965198e+38
999.256 5.985748026566863e+38
1002.59 6.1613578834546805e+38
1005.94 6.251437520342329e+38
1009.3 6.1308942230357715e+38
1012.67 6.0058599049426344e+38
1016.05 5.527032760890282e+38
1019.44 4.472922635577489e+38
1022.84 3.6111949019388055e+38
1026.25 3.3746331513915115e+38
1029.68 3.991615971690284e+38
1033.12 4.7429141546929925e+38
1036.57 5.402286414132003e+38
1040.03 5.8376762314559034e+38
1043.5 6.3107347862520875e+38
1046.98 6.487104489798238e+38
1050.48 6.4100145596056085e+38
1053.98 6.3334366215867835e+38
1057.5 6.152041330898575e+38
1061.03 5.931848231135549e+38
1064.57 5.7429209603405886e+38
1068.13 5.78825954691041e+38
1071.69 5.8926185805187135e+38
1075.27 5.951831928774631e+38
1078.86 5.7699762949688705e+38
1082.46 5.564803859527184e+38
1086.07 5.487770725791845e+38
1089.7 5.663960659726753e+38
1093.33 5.8535175272365135e+38
1096.98 5.887165565651112e+38
1100.65 5.780894227750316e+38
1104.32 5.68492404400535e+38
1108.01 5.642084433293068e+38
1111.7 5.618591439655e+38
1115.42 5.566605419648521e+38
1119.14 5.406085863365381e+38
1122.87 5.241865024090524e+38
1126.62 5.200905036531918e+38
1130.38 5.319522502916383e+38
1134.16 5.432586400478828e+38
1137.94 5.3726394772569555e+38
1141.74 5.252674197663968e+38
1145.55 5.161208438691862e+38
1149.38 5.180884722800258e+38
1153.21 5.209618349977917e+38
1157.06 5.2151775402494005e+38
1160.92 5.2024008494896784e+38
1164.8 5.148684957452661e+38
1168.69 4.8142256506342535e+38
1172.59 4.449416976662606e+38
1176.5 4.34051541077036e+38
1180.43 4.600286510256445e+38
1184.37 4.8533721501028026e+38
1188.32 4.7971148749494826e+38
1192.29 4.6478385830144936e+38
1196.27 4.468514878584783e+38
1200.26 4.225901245751347e+38
1204.27 3.965032552532042e+38
1208.29 3.305550647913986e+38
1212.32 2.653916563508881e+38
1216.37 2.5022205494244534e+38
1220.43 3.13375774880427e+38
1224.5 3.906881282265709e+38
1228.59 4.210818528618603e+38
1232.69 4.379470092635205e+38
1236.81 4.484819279930577e+38
1240.94 4.512585643380671e+38
1245.08 4.531621248470387e+38
1249.23 4.4868806366845154e+38
1253.4 4.438138616576271e+38
1257.59 4.389650034007905e+38
1261.79 4.345647770221581e+38
1266.0 4.318642410412422e+38
1270.22 4.341832215521258e+38
1274.46 4.3689569005581074e+38
1278.72 4.350258807257804e+38
1282.99 4.323392492233717e+38
1287.27 4.2349372572780884e+38
1291.57 4.09285919908053e+38
1295.88 3.988896534016004e+38
1300.2 3.98134768324618e+38
1304.54 3.983940660067283e+38
1308.9 4.0281455383437336e+38
1313.27 4.0825145645681236e+38
1317.65 4.064923183502289e+38
1322.05 3.999299368140507e+38
1326.46 3.929687868569784e+38
1330.89 3.85212022387422e+38
1335.33 3.793686044545698e+38
1339.79 3.814668475168646e+38
1344.26 3.842971239804433e+38
1348.75 3.839212321480822e+38
1353.25 3.825271204697345e+38
1357.77 3.7797610451111364e+38
1362.3 3.714692003519504e+38
1366.85 3.666667532855556e+38
1371.41 3.641727527170779e+38
1375.99 3.6195954094280846e+38
1380.58 3.603723955113331e+38
1385.19 3.56457550568759e+38
1389.81 3.408253712280048e+38
1394.45 3.2559605110110395e+38
1399.11 3.229590861160406e+38
1403.78 3.2373394906283128e+38
1408.46 3.2890228074157325e+38
1413.16 3.3598110742930502e+38
1417.88 3.360956912428629e+38
1422.61 3.31626571005196e+38
1427.36 3.2944659653613073e+38
1432.13 3.294590958030261e+38
1436.91 3.2943234928998903e+38
1441.7 3.28999274136522e+38
1446.52 3.2566888335231145e+38
1451.34 3.219225739211466e+38
1456.19 3.1808536498574395e+38
1461.05 3.1372757018731453e+38
1465.93 3.0997268922850026e+38
1470.82 3.077534758815502e+38
1475.73 3.0561662896386166e+38
1480.66 3.0338251336668774e+38
1485.6 3.010185526679165e+38
1490.56 2.9834636860859054e+38
1495.53 2.951939866250643e+38
1500.53 2.9029131554000948e+38
1505.53 2.8471742091051057e+38
1510.56 2.770705486828721e+38
1515.6 2.7621908511993333e+38
1520.66 2.757877152903168e+38
1525.74 2.7247356508975834e+38
1530.83 2.6343475366230588e+38
1535.94 2.559702158052176e+38
1541.07 2.5398365832780605e+38
1546.21 2.5163175362535076e+38
1551.37 2.474822900974777e+38
1556.55 2.455695494257017e+38
1561.75 2.4831377947852905e+38
1566.96 2.5070009514968514e+38
1572.19 2.521238486695019e+38
1577.44 2.523594633517929e+38
1582.7 2.5125297422895378e+38
1587.99 2.5028253800932095e+38
1593.29 2.4935023219210817e+38
1598.61 2.4570348140013188e+38
1603.94 2.4082425960740575e+38
1609.3 2.380140201198435e+38
1614.67 2.3597563104584896e+38
1620.06 2.3460190096444284e+38
1625.47 2.336581186998381e+38
1630.89 2.339210985615055e+38
1636.33 2.3333768408639397e+38
1641.8 2.3036600156075626e+38
1647.28 2.282167072331098e+38
1652.78 2.273290472490069e+38
1658.29 2.2702097005820205e+38
1663.83 2.2690189402254635e+38
1669.38 2.2281530591567917e+38
1674.95 2.236558405467687e+38
1680.55 2.247389928390056e+38
1686.16 2.22294601284904e+38
1691.78 2.1901960694239085e+38
1697.43 2.1579369697609215e+38
1703.1 2.1268001618655152e+38
1708.78 2.0921372660042437e+38
1714.49 2.0576680407189916e+38
1720.21 2.0381988328815065e+38
1725.95 2.027429985806039e+38
1731.71 2.032923677680606e+38
1737.49 2.0258559617203112e+38
1743.29 2.000881814338348e+38
1749.11 1.9927096199687877e+38
1754.95 1.986984064631005e+38
1760.81 1.949381039804256e+38
1766.69 1.917103708781892e+38
1772.58 1.9071469315379713e+38
1778.5 1.9007987112204535e+38
1784.44 1.8962527345199216e+38
1790.39 1.8926140740891413e+38
1796.37 1.887493367121413e+38
1802.37 1.8788584831754985e+38
1808.38 1.8503491281477115e+38
1814.42 1.810903012763232e+38
1820.48 1.8025467727428994e+38
1826.55 1.7965565403865172e+38
1832.65 1.7775679678249255e+38
1838.77 1.7341960294885794e+38
1844.9 1.6810519740425087e+38
1851.06 1.6571404613097714e+38
1857.24 1.647632726549096e+38
1863.44 1.6523857677966327e+38
1869.66 1.6621900400464945e+38
1875.9 1.6577905954799102e+38
1882.16 1.5990774669021035e+38
1888.45 1.5480231792033093e+38
1894.75 1.5151948621335139e+38
1901.07 1.5391402249789768e+38
1907.42 1.5462372907710772e+38
1913.79 1.5098093354900647e+38
1920.18 1.4816089661549426e+38
1926.59 1.4689798400901866e+38
1933.02 1.4865673401008622e+38
1939.47 1.4977400164098615e+38
1945.94 1.4911267089146025e+38
1952.44 1.438134241437015e+38
1958.96 1.4287501736914932e+38
1965.49 1.4506883006241203e+38
1972.06 1.4681529287055045e+38
1978.64 1.4568444880616823e+38
1985.24 1.4127723079678694e+38
1991.87 1.3875898034319564e+38
1998.52 1.3811170231641414e+38
2005.19 1.388148065168779e+38
2011.88 1.3864287508257105e+38
2018.6 1.3870623274291118e+38
2025.34 1.3850622036877722e+38
2032.1 1.3512552264006762e+38
2038.88 1.3309114522730278e+38
2045.69 1.3174167144926042e+38
2052.51 1.2789678596864438e+38
2059.37 1.2685333062831904e+38
2066.24 1.2817508843826503e+38
2073.14 1.304572949108036e+38
2080.06 1.2701785063817884e+38
2087.0 1.261639255336801e+38
2093.97 1.2361872530894765e+38
2100.96 1.236865515927046e+38
2107.97 1.2395381442370017e+38
2115.01 1.2349112524354752e+38
2122.07 1.2342979568391131e+38
2129.15 1.2244705941299703e+38
2136.26 1.2072513913607489e+38
2143.39 1.1879107706031435e+38
2150.54 1.184946671250247e+38
2157.72 1.1817402513908585e+38
2164.92 1.16900035342838e+38
2172.15 1.1580362422877172e+38
2179.4 1.1476205268055792e+38
2186.68 1.1391965098367222e+38
2193.97 1.1356527259154057e+38
2201.3 1.1244104010012272e+38
2208.65 1.11131366436353e+38
2216.02 1.0982938934978116e+38
2223.42 1.08486924155032e+38
2230.84 1.0776986089746155e+38
2238.28 1.071749421598881e+38
2245.76 1.0625179933081603e+38
2253.25 1.048170513301335e+38
2260.77 1.0411688959484385e+38
2268.32 1.0351342616905486e+38
2275.89 1.0272683637994762e+38
2283.49 1.0201372483951541e+38
2291.11 1.0017140398287433e+38
2298.76 9.903141305103517e+37
2306.43 9.872505550130876e+37
2314.13 9.716030657173381e+37
2321.86 9.13378562133595e+37
2329.61 9.12841550599008e+37
2337.38 9.415392350628386e+37
2345.18 9.332118973696803e+37
2353.01 9.305567980446935e+37
2360.87 9.205022114790411e+37
2368.75 9.10506664131674e+37
2376.65 9.02353127673049e+37
2384.59 8.897951942133558e+37
2392.55 8.859491230619178e+37
2400.53 8.785900761267789e+37
2408.55 8.695056365583327e+37
2416.59 8.62666664965557e+37
2424.65 8.58487993816824e+37
2432.75 8.471364600885714e+37
2440.87 8.404114345446563e+37
2449.01 8.354548118498607e+37
2457.19 8.283614412525092e+37
2465.39 8.183000229732642e+37
2473.62 8.1043725669805655e+37
2481.88 8.047515551345851e+37
2490.16 7.8420450337379555e+37
2498.47 7.737505629795506e+37
