WAVE FLUX
92.1977 0.0
92.5055 0.0
92.8142 0.0
93.124 0.0
93.4349 0.0
93.7467 0.0
94.0596 0.0
94.3736 0.0
94.6886 0.0
95.0046 0.0
95.3217 0.0
95.6399 0.0
95.9591 0.0
96.2794 0.0
96.6008 0.0
96.9232 0.0
97.2467 0.0
97.5713 0.0
97.897 0.0
98.2237 0.0
98.5516 0.0
98.8805 0.0
99.2106 0.0
99.5417 0.0
99.874 4.02705403149012e+28
100.207 4.661360711997234e+28
100.542 6.084773612283744e+28
100.877 7.942562134482039e+28
101.214 1.0365557375257759e+29
101.552 1.3530723844868816e+29
101.891 1.7666684732211296e+29
102.231 2.063927065883865e+29
102.572 2.2891572718378538e+29
102.915 2.5380069788196313e+29
103.258 2.814325520266223e+29
103.603 3.1210048897600204e+29
103.948 3.461005927572137e+29
104.295 3.8163045543542954e+29
104.644 4.203491095140708e+29
104.993 4.62947369921687e+29
105.343 5.0993689646255706e+29
105.695 5.616625682013293e+29
106.048 6.1918285587461576e+29
106.402 6.826739780302854e+29
106.757 7.530919167807472e+29
107.113 8.305217946591106e+29
107.471 9.163600014622819e+29
107.829 1.011698738396877e+30
108.189 1.1164230525067536e+30
108.55 1.2342926568105774e+30
108.913 1.3643941113834764e+30
109.276 1.5081547451444132e+30
109.641 1.6669322111477612e+30
110.007 1.8421037405169436e+30
110.374 2.0221495962707632e+30
110.742 2.2198391605430872e+30
111.112 2.4364734047722465e+30
111.483 2.674123804454876e+30
111.855 2.934815183858653e+30
112.228 3.220544324920106e+30
112.603 3.5347324982139136e+30
112.979 3.87933198239436e+30
113.356 4.257715455814012e+30
113.734 4.6732091555015196e+30
114.114 5.124656470456819e+30
114.495 5.60151102935889e+30
114.877 6.123867150735405e+30
115.26 6.69488238469487e+30
115.645 7.316884405972747e+30
116.031 8.005240081125259e+30
116.418 8.746356610909247e+30
116.807 9.56821339501752e+30
117.197 1.0455799054789084e+31
117.588 1.1436851481286162e+31
117.981 1.250323043824821e+31
118.374 1.3633093334497211e+31
118.769 1.4860725298306562e+31
119.166 1.6199111427783308e+31
119.564 1.7661201390565714e+31
119.963 1.9252690388691716e+31
120.363 2.0986131608984208e+31
120.765 2.288063242519789e+31
121.168 2.5017426804572044e+31
121.572 2.7421535848797298e+31
121.978 3.007630167695777e+31
122.385 3.297936904263019e+31
122.794 3.6168718603633777e+31
123.204 3.966878502665994e+31
123.615 4.350342081129349e+31
124.027 4.77096161700154e+31
124.441 5.2316721214556625e+31
124.857 5.724024570017924e+31
125.274 5.439592488586703e+31
125.692 4.778870490400573e+31
126.111 4.1980042555326525e+31
126.532 3.6876030693085337e+31
126.954 3.270044094392453e+31
127.378 3.1621057471407703e+31
127.803 3.1267541264082474e+31
128.23 3.572980111202746e+31
128.658 4.623254476961407e+31
129.087 5.982297637858063e+31
129.518 7.739176042859783e+31
129.951 1.0014549939569395e+32
130.384 1.2960304084478454e+32
130.82 1.677372571308612e+32
131.256 1.4802468800947879e+32
131.694 9.970803602001903e+31
132.134 7.91467991208628e+31
132.575 8.745234097517945e+31
133.017 9.758599055167777e+31
133.461 1.0896524648486426e+32
133.907 1.2114055367285495e+32
134.354 1.2465433472095e+32
134.802 1.249216756849387e+32
135.252 1.2518539440646858e+32
135.704 1.2550706850598066e+32
136.157 1.2576433428408518e+32
136.611 1.2601897139835572e+32
137.067 1.3047501905525655e+32
137.524 1.5063184454733969e+32
137.983 1.7567721344240878e+32
138.444 2.0483739732499488e+32
138.906 2.389137630605732e+32
139.37 2.7863383679182264e+32
139.835 3.232849671586657e+32
140.302 2.6433989751113454e+32
140.77 1.7653079154468058e+32
141.24 1.1792640362868828e+32
141.711 7.874926418513356e+31
142.184 5.259705957388679e+31
142.659 3.5125563136056156e+31
143.135 3.021175343950845e+31
143.613 4.425653808087089e+31
144.092 6.637571714098081e+31
144.573 9.960787555351227e+31
145.056 1.4943257282567302e+32
145.54 2.2412085816145267e+32
146.026 3.3623506423416314e+32
146.513 5.0438652464604945e+32
147.002 7.023261457671914e+32
147.493 6.224004418222706e+32
147.985 5.129162286103649e+32
148.479 4.2282956523800534e+32
148.974 3.485331857965154e+32
149.472 2.8729718278222463e+32
149.971 2.368261078676139e+32
150.471 1.952374695546607e+32
150.973 1.6371530789422924e+32
151.477 1.5522987684897732e+32
151.983 1.510307310835271e+32
152.49 1.4691326756359226e+32
152.999 1.429850116951395e+32
153.51 1.3908099431904841e+32
154.022 1.3531046938014203e+32
154.536 1.3167133117977693e+32
155.052 1.3220284308235864e+32
155.57 1.5050150925744442e+32
156.089 1.737615169886497e+32
156.61 2.0065173102128984e+32
157.133 2.316666042275172e+32
157.657 2.6750735146176e+32
158.183 3.0886267083610415e+32
158.711 3.565708863606384e+32
159.241 4.4712829534990586e+32
159.773 6.101141188713599e+32
160.306 8.363130395224223e+32
160.841 1.1461703712574754e+33
161.378 1.5704165255124564e+33
161.916 2.0877911248241123e+33
162.457 1.8623170782877055e+33
162.999 1.4815174144529296e+33
163.543 1.1783091319882205e+33
164.089 9.371690320526708e+32
164.637 7.453117380430774e+32
165.186 5.926495840985317e+32
165.738 4.724397863841811e+32
166.291 4.394238638183869e+32
166.846 4.727067522782421e+32
167.403 5.084573813744759e+32
167.962 5.470477761790488e+32
168.522 5.88352662870717e+32
169.085 6.328308711019035e+32
169.649 6.809488412155559e+32
170.215 7.331559735542087e+32
170.783 7.89898879177752e+32
171.353 8.511304657381604e+32
171.925 9.168039510110839e+32
172.499 9.87841335093243e+32
173.075 1.077217646140431e+33
173.653 1.2217856927831884e+33
174.232 1.3917547846614412e+33
174.814 1.585417985126105e+33
175.397 1.8063599301934075e+33
175.983 2.057604940433336e+33
176.57 2.3440687812544633e+33
177.159 2.4956419827162175e+33
177.751 2.274452744363608e+33
178.344 2.060340825110171e+33
178.939 1.8667665369547419e+33
179.537 1.691196457593689e+33
180.136 1.719887054542675e+33
180.737 2.3422494520493257e+33
181.34 3.250649280995544e+33
181.946 4.4031652810353154e+33
182.553 4.7037881035244954e+33
183.162 4.774797015060037e+33
183.774 4.840710927080072e+33
184.387 4.9106908357038867e+33
185.002 4.9801531460884295e+33
185.62 5.053573621976639e+33
186.24 5.0860860157300374e+33
186.861 5.064713115099618e+33
187.485 5.043401099990383e+33
188.111 5.022177081950362e+33
188.739 5.0010408600969165e+33
189.368 4.975607529022679e+33
190.001 4.954634682907111e+33
190.635 4.933775236541566e+33
191.271 4.974142292423971e+33
191.909 5.09253624192266e+33
192.55 5.218740634774921e+33
193.193 5.344052221357331e+33
193.838 5.481403846935381e+33
194.485 5.742340025518054e+33
195.134 6.069974866227409e+33
195.785 6.416704354647303e+33
196.438 6.782328059985789e+33
197.094 7.1708487819718e+33
197.752 7.577835324371306e+33
198.412 7.859953779998963e+33
199.074 8.060396970571315e+33
199.739 8.263569387104205e+33
200.405 8.473687330355854e+33
201.074 8.686438004108215e+33
201.745 8.910110622533115e+33
202.419 9.272469351155473e+33
203.094 9.735197661493945e+33
203.772 1.0223404635170144e+34
204.453 1.0736815306964722e+34
205.135 1.1328201593928282e+34
205.82 1.209812343595406e+34
206.507 1.29356212440568e+34
207.196 1.383193566288795e+34
207.887 1.478645601539273e+34
208.581 1.581051468228594e+34
209.278 1.6903375822731193e+34
209.976 1.799287399551437e+34
210.677 1.854359158378819e+34
211.38 1.8999587606338888e+34
212.086 1.946410097255303e+34
212.794 1.994104635552497e+34
213.504 2.0430286674563515e+34
214.216 2.0931685975044665e+34
214.931 2.1445009645747037e+34
215.649 2.197011765501197e+34
216.369 2.2707723184289433e+34
217.091 2.36633869618522e+34
217.815 2.466234303608803e+34
218.542 2.570019393939273e+34
219.272 2.6784129071496005e+34
220.004 2.796313009849166e+34
220.738 2.94632672548867e+34
221.475 3.1100131775677505e+34
222.214 3.282357789841961e+34
222.956 3.462879647752907e+34
223.7 3.6343299106933137e+34
224.447 3.8109193751174078e+34
225.196 3.994833105119116e+34
225.947 4.188581204444535e+34
226.702 4.392022061418306e+34
227.458 4.494939086659936e+34
228.188 4.528146891903253e+34
228.889 4.558071418883435e+34
229.593 4.587753263488006e+34
230.298 5.219323750505881e+34
231.006 6.906431619357314e+34
231.717 9.185126367250788e+34
232.429 1.2208121481674076e+35
233.143 1.623003403604077e+35
233.86 2.167728069465456e+35
234.579 2.9174097724283705e+35
235.3 3.961739143768702e+35
236.024 5.3758261643248615e+35
236.774 7.3767256338874e+35
237.552 1.0225376790159565e+36
238.332 1.4173346303322308e+36
239.114 1.9649935596601808e+36
239.9 2.6737329534111686e+36
240.688 2.8981953453251086e+36
241.478 2.966890028464234e+36
242.271 3.03751258231326e+36
243.067 3.109354221059262e+36
243.865 3.1830984585285305e+36
244.666 3.258711550628863e+36
245.47 3.336172430119834e+36
246.276 3.5138342632419235e+36
247.085 3.891101428421054e+36
247.896 4.3130456975252576e+36
248.71 4.782559159503094e+36
249.527 5.3025068853840666e+36
250.352 5.882268661037916e+36
251.187 6.53112406208767e+36
252.024 6.953559781689772e+36
252.863 5.906440554970394e+36
253.706 4.8497083034603506e+36
254.551 3.983707913479695e+36
255.399 3.273847865894256e+36
256.25 2.688613576334064e+36
257.104 2.429193757043457e+36
257.961 3.126704324767361e+36
258.82 4.1729607620347915e+36
259.683 5.577623336641671e+36
260.548 6.559360415877645e+36
261.416 7.186226466357855e+36
262.287 7.87573255163354e+36
263.161 8.630407231040026e+36
264.038 9.370488431128645e+36
264.918 9.692504349643269e+36
265.801 9.955708485590573e+36
266.686 1.0229621666431137e+37
267.575 1.0510931151251221e+37
268.466 1.0799631343876082e+37
269.361 1.0921901236558366e+37
270.258 1.08022004174508e+37
271.159 1.067697298456025e+37
272.062 1.0558637953698762e+37
272.969 1.0437872792255092e+37
273.878 1.0278183385678455e+37
274.791 9.702954329773689e+36
275.707 9.052664171640881e+36
276.625 8.445874980585511e+36
277.547 7.882111427738239e+36
278.472 7.354997695361551e+36
279.4 7.199025135252998e+36
280.331 7.502883596078469e+36
281.265 7.819496243043114e+36
282.202 8.151686285853272e+36
283.142 8.496338397432639e+36
284.086 8.597479432139938e+36
285.032 7.660472752497272e+36
285.982 6.732491902950642e+36
286.935 5.915395498182627e+36
287.891 5.1965020947451525e+36
288.85 4.5661835719043346e+36
289.813 4.04374180251552e+36
290.778 4.007340739880491e+36
291.747 4.125733685117135e+36
292.719 4.251860083252423e+36
293.694 4.3799510380062093e+36
294.673 4.5099678313647936e+36
295.655 4.641901755614662e+36
296.64 4.6011453075642513e+36
297.628 4.459577547925238e+36
298.62 4.321685925259054e+36
299.615 4.1902413427421516e+36
300.613 4.062405055601232e+36
301.615 4.0461398432124415e+36
302.62 4.104468723821189e+36
303.628 4.162370340004926e+36
304.64 4.2225753025085206e+36
305.655 4.282339561654074e+36
306.674 4.3416515820661543e+36
307.695 4.408686271621357e+36
308.721 4.615900765412804e+36
309.749 4.905309283608307e+36
310.781 5.211550595307631e+36
311.817 5.537124605726029e+36
312.856 5.884515496993628e+36
313.898 6.253496667680575e+36
314.944 6.643822181645465e+36
315.994 7.060552077631094e+36
317.047 7.500797279113496e+36
318.103 7.91704586040299e+36
319.163 8.123679537937585e+36
320.226 8.313216329680222e+36
321.293 8.503992911699032e+36
322.364 8.69858104846298e+36
323.438 8.899545737179061e+36
324.516 9.106790030949226e+36
325.597 9.315141648707607e+36
326.682 9.52966855722623e+36
327.77 9.740137564939977e+36
328.862 9.778914409054524e+36
329.958 9.756558589475689e+36
331.058 9.734233178905055e+36
332.161 9.71196792042919e+36
333.268 9.68973374309388e+36
334.378 9.667560048116626e+36
335.492 9.645418079849509e+36
336.61 9.62330831264847e+36
337.732 9.598757943065505e+36
338.857 9.552099866946245e+36
339.986 9.495811247888086e+36
341.119 9.439784536291302e+36
342.255 9.386487097967185e+36
343.396 9.330973919397526e+36
344.54 9.275747658722083e+36
345.688 9.22078023144217e+36
346.84 9.168479290527008e+36
347.995 9.118846362088325e+36
349.155 9.093335464515164e+36
350.318 9.072684683026629e+36
351.486 9.052041792459025e+36
352.657 9.031458811649798e+36
353.832 9.010910202626426e+36
355.011 8.990396318681515e+36
356.194 8.969917506098289e+36
357.381 8.834947013314104e+36
358.571 8.486480505733709e+36
359.766 8.147171524781314e+36
360.965 7.821593038084495e+36
362.168 7.507313069833877e+36
363.374 7.206548348543605e+36
364.585 6.919134221584639e+36
365.8 6.66323600039724e+36
367.019 6.682071413158714e+36
368.242 6.784638328266167e+36
369.469 6.888712473137438e+36
370.7 6.994275512184444e+36
371.935 7.101309256092768e+36
373.174 7.209795661358742e+36
374.418 7.319697280226492e+36
375.665 7.088611700736323e+36
376.917 6.586378555670536e+36
378.173 6.118329462820685e+36
379.433 5.68413975638376e+36
380.697 5.281292788282426e+36
381.966 4.907290353289932e+36
383.238 4.55970477198761e+36
384.515 4.240432320602381e+36
385.796 4.211196379884438e+36
387.082 4.3655253609070916e+36
388.372 4.5252380795582045e+36
389.666 4.6881325120887745e+36
390.964 4.8605816247062465e+36
392.267 5.036084171050805e+36
393.574 5.2209834378647536e+36
394.885 5.408834587185243e+36
396.201 5.595371935828294e+36
397.521 5.782717312802343e+36
398.846 5.979219278374504e+36
400.174 6.182723076407626e+36
401.508 6.391026487544284e+36
402.846 6.606178813291545e+36
404.188 6.830172267168311e+36
405.535 6.992863411360693e+36
406.886 7.057920048343418e+36
408.242 7.124504955941069e+36
409.602 7.188539473653439e+36
410.967 7.256126995815631e+36
412.336 7.321170207118458e+36
413.71 7.373579369466138e+36
415.089 7.143823853946288e+36
416.472 6.827274301865555e+36
417.859 6.524751840683075e+36
419.252 6.234103800554532e+36
420.649 5.95922445784185e+36
422.05 5.751423061054662e+36
423.456 5.848709029710625e+36
424.867 5.994431935347958e+36
426.283 6.1410776348922e+36
427.703 6.292552514948035e+36
429.128 6.448789372107356e+36
430.558 6.563174386491407e+36
431.993 6.609048788780393e+36
433.432 6.656485196047318e+36
434.877 6.703515176877036e+36
436.326 6.750171769860903e+36
437.779 6.798365449020703e+36
439.238 6.84614675450972e+36
440.702 6.889742692499651e+36
442.17 6.842310549955577e+36
443.643 6.764990528363599e+36
445.122 6.686215527219132e+36
446.605 6.611643772856823e+36
448.093 6.535628550942944e+36
449.586 6.461902602722424e+36
451.084 6.401556246730053e+36
452.587 6.411672749928375e+36
454.095 6.432688500770286e+36
455.608 6.451660928855069e+36
457.126 6.472264282406273e+36
458.649 6.49083924760714e+36
460.177 6.503775006759325e+36
461.711 6.483975849512831e+36
463.249 6.460645724622149e+36
464.793 6.437386899364994e+36
466.341 6.414227071922951e+36
467.895 6.39113853488216e+36
469.454 6.368135030503e+36
471.018 6.346989844570179e+36
472.588 6.325904302711359e+36
474.163 6.304891909764693e+36
475.742 6.283965810480799e+36
477.328 6.263086310901008e+36
478.918 6.242292965830801e+36
480.514 6.211129435554761e+36
482.115 6.16278235461091e+36
483.721 6.112965279616523e+36
485.333 6.063402944266165e+36
486.95 6.014107001288997e+36
488.573 5.966773787284101e+36
490.201 5.924805623363949e+36
491.834 5.905133930103717e+36
493.473 5.887213573078089e+36
495.117 5.87103966918007e+36
496.767 5.853220624667825e+36
498.422 5.837136912881507e+36
500.083 5.807727200042056e+36
501.749 5.720187289765191e+36
503.421 5.628181893523236e+36
505.098 5.535077072998496e+36
506.78 5.493630626805198e+36
508.468 5.506605863617882e+36
510.161 5.519441140094551e+36
511.86 5.528862869424512e+36
513.565 5.521892776038395e+36
515.276 5.511662437937769e+36
516.992 5.499830912367216e+36
518.713 5.489635104366412e+36
520.441 5.468198104210371e+36
522.174 5.422855892253341e+36
523.913 5.376157708704897e+36
525.658 5.3297076703863e+36
527.409 5.285088683977839e+36
529.165 5.239136939682862e+36
530.928 5.2075802729690054e+36
532.696 5.1855922940290333e+36
534.47 5.1636918183495664e+36
536.25 5.1418787126274965e+36
538.036 5.120152839474862e+36
539.828 5.0907773138633716e+36
541.626 4.9859717077080465e+36
543.43 4.8664348063975013e+36
545.24 4.7491686664423796e+36
547.056 4.635681511361464e+36
548.878 4.524417718029513e+36
550.706 4.4805805766178034e+36
552.54 4.536760793728448e+36
554.38 4.597039787534446e+36
556.226 4.6568697361503695e+36
558.079 4.716244715007384e+36
559.937 4.7677251760619e+36
561.802 4.751897878449297e+36
563.673 4.7213059880804056e+36
565.551 4.692335422798036e+36
567.434 4.662043460577842e+36
569.324 4.633362109254369e+36
571.22 4.5989729373849133e+36
573.123 4.563298089464135e+36
575.031 4.5278199967704306e+36
576.946 4.4910742565663125e+36
578.868 4.455960767677349e+36
580.796 4.4239104119805585e+36
582.73 4.3948937757577865e+36
584.671 4.3660168338399013e+36
586.618 4.337286627019087e+36
588.572 4.308695257129726e+36
590.532 4.2774206289450285e+36
592.499 4.239253774234744e+36
594.472 4.202702208476413e+36
596.452 4.166343565910532e+36
598.438 4.130184109083226e+36
600.432 4.084471127431746e+36
602.431 4.012682741908913e+36
604.438 3.9399350861905224e+36
606.451 3.869008036150749e+36
608.47 3.7998856206639956e+36
610.497 3.757167940037224e+36
612.53 3.780153808435754e+36
614.57 3.8056626145292884e+36
616.617 3.830959142776436e+36
618.671 3.857394797300055e+36
620.731 3.897074709058826e+36
622.798 3.9619308459996405e+36
624.873 4.027643113070828e+36
626.954 4.094213554949587e+36
629.042 4.161625133830096e+36
631.137 4.1372231070010017e+36
633.239 4.0364295896711024e+36
635.348 3.937574362322886e+36
637.464 3.8406414435033736e+36
639.587 3.75083894634258e+36
641.717 3.7123557359330666e+36
643.854 3.690952716940845e+36
645.998 3.6683584984191444e+36
648.15 3.6471575068722405e+36
650.309 3.6260578015938804e+36
652.474 3.6037843738528324e+36
654.647 3.5828904590759983e+36
656.828 3.5608196864495194e+36
659.015 3.538862781059314e+36
661.21 3.5157452793203524e+36
663.412 3.492743900651506e+36
665.622 3.469853005307253e+36
667.839 3.448328234420516e+36
670.063 3.426910100088652e+36
672.294 3.4055982130500075e+36
674.533 3.38067214085298e+36
676.78 3.307736358549829e+36
679.034 3.2180280721255007e+36
681.295 3.1313333276390504e+36
683.564 3.0463984457182624e+36
685.841 3.0131438131275896e+36
688.125 3.061409002794555e+36
690.417 3.110528675171238e+36
692.716 3.160497209205981e+36
695.023 3.2004835463970246e+36
697.338 3.1742867127151765e+36
699.661 3.1362885708735026e+36
701.991 3.099700922190468e+36
704.329 3.064506508353092e+36
706.675 3.050786992627483e+36
709.028 3.047731134776937e+36
711.39 3.043482789852662e+36
713.759 3.040403042044837e+36
716.136 3.033810535140921e+36
718.521 3.0202527621139543e+36
720.914 3.004433988023838e+36
723.315 2.9886868282802846e+36
725.724 2.9730110928574656e+36
728.141 2.9562594186281177e+36
730.566 2.939586397841811e+36
732.999 2.924131363727696e+36
735.44 2.905339590081553e+36
737.89 2.878712837408812e+36
740.347 2.851107090178884e+36
742.813 2.824774268030685e+36
745.287 2.7929817707541195e+36
747.769 2.736794804123809e+36
750.259 2.679837656890161e+36
752.758 2.623225960211188e+36
755.265 2.578021430599694e+36
757.781 2.570564131260629e+36
760.304 2.5664285162599972e+36
762.837 2.5633816627552203e+36
765.377 2.5581488390401092e+36
767.926 2.5474820225388074e+36
770.484 2.535772025289738e+36
773.05 2.525193931563901e+36
775.624 2.5038904711152346e+36
778.208 2.4580086131929276e+36
780.799 2.4113390114153168e+36
783.4 2.3649479329748465e+36
786.009 2.3634742397429166e+36
788.627 2.42765283358737e+36
791.253 2.4956042218565404e+36
793.888 2.5641291790387722e+36
796.532 2.578688657085026e+36
799.185 2.5534052800069177e+36
801.847 2.5282608328015285e+36
804.517 2.5042961571544393e+36
807.197 2.4939119287206878e+36
809.885 2.4887288116638173e+36
812.583 2.4825214630040447e+36
815.289 2.4763308989941987e+36
818.004 2.4660695277434045e+36
820.728 2.4548313588246265e+36
823.462 2.4446522451886705e+36
826.204 2.4244068064308112e+36
828.956 2.394189743947622e+36
831.717 2.3631427558873932e+36
834.487 2.3352789919072956e+36
837.266 2.3375044272776742e+36
840.054 2.3486391625047777e+36
842.852 2.3596722369152682e+36
845.659 2.3666560596676634e+36
848.476 2.3587985950840053e+36
851.302 2.3509682777234127e+36
854.137 2.343165085650776e+36
856.981 2.335388995511565e+36
859.836 2.3286060352572223e+36
862.699 2.3208781961395914e+36
865.573 2.3151021384323383e+36
868.455 2.309343037471325e+36
871.348 2.3045515845723608e+36
874.25 2.298812717702971e+36
877.161 2.2930882959795153e+36
880.083 2.2873731535861426e+36
883.014 2.281672579897281e+36
885.955 2.2759840350844945e+36
888.905 2.2703101457873995e+36
891.866 2.2646458598926448e+36
894.836 2.2589963399068422e+36
897.816 2.2496376144767007e+36
900.806 2.240315939437735e+36
903.806 2.231031256490091e+36
906.817 2.2540208304189916e+36
909.837 2.3016238485728924e+36
911.553 2.3284469594831267e+36
913.273 2.3560735805945904e+36
916.322 2.67913798260098e+36
919.38 3.467024599889905e+36
922.449 4.501373064271226e+36
925.528 5.94305605278407e+36
928.618 8.09829814509319e+36
931.718 1.1107860825995472e+37
934.828 1.5368813627363137e+37
937.948 2.1533823244774914e+37
941.079 3.0453572352668924e+37
944.22 4.301157723147439e+37
947.372 5.293753902660516e+37
950.534 6.21115681292366e+37
953.707 7.292308705433412e+37
956.891 8.168911293837251e+37
960.085 8.88300009353525e+37
963.29 9.651209023471416e+37
966.505 8.078146903547278e+37
969.731 4.875383251807445e+37
972.968 2.970442506338109e+37
976.216 2.7329557470587524e+37
979.475 4.661437663427409e+37
982.744 8.109556500763052e+37
986.025 1.1707488121141408e+38
989.316 1.1685429142990823e+38
992.618 1.1553990336105655e+38
995.932 1.1666512542876814e+38
999.256 1.2346598904719535e+38
1002.59 1.3088697347800258e+38
1005.94 1.3427079221066917e+38
1009.3 1.278650402259842e+38
1012.67 1.2150059692078486e+38
1016.05 1.0144804649995783e+38
1019.44 6.363254967364954e+37
1022.84 3.989334690895667e+37
1026.25 3.4323695458112064e+37
1029.68 4.873839863789748e+37
1033.12 7.004242188190208e+37
1036.57 9.355719518515317e+37
1040.03 1.1388695283274704e+38
1043.5 1.38963542430952e+38
1046.98 1.5054873949605591e+38
1050.48 1.494905260065187e+38
1053.98 1.483600884496686e+38
1057.5 1.427320112776547e+38
1061.03 1.3548674709791384e+38
1064.57 1.2938682064775903e+38
1068.13 1.323964846978254e+38
1071.69 1.3803619901087302e+38
1075.27 1.4146077260839183e+38
1078.86 1.342541164682275e+38
1082.46 1.2624525140640067e+38
1086.07 1.2344139706803562e+38
1089.7 1.3084893111571433e+38
1093.33 1.3912407503921553e+38
1096.98 1.4117397046445972e+38
1100.65 1.3774346400878198e+38
1104.32 1.3448703784792029e+38
1108.01 1.3298372992997325e+38
1111.7 1.3201636330076176e+38
1115.42 1.3045277817150308e+38
1119.14 1.2643653825006838e+38
1122.87 1.2229703934784844e+38
1126.62 1.223348226321902e+38
1130.38 1.2798734554674124e+38
1134.16 1.3345273419145987e+38
1137.94 1.3190836050862719e+38
1141.74 1.2773815290313996e+38
1145.55 1.2490704162904583e+38
1149.38 1.2608965382189107e+38
1153.21 1.2769900745121566e+38
1157.06 1.2907889634517474e+38
1160.92 1.30160702167166e+38
1164.8 1.300856914872705e+38
1168.69 1.2114736810794546e+38
1172.59 1.1119885771700085e+38
1176.5 1.0848633354262682e+38
1180.43 1.1612131674206752e+38
1184.37 1.232814231443025e+38
1188.32 1.1563148544955214e+38
1192.29 1.0459755078180339e+38
1196.27 9.398519727012065e+37
1200.26 8.3372935729029405e+37
1204.27 7.296851052646744e+37
1208.29 5.156476407210374e+37
1212.32 3.4078498478459585e+37
1216.37 3.072372636454721e+37
1220.43 4.733536376799836e+37
1224.5 7.305909537989454e+37
1228.59 8.913316431605593e+37
1232.69 1.0306683748115719e+38
1236.81 1.135293978845329e+38
1240.94 1.175268415037238e+38
1245.08 1.208259072708262e+38
1249.23 1.1962213365196255e+38
1253.4 1.176247269958536e+38
1257.59 1.1391178521771004e+38
1261.79 1.0909723285181496e+38
1266.0 1.0728288520413894e+38
1270.22 1.1258186087548628e+38
1274.46 1.1817160292088164e+38
1278.72 1.1960697191844817e+38
1282.99 1.1979485349347804e+38
1287.27 1.1608719073857169e+38
1291.57 1.0903934411765173e+38
1295.88 1.0397123178753238e+38
1300.2 1.0324031575716654e+38
1304.54 1.0315297301350744e+38
1308.9 1.0727656398316841e+38
1313.27 1.1258041674679937e+38
1317.65 1.1341066142150128e+38
1322.05 1.1113774177621375e+38
1326.46 1.0824935756789727e+38
1330.89 1.0424880362742522e+38
1335.33 1.0158767663023623e+38
1339.79 1.0474086564362766e+38
1344.26 1.0849371304333314e+38
1348.75 1.08566057619191e+38
1353.25 1.0752605788143948e+38
1357.77 1.0501489960508325e+38
1362.3 1.0172254997131134e+38
1366.85 9.99172583827627e+37
1371.41 1.0019411174587599e+38
1375.99 1.0052837533356902e+38
1380.58 1.0092019425021134e+38
1385.19 1.0064462780907315e+38
1389.81 9.712466488189556e+37
1394.45 9.36266836416971e+37
1399.11 9.38521638443038e+37
1403.78 9.502753734811393e+37
1408.46 9.512692436901875e+37
1413.16 9.475143485514372e+37
1417.88 9.449492756565306e+37
1422.61 9.423945994593138e+37
1427.36 9.398436857595468e+37
1432.13 9.361300867496766e+37
1436.91 9.388291561935961e+37
1441.7 9.49035827642082e+37
1446.52 9.464509684487753e+37
1451.34 9.36401276650083e+37
1456.19 9.22383677709373e+37
1461.05 9.004489347173858e+37
1465.93 8.826363193853655e+37
1470.82 8.757264277709446e+37
1475.73 8.694165812719572e+37
1480.66 8.642652079510048e+37
1485.6 8.5970450747034e+37
1490.56 8.568437475163274e+37
1495.53 8.517621228743033e+37
1500.53 8.350071330789067e+37
1505.53 8.122603835973502e+37
1510.56 7.736122592526611e+37
1515.6 7.7765331245968e+37
1520.66 7.816572977464273e+37
1525.74 7.708426428205941e+37
1530.83 7.404512867147437e+37
1535.94 7.19497356340627e+37
1541.07 7.31736993166438e+37
1546.21 7.3686766896091675e+37
1551.37 7.177254885598849e+37
1556.55 7.051408884889206e+37
1561.75 7.081415538125534e+37
1566.96 7.13250052350929e+37
1572.19 7.22565942887519e+37
1577.44 7.291631292601828e+37
1582.7 7.320175069877478e+37
1587.99 7.3536510441990645e+37
1593.29 7.38685836242006e+37
1598.61 7.310023922887383e+37
1603.94 7.191991566367279e+37
1609.3 7.136894813162975e+37
1614.67 7.097639615373542e+37
1620.06 6.98637358433432e+37
1625.47 6.896316208281554e+37
1630.89 6.960467276023495e+37
1636.33 7.013898053041778e+37
1641.8 6.980354341427212e+37
1647.28 6.881070875877392e+37
1652.78 6.696447039749318e+37
1658.29 6.724568052180342e+37
1663.83 6.872869639739167e+37
1669.38 6.674891836227108e+37
1674.95 6.677629805073251e+37
1680.55 6.81443142784557e+37
1686.16 6.8115747158177e+37
1691.78 6.67044905500677e+37
1697.43 6.525221517262099e+37
1703.1 6.390691833240388e+37
1708.78 6.247241727407014e+37
1714.49 6.109507316120091e+37
1720.21 6.050345611814912e+37
1725.95 6.035063615162349e+37
1731.71 6.121108340169327e+37
1737.49 6.129590762473787e+37
1743.29 6.032532915843816e+37
1749.11 6.064991650292978e+37
1754.95 6.125723760883495e+37
1760.81 5.929814750971106e+37
1766.69 5.7871491590120265e+37
1772.58 5.82917996913888e+37
1778.5 5.847350015862132e+37
1784.44 5.846609631014832e+37
1790.39 5.906492696388299e+37
1796.37 5.947279647649362e+37
1802.37 5.918212518666663e+37
1808.38 5.792305377417764e+37
1814.42 5.621101775039395e+37
1820.48 5.61156701861357e+37
1826.55 5.60206485966674e+37
1832.65 5.501376246973735e+37
1838.77 5.333156111568418e+37
1844.9 5.147913524182123e+37
1851.06 5.063093760020589e+37
1857.24 5.037251131811213e+37
1863.44 5.074282269521407e+37
1869.66 5.186963502084562e+37
1875.9 5.249860105397563e+37
1882.16 5.037127352289363e+37
1888.45 4.852267623283943e+37
1894.75 4.734738247439538e+37
1901.07 4.846419607550757e+37
1907.42 4.88721529882656e+37
1913.79 4.7574674553453e+37
1920.18 4.676383628631374e+37
1926.59 4.643482126071498e+37
1933.02 4.714460617611099e+37
1939.47 4.771998552064815e+37
1945.94 4.773302423779998e+37
1952.44 4.599116139817557e+37
1958.96 4.592336933579064e+37
1965.49 4.713074629462615e+37
1972.06 4.794793541939379e+37
1978.64 4.75351879178679e+37
1985.24 4.582035733551588e+37
1991.87 4.495493807807444e+37
1998.52 4.4847148252940875e+37
2005.19 4.515619722434945e+37
2011.88 4.467389375964132e+37
2018.6 4.485621475888896e+37
2025.34 4.528433653055728e+37
2032.1 4.394163764524105e+37
2038.88 4.338582932294287e+37
2045.69 4.336389694462091e+37
2052.51 4.2446573327130976e+37
2059.37 4.2183495714218345e+37
2066.24 4.256878116220875e+37
2073.14 4.311205807412312e+37
2080.06 4.1924534117555676e+37
2087.0 4.1985240786310097e+37
2093.97 4.0888108385311605e+37
2100.96 4.091110405869887e+37
2107.97 4.1052436562862275e+37
2115.01 4.095528386074299e+37
2122.07 4.1094566360470134e+37
2129.15 4.0565598603964153e+37
2136.26 3.96485633442395e+37
2143.39 3.9360787846445145e+37
2150.54 3.9618338292300844e+37
2157.72 3.964135388219866e+37
2164.92 3.9007930675999716e+37
2172.15 3.8608907193717047e+37
2179.4 3.8147024352510376e+37
2186.68 3.790924472024745e+37
2193.97 3.826299720494162e+37
2201.3 3.7824431108527246e+37
2208.65 3.712370040632218e+37
2216.02 3.6393364866040016e+37
2223.42 3.5663633005357155e+37
2230.84 3.5968122477481583e+37
2238.28 3.603515977988962e+37
2245.76 3.5342339382647805e+37
2253.25 3.4724399939605524e+37
2260.77 3.463475953579595e+37
2268.32 3.474042754862672e+37
2275.89 3.483040737105187e+37
2283.49 3.4857145718871963e+37
2291.11 3.4136004852302514e+37
2298.76 3.355365600551418e+37
2306.43 3.325374936650617e+37
2314.13 3.2392310129513487e+37
2321.86 2.941361896579851e+37
2329.61 2.948787581312605e+37
2337.38 3.104088611756974e+37
2345.18 3.0631331722171914e+37
2353.01 3.099799209998859e+37
2360.87 3.049498445077464e+37
2368.75 3.007616759398881e+37
2376.65 2.9934018777686692e+37
2384.59 2.9224839470955745e+37
2392.55 2.954306891604194e+37
2400.53 2.924651943478505e+37
2408.55 2.8833539816510308e+37
2416.59 2.887241533356491e+37
2424.65 2.903137103332429e+37
2432.75 2.8429974139397314e+37
2440.87 2.8482549058434023e+37
2449.01 2.8537953080873574e+37
2457.19 2.821178948299318e+37
2465.39 2.7853682909376854e+37
2473.62 2.7463848691103693e+37
2481.88 2.7655156261056656e+37
2490.16 2.7341809277193347e+37
2498.47 2.715725831504667e+37
