WAVE FLUX
92.1977 0.0
92.5055 0.0
92.8142 0.0
93.124 0.0
93.4349 0.0
93.7467 0.0
94.0596 0.0
94.3736 0.0
94.6886 0.0
95.0046 0.0
95.3217 0.0
95.6399 0.0
95.9591 0.0
96.2794 0.0
96.6008 0.0
96.9232 0.0
97.2467 0.0
97.5713 0.0
97.897 0.0
98.2237 0.0
98.5516 0.0
98.8805 0.0
99.2106 0.0
99.5417 0.0
99.874 3.1421022636464115e+24
100.207 3.940225703414817e+24
100.542 5.932293608174469e+24
100.877 8.9296356163062e+24
101.214 1.3447397941075277e+25
101.552 2.0241406346946764e+25
101.891 3.0525045644148347e+25
102.231 3.750325559506875e+25
102.572 4.194552003207521e+25
102.915 4.691317847409288e+25
103.258 5.246766059359844e+25
103.603 5.868086986203336e+25
103.948 6.569780301383313e+25
104.295 7.370492436638876e+25
104.644 8.28285622552004e+25
104.993 9.312368350503855e+25
105.343 1.047069197356027e+26
105.695 1.176928705908848e+26
106.048 1.320680789494608e+26
106.402 1.4673047207763614e+26
106.757 1.6307989318463936e+26
107.113 1.811626764780811e+26
107.471 2.013393463436691e+26
107.829 2.237815033038005e+26
108.189 2.4940606889554624e+26
108.55 2.789979435505478e+26
108.913 3.120763854680042e+26
109.276 3.490473670816875e+26
109.641 3.9048611565967854e+26
110.007 4.3665933423466255e+26
110.374 4.854212841807723e+26
110.742 5.3957311643239877e+26
111.112 5.997897603229506e+26
111.483 6.669296764790854e+26
111.855 7.41409143212407e+26
112.228 8.238812094201815e+26
112.603 9.154654642778797e+26
112.979 1.0178832658729723e+27
113.356 1.1316247496749621e+27
113.734 1.257771617477366e+27
114.114 1.395588378802812e+27
114.495 1.54080238823456e+27
114.877 1.7010413177927613e+27
115.26 1.877923791422958e+27
115.645 2.073616989999843e+27
116.031 2.2897036754200233e+27
116.418 2.5283148346769346e+27
116.807 2.7915281939646606e+27
117.197 3.0820163963388226e+27
117.588 3.40297484193732e+27
117.981 3.760985850037813e+27
118.374 4.1643602694558067e+27
118.769 4.617156302795528e+27
119.166 5.118288332690421e+27
119.564 5.674130688178907e+27
119.963 6.288665485975468e+27
120.363 6.97487010710167e+27
120.765 7.729696116099942e+27
121.168 8.530016740038997e+27
121.572 9.330555211375454e+27
121.978 1.0214935598407292e+28
122.385 1.1182371509193195e+28
122.794 1.22374586645247e+28
123.204 1.3395960516150477e+28
123.615 1.466232795855792e+28
124.027 1.604643745761616e+28
124.441 1.756335951993184e+28
124.857 1.9217153334562179e+28
125.274 2.019128341529871e+28
125.692 2.075250688539151e+28
126.111 2.1326037942933575e+28
126.532 2.191694858391701e+28
126.954 2.25842100207943e+28
127.378 2.39041563451973e+28
127.803 2.548152312621742e+28
128.23 2.8757760651699514e+28
128.658 3.411297190648956e+28
129.087 4.046089882802888e+28
129.518 4.799618287829879e+28
129.951 5.695291661540878e+28
130.384 6.7521219240431325e+28
130.82 8.009963303334518e+28
131.256 7.848484669933298e+28
131.694 6.710807094208694e+28
132.134 6.209240993139613e+28
132.575 6.727840877340314e+28
133.017 7.319727950563575e+28
133.461 7.968795948895258e+28
133.907 8.664277659207252e+28
134.354 9.20810743758873e+28
134.802 9.70785093393035e+28
135.252 1.0234337488139898e+29
135.704 1.0792295117494757e+29
136.157 1.1376468758326458e+29
136.611 1.1996552840275313e+29
137.067 1.2880587159690306e+29
137.524 1.4669631589526194e+29
137.983 1.6801868623749037e+29
138.444 1.9249202179041923e+29
138.906 2.205266291843444e+29
139.37 2.5267092342525353e+29
139.835 2.8927421053361754e+29
140.302 3.055391800499444e+29
140.77 3.0834444578796306e+29
141.24 3.112231286169423e+29
141.711 3.141285465996491e+29
142.184 3.170102560661455e+29
142.659 3.199638262424094e+29
143.135 3.416851273157805e+29
143.613 4.106202239371943e+29
144.092 4.961528393379407e+29
144.573 5.995249506223977e+29
145.056 7.242629680664334e+29
145.54 8.753010880093596e+29
146.026 1.0579627047944333e+30
146.513 1.2784403834868736e+30
147.002 1.4997526995098077e+30
147.493 1.4758332085367511e+30
147.985 1.411574193089761e+30
148.479 1.3500157123505249e+30
148.974 1.2915990890103812e+30
149.472 1.2353667013219453e+30
149.971 1.1813159186467887e+30
150.471 1.1298786087870041e+30
150.973 1.0936503827411917e+30
151.477 1.1533895388790104e+30
151.983 1.2382521116248866e+30
152.49 1.3292403668271918e+30
152.999 1.4271723366215928e+30
153.51 1.5324186590538497e+30
154.022 1.6449131137061374e+30
154.536 1.7663324224521156e+30
155.052 1.8957048775958116e+30
155.57 2.030320371482868e+30
156.089 2.1749337234675976e+30
156.61 2.3298626478744876e+30
157.133 2.495431929931106e+30
157.657 2.672841931029218e+30
158.183 2.8628143889524284e+30
158.711 3.06650422352103e+30
159.241 3.5043954268330245e+30
159.773 4.2998551707267725e+30
160.306 5.283681787616773e+30
160.841 6.497969471254204e+30
161.378 7.986791305990002e+30
161.916 9.684344339293363e+30
162.457 9.769445079957115e+30
162.999 9.344306936688732e+30
163.543 8.942693957627903e+30
164.089 8.556088026397398e+30
164.637 8.184353924858157e+30
165.186 7.831526386657747e+30
165.738 7.493225313435595e+30
166.291 7.59114061566693e+30
166.846 8.104561017077211e+30
167.403 8.647012263956488e+30
167.962 9.230347355565947e+30
168.522 9.854197155223911e+30
169.085 1.0518023629501942e+31
169.649 1.1225539276062343e+31
170.215 1.1964226748709393e+31
170.783 1.2709829538833528e+31
171.353 1.3505961383147227e+31
171.925 1.4348131635276872e+31
172.499 1.5247694353987109e+31
173.075 1.6227651187237334e+31
173.653 1.7349902394130294e+31
174.232 1.8562297937612586e+31
174.814 1.9863694044445665e+31
175.397 2.125338032980458e+31
175.983 2.2737935238842706e+31
176.57 2.4332038424384178e+31
177.159 2.5880695510322756e+31
177.751 2.7150492227605475e+31
178.344 2.847278360051267e+31
178.939 2.985827392646446e+31
179.537 3.130990657015845e+31
180.136 3.3178833502485803e+31
180.737 3.610110292617938e+31
181.34 3.934900206522078e+31
181.946 4.273558398821518e+31
182.553 4.498051099086652e+31
183.162 4.702417661037065e+31
183.774 4.912759534962989e+31
184.387 5.13275521939114e+31
185.002 5.365956552435561e+31
185.62 5.604858298661811e+31
186.24 5.885982471704249e+31
186.861 6.216220475752446e+31
187.485 6.565955732636169e+31
188.111 6.938633876144399e+31
188.739 7.330407287533799e+31
189.368 7.744709958053508e+31
190.001 8.184765937358013e+31
190.635 8.646855512994126e+31
191.271 9.127144867751236e+31
191.909 9.618342250211727e+31
192.55 1.014148786721723e+32
193.193 1.0689246080354475e+32
193.838 1.1268380174226551e+32
194.485 1.1878560112410164e+32
195.134 1.2519458319682967e+32
195.785 1.3197704987065471e+32
196.438 1.3912908077260421e+32
197.094 1.466460408595809e+32
197.752 1.5459359901348911e+32
198.412 1.627956503055148e+32
199.074 1.7138622432988428e+32
199.739 1.80394385085761e+32
200.405 1.899193899190727e+32
201.074 1.9992011028510736e+32
201.745 2.1045990878055803e+32
202.419 2.2149838074533125e+32
203.094 2.33065892099101e+32
203.772 2.452882627974047e+32
204.453 2.5812513777436605e+32
205.135 2.7167205594845152e+32
205.82 2.8585282110329937e+32
206.507 3.0082681829706337e+32
207.196 3.1658572355044206e+32
207.887 3.330885257014517e+32
208.581 3.505868218851048e+32
209.278 3.6893981842311746e+32
209.976 3.8814191438786395e+32
210.677 4.068877885134755e+32
211.38 4.261495184341567e+32
212.086 4.4624036317242716e+32
212.794 4.674733840361344e+32
213.504 4.895177175725033e+32
214.216 5.126825233607048e+32
214.931 5.369535210718608e+32
215.649 5.6263442678975345e+32
216.369 5.893981805604933e+32
217.091 6.1754690341207706e+32
217.815 6.4706604751553856e+32
218.542 6.779380801978151e+32
219.272 7.104587929513044e+32
220.004 7.443043464004012e+32
220.738 7.788437345366279e+32
221.475 8.149877271260958e+32
222.214 8.524163279918727e+32
222.956 8.920279125691382e+32
223.7 9.331946016252888e+32
224.447 9.765021934605242e+32
225.196 1.0216298436940739e+33
225.947 1.0691609375609214e+33
226.702 1.1187601201615737e+33
227.458 1.1752090589576765e+33
228.188 1.2350048862726722e+33
228.889 1.2954757533843857e+33
229.593 1.3588217612839693e+33
230.298 1.5199296562506064e+33
231.006 1.8430249729714038e+33
231.717 2.2399280793463897e+33
232.429 2.7222729940724417e+33
233.143 3.3088233414491355e+33
233.86 4.113886143124786e+33
234.579 6.759995539014494e+33
235.3 1.2297959380527425e+34
236.024 2.236843921825922e+34
236.774 4.1524004893142795e+34
237.552 7.867734734431987e+34
238.332 1.4909771605442792e+35
239.114 2.8249872785114285e+35
239.9 5.2222015150607955e+35
240.688 6.543155566881542e+35
241.478 7.502972517964704e+35
242.271 8.605375105644287e+35
243.067 9.868535181614015e+35
243.865 1.1316006315539609e+36
244.666 1.2976508185090049e+36
245.47 1.487840574146134e+36
246.276 1.6717984906473955e+36
247.085 1.808790392870366e+36
247.896 1.9561335490233836e+36
248.71 2.115630976858573e+36
249.527 2.287976571877899e+36
250.352 2.4757086205111166e+36
251.187 2.6805336853459873e+36
252.024 2.6481272440549914e+36
252.863 1.54746901666514e+36
253.706 8.413425595829963e+35
254.551 4.573907256054001e+35
255.399 2.4865021304431655e+35
256.25 1.3519146676437276e+35
257.104 1.0042123234879445e+35
257.961 2.2540828267212676e+35
258.82 5.7296236188626126e+35
259.683 1.4950294393269684e+36
260.548 2.2262140832603867e+36
261.416 2.535275900511576e+36
262.287 2.886649621636983e+36
263.161 3.2884411484042353e+36
264.038 3.690109475545834e+36
264.918 3.837199608013213e+36
265.801 3.949970158330442e+36
266.686 4.064516559763883e+36
267.575 4.1833319789520847e+36
268.466 4.30640077733169e+36
269.361 4.3679240061063415e+36
270.258 4.340829924326126e+36
271.159 4.311340491240172e+36
272.062 4.2820149041022187e+36
272.969 4.252821021491532e+36
273.878 4.2188175690748193e+36
274.791 4.113122412062261e+36
275.707 3.9883272461362226e+36
276.625 3.869253339994832e+36
277.547 3.753366252222929e+36
278.472 3.643097428263799e+36
279.4 3.5627637284534995e+36
280.331 3.5242145313407774e+36
281.265 3.4858833549879125e+36
282.202 3.447769257113907e+36
283.142 3.412275998811546e+36
284.086 3.37457336479405e+36
285.032 3.344263330708252e+36
285.982 3.3141074698616905e+36
286.935 3.284116957546266e+36
287.891 3.2542910892702084e+36
288.85 3.224629159593704e+36
289.813 3.1974687899447205e+36
290.778 3.1868574046875937e+36
291.747 3.1832740049852e+36
292.719 3.1796817420276284e+36
293.694 3.1760808138973e+36
294.673 3.1724606505140327e+36
295.655 3.161923516493622e+36
296.64 2.786474196076098e+36
297.628 2.2876641446907702e+36
298.62 1.8794572862279183e+36
299.615 1.5432498010595136e+36
300.613 1.2715419770171354e+36
301.615 1.2476781793735879e+36
302.62 1.377180307225869e+36
303.628 1.5199377342312743e+36
304.64 1.6775971697231223e+36
305.655 1.8517925279866945e+36
306.674 2.043679960425633e+36
307.695 2.2548611099728268e+36
308.721 2.4260098744874075e+36
309.749 2.5828191931719832e+36
310.781 2.7495100877798537e+36
311.817 2.9259780301749836e+36
312.856 3.1143053855581194e+36
313.898 3.314368990556185e+36
314.944 3.52819732847564e+36
315.994 3.7534908854775545e+36
317.047 3.996582445026325e+36
318.103 4.208058802885053e+36
319.163 4.241015823461293e+36
320.226 4.2524523558738175e+36
321.293 4.2658792935569004e+36
322.364 4.2770521234177815e+36
323.438 4.290216296372653e+36
324.516 4.303240290829747e+36
325.597 4.314047122877602e+36
326.682 4.326813686766662e+36
327.77 4.339456010534933e+36
328.862 4.3478209659907534e+36
329.958 4.351950716922019e+36
331.058 4.358057149184481e+36
332.161 4.3620338926942647e+36
333.268 4.367974929701562e+36
334.378 4.3738373873650197e+36
335.492 4.3775793582226844e+36
336.61 4.3832672323739783e+36
337.732 4.388865467678411e+36
338.857 4.388359757828102e+36
339.986 4.3878057707868836e+36
341.119 4.385208007208879e+36
342.255 4.3845784007230804e+36
343.396 4.38190636455816e+36
344.54 4.381190074569589e+36
345.688 4.378458221623378e+36
346.84 4.3776570639053593e+36
347.995 4.3729103595316445e+36
349.155 4.35643215093915e+36
350.318 4.33808231907309e+36
351.486 4.3197924698136893e+36
352.657 4.301587180282321e+36
353.832 4.283453968065948e+36
355.011 4.2634748380093636e+36
356.194 4.2454918384600257e+36
357.381 4.199002970329923e+36
358.571 4.09772047084929e+36
359.766 3.998944998333304e+36
360.965 3.9026665701436836e+36
362.168 3.806983584174885e+36
363.374 3.71565100624452e+36
364.585 3.6248729563002956e+36
365.8 3.5439639401931945e+36
367.019 3.5488894729133225e+36
368.242 3.5814785254167626e+36
369.469 3.613812701076041e+36
370.7 3.6458934840874254e+36
371.935 3.677722355380787e+36
373.174 3.711125337911949e+36
374.418 3.744257245782399e+36
375.665 3.668392737703521e+36
376.917 3.504467651681106e+36
378.173 3.348794338951235e+36
379.433 3.1995013294360045e+36
380.697 3.056529977992329e+36
381.966 2.9198143731216074e+36
383.238 2.789312279492008e+36
384.515 2.666721957552691e+36
385.796 2.6702213186159656e+36
387.082 2.7545764663604464e+36
388.372 2.841850023881268e+36
389.666 2.932010319109209e+36
390.964 3.0232843981575244e+36
392.267 3.1191219465024484e+36
393.574 3.2177521928384635e+36
394.885 3.317420179049067e+36
396.201 3.3992004165128717e+36
397.521 3.4769785627268235e+36
398.846 3.559318646687721e+36
400.174 3.6410861642182964e+36
401.508 3.725648729816307e+36
402.846 3.812993728497716e+36
404.188 3.901406389585422e+36
405.535 3.964000459827816e+36
406.886 3.9859795064500874e+36
408.242 4.009431810912847e+36
409.602 4.0310271735388487e+36
410.967 4.054087058632669e+36
412.336 4.0753034593396365e+36
413.71 4.0946841635236975e+36
415.089 4.0351523263151284e+36
416.472 3.951453660998605e+36
417.859 3.868272010963033e+36
419.252 3.787210585181821e+36
420.649 3.7082694198544444e+36
422.05 3.6507887261670026e+36
423.456 3.691727564877182e+36
424.867 3.748377074677584e+36
426.283 3.806204165696278e+36
427.703 3.865204151123624e+36
429.128 3.923767947396927e+36
430.558 3.9708282323976726e+36
431.993 3.993888648376168e+36
433.432 4.018330184608683e+36
434.877 4.042554189512563e+36
436.326 4.066580464996355e+36
437.779 4.090410315861072e+36
439.238 4.1155764307021366e+36
440.702 4.137438988391324e+36
442.17 4.122162887934453e+36
443.643 4.091594282369746e+36
445.122 4.0627028840920037e+36
446.605 4.0324421608091823e+36
448.093 4.0038565703718304e+36
449.586 3.9754159897040036e+36
451.084 3.954666999110552e+36
452.587 3.974630761634816e+36
454.095 4.000416009913064e+36
455.608 4.025986381992699e+36
457.126 4.0513431724128283e+36
458.649 4.077972191026034e+36
460.177 4.1014211706436866e+36
461.711 4.112863954751461e+36
463.249 4.122725566330739e+36
464.793 4.1324685663124115e+36
466.341 4.1435715532432215e+36
467.895 4.1530926130347485e+36
469.454 4.1639566550606584e+36
471.018 4.1689223241947744e+36
472.588 4.170920669255653e+36
474.163 4.1742977248137523e+36
475.742 4.1761861135562534e+36
477.328 4.1794271630496255e+36
478.918 4.181190121959851e+36
480.514 4.182889182777992e+36
482.115 4.183121333735611e+36
483.721 4.183308706577769e+36
485.333 4.1834431202804364e+36
486.95 4.1835336871046835e+36
488.573 4.1835722767655715e+36
490.201 4.1835679384920593e+36
491.834 4.187674163985153e+36
493.473 4.190322489007801e+36
495.117 4.1942861129205304e+36
496.767 4.198172795543189e+36
498.422 4.201991591214535e+36
500.083 4.201650089918856e+36
501.749 4.179556998603993e+36
503.421 4.154855600501582e+36
505.098 4.130276853259484e+36
506.78 4.1528437318701836e+36
508.468 4.2314528678639304e+36
510.161 4.3108341878367004e+36
511.86 4.3843181568566723e+36
513.565 4.392300743114521e+36
515.276 4.385644137436918e+36
516.992 4.380306230832078e+36
518.713 4.3736488507414956e+36
520.441 4.3617437175833287e+36
522.174 4.340748290038388e+36
523.913 4.3185426973145717e+36
525.658 4.297730265035229e+36
527.409 4.275715921104026e+36
529.165 4.253807074937339e+36
530.928 4.2383994588817335e+36
532.696 4.226888682688199e+36
534.47 4.215406738491188e+36
536.25 4.2039537255561715e+36
538.036 4.192529739901436e+36
539.828 4.181134874340941e+36
541.626 4.168512128017816e+36
543.43 4.1546741067842724e+36
545.24 4.140882088346008e+36
547.056 4.12713606989006e+36
548.878 4.113436045623576e+36
550.706 4.099782006823563e+36
552.54 4.088638461754605e+36
554.38 4.0775245165157497e+36
556.226 4.065216143024701e+36
558.079 4.054158390081278e+36
559.937 4.043137720826238e+36
561.802 4.029715818003996e+36
563.673 4.016339980780136e+36
565.551 4.003003099607783e+36
567.434 3.989719343547058e+36
569.324 3.976474566303689e+36
571.22 3.9632758061452356e+36
573.123 3.950116128625585e+36
575.031 3.9370093194737007e+36
576.946 3.9239415924302816e+36
578.868 3.9109130336903766e+36
580.796 3.897930436825118e+36
582.73 3.8838253274796646e+36
584.671 3.870931742949838e+36
586.618 3.8569233473541025e+36
588.572 3.842961926959002e+36
590.532 3.824442067074829e+36
592.499 3.793359071135878e+36
594.472 3.7624437985709005e+36
596.452 3.7305477229602516e+36
598.438 3.6999633779776545e+36
600.432 3.661594663836876e+36
602.431 3.601975903010552e+36
604.438 3.541578144246624e+36
606.451 3.4826684239646533e+36
608.47 3.4241147244916507e+36
610.497 3.397131952744486e+36
612.53 3.441435539414317e+36
614.57 3.4898378504913624e+36
616.617 3.538983935732486e+36
618.671 3.58996528531441e+36
620.731 3.608764270423614e+36
622.798 3.572735703157505e+36
624.873 3.5369002126285745e+36
626.954 3.502354424057712e+36
629.042 3.466916218140356e+36
631.137 3.4597233299706253e+36
633.239 3.4772699908205006e+36
635.348 3.494662043677946e+36
637.464 3.511900450121431e+36
639.587 3.527921618234368e+36
641.717 3.522577774106033e+36
643.854 3.5108860727214575e+36
645.998 3.4992338079467754e+36
648.15 3.487615585074444e+36
650.309 3.476036840126773e+36
652.474 3.4645028636635344e+36
654.647 3.4540430405547674e+36
656.828 3.4425738768293334e+36
659.015 3.431149388663471e+36
661.21 3.4187293620271945e+36
663.412 3.407381900637916e+36
665.622 3.3950457895952136e+36
667.839 3.383775383830452e+36
670.063 3.3725443257752556e+36
672.294 3.361352575751003e+36
674.533 3.3461575296475056e+36
676.78 3.280721268546198e+36
679.034 3.199641603870755e+36
681.295 3.120065766610511e+36
683.564 3.0419768287784303e+36
685.841 3.016986087775823e+36
688.125 3.073266107172406e+36
690.417 3.1320960278816037e+36
692.716 3.192470207666587e+36
695.023 3.2416314848881044e+36
697.338 3.224035301665753e+36
699.661 3.195814282802649e+36
701.991 3.1687183703936824e+36
704.329 3.1417660470917424e+36
706.675 3.1371170277799773e+36
709.028 3.143031043873257e+36
711.39 3.148866099248402e+36
713.759 3.154631596537869e+36
716.136 3.1574713662908404e+36
718.521 3.1488859200749445e+36
720.914 3.138433516588899e+36
723.315 3.128957000867153e+36
725.724 3.1185706040894675e+36
728.141 3.109153867157984e+36
730.566 3.0988335153651846e+36
732.999 3.0894766280586156e+36
735.44 3.080148145048397e+36
737.89 3.0708439261928596e+36
740.347 3.060652673271384e+36
742.813 3.0514084939311845e+36
745.287 3.042192833776198e+36
747.769 3.0330057055195087e+36
750.259 3.023847119880832e+36
752.758 3.0147130807227944e+36
755.265 2.9911836185416894e+36
757.781 2.909371524666635e+36
760.304 2.8235972275414114e+36
762.837 2.741032079403662e+36
765.377 2.6883456336645944e+36
767.926 2.7361670029623834e+36
770.484 2.792476387331907e+36
773.05 2.850145162053289e+36
775.624 2.8942347898888024e+36
778.208 2.897748491706013e+36
780.799 2.900340905777719e+36
783.4 2.902879116092829e+36
786.009 2.90103975359522e+36
788.627 2.893135920392959e+36
791.253 2.8852552183686506e+36
793.888 2.877394031787811e+36
796.532 2.868697636770422e+36
799.185 2.8600265757191063e+36
801.847 2.852230019846911e+36
804.517 2.843610461467243e+36
807.197 2.835856306993651e+36
809.885 2.828125535408689e+36
812.583 2.8204112011358573e+36
815.289 2.813555455506877e+36
818.004 2.8067141877997104e+36
820.728 2.799887479395223e+36
823.462 2.7930720177752594e+36
826.204 2.7747373142185635e+36
828.956 2.743348862360755e+36
831.717 2.7113201464362913e+36
834.487 2.6827381475519786e+36
837.266 2.6892847598173976e+36
840.054 2.7079168392165e+36
842.852 2.7263933065224767e+36
845.659 2.739082324670577e+36
848.476 2.733198241570556e+36
851.302 2.7273242666304597e+36
854.137 2.72066333801628e+36
856.981 2.7148124791091465e+36
859.836 2.7097575324593475e+36
862.699 2.704710961992533e+36
865.573 2.699663467691663e+36
868.455 2.6946245588321284e+36
871.348 2.6903664307083877e+36
874.25 2.6861088316719794e+36
877.161 2.681075664113553e+36
880.083 2.676815991257466e+36
883.014 2.671786192012952e+36
885.955 2.6667595725227636e+36
888.905 2.6625052334037285e+36
891.866 2.6574828270379422e+36
894.836 2.6532278724183618e+36
897.816 2.646696466932562e+36
900.806 2.6409348147900316e+36
903.806 2.634428788350506e+36
906.817 2.6722333894660017e+36
909.837 2.7411914964518016e+36
911.553 2.7808474348727713e+36
913.273 2.821087526892831e+36
916.322 3.149788218872282e+36
919.38 3.8961825885256857e+36
922.449 4.831696960970998e+36
925.528 6.147165711131528e+36
928.618 8.32927661328602e+36
931.718 1.1385419027208728e+37
934.828 1.5703016823894756e+37
937.948 2.2140484945550014e+37
941.079 3.1566409200464944e+37
944.22 4.493867888921168e+37
947.372 5.5504927716089105e+37
950.534 6.524828447005922e+37
953.707 7.674667081821002e+37
956.891 8.631064903107643e+37
960.085 9.439183356667051e+37
963.29 1.0312507832716416e+38
966.505 9.024249125413395e+37
969.731 6.024939276670278e+37
972.968 4.0454837757746164e+37
976.216 3.834642360399771e+37
979.475 6.109591315499015e+37
982.744 9.886660555423862e+37
986.025 1.3651638967762079e+38
989.316 1.374387141620959e+38
992.618 1.3725589108963416e+38
995.932 1.3843993673397878e+38
999.256 1.4274907871430056e+38
1002.59 1.473677377394122e+38
1005.94 1.4775687909361404e+38
1009.3 1.3889996130499893e+38
1012.67 1.3023500401478464e+38
1016.05 1.0721880286301256e+38
1019.44 6.585386912415052e+37
1022.84 4.0459363251852854e+37
1026.25 3.505707600518424e+37
1029.68 5.215917049174424e+37
1033.12 7.869001156137652e+37
1036.57 1.0627862650497773e+38
1040.03 1.251067872706617e+38
1043.5 1.4752789995885686e+38
1046.98 1.5815802619574885e+38
1050.48 1.5808478152774384e+38
1053.98 1.5781822279444274e+38
1057.5 1.5381611042929952e+38
1061.03 1.4823486690945749e+38
1064.57 1.4352074515548241e+38
1068.13 1.4578340947039479e+38
1071.69 1.5006408563860161e+38
1075.27 1.5260387612181303e+38
1078.86 1.4729968281952812e+38
1082.46 1.4127455448791003e+38
1086.07 1.3898691873380229e+38
1089.7 1.4414736071003473e+38
1093.33 1.4977173719322977e+38
1096.98 1.5070096182683617e+38
1100.65 1.4747658231677302e+38
1104.32 1.4452025564214374e+38
1108.01 1.4342445989357146e+38
1111.7 1.4300964567516573e+38
1115.42 1.4192228056967388e+38
1119.14 1.386519424150401e+38
1122.87 1.351595200816549e+38
1126.62 1.3458876616186174e+38
1130.38 1.375744185905589e+38
1134.16 1.4041772964899495e+38
1137.94 1.3863494724658668e+38
1141.74 1.3525143608869476e+38
1145.55 1.3289963890439271e+38
1149.38 1.3376002865531878e+38
1153.21 1.349099110975465e+38
1157.06 1.3569675874658118e+38
1160.92 1.3612531529425222e+38
1164.8 1.357303299466079e+38
1168.69 1.2921956217613414e+38
1172.59 1.2182189449931684e+38
1176.5 1.1927573780360954e+38
1180.43 1.2378143999256445e+38
1184.37 1.2768127526942007e+38
1188.32 1.2129796165061632e+38
1192.29 1.1238523137678385e+38
1196.27 1.0307546199816599e+38
1200.26 9.240847488937928e+37
1204.27 8.141504661252669e+37
1208.29 5.46708895641903e+37
1212.32 3.369206605048247e+37
1216.37 2.9381700250664455e+37
1220.43 4.662336110384206e+37
1224.5 7.412034145420013e+37
1228.59 9.022221309006323e+37
1232.69 1.0334416629394427e+38
1236.81 1.129090423119886e+38
1240.94 1.1615452301373184e+38
1245.08 1.1894003327672545e+38
1249.23 1.1865391578251924e+38
1253.4 1.1782458344483143e+38
1257.59 1.1569950428738495e+38
1261.79 1.1272426446342378e+38
1266.0 1.1154268586194268e+38
1270.22 1.1454908566765791e+38
1274.46 1.1764057991081444e+38
1278.72 1.1826034784068683e+38
1282.99 1.1818517348792794e+38
1287.27 1.1583519074340997e+38
1291.57 1.1160122470223092e+38
1295.88 1.0823519016848862e+38
1300.2 1.0724717024355776e+38
1304.54 1.0668160546173471e+38
1308.9 1.089791988690787e+38
1313.27 1.1203837334783166e+38
1317.65 1.1223435264369784e+38
1322.05 1.1052178450922646e+38
1326.46 1.0851177714928725e+38
1330.89 1.0584842011675754e+38
1335.33 1.0401778768351567e+38
1339.79 1.0560266121022091e+38
1344.26 1.0742947268406619e+38
1348.75 1.0732424793498485e+38
1353.25 1.0661516229039097e+38
1357.77 1.0510687427925402e+38
1362.3 1.0300807863609091e+38
1366.85 1.016689173777917e+38
1371.41 1.0138051130459905e+38
1375.99 1.012409946074191e+38
1380.58 1.0124962494219954e+38
1385.19 1.0096181353684865e+38
1389.81 9.87155727525985e+37
1394.45 9.64340051999461e+37
1399.11 9.635613711794845e+37
1403.78 9.681163120259763e+37
1408.46 9.66833142660813e+37
1413.16 9.626539544736172e+37
1417.88 9.580087479841515e+37
1422.61 9.529090558730395e+37
1427.36 9.478298819914532e+37
1432.13 9.427712349738475e+37
1436.91 9.410565640543002e+37
1441.7 9.431249146146083e+37
1446.52 9.385702034453122e+37
1451.34 9.302926734900824e+37
1456.19 9.201806599291688e+37
1461.05 9.068674386865773e+37
1465.93 8.954881604305904e+37
1470.82 8.888075874597619e+37
1475.73 8.82620713449733e+37
1480.66 8.75543345077648e+37
1485.6 8.689654187467842e+37
1490.56 8.642466821020277e+37
1495.53 8.581876820562652e+37
1500.53 8.467067229369233e+37
1505.53 8.325885345141851e+37
1510.56 8.108849396229133e+37
1515.6 8.117823552581395e+37
1520.66 8.099766439817895e+37
1525.74 7.992471660730791e+37
1530.83 7.787987268358335e+37
1535.94 7.651253515115814e+37
1541.07 7.71414725146696e+37
1546.21 7.728134901587255e+37
1551.37 7.570764933553196e+37
1556.55 7.453711275008612e+37
1561.75 7.4332530905428e+37
1566.96 7.438954483483393e+37
1572.19 7.474838488991141e+37
1577.44 7.488807742527149e+37
1582.7 7.481127062320253e+37
1587.99 7.486218996856522e+37
1593.29 7.491230101301151e+37
1598.61 7.402412766399375e+37
1603.94 7.263198990235655e+37
1609.3 7.200930110627935e+37
1614.67 7.155897602501275e+37
1620.06 7.077453738937725e+37
1625.47 7.007821543834885e+37
1630.89 7.009581307813923e+37
1636.33 7.002921767163648e+37
1641.8 6.950560282603832e+37
1647.28 6.8613048220885385e+37
1652.78 6.735483235104491e+37
1658.29 6.741844360515906e+37
1663.83 6.829885726723914e+37
1669.38 6.672585457089792e+37
1674.95 6.646330924096839e+37
1680.55 6.7092649972733715e+37
1686.16 6.686942692963753e+37
1691.78 6.584237140973742e+37
1697.43 6.482097128921579e+37
1703.1 6.384557734586759e+37
1708.78 6.291613405496685e+37
1714.49 6.203147735685306e+37
1720.21 6.146898460065955e+37
1725.95 6.118565857590856e+37
1731.71 6.149327670011852e+37
1737.49 6.13278979935239e+37
1743.29 6.049894902068972e+37
1749.11 6.053120534483926e+37
1754.95 6.064015208635951e+37
1760.81 5.893028241442184e+37
1766.69 5.777066056750085e+37
1772.58 5.8308514614688485e+37
1778.5 5.838241094660879e+37
1784.44 5.811175679077611e+37
1790.39 5.8222868543153905e+37
1796.37 5.821856191263791e+37
1802.37 5.783587255168327e+37
1808.38 5.707889506347853e+37
1814.42 5.606332153854678e+37
1820.48 5.58018969091442e+37
1826.55 5.554190287938882e+37
1832.65 5.48740501072626e+37
1838.77 5.369163684861269e+37
1844.9 5.233225529575817e+37
1851.06 5.156957697138646e+37
1857.24 5.1178015445618775e+37
1863.44 5.122696794565675e+37
1869.66 5.171205052039165e+37
1875.9 5.186669757961825e+37
1882.16 5.039188779647012e+37
1888.45 4.907029693241808e+37
1894.75 4.822437985186356e+37
1901.07 4.888781128714216e+37
1907.42 4.9046322790627e+37
1913.79 4.79936433763149e+37
1920.18 4.733750621893742e+37
1926.59 4.703864523840406e+37
1933.02 4.726963183222029e+37
1939.47 4.760391539441029e+37
1945.94 4.755060673053318e+37
1952.44 4.624149632143821e+37
1958.96 4.60180771924989e+37
1965.49 4.659265913107433e+37
1972.06 4.692079736986386e+37
1978.64 4.652388338877942e+37
1985.24 4.537460720447504e+37
1991.87 4.457410708977272e+37
1998.52 4.432358185942036e+37
2005.19 4.448174508716839e+37
2011.88 4.4198461771933115e+37
2018.6 4.415251319772793e+37
2025.34 4.424090482278177e+37
2032.1 4.345712103541479e+37
2038.88 4.297866610688728e+37
2045.69 4.270245911667356e+37
2052.51 4.1863942437245262e+37
2059.37 4.1559177826151826e+37
2066.24 4.171756894334284e+37
2073.14 4.1972832099308253e+37
2080.06 4.121126247351205e+37
2087.0 4.1074220709465007e+37
2093.97 4.031969899422964e+37
2100.96 4.0282776432756376e+37
2107.97 4.027801682936013e+37
2115.01 4.007956300678249e+37
2122.07 4.0074561968548377e+37
2129.15 3.9653495574735e+37
2136.26 3.9043436073728378e+37
2143.39 3.875472699547678e+37
2150.54 3.8720859024269157e+37
2157.72 3.849734640955962e+37
2164.92 3.7929009953788846e+37
2172.15 3.761468981733441e+37
2179.4 3.7302112849540843e+37
2186.68 3.7115650284210824e+37
2193.97 3.7209561295877946e+37
2201.3 3.677635410542012e+37
2208.65 3.622238300617249e+37
2216.02 3.5671764767874133e+37
2223.42 3.515494570779772e+37
2230.84 3.528218415882646e+37
2238.28 3.5256165260866927e+37
2245.76 3.4714282699137395e+37
2253.25 3.42362809406624e+37
2260.77 3.400193335364727e+37
2268.32 3.3948792696240557e+37
2275.89 3.3925623523084675e+37
2283.49 3.3812710946819636e+37
2291.11 3.325448274586079e+37
2298.76 3.2818005259099474e+37
2306.43 3.262030753076864e+37
2314.13 3.2041008608721664e+37
2321.86 2.9940273532478314e+37
2329.61 2.9986804639466735e+37
2337.38 3.10231816315561e+37
2345.18 3.0513539351473312e+37
2353.01 3.067242715922949e+37
2360.87 3.028191087433131e+37
2368.75 2.995122178475472e+37
2376.65 2.9794366870101423e+37
2384.59 2.9181205487956295e+37
2392.55 2.9311784128971403e+37
2400.53 2.9072526761066307e+37
2408.55 2.87495689699187e+37
2416.59 2.868209403866741e+37
2424.65 2.8699074420854847e+37
2432.75 2.8239677738876937e+37
2440.87 2.811783861035093e+37
2449.01 2.807998469163395e+37
2457.19 2.7792540372058835e+37
2465.39 2.744878414130351e+37
2473.62 2.7164781535275854e+37
2481.88 2.720605585090171e+37
2490.16 2.690232154964832e+37
2498.47 2.668748613919978e+37
