WAVE FLUX
92.1977 0.0
92.5055 0.0
92.8142 0.0
93.124 0.0
93.4349 0.0
93.7467 0.0
94.0596 0.0
94.3736 0.0
94.6886 0.0
95.0046 0.0
95.3217 0.0
95.6399 0.0
95.9591 0.0
96.2794 0.0
96.6008 0.0
96.9232 0.0
97.2467 0.0
97.5713 0.0
97.897 0.0
98.2237 0.0
98.5516 0.0
98.8805 0.0
99.2106 0.0
99.5417 0.0
99.874 3.526342190271347e+27
100.207 3.7305690002604577e+27
100.542 4.1461023166498454e+27
100.877 4.6084736869603846e+27
101.214 5.120412427644467e+27
101.552 5.690483288295085e+27
101.891 6.334459075606648e+27
102.231 7.259585027653805e+27
102.572 8.463038263475995e+27
102.915 9.860894183788045e+27
103.258 1.1491734660023997e+28
103.603 1.338920751163027e+28
103.948 1.5655134979238662e+28
104.295 1.8713264479479813e+28
104.644 2.2551555456753266e+28
104.993 2.7178410799181414e+28
105.343 3.2751916883505205e+28
105.695 3.9486990689185614e+28
106.048 4.7729909101579205e+28
106.402 5.779850855632847e+28
106.757 7.014300606785401e+28
107.113 8.51296803866829e+28
107.471 1.0327403941387515e+29
107.829 1.2558993796215746e+29
108.189 1.9057134200425297e+29
108.55 3.5510066912231164e+29
108.913 6.615130562774038e+29
109.276 1.2327828144591245e+30
109.641 2.296880250986104e+30
110.007 4.0781796488905446e+30
110.374 5.224320369571603e+30
110.742 6.430576464555158e+30
111.112 7.913890151899664e+30
111.483 9.742568848791114e+30
111.855 1.1987677226937747e+31
112.228 1.475646796275763e+31
112.603 1.8158288135407118e+31
112.979 2.234922887350912e+31
113.356 2.7505234454773317e+31
113.734 3.3851191503355114e+31
114.114 4.070246063692628e+31
114.495 4.646634963028212e+31
114.877 5.302632549936866e+31
115.26 6.048282403050607e+31
115.645 6.900641663174999e+31
116.031 7.873045209943936e+31
116.418 8.98218097427734e+31
116.807 1.0247990768591003e+32
117.197 1.1690294911378844e+32
117.588 1.3339212479123123e+32
117.981 1.5312673379215198e+32
118.374 1.8192333363845666e+32
118.769 2.1796811225272108e+32
119.166 2.6115218984889436e+32
119.564 3.1290437453932386e+32
119.963 3.75014905476979e+32
120.363 4.492844371150923e+32
120.765 5.382442914360449e+32
121.168 6.2144716257709114e+32
121.572 6.814573948519918e+32
121.978 7.468688320117666e+32
122.385 8.186532335652266e+32
122.794 8.974172627705738e+32
123.204 9.841107980067576e+32
123.615 1.0786528347595716e+33
124.027 1.182307738807698e+33
124.441 1.296312295283958e+33
124.857 1.4232295511154055e+33
125.274 1.6571262029291013e+33
125.692 1.9962684802719896e+33
126.111 2.4045566932007993e+33
126.532 2.8964291214944465e+33
126.954 3.497660252968788e+33
127.378 4.2290467977863383e+33
127.803 5.141496774539994e+33
128.23 5.771425820211072e+33
128.658 6.079536091507364e+33
129.087 6.404933268573407e+33
129.518 6.747385939122042e+33
129.951 7.109917037476098e+33
130.384 7.489226980723071e+33
130.82 7.894529732744805e+33
131.256 8.85303551757722e+33
131.694 1.039075227041276e+34
132.134 1.1861296067426123e+34
132.575 1.2774758130716568e+34
133.017 1.374161572674601e+34
133.461 1.4779950391885646e+34
133.907 1.5895231923461379e+34
134.354 1.698436249203405e+34
134.802 1.8118716703449043e+34
135.252 1.9328504285766927e+34
135.704 2.061599375746225e+34
136.157 2.199276480753683e+34
136.611 2.3457899032800827e+34
137.067 2.501942947532948e+34
137.524 2.6637110124634426e+34
137.983 2.836453300737588e+34
138.444 3.02065549755794e+34
138.906 3.214717899868197e+34
139.37 3.4253944488624865e+34
139.835 3.643591851100823e+34
140.302 3.720616175942935e+34
140.77 3.7112085779955076e+34
141.24 3.701810905775345e+34
141.711 3.692449514427192e+34
142.184 3.683098336987804e+34
142.659 3.673757665156464e+34
143.135 3.734363467604762e+34
143.613 3.9541920266143935e+34
144.092 4.195681721115638e+34
144.573 4.452813502130471e+34
145.056 4.722546784444856e+34
145.54 5.010508945556769e+34
146.026 5.316476402553007e+34
146.513 5.640295946660387e+34
147.002 5.981742850831114e+34
147.493 6.3264936417135865e+34
147.985 6.688633824290454e+34
148.479 7.073551771924125e+34
148.974 7.478256857288375e+34
149.472 7.908017479157666e+34
149.971 8.359889628642672e+34
150.471 8.83918612376995e+34
150.973 9.351086442324606e+34
151.477 9.90350366458849e+34
151.983 1.0493269562081939e+35
152.49 1.1120062057945828e+35
152.999 1.1783423752362108e+35
153.51 1.248296495517147e+35
154.022 1.3229212224146252e+35
154.536 1.4016200068788695e+35
155.052 1.4824669598238187e+35
155.57 1.5549852567015132e+35
156.089 1.6296829790874967e+35
156.61 1.707857275215154e+35
157.133 1.7900012638496165e+35
157.657 1.8758197517723265e+35
158.183 1.966052914356749e+35
158.711 2.0603907426159836e+35
159.241 1.9014099022754076e+35
159.773 1.4973783756858332e+35
160.306 1.1813314203305802e+35
160.841 9.319154955385119e+34
161.378 7.353006838136942e+34
161.916 5.883975299782877e+34
162.457 5.4845436340816e+34
162.999 5.361431248434222e+34
163.543 5.241620245271242e+34
164.089 5.125082170578335e+34
164.637 5.009256223108567e+34
165.186 4.896693219323711e+34
165.738 4.787305001012263e+34
166.291 4.856632912817652e+34
166.846 5.097870172826522e+34
167.403 5.352387919267634e+34
167.962 5.617562584866313e+34
168.522 5.895787753249816e+34
169.085 6.189321502664265e+34
169.649 6.495614790812227e+34
170.215 6.623434731902074e+34
170.783 6.450042526710658e+34
171.353 6.277726580729493e+34
171.925 6.108907334846834e+34
172.499 5.945972938474472e+34
173.075 5.976773900718449e+34
173.653 6.754012259416782e+34
174.232 7.71749221431622e+34
174.814 8.81992921235816e+34
175.397 1.0081392291107492e+35
175.983 1.1519102441744932e+35
176.57 1.316443903606381e+35
177.159 1.3711395657153687e+35
177.751 1.1510081751065457e+35
178.344 9.589844297939678e+34
178.939 7.989817916559269e+34
179.537 6.658066551624768e+34
180.136 6.198469389257366e+34
180.737 7.693486072515837e+34
181.34 9.714210382542801e+34
181.946 1.2140703269021083e+35
182.553 1.365341651979947e+35
183.162 1.5014804188869893e+35
183.774 1.651210288404018e+35
184.387 1.81599116168694e+35
185.002 1.9972375618412356e+35
185.62 2.196340487898215e+35
186.24 2.3730522751473925e+35
186.861 2.49458058421736e+35
187.485 2.6219335509180172e+35
188.111 2.75506176386782e+35
188.739 2.896112612455459e+35
189.368 3.042817137451267e+35
190.001 3.1994552504771414e+35
190.635 3.361596877968398e+35
191.271 3.370037737613252e+35
191.909 3.167645587696113e+35
192.55 2.979540643561512e+35
193.193 2.801287665622371e+35
193.838 2.669360713671525e+35
194.485 3.395810674232766e+35
195.134 4.8673791308444096e+35
195.785 6.974391012053478e+35
196.438 9.994880125512337e+35
197.094 1.4323653723218709e+36
197.752 2.054427377352106e+36
198.412 2.103490455409008e+36
199.074 1.7611818974104703e+36
199.739 1.4743504896667318e+36
200.405 1.2343553370819055e+36
201.074 1.0334667776297476e+36
201.745 8.677957106570782e+35
202.419 8.424544686053412e+35
203.094 8.991899061822498e+35
203.772 9.598322357177575e+35
204.453 1.024339920224464e+36
205.135 1.1619911887543193e+36
205.82 1.55253832825139e+36
206.507 2.103814043146927e+36
207.196 2.8494188614663254e+36
207.887 3.8587988814460456e+36
208.581 5.227226949408976e+36
209.278 7.080570566506052e+36
209.976 9.277000589749652e+36
210.677 9.537053323260733e+36
211.38 9.381069749207748e+36
212.086 9.225989779054986e+36
212.794 9.075772344812942e+36
213.504 8.926467607516979e+36
214.216 8.780017043728234e+36
214.931 8.636356212512953e+36
215.649 8.493529962215767e+36
216.369 8.71962956603754e+36
217.091 9.324422168701149e+36
217.815 9.971055103002994e+36
218.542 1.0662861753644443e+37
219.272 1.1403167481731906e+37
220.004 1.2204780877493458e+37
220.738 1.3108625165040597e+37
221.475 1.4092887851153615e+37
222.214 1.5149292413960698e+37
222.956 1.612180588974492e+37
223.7 1.584826539826186e+37
224.447 1.5325554185582383e+37
225.196 1.4820997890628268e+37
225.947 1.4332587068900913e+37
226.702 1.3872930525026056e+37
227.458 1.4745245150216053e+37
228.188 1.661455799873709e+37
228.889 1.863481625807936e+37
229.593 2.088400322094741e+37
230.298 2.326416841778294e+37
231.006 2.564752339793684e+37
231.717 2.8303847585693544e+37
232.429 3.1212861631362728e+37
233.143 3.442572295680403e+37
233.86 3.7903740988709694e+37
234.579 4.0151510473307496e+37
235.3 4.201308185634536e+37
236.024 4.39687122158863e+37
236.774 4.606582682517322e+37
237.552 4.835465185335983e+37
238.332 5.075056251002329e+37
239.114 5.326990567395617e+37
239.9 5.53026494511964e+37
240.688 5.09814799979151e+37
241.478 4.553130536506815e+37
242.271 4.0666890444225254e+37
243.067 3.6331260708342605e+37
243.865 3.2451118786331764e+37
244.666 2.898758936647359e+37
245.47 2.5886348967733323e+37
246.276 2.691914869255517e+37
247.085 3.6247107702341104e+37
247.896 4.923090276426428e+37
248.71 6.687357982662996e+37
249.527 9.083326686059998e+37
250.352 1.2367621942525e+38
251.187 1.6881283061221067e+38
252.024 2.3128437017137498e+38
252.863 3.1411605762947244e+38
253.706 4.287688785874348e+38
254.551 5.850810986546059e+38
255.399 7.983046165226369e+38
256.25 1.089507250642878e+39
257.104 1.2427074512657875e+39
257.961 6.906583539982767e+38
258.82 3.607068139931664e+38
259.683 1.928443899501695e+38
260.548 1.8148571704712934e+38
261.416 2.4946901416369064e+38
262.287 3.428987649043768e+38
263.161 4.711882687618778e+38
264.038 6.1158392026391176e+38
264.918 5.912959158374325e+38
265.801 5.493320241191633e+38
266.686 5.1030005969415866e+38
267.575 4.74012464341722e+38
268.466 4.4029157823412695e+38
269.361 4.779907033820789e+38
270.258 6.413249053031656e+38
271.159 8.652254875238523e+38
272.062 1.1673263249152919e+39
272.969 1.5747853435683266e+39
273.878 2.0536702606342752e+39
274.791 1.8071147712878355e+39
275.707 1.431364939854741e+39
276.625 1.1337599277566308e+39
277.547 8.98051188401056e+38
278.472 7.113593468935832e+38
279.4 6.349837480530354e+38
280.331 6.620308963562111e+38
281.265 6.909678873672277e+38
282.202 7.210364983466203e+38
283.142 7.5237201484196e+38
284.086 7.575131684923084e+38
285.032 6.529078275802736e+38
285.982 5.533628620306649e+38
286.935 4.690057992672092e+38
287.891 3.975165223346503e+38
288.85 3.3689368626654266e+38
289.813 2.899083249137701e+38
290.778 3.1120361598632053e+38
291.747 3.6051309451392276e+38
292.719 4.176182387024491e+38
293.694 4.837189966611429e+38
294.673 5.6027957058738146e+38
295.655 6.4578744684110315e+38
296.64 5.370517780896758e+38
297.628 3.70631250598128e+38
298.62 2.560117364180516e+38
299.615 1.7696234262306654e+38
300.613 1.2359410249163074e+38
301.615 1.2738318203748163e+38
302.62 1.7113834325468172e+38
303.628 2.2795495876337537e+38
304.64 3.0657924990627195e+38
305.655 4.120978772305312e+38
306.674 5.541631994379126e+38
307.695 7.429808178515461e+38
308.721 8.141178820924722e+38
309.749 8.146484802136675e+38
310.781 8.150312095343803e+38
311.817 8.155349969041381e+38
312.856 8.160279611848459e+38
313.898 8.165104003401763e+38
314.944 8.169798268119118e+38
315.994 8.174364575756542e+38
317.047 8.180145949378742e+38
318.103 8.37325190718206e+38
319.163 9.395826403417688e+38
320.226 1.0655022973671527e+39
321.293 1.2084835416722422e+39
322.364 1.371067920961134e+39
323.438 1.5547355557723287e+39
324.516 1.7628643185474577e+39
325.597 1.9990517348949948e+39
326.682 2.266835015441467e+39
327.77 2.5480901695292994e+39
328.862 2.457247624580285e+39
329.958 2.2431473052747505e+39
331.058 2.0493363962370077e+39
332.161 1.870605651749457e+39
333.268 1.7080568647502122e+39
334.378 1.5602940296231876e+39
335.492 1.4246852918936292e+39
336.61 1.3011164254078275e+39
337.732 1.1945348202879759e+39
338.857 1.2156424990722668e+39
339.986 1.28848443310084e+39
341.119 1.3662221778806843e+39
342.255 1.448323026415152e+39
343.396 1.5359493906998493e+39
344.54 1.6290557679866686e+39
345.688 1.7263757799564026e+39
346.84 1.8302708494500982e+39
347.995 1.8556181296715512e+39
349.155 1.418671944462078e+39
350.318 1.0359488600940255e+39
351.486 7.568601496499532e+38
352.657 5.533232038430937e+38
353.832 4.011148627747673e+38
355.011 2.925559280791244e+38
356.194 2.133918605859835e+38
357.381 1.898165978521177e+38
358.571 2.4500029902536108e+38
359.766 3.1986412655526766e+38
360.965 4.175603720926512e+38
362.168 5.452269401571633e+38
363.374 7.118579507021516e+38
364.585 9.294085121296055e+38
365.8 1.2002167761893057e+39
367.019 1.3086964423714216e+39
368.242 1.3586979384950387e+39
369.469 1.4106094608846425e+39
370.7 1.4644116382586616e+39
371.935 1.520083277220887e+39
373.174 1.5787214703659097e+39
374.418 1.639176861023771e+39
375.665 1.671471444608493e+39
376.917 1.6791936253478448e+39
378.173 1.686846837865978e+39
379.433 1.6944315272158264e+39
380.697 1.7030433385125695e+39
381.966 1.710484190028962e+39
383.238 1.7178623229355022e+39
384.515 1.724084887847788e+39
385.796 1.5724624114221493e+39
387.082 1.3496559404146465e+39
388.372 1.1583735736295166e+39
389.666 9.941346680379309e+38
390.964 8.532631249044226e+38
392.267 7.323407125623188e+38
393.574 6.28527073665732e+38
394.885 5.53903397583649e+38
396.201 6.132050954421085e+38
397.521 7.160543129695973e+38
398.846 8.36192838326423e+38
400.174 9.765749980590085e+38
401.508 1.1402074248345517e+39
402.846 1.3320333813466769e+39
404.188 1.5555839179046408e+39
405.535 1.7745466714607267e+39
406.886 1.955152302432654e+39
408.242 2.1549625976251336e+39
409.602 2.373785303742518e+39
410.967 2.6154770702066758e+39
412.336 2.8828424766697074e+39
413.71 3.1363066630933174e+39
415.089 2.746201323584725e+39
416.472 2.2255070700165613e+39
417.859 1.8040323035188087e+39
419.252 1.4619020229436177e+39
420.649 1.1844698124106544e+39
422.05 9.987658204789474e+38
423.456 1.030896205808586e+39
424.867 1.0951858365674736e+39
426.283 1.1649048320769591e+39
427.703 1.2380500535095814e+39
429.128 1.3165255846901138e+39
430.558 1.3024700886968395e+39
431.993 1.1543360794980525e+39
433.432 1.0235269406703482e+39
434.877 9.064186076474306e+38
436.326 8.030746209941096e+38
437.779 7.114563022662594e+38
439.238 6.3030788614698634e+38
440.702 5.679501125511871e+38
442.17 6.686584308115605e+38
443.643 8.646465706034779e+38
445.122 1.118428592692911e+39
446.605 1.4461375753825918e+39
448.093 1.8693581519120596e+39
449.586 2.417729944215399e+39
451.084 2.96891086746776e+39
452.587 2.832845289911689e+39
454.095 2.6150150428149552e+39
455.608 2.4141582242360018e+39
457.126 2.2292008881447257e+39
458.649 2.057264107997339e+39
460.177 1.9598353652064615e+39
461.711 2.1023322927669354e+39
463.249 2.2843688472014553e+39
464.793 2.480419922604896e+39
466.341 2.694820864210835e+39
467.895 2.92648066169814e+39
469.454 3.173449816198065e+39
471.018 3.063788634459502e+39
472.588 2.769546163233215e+39
474.163 2.503608979825379e+39
475.742 2.2630804390290208e+39
477.328 2.0450819591869503e+39
478.918 1.8485409759200705e+39
480.514 1.753071691971514e+39
482.115 1.8216749803544054e+39
483.721 1.8967092078794133e+39
485.333 1.9755282974006243e+39
486.95 2.057242026142087e+39
488.573 2.1418169896712076e+39
490.201 2.243688464272029e+39
491.834 2.3965945454686952e+39
493.473 2.5662247690011334e+39
495.117 2.7482091581234296e+39
496.767 2.9424178182133717e+39
498.422 3.151245751948623e+39
500.083 3.306176195922567e+39
501.749 3.135195868900583e+39
503.421 2.9330852104149386e+39
505.098 2.740554440631927e+39
506.78 2.784936417965851e+39
508.468 3.110249379838068e+39
510.161 3.4750451822133657e+39
511.86 3.848797600038671e+39
513.565 3.9472441525487214e+39
515.276 3.978640960515141e+39
516.992 4.010597647215238e+39
518.713 4.043107729008346e+39
520.441 4.0192688983852067e+39
522.174 3.8638018648460303e+39
523.913 3.708525061620655e+39
525.658 3.559787336813266e+39
527.409 3.4175288640615303e+39
529.165 3.280120521119466e+39
530.928 2.7163733574341898e+39
532.696 1.9700543373657414e+39
534.47 1.4283658127143848e+39
536.25 1.0356461016507974e+39
538.036 7.509083247715788e+38
539.828 5.499967123463003e+38
541.626 4.250807725044931e+38
543.43 3.344397480625858e+38
545.24 2.631308000853916e+38
547.056 2.0700118810662295e+38
548.878 1.6286359241503536e+38
550.706 1.782978784767902e+38
552.54 3.094574088377515e+38
554.38 5.4699167405848614e+38
556.226 9.66970015332472e+38
558.079 1.7086180991777775e+39
559.937 2.8533879061171776e+39
561.802 3.077692604736114e+39
563.673 3.07635313313279e+39
565.551 3.07498447746022e+39
567.434 3.074332597271964e+39
569.324 3.0707178819090836e+39
571.22 2.938630233931193e+39
573.123 2.74263573330721e+39
575.031 2.560242642928617e+39
576.946 2.389142683954524e+39
578.868 2.229953539392311e+39
580.796 2.251984033267062e+39
582.73 2.5335702723071292e+39
584.671 2.8546208920061144e+39
586.618 3.2161596802371453e+39
588.572 3.6241431405109e+39
590.532 3.8281635264970024e+39
592.499 3.489642125942229e+39
594.472 3.163148218315159e+39
596.452 2.8681405028673e+39
598.438 2.6001408665108164e+39
600.432 2.4922065522868636e+39
602.431 2.779462360827225e+39
604.438 3.12823912550471e+39
606.451 3.520736151845599e+39
608.47 3.962674998626441e+39
610.497 4.113426878275706e+39
612.53 3.4830727364046534e+39
614.57 2.922663965313324e+39
616.617 2.4531630151439272e+39
618.671 2.0588569985057847e+39
620.731 1.8377544961315814e+39
622.798 1.8236219179257953e+39
624.873 1.8128934573671306e+39
626.954 1.8022235770312883e+39
629.042 1.792264766561161e+39
631.137 1.894657226367616e+39
633.239 2.1102577312160713e+39
635.348 2.3513118464961833e+39
637.464 2.6188671200977363e+39
639.587 2.9048290502279974e+39
641.717 2.9984940738858164e+39
643.854 3.0222157066528743e+39
645.998 3.04574737648663e+39
648.15 3.0703720277962654e+39
650.309 3.0640255320607975e+39
652.474 2.9528944137889135e+39
654.647 2.8373684544904054e+39
656.828 2.725747624760837e+39
659.015 2.4446528399142865e+39
661.21 2.0165762578375722e+39
663.412 1.6661046699806426e+39
665.622 1.5377999722566105e+39
667.839 1.8061443265895468e+39
670.063 2.1411378221373602e+39
672.294 2.5390076720380452e+39
674.533 2.987987038238077e+39
676.78 3.055074761686326e+39
679.034 2.976163428712112e+39
681.295 2.898968429783231e+39
683.564 2.8240809254958004e+39
685.841 2.7721501305314404e+39
688.125 2.755072122370866e+39
690.417 2.7386792746477484e+39
692.716 2.7223673902200466e+39
695.023 2.6869356353264325e+39
697.338 2.5440852634012612e+39
699.661 2.3926180593184832e+39
701.991 2.2504461190458022e+39
704.329 2.1239901004513225e+39
706.675 2.2148795379341538e+39
709.028 2.4192255991176112e+39
711.39 2.642113842140451e+39
713.759 2.885696419571227e+39
716.136 3.1049263380120414e+39
718.521 3.1102875568365714e+39
720.914 3.086082870149601e+39
723.315 3.062580905529594e+39
725.724 3.028859641661228e+39
728.141 2.9014205615288166e+39
730.566 2.755960941418601e+39
732.999 2.6182610770149856e+39
735.44 2.5063900965422566e+39
737.89 2.4579500245648778e+39
740.347 2.414313138899778e+39
742.813 2.3714975104640484e+39
745.287 2.2315982575424832e+39
747.769 1.7641879215594973e+39
750.259 1.37265684386075e+39
752.758 1.0678947009991878e+39
755.265 8.98736320606706e+38
757.781 1.0349562392914412e+39
760.304 1.2333283290976304e+39
762.837 1.4691756688666425e+39
765.377 1.7181546762591126e+39
767.926 1.8802213935004636e+39
770.484 2.047685634023578e+39
773.05 2.2296597253637356e+39
775.624 2.0669070634279517e+39
778.208 1.2354936129542676e+39
780.799 7.294410925396363e+38
783.4 4.3052003822011554e+38
786.009 3.908987598578123e+38
788.627 6.592872953085122e+38
791.253 1.1329241966628439e+39
793.888 1.9668399895186102e+39
796.532 2.4329828220454962e+39
799.185 2.4134292966659022e+39
801.847 2.3944983509574096e+39
804.517 2.3761874041704275e+39
807.197 2.3667494767750163e+39
809.885 2.359924913699023e+39
812.583 2.3536297770201792e+39
815.289 2.3427507925993477e+39
818.004 2.3145883081614803e+39
820.728 2.2855712272833833e+39
823.462 2.2562125900429902e+39
826.204 2.1084350194649023e+39
828.956 1.8338570455770022e+39
831.717 1.5956693156094013e+39
834.487 1.407008568040724e+39
837.266 1.4964596554800615e+39
840.054 1.6939977365020998e+39
842.852 1.9169195932321697e+39
845.659 2.0984080320670597e+39
848.476 2.1066794089889512e+39
851.302 2.1060584278463914e+39
854.137 2.1039555577000402e+39
856.981 2.0619501915076816e+39
859.836 2.001771348430958e+39
862.699 1.9429402762175167e+39
865.573 1.9013347243716763e+39
868.455 1.903677056891742e+39
871.348 1.90933063127295e+39
874.25 1.9154052752661067e+39
877.161 1.9380580277460327e+39
880.083 1.9685919034463415e+39
883.014 1.99937729620162e+39
885.955 2.0228789745821094e+39
888.905 2.0302589746844627e+39
891.866 2.0380349923098932e+39
894.836 2.037820817028087e+39
897.816 1.9795391168122487e+39
900.806 1.9114423553744478e+39
903.806 1.8465474873345767e+39
906.817 1.811031023515654e+39
909.837 1.7959001786110018e+39
911.553 1.787058083919652e+39
913.273 1.7955509415479955e+39
916.322 1.7039424297461785e+39
919.38 1.5263431184636397e+39
922.449 1.367492299528397e+39
925.528 1.351171699736139e+39
928.618 1.8041191463269214e+39
931.718 2.472853795694055e+39
934.828 3.324913919865638e+39
937.948 3.7653887018933476e+39
941.079 4.129411919630758e+39
944.22 4.5028609203809637e+39
947.372 4.3377384857621833e+39
950.534 3.973626165048519e+39
953.707 3.6425212144546335e+39
956.891 3.469116089663016e+39
960.085 3.3962698333025276e+39
963.29 3.3247401185030763e+39
966.505 3.242863733227312e+39
969.731 3.149023351640656e+39
972.968 3.0579093111840157e+39
976.216 2.9759228278861265e+39
979.475 2.906784584076087e+39
982.744 2.83934710994096e+39
986.025 2.7926207091148915e+39
989.316 2.78368436798391e+39
992.618 2.7760432894883756e+39
995.932 2.7742816275774776e+39
999.256 2.784186313726744e+39
1002.59 2.794828730768521e+39
1005.94 2.8443151942305503e+39
1009.3 2.981021419832893e+39
1012.67 3.1283220378774495e+39
1016.05 3.193356984217413e+39
1019.44 3.084521070126391e+39
1022.84 2.9747486994737954e+39
1026.25 2.904711323501928e+39
1029.68 2.8933184734180155e+39
1033.12 2.883224426400415e+39
1036.57 2.9085741161111565e+39
1040.03 2.97740467564951e+39
1043.5 3.047755391442253e+39
1046.98 3.064246923369415e+39
1050.48 3.038502570302933e+39
1053.98 3.012533557908518e+39
1057.5 2.965385435575786e+39
1061.03 2.9094885912114654e+39
1064.57 2.857068894505952e+39
1068.13 2.834610401140782e+39
1071.69 2.820082112263587e+39
1075.27 2.7881527311425487e+39
1078.86 2.6818183349499758e+39
1082.46 2.5707750839754767e+39
1086.07 2.5280110030045282e+39
1089.7 2.6209342218934616e+39
1093.33 2.722373725789226e+39
1096.98 2.746732211228134e+39
1100.65 2.7049463375350438e+39
1104.32 2.664076271164517e+39
1108.01 2.6295594730560042e+39
1111.7 2.5975146007745737e+39
1115.42 2.562252311605268e+39
1119.14 2.5126910888519514e+39
1122.87 2.4623260779016935e+39
1126.62 2.4477758269648775e+39
1130.38 2.4786728571011527e+39
1134.16 2.50785014028103e+39
1137.94 2.4950643061431478e+39
1141.74 2.4666178573276553e+39
1145.55 2.4365167990847485e+39
1149.38 2.399685899821429e+39
1153.21 2.3627344446463842e+39
1157.06 2.3281531209655382e+39
1160.92 2.295936254073274e+39
1164.8 2.2524396424574786e+39
1168.69 2.1232304529779278e+39
1172.59 1.985268071364589e+39
1176.5 1.9477854950141354e+39
1180.43 2.057099770253086e+39
1184.37 2.162148409241369e+39
1188.32 2.1078934190868942e+39
1192.29 2.0095492747944984e+39
1196.27 1.9526231681132326e+39
1200.26 1.9686511232074963e+39
1204.27 1.9838563561741076e+39
1208.29 1.957538591230033e+39
1212.32 1.918307715946539e+39
1216.37 1.929478533826668e+39
1220.43 1.9424302370801932e+39
1224.5 1.9587804721670884e+39
1228.59 1.7600432917309244e+39
1232.69 1.536101259933982e+39
1236.81 1.5531324009484413e+39
1240.94 1.8780038642399496e+39
1245.08 2.195512746625223e+39
1249.23 2.101512368428746e+39
1253.4 1.9533646151033564e+39
1257.59 1.9130704901842626e+39
1261.79 1.9379342139621685e+39
1266.0 1.956485154460592e+39
1270.22 1.9582976620150847e+39
1274.46 1.9582274768515742e+39
1278.72 1.9500734219468277e+39
1282.99 1.940138402905169e+39
1287.27 1.91933913001873e+39
1291.57 1.8893835502509664e+39
1295.88 1.8648606157076155e+39
1300.2 1.8534329284199622e+39
1304.54 1.8440357277785552e+39
1308.9 1.846606575224684e+39
1313.27 1.8514968267575438e+39
1317.65 1.8415452525947547e+39
1322.05 1.8220411107384313e+39
1326.46 1.8027536538982158e+39
1330.89 1.7844097890869383e+39
1335.33 1.7682039583011957e+39
1339.79 1.7606373471058988e+39
1344.26 1.753312301869942e+39
1348.75 1.7390798142772606e+39
1353.25 1.7226672393685315e+39
1357.77 1.7038202856187268e+39
1362.3 1.6834332641706036e+39
1366.85 1.665231413854455e+39
1371.41 1.6497832752678558e+39
1375.99 1.634645589201746e+39
1380.58 1.6198620492675936e+39
1385.19 1.5984551989773278e+39
1389.81 1.5423518886743585e+39
1394.45 1.4861757227758836e+39
1399.11 1.458937615378323e+39
1403.78 1.4401171659697095e+39
1408.46 1.4601779372285374e+39
1413.16 1.497128759402051e+39
1417.88 1.498789322221757e+39
1422.61 1.4772468843946237e+39
1427.36 1.465730834787877e+39
1432.13 1.46411534465374e+39
1436.91 1.4587015855425428e+39
1441.7 1.447490685045543e+39
1446.52 1.4348786658767736e+39
1451.34 1.4174037966201836e+39
1456.19 1.3994040582509937e+39
1461.05 1.3832201409786787e+39
1465.93 1.368802961719737e+39
1470.82 1.3598231656448873e+39
1475.73 1.3512009784120635e+39
1480.66 1.3417793601876544e+39
1485.6 1.3312425603042979e+39
1490.56 1.3179706862714403e+39
1495.53 1.3038994692010058e+39
1500.53 1.2884810797316477e+39
1505.53 1.2720419736048741e+39
1510.56 1.2515345770378309e+39
1515.6 1.2424260273745026e+39
1520.66 1.2327881156159233e+39
1525.74 1.2168918120700512e+39
1530.83 1.1888332290856367e+39
1535.94 1.1595655796557665e+39
1541.07 1.128873876434728e+39
1546.21 1.1050925210327509e+39
1551.37 1.0984056793370376e+39
1556.55 1.096815085399095e+39
1561.75 1.1052300377214148e+39
1566.96 1.1103095013953416e+39
1572.19 1.1095066454346948e+39
1577.44 1.1057870520993721e+39
1582.7 1.0983717589263057e+39
1587.99 1.0896949735399044e+39
1593.29 1.0804896628537061e+39
1598.61 1.0682302841070887e+39
1603.94 1.0549984489925053e+39
1609.3 1.0425721862947041e+39
1614.67 1.0312806977309656e+39
1620.06 1.0231150329376392e+39
1625.47 1.0160410335291562e+39
1630.89 1.0112801889876327e+39
1636.33 1.0052718920615963e+39
1641.8 9.964854819624942e+38
1647.28 9.882370752256637e+38
1652.78 9.802565742127512e+38
1658.29 9.728172970640354e+38
1663.83 9.646399932685542e+38
1669.38 9.475064638284696e+38
1674.95 9.506509965032347e+38
1680.55 9.515285072082899e+38
1686.16 9.385220100226616e+38
1691.78 9.26113403636762e+38
1697.43 9.152197011874364e+38
1703.1 9.056167566180516e+38
1708.78 8.938907514089434e+38
1714.49 8.814859052250502e+38
1720.21 8.705964696053761e+38
1725.95 8.619520577011347e+38
1731.71 8.59394141928429e+38
1737.49 8.544235508873409e+38
1743.29 8.461151054305253e+38
1749.11 8.38578518513388e+38
1754.95 8.315405024441513e+38
1760.81 8.224044415988693e+38
1766.69 8.126223484589926e+38
1772.58 8.021829253531314e+38
1778.5 7.950847906847354e+38
1784.44 7.905902774616402e+38
1790.39 7.840504065501445e+38
1796.37 7.775293037244581e+38
1802.37 7.71271978389845e+38
1808.38 7.615801802662601e+38
1814.42 7.499015066347076e+38
1820.48 7.430876052300847e+38
1826.55 7.369967193133145e+38
1832.65 7.298197212263853e+38
1838.77 7.197244979051625e+38
1844.9 7.083179999910286e+38
1851.06 7.02379365058217e+38
1857.24 6.973656253916779e+38
1863.44 6.923583758789065e+38
1869.66 6.87163122470907e+38
1875.9 6.804540042146979e+38
1882.16 6.684441737012963e+38
1888.45 6.582906995583422e+38
1894.75 6.50381448741455e+38
1901.07 6.480382861153004e+38
1907.42 6.437005427667874e+38
1913.79 6.34840248664526e+38
1920.18 6.247181118090334e+38
1926.59 6.174712033482284e+38
1933.02 6.171646995129951e+38
1939.47 6.145108044904619e+38
1945.94 6.086316133205937e+38
1952.44 5.957662228113247e+38
1958.96 5.901780355456154e+38
1965.49 5.8972339937834386e+38
1972.06 5.8778141614222455e+38
1978.64 5.8228507093889285e+38
1985.24 5.7303389464285864e+38
1991.87 5.6613116279773135e+38
1998.52 5.615694186025792e+38
2005.19 5.585161369144927e+38
2011.88 5.533911876687687e+38
2018.6 5.491311611111324e+38
2025.34 5.4468453802018505e+38
2032.1 5.357539327409308e+38
2038.88 5.291291410958255e+38
2045.69 5.233713537136796e+38
2052.51 5.123715853900099e+38
2059.37 5.097255593208288e+38
2066.24 5.1297729381768045e+38
2073.14 5.169992422097398e+38
2080.06 5.091700637966929e+38
2087.0 5.049967998790784e+38
2093.97 4.9746498240782114e+38
2100.96 4.937415298223899e+38
2107.97 4.906592716496857e+38
2115.01 4.874163237058645e+38
2122.07 4.828001057945304e+38
2129.15 4.7785140616538374e+38
2136.26 4.725374689621765e+38
2143.39 4.666805953850348e+38
2150.54 4.633778586978064e+38
2157.72 4.595444033813667e+38
2164.92 4.540032266783752e+38
2172.15 4.502145175785844e+38
2179.4 4.455224595899682e+38
2186.68 4.408428293116861e+38
2193.97 4.3832373983359804e+38
2201.3 4.341150637484686e+38
2208.65 4.2918113903245204e+38
2216.02 4.239219458363765e+38
2223.42 4.194310847758926e+38
2230.84 4.157344143884268e+38
2238.28 4.118777882085173e+38
2245.76 4.076839237041603e+38
2253.25 4.02781156993634e+38
2260.77 3.995524076272521e+38
2268.32 3.9636685954404784e+38
2275.89 3.92668769724537e+38
2283.49 3.886195676412936e+38
2291.11 3.822349986664852e+38
2298.76 3.7788702277077785e+38
2306.43 3.759195446412123e+38
2314.13 3.716402045521013e+38
2321.86 3.641484649647616e+38
2329.61 3.6118845780020505e+38
2337.38 3.607637336195282e+38
2345.18 3.578393171769233e+38
2353.01 3.545860063749042e+38
2360.87 3.508238642726128e+38
2368.75 3.4710019896643955e+38
2376.65 3.432205762507854e+38
2384.59 3.3901979328584267e+38
2392.55 3.3659742640905993e+38
2400.53 3.3382861185834755e+38
2408.55 3.309259992352912e+38
2416.59 3.2804309860075232e+38
2424.65 3.2553581305028694e+38
2432.75 3.2200118728812717e+38
2440.87 3.19192788108947e+38
2449.01 3.1656042177743626e+38
2457.19 3.1360619244691955e+38
2465.39 3.1067797015479895e+38
2473.62 3.0761608982216938e+38
2481.88 3.0439578507047143e+38
2490.16 2.945154292065598e+38
2498.47 2.9003107916383593e+38
