WAVE FLUX
92.1977 0.0
92.5055 0.0
92.8142 0.0
93.124 0.0
93.4349 0.0
93.7467 0.0
94.0596 0.0
94.3736 0.0
94.6886 0.0
95.0046 0.0
95.3217 0.0
95.6399 0.0
95.9591 0.0
96.2794 0.0
96.6008 0.0
96.9232 0.0
97.2467 0.0
97.5713 0.0
97.897 0.0
98.2237 0.0
98.5516 0.0
98.8805 0.0
99.2106 0.0
99.5417 0.0
99.874 1.80959804596728e+16
100.207 1.8041548358566652e+16
100.542 1.8043959337189292e+16
100.877 1.8043521724711484e+16
101.214 1.8042730475702516e+16
101.552 1.8044580566414764e+16
101.891 1.80434368788665e+16
102.231 1.804491935261696e+16
102.572 1.804343028976152e+16
102.915 1.8044376961514028e+16
103.258 1.804531734400254e+16
103.603 1.8045903126548576e+16
103.948 1.8046485020708524e+16
104.295 1.8046716987826908e+16
104.644 1.8046602495682556e+16
104.993 1.8046488764689104e+16
105.343 1.8048916967929184e+16
105.695 1.804828405757474e+16
106.048 1.806634637673039e+16
106.402 1.8151256243987292e+16
106.757 1.8243461872216876e+16
107.113 1.833488513356715e+16
107.471 1.84253598043314e+16
107.829 1.852053361979012e+16
108.189 1.8789048477976416e+16
108.55 1.9226709717631156e+16
108.913 1.9674226435391108e+16
109.276 2.013184429802023e+16
109.641 2.0601693372695864e+16
110.007 2.1429283975557616e+16
110.374 2.4335210342809292e+16
110.742 2.8021507474788944e+16
111.112 3.2274297177504812e+16
111.483 3.716493588329812e+16
111.855 4.281467432379282e+16
112.228 4.931765633323461e+16
112.603 5.679160644878994e+16
112.979 6.540407785750627e+16
113.356 7.534517313947606e+16
113.734 8.677728384808493e+16
114.114 1.0374090616402642e+17
114.495 1.3264496825166024e+17
114.877 1.70385062811451e+17
115.26 2.1885563944885427e+17
115.645 2.8118324221480112e+17
116.031 3.610222494134063e+17
116.418 4.638907393849874e+17
116.807 5.959124332693612e+17
117.197 7.655740180623745e+17
117.588 9.831887655740236e+17
117.981 1.267639250818644e+18
118.374 1.632997464633581e+18
118.769 2.1121073207445353e+18
119.166 2.731149005770663e+18
119.564 3.532222323310838e+18
119.963 4.5685177607689247e+18
120.363 5.911264277971836e+18
120.765 7.644866485943002e+18
121.168 9.84796696902171e+18
121.572 1.2504090366488525e+19
121.978 1.5917761219711482e+19
122.385 2.02635498414761e+19
122.794 2.5806459877860127e+19
123.204 3.284070548554578e+19
123.615 4.181589787895992e+19
124.027 5.321937546200772e+19
124.441 6.77609911611417e+19
124.857 8.64615647022335e+19
125.274 1.0861816944045046e+20
125.692 1.3594635888230382e+20
126.111 1.701613805810288e+20
126.532 2.1297636243596778e+20
126.954 2.673893371961196e+20
127.378 3.3693764813749584e+20
127.803 4.2748499236520355e+20
128.23 5.390390884938273e+20
128.658 6.802745661925053e+20
129.087 8.584190169090773e+20
129.518 1.0832417646572264e+21
129.951 1.3670212794121669e+21
130.384 1.7251816038520135e+21
130.82 2.182271836066113e+21
131.256 2.749528458886226e+21
131.694 3.4737565355420853e+21
132.134 4.394233749223921e+21
132.575 5.524093293021421e+21
133.017 6.95789440576114e+21
133.461 8.763173382836545e+21
133.907 1.1062053310512557e+22
134.354 1.3849618990133997e+22
134.802 1.7354115748598664e+22
135.252 2.1739307932969186e+22
135.704 2.724680997509077e+22
136.157 3.4144567423403276e+22
136.611 4.2795095046672085e+22
137.067 5.370157063843268e+22
137.524 6.682078625435812e+22
137.983 8.328955098130461e+22
138.444 1.0383749839270261e+23
138.906 1.2945259629944263e+23
139.37 1.613949065239387e+23
139.835 2.016244897768339e+23
140.302 2.500970364719103e+23
140.77 3.1016106923358285e+23
141.24 3.8479271933547595e+23
141.711 4.7747669465276986e+23
142.184 5.924487613353971e+23
142.659 7.350907104909426e+23
143.135 9.11914874829638e+23
143.613 1.1223708885293206e+24
144.092 1.3839722395868988e+24
144.573 1.706470963754729e+24
145.056 2.103824987144035e+24
145.54 2.5935492694889356e+24
146.026 3.199349060888372e+24
146.513 3.9454249070879594e+24
147.002 4.869210495583319e+24
147.493 5.957276757618952e+24
147.985 7.298744684494396e+24
148.479 8.939119784355063e+24
148.974 1.0950240063949918e+25
149.472 1.3414228850740575e+25
149.971 1.6431436971640683e+25
150.471 2.012922931948245e+25
150.973 2.4680411751103425e+25
151.477 3.0049910367631082e+25
151.983 3.6605390611756545e+25
152.49 4.461615544689417e+25
152.999 5.434736816606546e+25
153.51 6.622826852766604e+25
154.022 8.070131956152018e+25
154.536 9.831304335633807e+25
155.052 1.198792687062335e+26
155.57 1.45065936432273e+26
156.089 1.7577762156851136e+26
156.61 2.1292446277952972e+26
157.133 2.580412881207217e+26
157.657 3.126439754808025e+26
158.183 3.788025225461032e+26
158.711 4.591001240066258e+26
159.241 5.559052739418141e+26
159.773 6.695865932827954e+26
160.306 8.07819712303915e+26
160.841 9.74438009982326e+26
161.378 1.1755272923878156e+27
161.916 1.3989220136970033e+27
162.457 1.3954950495877127e+27
162.999 1.3230130780949359e+27
163.543 1.2543160828270377e+27
164.089 1.1891917476354016e+27
164.637 1.1274378354128816e+27
165.186 1.0690284690952156e+27
165.738 1.0135738541324505e+27
166.291 1.0782488853832752e+27
166.846 1.2729823033343625e+27
167.403 1.502934854790708e+27
167.962 1.7743827378851273e+27
168.522 2.0940371667970128e+27
169.085 2.472368928654288e+27
169.649 2.92059825779428e+27
170.215 3.278524601215512e+27
170.783 3.401471004123124e+27
171.353 3.525228749809538e+27
171.925 3.6531094799688674e+27
172.499 3.786724216344402e+27
173.075 3.706432008530029e+27
173.653 2.910848316731971e+27
174.232 2.2435316891959816e+27
174.814 1.727717808570498e+27
175.397 1.331638997661632e+27
175.983 1.0261725522668221e+27
176.57 7.906978872218623e+26
177.159 6.766168013344826e+26
177.751 7.349676126642797e+26
178.344 8.059043775323618e+26
178.939 8.837067689952756e+26
179.537 9.69094308194202e+26
180.136 1.0637438618129906e+27
180.737 1.1688200952582291e+27
181.34 1.284846153049639e+27
181.946 1.3771510914871645e+27
182.553 1.178949954150878e+27
183.162 9.577149996353231e+26
183.774 7.780495682206206e+26
184.387 6.321169566944078e+26
185.002 5.1355771786508606e+26
185.62 4.171752717123294e+26
186.24 3.467444451447194e+26
186.861 2.97576208014171e+26
187.485 2.557404766006095e+26
188.111 2.1980035222014268e+26
188.739 1.8894133828565394e+26
189.368 1.6236026081950148e+26
190.001 1.3953159475925995e+26
190.635 1.1991166902342854e+26
191.271 1.136269418127238e+26
191.909 1.2246576794192045e+26
192.55 1.3211953037698015e+26
193.193 1.4253603512361242e+26
193.838 1.5360418136037495e+26
194.485 1.6176162436234493e+26
195.134 1.6883820271923133e+26
195.785 1.7615797214192974e+26
196.438 1.838637564972474e+26
197.094 1.919505147575996e+26
197.752 2.004151073241055e+26
198.412 2.2293490069858297e+26
199.074 2.5822046164019417e+26
199.739 2.99134510109107e+26
200.405 3.4647609307693684e+26
201.074 4.0131422409638704e+26
201.745 4.652738354043273e+26
202.419 5.372715632966744e+26
203.094 6.203256076499652e+26
203.772 7.161408891426107e+26
204.453 8.268224984905842e+26
205.135 9.558486195678253e+26
205.82 1.1034409977612846e+27
206.507 1.2752263750145286e+27
207.196 1.474269342858657e+27
207.887 1.7030426552081192e+27
208.581 1.9686331993000134e+27
209.278 2.2747603852325968e+27
209.976 2.6305594990475066e+27
210.677 3.027367075596578e+27
211.38 3.48505392267785e+27
212.086 4.012417406549498e+27
212.794 4.6195111858797194e+27
213.504 5.318915092428812e+27
214.216 6.12437400720455e+27
214.931 7.052074856710908e+27
215.649 8.12595745372152e+27
216.369 9.336667593368303e+27
217.091 1.0726283428537267e+28
217.815 1.2321902357829075e+28
218.542 1.4150207923293423e+28
219.272 1.626756268995513e+28
220.004 1.8734887445675964e+28
220.738 2.173008915785114e+28
221.475 2.5260958916578268e+28
222.214 2.9374082534634996e+28
222.956 3.3743725292111174e+28
223.7 3.5072853168443058e+28
224.447 3.5735575766912397e+28
225.196 3.6413550298939585e+28
225.947 3.7110135433375967e+28
226.702 3.8006623688829456e+28
227.458 6.213642258076542e+28
228.188 1.3461384691350875e+29
228.889 2.833837788916995e+29
229.593 5.9676591568355704e+29
230.298 2.0422725438311713e+30
231.006 9.346364674413078e+30
231.717 4.778458762018753e+31
232.429 2.4427644225192165e+32
233.143 1.2488947391657356e+33
233.86 6.52590376793818e+33
234.579 1.2692659251347107e+34
235.3 2.008572955101896e+34
236.024 3.1791614834667657e+34
236.774 5.109646733787009e+34
237.552 8.341839064189152e+34
238.332 1.3619777307097219e+35
239.114 2.223900749722324e+35
239.9 3.305268709124692e+35
240.688 1.7202357938019883e+35
241.478 6.800450121696898e+34
242.271 2.6891030655120487e+34
243.067 1.0631843753134453e+34
243.865 4.2041382895520025e+33
244.666 1.6619016194410946e+33
245.47 6.572286456690689e+32
246.276 5.555281665823369e+32
247.085 1.560053892372813e+33
247.896 4.6879037464418756e+33
248.71 1.4085467159530345e+34
249.527 4.2301267303255215e+34
250.352 1.2806068613625416e+35
251.187 3.9086792098134374e+35
252.024 1.0749450869170848e+36
252.863 1.4746849845054966e+36
253.706 1.8673590069240978e+36
254.551 2.3663001526391736e+36
255.399 2.9972816429142416e+36
256.25 3.7979986170147525e+36
257.104 3.958759462075546e+36
257.961 1.8376650973631128e+36
258.82 7.996403213744436e+35
259.683 3.601442773676356e+35
260.548 2.9150181656166276e+35
261.416 3.568823362244652e+35
262.287 4.369682968559428e+35
263.161 5.350855263770591e+35
264.038 6.708558860346137e+35
264.918 9.242569135876904e+35
265.801 1.2964767413562939e+36
266.686 1.818258629970169e+36
267.575 2.5490650450870415e+36
268.466 3.575153922945338e+36
269.361 4.763055675280192e+36
270.258 5.854232922040214e+36
271.159 7.204694811669723e+36
272.062 8.867535496585488e+36
272.969 1.091804832858489e+37
273.878 1.256155406390855e+37
274.791 6.767356764652792e+36
275.707 2.972387231433959e+36
276.625 1.3046257805770263e+36
277.547 5.7313735697086266e+35
278.472 2.5170395926032586e+35
279.4 2.251982159207986e+35
280.331 4.716310681114418e+35
281.265 1.0156124870934888e+36
282.202 2.187095245748042e+36
283.142 4.709855013502285e+36
284.086 8.386603125697015e+36
285.032 6.527217851466164e+36
285.982 4.6440988273270055e+36
286.935 3.304204270604628e+36
287.891 2.351316032926117e+36
288.85 1.672804809487374e+36
289.813 1.2156799299381262e+36
290.778 1.173320920989537e+36
291.747 1.2507154972735631e+36
292.719 1.334417210316051e+36
293.694 1.4224150252874914e+36
294.673 1.5175675451800157e+36
295.655 1.6178723710468576e+36
296.64 1.6876346057730977e+36
297.628 1.739636215745462e+36
298.62 1.792226601566392e+36
299.615 1.8473113622992334e+36
300.613 1.9048640803572968e+36
301.615 2.0093785660975208e+36
302.62 2.150949062868905e+36
303.628 2.3037939173367892e+36
304.64 2.4668506363189714e+36
305.655 2.6418897244471658e+36
306.674 2.828777846071944e+36
307.695 3.0339102421250665e+36
308.721 3.40793768155574e+36
309.749 3.915069670709862e+36
310.781 4.498780341012734e+36
311.817 5.1683670352375827e+36
312.856 5.937583229767439e+36
313.898 6.822713288657847e+36
314.944 7.837980301731908e+36
315.994 9.005564241462095e+36
317.047 1.034647166321072e+37
318.103 1.190206029530526e+37
319.163 1.3706819217047225e+37
320.226 1.579394817133952e+37
321.293 1.8204996998348692e+37
322.364 2.0980979267641097e+37
323.438 2.418008299908805e+37
324.516 2.7868374167582134e+37
325.597 3.211993985431903e+37
326.682 3.7025172913603784e+37
327.77 4.2411894866362416e+37
328.862 4.326158882673647e+37
329.958 4.238179389888834e+37
331.058 4.152458517001818e+37
332.161 4.068989171672067e+37
333.268 3.9860244991476675e+37
334.378 3.905283234093315e+37
335.492 3.8258823569150115e+37
336.61 3.74866027170951e+37
337.732 3.676982329914636e+37
338.857 3.690915628948033e+37
339.986 3.7391716689200943e+37
341.119 3.7879015321610905e+37
342.255 3.837110015742125e+37
343.396 3.887600548823853e+37
344.54 3.937722376763274e+37
345.688 3.9891194986625388e+37
346.84 4.040953629299e+37
347.995 3.9881283992169887e+37
349.155 3.346361673970677e+37
350.318 2.733291858619498e+37
351.486 2.232371833376187e+37
352.657 1.8230729284247848e+37
353.832 1.4891479300948585e+37
355.011 1.2161767235471723e+37
356.194 9.9313452032013e+36
357.381 8.587106602025721e+36
358.571 8.263758686837165e+36
359.766 7.974209253814796e+36
360.965 7.696782686166534e+36
362.168 7.429000844647017e+36
363.374 7.170796515942241e+36
364.585 6.921259311773696e+36
365.8 6.706109354484372e+36
367.019 6.825531757725984e+36
368.242 7.051946850619311e+36
369.469 7.28606483295815e+36
370.7 7.527801637432442e+36
371.935 7.77476904282614e+36
373.174 8.039924196431573e+36
374.418 8.303213574708747e+36
375.665 7.269338361432887e+36
376.917 5.503828941928977e+36
378.173 4.166297477217418e+36
379.433 3.1546362789969e+36
380.697 2.3883323081430185e+36
381.966 1.808114697693712e+36
383.238 1.3689202395868305e+36
384.515 1.0433447961331873e+36
385.796 1.1376470056073338e+36
387.082 1.5664496356981095e+36
388.372 2.1579341316273606e+36
389.666 2.972063766407421e+36
390.964 4.092844930215985e+36
392.267 5.636648901217947e+36
393.574 7.761136778208249e+36
394.885 1.0456136467381568e+37
396.201 1.1337335719189303e+37
397.521 1.1730975044251936e+37
398.846 1.2136185272590094e+37
400.174 1.2552899017115033e+37
401.508 1.2980895799577912e+37
402.846 1.3427204115680647e+37
404.188 1.3891628862659618e+37
405.535 1.408505296995253e+37
406.886 1.3876764753293005e+37
408.242 1.3662688383274047e+37
409.602 1.3449898092601895e+37
410.967 1.3245308031499232e+37
412.336 1.3041946017429186e+37
413.71 1.2895029266425798e+37
415.089 1.363006724487545e+37
416.472 1.4764899366542144e+37
417.859 1.5987802658298984e+37
419.252 1.7318232060206203e+37
420.649 1.876194446868155e+37
422.05 2.0399017937564068e+37
423.456 2.2578322840370833e+37
424.867 2.505900848540726e+37
426.283 2.7824588654973334e+37
427.703 3.0885570637534307e+37
429.128 3.42854672133146e+37
430.558 3.7854881110587523e+37
431.993 4.139356982276383e+37
433.432 4.527759468201954e+37
434.877 4.952947525226992e+37
436.326 5.417837369324569e+37
437.779 5.925938281356341e+37
439.238 6.48198238148056e+37
440.702 6.996010554814238e+37
442.17 6.0952082909404865e+37
443.643 4.927862726791952e+37
445.122 3.98324260976242e+37
446.605 3.2201594913462e+37
448.093 2.603028204924263e+37
449.586 2.1043619232027295e+37
451.084 1.833222323875209e+37
452.587 2.279182805744183e+37
454.095 2.9719757316836465e+37
455.608 3.8758875360553073e+37
457.126 5.054426047021364e+37
458.649 6.591424011545323e+37
460.177 8.0908386450727615e+37
461.711 7.810218184630143e+37
463.249 7.371017594149642e+37
464.793 6.953077326475346e+37
466.341 6.562357778830944e+37
467.895 6.192465333442762e+37
469.454 5.853567161095793e+37
471.018 6.13320788003213e+37
472.588 6.820252341100684e+37
474.163 7.587035245780396e+37
475.742 8.432758194292974e+37
477.328 9.380502838754172e+37
478.918 1.0429279383351874e+38
480.514 1.0281653918707963e+38
482.115 7.995310603228738e+37
483.721 6.190708791774895e+37
485.333 4.79246134688609e+37
486.95 3.7109194584770058e+37
488.573 2.8733685970549117e+37
490.201 2.4627853570619048e+37
491.834 3.082639503350553e+37
493.473 4.008134070641893e+37
495.117 5.210817400040416e+37
496.767 6.775893813534042e+37
498.422 8.805784453705948e+37
500.083 9.730756288841178e+37
501.749 4.511514637873391e+37
503.421 1.8810279680261197e+37
505.098 7.846641868895286e+36
506.78 8.017945692833815e+36
508.468 2.0365835269490035e+37
510.161 5.3881806325598485e+37
511.86 1.3124283258461498e+38
513.565 1.3514695216557244e+38
515.276 1.168419520366573e+38
516.992 1.0108904556210564e+38
518.713 8.742266521031073e+37
520.441 8.010471211748634e+37
522.174 8.438075296724955e+37
523.913 8.939105025319125e+37
525.658 9.474763156315803e+37
527.409 1.0039269881380127e+38
529.165 1.0637739578475686e+38
530.928 1.0144951597474405e+38
532.696 8.802443468786679e+37
534.47 7.639817899150182e+37
536.25 6.628682261858639e+37
538.036 5.751634281798745e+37
539.828 5.084653174893179e+37
541.626 5.291460843945801e+37
543.43 5.720835189603918e+37
545.24 6.189225884345513e+37
547.056 6.701453513575822e+37
548.878 7.246654309058253e+37
550.706 7.954199383194617e+37
552.54 8.900025796090077e+37
554.38 9.963189968734885e+37
556.226 1.115790450169147e+38
558.079 1.2493043272043054e+38
559.937 1.3854943578154933e+38
561.802 1.435825593869872e+38
563.673 1.4695862380182216e+38
565.551 1.5041153866241152e+38
567.434 1.5394095572738945e+38
569.324 1.5744509010600535e+38
571.22 1.5527173502290346e+38
573.123 1.498701844609447e+38
575.031 1.446522041842766e+38
576.946 1.396156107221554e+38
578.868 1.3475881322857525e+38
580.796 1.3426227207239936e+38
582.73 1.3984798594902163e+38
584.671 1.457371111523873e+38
586.618 1.5182926392844427e+38
588.572 1.5817052282648312e+38
590.532 1.634520138425795e+38
592.499 1.6565829462692295e+38
594.472 1.6780021426760874e+38
596.452 1.6997387591146198e+38
598.438 1.7217917593997687e+38
600.432 1.716073788915272e+38
602.431 1.635437728880316e+38
604.438 1.5543689714400929e+38
606.451 1.4775915847520848e+38
608.47 1.4045956418223328e+38
610.497 1.381210117752991e+38
612.53 1.4778551946279055e+38
614.57 1.587791318146104e+38
616.617 1.7057853993622333e+38
618.671 1.8326771771926974e+38
620.731 1.8588183298474343e+38
622.798 1.706749564675308e+38
624.873 1.565269814506583e+38
626.954 1.4356512502622857e+38
629.042 1.3168692390699123e+38
631.137 1.3310604203923595e+38
633.239 1.4611111871901835e+38
635.348 1.603776123575845e+38
637.464 1.7602700748149317e+38
639.587 1.9224089652470696e+38
641.717 1.9333938780892366e+38
643.854 1.891916650965252e+38
645.998 1.851136117278768e+38
648.15 1.8114847482409388e+38
650.309 1.7167130727908375e+38
652.474 1.4478171363996216e+38
654.647 1.209493184738575e+38
656.828 1.0105821964098716e+38
659.015 9.768772262132525e+37
661.21 1.1140830983819275e+38
663.412 1.2719036195934897e+38
665.622 1.4256577593175988e+38
667.839 1.5343081063293842e+38
670.063 1.649045366463975e+38
672.294 1.7723556997958156e+38
674.533 1.882543038423813e+38
676.78 1.6352119453489359e+38
679.034 1.3225951934307006e+38
681.295 1.0699151771840247e+38
683.564 8.652971417978856e+37
685.841 8.00763101112817e+37
688.125 9.19772664942818e+37
690.417 1.0603316989747164e+38
692.716 1.2226356901117079e+38
695.023 1.4076953039787404e+38
697.338 1.5992976425178482e+38
699.661 1.8153408150024447e+38
701.991 2.0600552236361383e+38
704.329 2.3286830832920936e+38
706.675 2.3059915505507222e+38
709.028 2.150032917331177e+38
711.39 2.0047207681515587e+38
713.759 1.8691594767577993e+38
716.136 1.7663961156454177e+38
718.521 1.7828030155747813e+38
720.914 1.8149358199433875e+38
723.315 1.847625671262908e+38
725.724 1.8887406328881376e+38
728.141 2.0111870941248293e+38
730.566 2.164481041998097e+38
732.999 2.329209829925544e+38
735.44 2.348676201215979e+38
737.89 1.9273035482860075e+38
740.347 1.5600377768349837e+38
742.813 1.2625053766754869e+38
745.287 1.1137732175652528e+38
747.769 1.366482935675689e+38
750.259 1.7348075588819625e+38
752.758 2.202401355622675e+38
755.265 2.6192025433822695e+38
757.781 2.389538981511495e+38
760.304 2.1207863419305036e+38
762.837 1.8826296738051246e+38
765.377 1.7292880083011695e+38
767.926 1.7894089145545544e+38
770.484 1.870249463173618e+38
773.05 1.9546007503014633e+38
775.624 1.8795913323324822e+38
778.208 1.454031399350486e+38
780.799 1.115084038318082e+38
783.4 8.55330223527964e+37
786.009 8.172282874686896e+37
788.627 1.0804644804175532e+38
791.253 1.438365791574497e+38
793.888 1.9194936663674914e+38
796.532 2.168898552868886e+38
799.185 2.185654026448664e+38
801.847 2.202630272255169e+38
804.517 2.2088169553357974e+38
807.197 2.066612279386605e+38
809.885 1.8907535933095135e+38
812.583 1.729751504547593e+38
815.289 1.6409469472400673e+38
818.004 1.7993300426160217e+38
820.728 2.003296819679912e+38
823.462 2.230524437131008e+38
826.204 2.3369064787491475e+38
828.956 2.267791892055212e+38
831.717 2.1997980364516044e+38
834.487 2.1421612351983674e+38
837.266 2.2029662465207564e+38
840.054 2.306203295220462e+38
842.852 2.4144921349146565e+38
845.659 2.371675367148469e+38
848.476 1.9684329544535752e+38
851.302 1.6212115741712528e+38
854.137 1.346862169297288e+38
856.981 1.4354199041903323e+38
859.836 1.7327349504868717e+38
862.699 2.091326175564717e+38
865.573 2.413842083605357e+38
868.455 2.443012633256999e+38
871.348 2.4526112250328034e+38
874.25 2.4631016277574944e+38
877.161 2.4923913613499047e+38
880.083 2.5305469409956092e+38
883.014 2.5693948223584272e+38
885.955 2.573446364433531e+38
888.905 2.5118686641420677e+38
891.866 2.450347998845492e+38
894.836 2.3981518271053255e+38
897.816 2.4051539081521865e+38
900.806 2.4244543689649455e+38
903.806 2.4483428128891e+38
906.817 3.0376559647667688e+38
909.837 4.334061472653745e+38
911.553 5.300788760440663e+38
913.273 6.4930078749313126e+38
916.322 8.133425069001982e+38
919.38 8.60672662184347e+38
922.449 9.098496316992258e+38
925.528 9.679490359090285e+38
928.618 1.0481132868643083e+39
931.718 1.1369348092450486e+39
934.828 1.223625513277472e+39
937.948 1.2399634589785001e+39
941.079 1.2413016199494322e+39
944.22 1.2447354945214428e+39
947.372 1.2918660396373526e+39
950.534 1.3594127554027752e+39
953.707 1.4306892807860235e+39
956.891 1.5029691137346704e+39
960.085 1.577728941593558e+39
963.29 1.6561271682685614e+39
966.505 1.4164653766348657e+39
969.731 9.411772721704612e+38
972.968 6.293842714636505e+38
976.216 5.3303801795971544e+38
979.475 6.543720530110757e+38
982.744 8.086214167097791e+38
986.025 9.786443274842547e+38
989.316 1.1319313211865201e+39
992.618 1.3089443518605495e+39
995.932 1.4489019334796297e+39
999.256 1.45523262155622e+39
1002.59 1.4569465860381592e+39
1005.94 1.4620345712282364e+39
1009.3 1.4750012872164438e+39
1012.67 1.4884315342501414e+39
1016.05 1.456761436280235e+39
1019.44 1.3403586281862705e+39
1022.84 1.2316993101205602e+39
1026.25 1.1858382194444182e+39
1029.68 1.2329487890841877e+39
1033.12 1.2830514540895958e+39
1036.57 1.3589965440015001e+39
1040.03 1.4687669590421583e+39
1043.5 1.587926035537695e+39
1046.98 1.6312258954385493e+39
1050.48 1.6127325330212826e+39
1053.98 1.593548649617016e+39
1057.5 1.549062663631991e+39
1061.03 1.4940855328768714e+39
1064.57 1.4461696906999736e+39
1068.13 1.446965944727282e+39
1071.69 1.460554745346816e+39
1075.27 1.4623338783130505e+39
1078.86 1.4119108556421013e+39
1082.46 1.3573222313436364e+39
1086.07 1.3362338902621009e+39
1089.7 1.3826518151365056e+39
1093.33 1.4329430630095472e+39
1096.98 1.4419792443439273e+39
1100.65 1.4156217592396175e+39
1104.32 1.3891770988018003e+39
1108.01 1.3523129822449701e+39
1111.7 1.3131227579248544e+39
1115.42 1.255713013912388e+39
1119.14 1.1284711558243535e+39
1122.87 1.008170862402231e+39
1126.62 9.999941693388933e+38
1130.38 1.1329161723109602e+39
1134.16 1.2790434612689688e+39
1137.94 1.3134628765050662e+39
1141.74 1.3025823217128035e+39
1145.55 1.2725560925966041e+39
1149.38 1.1780699446402902e+39
1153.21 1.0859458336417388e+39
1157.06 1.0442993969383538e+39
1160.92 1.0430406255034238e+39
1164.8 1.0272985495494811e+39
1168.69 9.111641191336839e+38
1172.59 7.91406926914537e+38
1176.5 7.780885005433351e+38
1180.43 9.221880622388209e+38
1184.37 1.0858296119851369e+39
1188.32 1.120451443984391e+39
1192.29 1.1124053108052303e+39
1196.27 1.0903103575044454e+39
1200.26 1.0416889903722952e+39
1204.27 9.943230270150488e+38
1208.29 9.437165752289693e+38
1212.32 8.941452603904695e+38
1216.37 8.802216076991109e+38
1220.43 9.29524228576275e+38
1224.5 9.810597622849376e+38
1228.59 1.0152506324380334e+39
1232.69 1.0450238962044188e+39
1236.81 1.0350669607797788e+39
1240.94 9.756520379705908e+38
1245.08 9.317550159392527e+38
1249.23 9.572090575840019e+38
1253.4 9.945496095304057e+38
1257.59 1.0211630122020883e+39
1261.79 1.0403311337168695e+39
1266.0 1.0557365871434195e+39
1270.22 1.0597728755203453e+39
1274.46 1.0599397958107657e+39
1278.72 1.0229791304131973e+39
1282.99 9.782250560924068e+38
1287.27 9.457339834911897e+38
1291.57 9.236055921754813e+38
1295.88 9.154908717135091e+38
1300.2 9.46530327879579e+38
1304.54 9.773307240328562e+38
1308.9 9.718802762163696e+38
1313.27 9.575239623920581e+38
1317.65 9.402041676796814e+38
1322.05 9.208124334896068e+38
1326.46 9.133807970283717e+38
1330.89 9.278729130467175e+38
1335.33 9.326217449777802e+38
1339.79 8.923179606725258e+38
1344.26 8.529037045617365e+38
1348.75 8.70719071062947e+38
1353.25 9.065637732193207e+38
1357.77 9.086864823792226e+38
1362.3 8.883399918977881e+38
1366.85 8.69156471755187e+38
1371.41 8.51131481419424e+38
1375.99 8.365307754352977e+38
1380.58 8.307085906804222e+38
1385.19 8.193398617890497e+38
1389.81 7.788437762358375e+38
1394.45 7.404421298671165e+38
1399.11 7.41698138070395e+38
1403.78 7.529128346399615e+38
1408.46 7.575511646059203e+38
1413.16 7.589118248387962e+38
1417.88 7.354608186433747e+38
1422.61 6.97094132445224e+38
1427.36 6.966061512805877e+38
1432.13 7.338170120514155e+38
1436.91 7.578493433622009e+38
1441.7 7.587235620995142e+38
1446.52 7.50881185109685e+38
1451.34 7.393495220744041e+38
1456.19 7.253249222254826e+38
1461.05 7.061066295625107e+38
1465.93 6.942165581934666e+38
1470.82 7.031852523805556e+38
1475.73 7.08024211709343e+38
1480.66 6.939064479499479e+38
1485.6 6.827625766414668e+38
1490.56 6.879768137431274e+38
1495.53 6.899028167435399e+38
1500.53 6.72378048985983e+38
1505.53 6.5230904066921895e+38
1510.56 6.291455832982391e+38
1515.6 6.319597980143004e+38
1520.66 6.05620062947542e+38
1525.74 5.702684095379881e+38
1530.83 5.6053422475970565e+38
1535.94 5.2574242924781554e+38
1541.07 4.1960404604439736e+38
1546.21 3.781069601352598e+38
1551.37 4.733638988135027e+38
1556.55 5.382442096815187e+38
1561.75 4.810015604409961e+38
1566.96 4.666210639731336e+38
1572.19 5.208490189770851e+38
1577.44 5.355814076158667e+38
1582.7 4.9966118072455096e+38
1587.99 5.057157627157583e+38
1593.29 5.4508422862192235e+38
1598.61 5.5218712518835176e+38
1603.94 5.417809612146112e+38
1609.3 5.349853621287882e+38
1614.67 5.292916196987096e+38
1620.06 5.243346605596599e+38
1625.47 5.2063657286920966e+38
1630.89 5.220372350522353e+38
1636.33 5.269164788518839e+38
1641.8 5.387152720190504e+38
1647.28 5.3933076105139415e+38
1652.78 5.240250835763823e+38
1658.29 5.207063030299299e+38
1663.83 5.2461351664694756e+38
1669.38 5.1086257503973636e+38
1674.95 5.185194505431116e+38
1680.55 5.2747668812095165e+38
1686.16 5.2078044940599835e+38
1691.78 5.10747427459376e+38
1697.43 5.0195023764889965e+38
1703.1 4.94547840326692e+38
1708.78 4.786635302564511e+38
1714.49 4.61210077082305e+38
1720.21 4.661277258495252e+38
1725.95 4.749811258606965e+38
1731.71 4.799758025931524e+38
1737.49 4.760504833266968e+38
1743.29 4.618181207677e+38
1749.11 4.645028932835297e+38
1754.95 4.733493878982573e+38
1760.81 4.683384071958737e+38
1766.69 4.60929005967881e+38
1772.58 4.535667344745525e+38
1778.5 4.502623734654754e+38
1784.44 4.4953711032717095e+38
1790.39 4.469003915062821e+38
1796.37 4.4395405767313804e+38
1802.37 4.413401650636543e+38
1808.38 4.347911407931725e+38
1814.42 4.257576122453727e+38
1820.48 4.219602168636397e+38
1826.55 4.2037620197564175e+38
1832.65 4.20978411520358e+38
1838.77 4.119372952332822e+38
1844.9 3.98618487499064e+38
1851.06 3.966467004249179e+38
1857.24 3.9699200506424564e+38
1863.44 3.9794373327479255e+38
1869.66 3.965918063617509e+38
1875.9 3.9174164955520556e+38
1882.16 3.7841803500216556e+38
1888.45 3.689608797737811e+38
1894.75 3.6469105337490815e+38
1901.07 3.687128634969044e+38
1907.42 3.700045551839951e+38
1913.79 3.647163629340875e+38
1920.18 3.575254104102038e+38
1926.59 3.533437385326516e+38
1933.02 3.577605914248774e+38
1939.47 3.596397071162117e+38
1945.94 3.569505908956586e+38
1952.44 3.4461518902019635e+38
1958.96 3.421301187434265e+38
1965.49 3.46929296001627e+38
1972.06 3.505296444780314e+38
1978.64 3.478945728332248e+38
1985.24 3.3865300187483596e+38
1991.87 3.342019716006588e+38
1998.52 3.322083923125289e+38
2005.19 3.317916997887416e+38
2011.88 3.309492453666618e+38
2018.6 3.3053233944936064e+38
2025.34 3.2912903979719973e+38
2032.1 3.21122049858058e+38
2038.88 3.1652890832010175e+38
2045.69 3.1307966804025084e+38
2052.51 3.017168590217308e+38
2059.37 2.9985996304634882e+38
2066.24 3.049279831521846e+38
2073.14 3.1009686420193114e+38
2080.06 3.0245319802740373e+38
2087.0 3.007436304263672e+38
2093.97 2.9481379217847408e+38
2100.96 2.9422462180067923e+38
2107.97 2.9431434981938778e+38
2115.01 2.9318469981200603e+38
2122.07 2.919265553090911e+38
2129.15 2.8906350605345487e+38
2136.26 2.848785605602414e+38
2143.39 2.8072033085378273e+38
2150.54 2.803075910963051e+38
2157.72 2.7949793517471233e+38
2164.92 2.760514919540975e+38
2172.15 2.7407217756969464e+38
2179.4 2.7079276054814256e+38
2186.68 2.6792412470192693e+38
2193.97 2.6794050862637393e+38
2201.3 2.657453287746769e+38
2208.65 2.6201192657500128e+38
2216.02 2.580435546249526e+38
2223.42 2.5563998627644124e+38
2230.84 2.5376334469434754e+38
2238.28 2.518976534200666e+38
2245.76 2.4940329516308232e+38
2253.25 2.4527703380725773e+38
2260.77 2.4383027910929685e+38
2268.32 2.4289287762111293e+38
2275.89 2.409564045764961e+38
2283.49 2.382797392292359e+38
2291.11 2.280101444941874e+38
2298.76 2.2526596350521375e+38
2306.43 2.3021850429065116e+38
2314.13 2.2711011455205937e+38
2321.86 2.1761879733672455e+38
2329.61 2.1640911679978346e+38
2337.38 2.1960730806242023e+38
2345.18 2.181518174565825e+38
2353.01 2.168241647114142e+38
2360.87 2.144132248059766e+38
2368.75 2.1189633067356323e+38
2376.65 2.0915447788069107e+38
2384.59 2.0510909591540616e+38
2392.55 2.0431404093113357e+38
2400.53 2.0304695887679656e+38
2408.55 2.0131036047984855e+38
2416.59 1.999393499510367e+38
2424.65 1.986929903200758e+38
2432.75 1.9616034926049877e+38
2440.87 1.9457875327600817e+38
2449.01 1.93240819168088e+38
2457.19 1.913264934202309e+38
2465.39 1.8919222401444383e+38
2473.62 1.8695408935324283e+38
2481.88 1.8495986408054116e+38
2490.16 1.7597744618770042e+38
2498.47 1.7231362540185958e+38
