WAVE FLUX
92.1977 0.0
92.5055 0.0
92.8142 0.0
93.124 0.0
93.4349 0.0
93.7467 0.0
94.0596 0.0
94.3736 0.0
94.6886 0.0
95.0046 0.0
95.3217 0.0
95.6399 0.0
95.9591 0.0
96.2794 0.0
96.6008 0.0
96.9232 0.0
97.2467 0.0
97.5713 0.0
97.897 0.0
98.2237 0.0
98.5516 0.0
98.8805 0.0
99.2106 0.0
99.5417 0.0
99.874 1.6171008653208826e+29
100.207 1.8022520415262217e+29
100.542 2.19883957324481e+29
100.877 2.6820545387311674e+29
101.214 3.271115369631569e+29
101.552 3.987976101847016e+29
101.891 4.852186513762148e+29
102.231 5.01262306307925e+29
102.572 4.770281259116447e+29
102.915 4.539775089484423e+29
103.258 4.319027017946256e+29
103.603 4.10991065297008e+29
103.948 3.922612662982872e+29
104.295 3.8729095931637035e+29
104.644 3.864051863932116e+29
104.993 3.8532303283501216e+29
105.343 3.844459993495231e+29
105.695 3.833665903873601e+29
106.048 3.903010249426205e+29
106.402 4.269247455969066e+29
106.757 4.700647616587738e+29
107.113 5.1787068122160034e+29
107.471 5.702894951461576e+29
107.829 6.284656733808823e+29
108.189 7.186326706701126e+29
108.55 8.508439496046334e+29
108.913 1.0073143388530041e+30
109.276 1.1928681135863937e+30
109.641 1.4124204829288472e+30
110.007 1.6378369839638766e+30
110.374 1.6860729651698189e+30
110.742 1.7052082551616703e+30
111.112 1.724376886295711e+30
111.483 1.7437836289846414e+30
111.855 1.7634255934301633e+30
112.228 1.7832999155219504e+30
112.603 1.803387741075232e+30
112.979 1.823889990900405e+30
113.356 1.8444273052780138e+30
113.734 1.8651855177456398e+30
114.114 1.9298793654816398e+30
114.495 2.0903919758613684e+30
114.877 2.268306891644475e+30
115.26 2.459761419641271e+30
115.645 2.670102178485321e+30
116.031 2.8973250061236775e+30
116.418 3.1430803132403014e+30
116.807 3.410784644970402e+30
117.197 3.70023731102572e+30
117.588 4.014826610562169e+30
117.981 4.379458053963721e+30
118.374 4.956954091817774e+30
118.769 5.653912730682798e+30
119.166 6.449507562852711e+30
119.564 7.358763278031246e+30
119.963 8.394688137596973e+30
120.363 9.575405020061242e+30
120.765 1.0923974970595055e+31
121.168 1.252113913447056e+31
121.572 1.4395829281966387e+31
121.978 1.656948064733891e+31
122.385 1.907040144233303e+31
122.794 2.1946982151230864e+31
123.204 2.5252428589786564e+31
123.615 2.9068292427059743e+31
124.027 3.3457898200142696e+31
124.441 3.8517527534972442e+31
124.857 4.4988666000056635e+31
125.274 1.0001874526210574e+32
125.692 3.2136103015228372e+32
126.111 1.0322807771577832e+33
126.532 3.316476334368008e+33
126.954 1.0016724699732779e+34
127.378 1.2275825600683054e+34
127.803 1.2502534841930707e+34
128.23 1.238637505046738e+34
128.658 1.1980377502936868e+34
129.087 1.1588498649208164e+34
129.518 1.1208881029499594e+34
129.951 1.0843054393834496e+34
130.384 1.0487801516776634e+34
130.82 1.0137914704356567e+34
131.256 8.779119475029556e+33
131.694 7.021223065375714e+33
132.134 6.607287881163558e+33
132.575 8.573236494763229e+33
133.017 1.1257291214178623e+34
133.461 1.4781037652546146e+34
133.907 1.9300903211924907e+34
134.354 2.200285159291975e+34
134.802 2.3993516481685693e+34
135.252 2.615903002123061e+34
135.704 2.8528855849643667e+34
136.157 3.1116680539975153e+34
136.611 3.393582411933932e+34
137.067 3.563569749461828e+34
137.524 3.279943417750657e+34
137.983 2.9873787496281025e+34
138.444 2.71972461547201e+34
138.906 2.47523352433305e+34
139.37 2.2536642161852167e+34
139.835 2.0532940085489046e+34
140.302 1.9223399612477097e+34
140.77 1.8299575916694963e+34
141.24 1.7411700392661978e+34
141.711 1.6574555846621392e+34
142.184 1.577260856358373e+34
142.659 1.5005542172114298e+34
143.135 1.478946697757107e+34
143.613 1.570439091804855e+34
144.092 1.6742827277892935e+34
144.573 1.7832894025472738e+34
145.056 1.8988672916120588e+34
145.54 2.0238784472705396e+34
146.026 2.1553030806513186e+34
146.513 2.295986611431671e+34
147.002 2.4458175089607686e+34
147.493 2.593179851848301e+34
147.985 2.7481562186436714e+34
148.479 2.912078478770531e+34
148.974 3.0862972854590144e+34
149.472 3.2706630812445694e+34
149.971 3.466525994305385e+34
150.471 3.6737677375741846e+34
150.973 3.8683320306800673e+34
151.477 3.877892944211286e+34
151.983 3.8496116983058727e+34
152.49 3.820100408956641e+34
152.999 3.7921231942373925e+34
153.51 3.764282469079899e+34
154.022 3.735223399557414e+34
154.536 3.707683152663201e+34
155.052 3.761088004071241e+34
155.57 4.166285359926403e+34
156.089 4.661282188434674e+34
156.61 5.213953931800311e+34
157.133 5.833166444959462e+34
157.657 6.525010445435627e+34
158.183 7.298102779476927e+34
158.711 8.163649155017896e+34
159.241 8.744613570320045e+34
159.773 8.890949451730844e+34
160.306 9.040231992544914e+34
160.841 9.191051597992567e+34
161.378 9.346019313717778e+34
161.916 9.415958201634478e+34
162.457 8.479999055077337e+34
162.999 7.389951994440827e+34
163.543 6.439504977519799e+34
164.089 5.611773582012535e+34
164.637 4.890088012057084e+34
165.186 4.261874246175306e+34
165.738 3.717200355716898e+34
166.291 3.805728951974618e+34
166.846 4.514770974095676e+34
167.403 5.356058691729143e+34
167.962 6.35479846485337e+34
168.522 7.538416680545961e+34
169.085 8.942629682596835e+34
169.649 1.0610356571674052e+35
170.215 1.2276868508035086e+35
170.783 1.3628757089788665e+35
171.353 1.514501921271782e+35
171.925 1.682396706918464e+35
172.499 1.867623517733491e+35
173.075 2.0430087778593007e+35
173.653 2.110808507496376e+35
174.232 2.1696137045460888e+35
174.814 2.2304207753325505e+35
175.397 2.2920220327750584e+35
175.983 2.3555885328504095e+35
176.57 2.421124892682136e+35
177.159 2.4010879275078773e+35
177.751 2.194762032473223e+35
178.344 1.99932100233338e+35
178.939 1.8217706830722714e+35
179.537 1.6595641403065616e+35
180.136 1.5833095558306589e+35
180.737 1.7049461957736047e+35
181.34 1.8491785779474952e+35
181.946 2.0005925184974186e+35
182.553 2.1195796114386865e+35
183.162 2.2354346972248867e+35
183.774 2.358572722612095e+35
184.387 2.4866386465059702e+35
185.002 2.6230110248673386e+35
185.62 2.767587975718951e+35
186.24 2.8701235198558244e+35
186.861 2.9026358796041237e+35
187.485 2.9337531708901965e+35
188.111 2.9646324956543656e+35
188.739 2.9975256346917826e+35
189.368 3.0290631443912138e+35
190.001 3.0625628576610527e+35
190.635 3.0958238597842235e+35
191.271 3.157699502253784e+35
191.909 3.2600760789855055e+35
192.55 3.36503061456344e+35
193.193 3.474749046303162e+35
193.838 3.5935629634410956e+35
194.485 3.866608048253923e+35
195.134 4.229219093009376e+35
195.785 4.6262591293611504e+35
196.438 5.060617027003364e+35
197.094 5.535113073287299e+35
197.752 6.050430730437943e+35
198.412 6.186574378710497e+35
199.074 6.069991160468101e+35
199.739 5.955154544422713e+35
200.405 5.842110603218651e+35
201.074 5.7318423792454534e+35
201.745 5.6254077154057164e+35
202.419 5.7703445998477746e+35
203.094 6.086825357138009e+35
203.772 6.4198745151392175e+35
204.453 6.772428730595476e+35
205.135 7.084302698626866e+35
205.82 7.230974908916594e+35
206.507 7.36940392900494e+35
207.196 7.51094235943437e+35
207.887 7.655555198676913e+35
208.581 7.802152161620106e+35
209.278 7.95172197297191e+35
209.976 8.136670440549678e+35
210.677 8.546073486067083e+35
211.38 9.021999101065485e+35
212.086 9.524675249714579e+35
212.794 1.0059849670403992e+36
213.504 1.0613258471972103e+36
214.216 1.1202549615409878e+36
214.931 1.18272950199012e+36
215.649 1.2496963843774548e+36
216.369 1.2651680639945914e+36
217.091 1.2325912186589511e+36
217.815 1.2011943194774316e+36
218.542 1.1699893920308729e+36
219.272 1.1399443253738358e+36
220.004 1.1303597411283216e+36
220.738 1.2430133118806812e+36
221.475 1.3903804995080168e+36
222.214 1.5558702193626996e+36
222.956 1.7326224213946787e+36
223.7 1.8588190509263124e+36
224.447 1.980367801968096e+36
225.196 2.1095789041503333e+36
225.947 2.2463727463362705e+36
226.702 2.391586063494507e+36
227.458 2.3014755022484515e+36
228.188 2.080058020587577e+36
228.889 1.8871959785088456e+36
229.593 1.7130628924081825e+36
230.298 1.73732785038941e+36
231.006 2.0390569743113252e+36
231.717 2.39756795097584e+36
232.429 2.8187461365455616e+36
233.143 3.3138392087095534e+36
233.86 3.905751637266432e+36
234.579 4.653343465992875e+36
235.3 5.577732315327159e+36
236.024 6.684444254456279e+36
236.774 8.061579837788392e+36
237.552 9.780244682284378e+36
238.332 1.1868967958497876e+37
239.114 1.4405784915790139e+37
239.9 1.7155943630909696e+37
240.688 1.6614494976486574e+37
241.478 1.5240967515633014e+37
242.271 1.3972643941724505e+37
243.067 1.2817289529337166e+37
243.865 1.1756468738567528e+37
244.666 1.07805177921329e+37
245.47 9.888714226749172e+36
246.276 9.95983612741248e+36
247.085 1.1826720440431551e+37
247.896 1.4101085922995939e+37
248.71 1.682151825792434e+37
249.527 2.0051641029140387e+37
250.352 2.3947046385289244e+37
251.187 2.862739948594803e+37
252.024 3.314165298818522e+37
252.863 3.225903870990569e+37
253.706 3.060330426026431e+37
254.551 2.903339884074266e+37
255.399 2.754840006468056e+37
256.25 2.6130942454494763e+37
257.104 2.5226447853880586e+37
257.961 2.600711302504613e+37
258.82 2.697933478787696e+37
259.683 2.7985343330968983e+37
260.548 2.8617889462273308e+37
261.416 2.9010326213539484e+37
262.287 2.940764744903325e+37
263.161 2.9810263484798685e+37
264.038 3.033056942518688e+37
264.918 3.1440294171399596e+37
265.801 3.2678129600968715e+37
266.686 3.396325650875012e+37
267.575 3.5302850068321903e+37
268.466 3.6696582598442965e+37
269.361 3.739460712749717e+37
270.258 3.702689745976527e+37
271.159 3.666108012674314e+37
272.062 3.6289613543102147e+37
272.969 3.592785873582529e+37
273.878 3.540540401781728e+37
274.791 3.3131558975571794e+37
275.707 3.05643287333708e+37
276.625 2.8198151622544723e+37
277.547 2.602324298824752e+37
278.472 2.4007378288303375e+37
279.4 2.3958052616395177e+37
280.331 2.64617888314568e+37
281.265 2.924311126692435e+37
282.202 3.2321751362272504e+37
283.142 3.5724661592726275e+37
284.086 3.744494133261902e+37
285.032 3.1226015392847265e+37
285.982 2.5396904647281937e+37
286.935 2.064977122263181e+37
287.891 1.6789601165562596e+37
288.85 1.3653312589867336e+37
289.813 1.1255761638288736e+37
290.778 1.1276874106278592e+37
291.747 1.2091130493685745e+37
292.719 1.2957910190282975e+37
293.694 1.3891128055182922e+37
294.673 1.4890046290831896e+37
295.655 1.594684432241626e+37
296.64 1.6373639486291605e+37
297.628 1.640500743845799e+37
298.62 1.643596181676544e+37
299.615 1.6473651491583856e+37
300.613 1.6503882280458103e+37
301.615 1.6385854403811935e+37
302.62 1.6177243470845643e+37
303.628 1.596116315076276e+37
304.64 1.5754775936553383e+37
305.655 1.5549606134811164e+37
306.674 1.5352518334890746e+37
307.695 1.517044123031514e+37
308.721 1.557403915356769e+37
309.749 1.6290243197427483e+37
310.781 1.7035657185992762e+37
311.817 1.7809962471327414e+37
312.856 1.862647782348613e+37
313.898 1.947799540794631e+37
314.944 2.0370821777995289e+37
315.994 2.1304512869114683e+37
317.047 2.2278697570037813e+37
318.103 2.3239537432399e+37
319.163 2.398079048742615e+37
320.226 2.472353661705842e+37
321.293 2.548749043267853e+37
322.364 2.6272412872694786e+37
323.438 2.7078150281348616e+37
324.516 2.7917475974852955e+37
325.597 2.8777068951478046e+37
326.682 2.9663114411788782e+37
327.77 3.053653526543662e+37
328.862 3.0790315413209683e+37
329.958 3.0816771655080005e+37
331.058 3.084909522938773e+37
332.161 3.0874532640508804e+37
333.268 3.0899431056401744e+37
334.378 3.092388754531373e+37
335.492 3.09541435296457e+37
336.61 3.09775224591527e+37
337.732 3.098151551121195e+37
338.857 3.047129733205921e+37
339.986 2.977046542524375e+37
341.119 2.908638327851016e+37
342.255 2.842519665409578e+37
343.396 2.777416497342873e+37
344.54 2.7133373256857124e+37
345.688 2.651494664117732e+37
346.84 2.5906438287678177e+37
347.995 2.5442101537581136e+37
349.155 2.5765103654399976e+37
350.318 2.623123541165009e+37
351.486 2.670598698220686e+37
352.657 2.7195428454197824e+37
353.832 2.7687051313753643e+37
355.011 2.818732275881387e+37
356.194 2.8695884534827114e+37
357.381 2.883232636104808e+37
358.571 2.823321540147922e+37
359.766 2.7631780790172835e+37
360.965 2.704579554864753e+37
362.168 2.6469261835745435e+37
363.374 2.590217610145315e+37
364.585 2.5350144494809803e+37
365.8 2.484794153499762e+37
367.019 2.4805916869142776e+37
368.242 2.489654459967519e+37
369.469 2.4992049743201573e+37
370.7 2.5086651977134684e+37
371.935 2.5186067013265106e+37
373.174 2.527886213359694e+37
374.418 2.537637626538493e+37
375.665 2.503774950192035e+37
376.917 2.434043667987073e+37
378.173 2.3653106553464305e+37
379.433 2.299247272325542e+37
380.697 2.2347134110036917e+37
381.966 2.1716902287472537e+37
383.238 2.1107303407791175e+37
384.515 2.052356327681556e+37
385.796 2.038385575946747e+37
387.082 2.0524617767803704e+37
388.372 2.066970291450667e+37
389.666 2.0813613779865995e+37
390.964 2.0956357607383229e+37
392.267 2.110330170927295e+37
393.574 2.12490568671231e+37
394.885 2.1393630466746296e+37
396.201 2.152625524900086e+37
397.521 2.1652441660043636e+37
398.846 2.178284439323097e+37
400.174 2.19122193140197e+37
401.508 2.2040409037049323e+37
402.846 2.2172801371463206e+37
404.188 2.230409644760442e+37
405.535 2.2345221158661507e+37
406.886 2.2260588799405873e+37
408.242 2.217104297374382e+37
409.602 2.2081874413993037e+37
410.967 2.1993028465698817e+37
412.336 2.19097086604586e+37
413.71 2.1806143425333025e+37
415.089 2.1447191485472916e+37
416.472 2.100882645528948e+37
417.859 2.0578248590800323e+37
419.252 2.0160362202699821e+37
420.649 1.9745055823641752e+37
422.05 1.9407793198230025e+37
423.456 1.9413565841942882e+37
424.867 1.9474055019843427e+37
426.283 1.9528932849460308e+37
427.703 1.9588229585770336e+37
429.128 1.9646905082038436e+37
430.558 1.9650707038581091e+37
431.993 1.9575600173514193e+37
433.432 1.9500810857985546e+37
434.877 1.9426248691013737e+37
436.326 1.935200323946503e+37
437.779 1.9278073421112342e+37
439.238 1.9209205674455188e+37
440.702 1.912612055263353e+37
442.17 1.8961764994127808e+37
443.643 1.8764777360748588e+37
445.122 1.8568843861448054e+37
446.605 1.837404433160314e+37
448.093 1.818507168551426e+37
449.586 1.7997146274163699e+37
451.084 1.782910421175321e+37
452.587 1.77699042578696e+37
454.095 1.772960979535006e+37
455.608 1.768472859345201e+37
457.126 1.7644599509790202e+37
458.649 1.7599916472877548e+37
460.177 1.7536881902877774e+37
461.711 1.7405047249700166e+37
463.249 1.7264772388843534e+37
464.793 1.7125210198867243e+37
466.341 1.698643283932881e+37
467.895 1.6848365422526355e+37
469.454 1.6715566929977558e+37
471.018 1.6592499969577169e+37
472.588 1.6474545155923355e+37
474.163 1.6361693917653659e+37
475.742 1.624500803601799e+37
477.328 1.6133329514538677e+37
478.918 1.6017849962652134e+37
480.514 1.5898549611053518e+37
482.115 1.5762294936682694e+37
483.721 1.5626828098708392e+37
485.333 1.5492124044445482e+37
486.95 1.535822261997347e+37
488.573 1.5225104018213477e+37
490.201 1.5101477588996411e+37
491.834 1.4995909353996962e+37
493.473 1.4899611756012874e+37
495.117 1.4799688388065106e+37
496.767 1.4700462598012822e+37
498.422 1.4601998685257433e+37
500.083 1.4500080067915555e+37
501.749 1.4382130723912865e+37
503.421 1.4256802189441278e+37
505.098 1.4118728854734982e+37
506.78 1.387491414197295e+37
508.468 1.3503076282290766e+37
510.161 1.3141885194874598e+37
511.86 1.2824432508677416e+37
513.565 1.282320816907687e+37
515.276 1.2891907350328525e+37
516.992 1.2960026466680559e+37
518.713 1.30275693099231e+37
520.441 1.3053683817592963e+37
522.174 1.2965624011550922e+37
523.913 1.2877999311643192e+37
525.658 1.2786768350370997e+37
527.409 1.2695996678258769e+37
529.165 1.260971992649697e+37
530.928 1.2519848842056377e+37
532.696 1.242646820242983e+37
534.47 1.2337541296577146e+37
536.25 1.224906571890077e+37
538.036 1.2157092845844646e+37
539.828 1.194364030008686e+37
541.626 1.0649289240384535e+37
543.43 9.281333403079493e+36
545.24 8.089825768479261e+36
547.056 7.049761983097094e+36
548.878 6.144196409014312e+36
550.706 5.923274232134722e+36
552.54 6.656939344084487e+36
554.38 7.492931029115768e+36
556.226 8.437842803474122e+36
558.079 9.501962391945157e+36
559.937 1.055515198181469e+37
561.802 1.065619756022985e+37
563.673 1.0568080795614233e+37
565.551 1.0484172514038234e+37
567.434 1.0396985500034338e+37
569.324 1.031397877012558e+37
571.22 1.023884963003738e+37
573.123 1.0175210002754077e+37
575.031 1.0111903872880335e+37
576.946 1.00452026999325e+37
578.868 9.982500375926432e+36
580.796 9.923767079092007e+36
582.73 9.876253976610159e+36
584.671 9.828937515306489e+36
586.618 9.781834158626783e+36
588.572 9.734926645887243e+36
590.532 9.677442446232293e+36
592.499 9.602303478838235e+36
594.472 9.527565596183146e+36
596.452 9.45321122453285e+36
598.438 9.379254839290047e+36
600.432 9.348106875666233e+36
602.431 9.422843599001691e+36
604.438 9.503987540193599e+36
606.451 9.584499700065768e+36
608.47 9.667874364315861e+36
610.497 9.64273294008301e+36
612.53 9.354166410816609e+36
614.57 9.063950375387231e+36
616.617 8.778999224432253e+36
618.671 8.506135649270832e+36
620.731 8.402640404298648e+36
622.798 8.579349301460048e+36
624.873 8.764959575415779e+36
626.954 8.952669221305733e+36
629.042 9.149150207794453e+36
631.137 9.081768556586346e+36
633.239 8.80009701302746e+36
635.348 8.526880442402835e+36
637.464 8.265375394624497e+36
639.587 8.018794609537749e+36
641.717 7.916063899419126e+36
643.854 7.860105443787286e+36
645.998 7.807720039085553e+36
648.15 7.755585413337669e+36
650.309 7.697181538914836e+36
652.474 7.629329405188452e+36
654.647 7.558589583201058e+36
656.828 7.488226563423548e+36
659.015 7.415039164736822e+36
661.21 7.335823417191957e+36
663.412 7.260256379927842e+36
665.622 7.18829345132239e+36
667.839 7.129451910628639e+36
670.063 7.074095227378898e+36
672.294 7.015872784102312e+36
674.533 6.95795292959362e+36
676.78 6.872093372729392e+36
679.034 6.777349532486742e+36
681.295 6.683163871180157e+36
683.564 6.58952416567983e+36
685.841 6.527392944195783e+36
688.125 6.52115853899355e+36
690.417 6.511813946497189e+36
692.716 6.505531190223601e+36
695.023 6.490048501964044e+36
697.338 6.431958056780477e+36
699.661 6.368108530437988e+36
701.991 6.30764394954049e+36
704.329 6.244493237763323e+36
706.675 6.169669658182892e+36
709.028 6.092285844255322e+36
711.39 6.018323107741818e+36
713.759 5.941816210042686e+36
716.136 5.877611880309524e+36
718.521 5.861057791205874e+36
720.914 5.850440026377586e+36
723.315 5.842763973244027e+36
725.724 5.832148059113664e+36
728.141 5.812788698313347e+36
730.566 5.793493993841488e+36
732.999 5.77716122125612e+36
735.44 5.714671604066163e+36
737.89 5.531648255701427e+36
740.347 5.34691723558193e+36
742.813 5.169063694530255e+36
745.287 4.892601496570971e+36
747.769 4.257235498904717e+36
750.259 3.676985634543781e+36
752.758 3.1738888989160394e+36
755.265 2.946841879721087e+36
757.781 3.6292770079625806e+36
760.304 4.611615382062422e+36
762.837 5.86299177149304e+36
765.377 6.939538786766231e+36
767.926 6.41318674113122e+36
770.484 5.807559666372087e+36
773.05 5.258082741335726e+36
775.624 4.7094549977696157e+36
778.208 4.101637490092493e+36
780.799 3.565809063663837e+36
783.4 3.103968808520347e+36
786.009 3.0477355101852807e+36
788.627 3.592354911894322e+36
791.253 4.246054830850964e+36
793.888 5.0211020075101064e+36
796.532 5.303047818093429e+36
799.185 5.1658670883908566e+36
801.847 5.034834975469229e+36
804.517 4.909901051447422e+36
807.197 4.864662993852393e+36
809.885 4.8432770612089325e+36
812.583 4.821973851282486e+36
815.289 4.7955555292597533e+36
818.004 4.7432984162335383e+36
820.728 4.691336375213944e+36
823.462 4.637083729201802e+36
826.204 4.593428396234072e+36
828.956 4.557693724622272e+36
831.717 4.5247012270250805e+36
834.487 4.491880004930094e+36
837.266 4.492203488125075e+36
840.054 4.505118620631125e+36
842.852 4.515377004347983e+36
845.659 4.5154763820494633e+36
848.476 4.4854890321702936e+36
851.302 4.455655731964592e+36
854.137 4.425976243510378e+36
856.981 4.413795176295219e+36
859.836 4.413993180215989e+36
862.699 4.4116914478756797e+36
865.573 4.414260574162074e+36
868.455 4.4241132283456874e+36
871.348 4.433850581321672e+36
874.25 4.4459134561602964e+36
877.161 4.448173432068408e+36
880.083 4.4503710367974985e+36
883.014 4.450112330753363e+36
885.955 4.4570063536118705e+36
888.905 4.470987862382835e+36
891.866 4.48721487819865e+36
894.836 4.498556437586618e+36
897.816 4.476672152546271e+36
900.806 4.4501851014246774e+36
903.806 4.4214934380357293e+36
906.817 4.442139103144665e+36
909.837 4.4953047957026593e+36
911.553 4.524250395634932e+36
913.273 4.644203849029524e+36
916.322 5.807955604806892e+36
919.38 9.283255890511735e+36
922.449 1.5030543452727843e+37
925.528 2.333242086250614e+37
928.618 3.07783417247277e+37
931.718 4.0339912126654604e+37
934.828 5.290430587994126e+37
937.948 6.75358315801179e+37
941.079 8.608602088633648e+37
944.22 1.095727535697323e+38
947.372 1.26804891856065e+38
950.534 1.4182096650644109e+38
953.707 1.586285959884668e+38
956.891 1.698186347297384e+38
960.085 1.7657497485396665e+38
963.29 1.8357103124016253e+38
966.505 1.4224436408682083e+38
969.731 7.521750832026929e+37
972.968 4.039327157445067e+37
976.216 3.4319528389589597e+37
979.475 5.827184268693861e+37
982.744 1.0101624677427707e+38
986.025 1.4672770052961192e+38
989.316 1.4997441652379431e+38
992.618 1.5187140088416878e+38
995.932 1.590849113966772e+38
999.256 1.7908548878814074e+38
1002.59 2.022558613185195e+38
1005.94 2.194211937398806e+38
1009.3 2.1763835704475003e+38
1012.67 2.1523610533373115e+38
1016.05 1.9424545752222783e+38
1019.44 1.441234789145922e+38
1022.84 1.0668660253710617e+38
1026.25 9.463993930948833e+37
1029.68 1.1243285403975516e+38
1033.12 1.3427927222753762e+38
1036.57 1.6290389850334786e+38
1040.03 2.000561016252191e+38
1043.5 2.4652479468140092e+38
1046.98 2.6558334462613325e+38
1050.48 2.5903761226130685e+38
1053.98 2.5253535406532737e+38
1057.5 2.360304138877691e+38
1061.03 2.166306121934611e+38
1064.57 2.0074891555441017e+38
1068.13 2.068395313018911e+38
1071.69 2.1903273248638136e+38
1075.27 2.2640083354674255e+38
1078.86 2.0989956352943515e+38
1082.46 1.919168288833626e+38
1086.07 1.864683533929778e+38
1089.7 2.0527725349156126e+38
1093.33 2.2712737244981544e+38
1096.98 2.331471236652391e+38
1100.65 2.2465155193115477e+38
1104.32 2.1659669904688882e+38
1108.01 2.112750991520351e+38
1111.7 2.067529104228262e+38
1115.42 2.0092246780282234e+38
1119.14 1.898174716380182e+38
1122.87 1.789735949090279e+38
1126.62 1.8052649785522476e+38
1130.38 1.9863794465861477e+38
1134.16 2.17449367881339e+38
1137.94 2.1635351735959728e+38
1141.74 2.07634971657053e+38
1145.55 2.0156794328580266e+38
1149.38 2.0403705490164283e+38
1153.21 2.07042239583924e+38
1157.06 2.0855557374596553e+38
1160.92 2.0895946419675533e+38
1164.8 2.0552834721463585e+38
1168.69 1.7616935083126313e+38
1172.59 1.4693146501246076e+38
1176.5 1.4099153262481993e+38
1180.43 1.6727417457209186e+38
1184.37 1.9621384573076587e+38
1188.32 1.900212889209643e+38
1192.29 1.7389204532386277e+38
1196.27 1.552234050922315e+38
1200.26 1.3167011435089214e+38
1204.27 1.1192153528943169e+38
1208.29 9.704877847518042e+37
1212.32 8.48490486491396e+37
1216.37 8.596915913810771e+37
1220.43 1.1280198619541547e+38
1224.5 1.4760523491922274e+38
1228.59 1.688297355083862e+38
1232.69 1.8696514407627703e+38
1236.81 1.9925828992895e+38
1240.94 2.020547669622619e+38
1245.08 2.036361351013976e+38
1249.23 1.9942430070445977e+38
1253.4 1.943890466480994e+38
1257.59 1.8921425885347667e+38
1261.79 1.8407137229736488e+38
1266.0 1.826504003312673e+38
1270.22 1.9110065618792572e+38
1274.46 1.9999052730350237e+38
1278.72 2.0167544880212383e+38
1282.99 2.0169132296960394e+38
1287.27 1.8999076684412927e+38
1291.57 1.6981382506052337e+38
1295.88 1.5679866200187814e+38
1300.2 1.589269838990897e+38
1304.54 1.6274684362607042e+38
1308.9 1.7380636052035633e+38
1313.27 1.874743511947341e+38
1317.65 1.892834300067358e+38
1322.05 1.8288420590595066e+38
1326.46 1.7620498363202546e+38
1330.89 1.6876881459664988e+38
1335.33 1.6408299643127136e+38
1339.79 1.7052195310952445e+38
1344.26 1.7817938822824868e+38
1348.75 1.7806732454522315e+38
1353.25 1.7544323306630554e+38
1357.77 1.6907969957399253e+38
1362.3 1.6072997073384374e+38
1366.85 1.5602198610372e+38
1371.41 1.5611317631633162e+38
1375.99 1.5621662100732987e+38
1380.58 1.5601025366004651e+38
1385.19 1.5325774847307484e+38
1389.81 1.3898538059827752e+38
1394.45 1.2591691487941694e+38
1399.11 1.25971786496462e+38
1403.78 1.2938384431711256e+38
1408.46 1.3323947792004577e+38
1413.16 1.3738286394249123e+38
1417.88 1.390402848732984e+38
1422.61 1.3899865252003451e+38
1427.36 1.3949069198863906e+38
1432.13 1.405112883061895e+38
1436.91 1.4220368356074444e+38
1441.7 1.4441402420667344e+38
1446.52 1.4298022827555147e+38
1451.34 1.4051672886789113e+38
1456.19 1.3698744774344549e+38
1461.05 1.3109657568419008e+38
1465.93 1.2686559429794472e+38
1470.82 1.2723875677859348e+38
1475.73 1.2763673533097446e+38
1480.66 1.2701197662503205e+38
1485.6 1.2631897083228047e+38
1490.56 1.2561441448863927e+38
1495.53 1.240189704267912e+38
1500.53 1.1887933776355944e+38
1505.53 1.1256044133476056e+38
1510.56 1.0300557668623555e+38
1515.6 1.0323777150895513e+38
1520.66 1.0588304820053185e+38
1525.74 1.0543315037211632e+38
1530.83 9.778569756116288e+37
1535.94 9.197116254501518e+37
1541.07 9.196828726792789e+37
1546.21 9.18410581356145e+37
1551.37 9.034459338356548e+37
1556.55 9.015314101476564e+37
1561.75 9.27484128786194e+37
1566.96 9.558295136020614e+37
1572.19 9.855941260802872e+37
1577.44 1.0051867631336865e+38
1582.7 1.0122979860024929e+38
1587.99 1.0145271707048408e+38
1593.29 1.0130023995872964e+38
1598.61 1.015592650418445e+38
1603.94 1.0197489975303794e+38
1609.3 1.0179190251433934e+38
1614.67 1.0122805516977714e+38
1620.06 9.927717980165373e+37
1625.47 9.803053458410496e+37
1630.89 1.0097141196180878e+38
1636.33 1.0348922269562198e+38
1641.8 1.0345318871842933e+38
1647.28 1.0233366862889208e+38
1652.78 9.992225817647918e+37
1658.29 1.0056149346212175e+38
1663.83 1.0305806000806428e+38
1669.38 1.0053788587615677e+38
1674.95 1.0191302882654232e+38
1680.55 1.0443989505256164e+38
1686.16 1.0359905294512049e+38
1691.78 1.0017720970578483e+38
1697.43 9.728935361839558e+37
1703.1 9.519249910026231e+37
1708.78 9.23013912560824e+37
1714.49 8.926663641062294e+37
1720.21 8.825169977711556e+37
1725.95 8.839895971337582e+37
1731.71 9.08498418064179e+37
1737.49 9.14866687919042e+37
1743.29 8.95842300596324e+37
1749.11 9.004892603008798e+37
1754.95 9.113865766167372e+37
1760.81 8.912041499338868e+37
1766.69 8.68381457298796e+37
1772.58 8.509773733300892e+37
1778.5 8.49675318211143e+37
1784.44 8.602735504325516e+37
1790.39 8.788625391224546e+37
1796.37 8.948313331633996e+37
1802.37 8.978396232046456e+37
1808.38 8.62305499931117e+37
1814.42 8.074459763931396e+37
1820.48 8.154706112765008e+37
1826.55 8.256451800446486e+37
1832.65 8.048000081968039e+37
1838.77 7.690694648504887e+37
1844.9 7.304644654063537e+37
1851.06 7.197525251088277e+37
1857.24 7.190500989791267e+37
1863.44 7.281463643499288e+37
1869.66 7.5591645688401685e+37
1875.9 7.729653003924125e+37
1882.16 7.227591709617297e+37
1888.45 6.805200166032814e+37
1894.75 6.563840625325798e+37
1901.07 6.859027357274275e+37
1907.42 6.982906127177016e+37
1913.79 6.665445493617527e+37
1920.18 6.464990684107131e+37
1926.59 6.416835184770268e+37
1933.02 6.646881528930246e+37
1939.47 6.786637061973658e+37
1945.94 6.764973784378079e+37
1952.44 6.3854983543650025e+37
1958.96 6.410660210138784e+37
1965.49 6.726279320181591e+37
1972.06 6.943818782781649e+37
1978.64 6.877594480489491e+37
1985.24 6.540033254552259e+37
1991.87 6.431725391392467e+37
1998.52 6.474960212884429e+37
2005.19 6.602573500648481e+37
2011.88 6.513940153412062e+37
2018.6 6.562566950497269e+37
2025.34 6.668486113782967e+37
2032.1 6.3179813184221945e+37
2038.88 6.205149057056039e+37
2045.69 6.265305769071503e+37
2052.51 6.1427846406010025e+37
2059.37 6.097383157407761e+37
2066.24 6.169464084987477e+37
2073.14 6.332145215096159e+37
2080.06 5.940328007675247e+37
2087.0 6.059844490521639e+37
2093.97 5.841773770723445e+37
2100.96 5.883878406430524e+37
2107.97 5.956875016661797e+37
2115.01 5.969069058730107e+37
2122.07 6.006151635940473e+37
2129.15 5.95116786066283e+37
2136.26 5.814965948090302e+37
2143.39 5.655833409642721e+37
2150.54 5.738663539746028e+37
2157.72 5.8307156405164e+37
2164.92 5.786741059644086e+37
2172.15 5.736132040121369e+37
2179.4 5.6244355577985e+37
2186.68 5.54253940402045e+37
2193.97 5.622818205999392e+37
2201.3 5.590565638336398e+37
2208.65 5.507521213772561e+37
2216.02 5.40006730907751e+37
2223.42 5.27893718973983e+37
2230.84 5.276611764275147e+37
2238.28 5.291330435149939e+37
2245.76 5.247237937399951e+37
2253.25 5.123300640563967e+37
2260.77 5.135397711635103e+37
2268.32 5.164202133725051e+37
2275.89 5.149851903680316e+37
2283.49 5.153196667187703e+37
2291.11 4.990561868691374e+37
2298.76 4.907475294508248e+37
2306.43 4.911445775842276e+37
2314.13 4.738224363929043e+37
2321.86 4.2057192027916933e+37
2329.61 4.205420200887594e+37
2337.38 4.498620680059285e+37
2345.18 4.508171734911011e+37
2353.01 4.534741107525083e+37
2360.87 4.479227625631532e+37
2368.75 4.4204613087867365e+37
2376.65 4.382601022225134e+37
2384.59 4.321763080588353e+37
2392.55 4.348297878883269e+37
2400.53 4.284371080312212e+37
2408.55 4.222564619171587e+37
2416.59 4.232327006188991e+37
2424.65 4.2384849131996404e+37
2432.75 4.135406835854129e+37
2440.87 4.1374002199319027e+37
2449.01 4.161019960470779e+37
2457.19 4.1299692821306936e+37
2465.39 4.0646298070037812e+37
2473.62 4.0056950641531756e+37
2481.88 4.0027173058423316e+37
2490.16 3.859018557569856e+37
2498.47 3.800383062600642e+37
