WAVE FLUX
2.0 2.512e-40
3.0 2.512e-40
4.0 2.512e-40
5.0 2.512e-40
6.0 2.512e-40
7.0 2.512e-40
8.0 2.512e-40
9.0 2.512e-40
10.0 2.512e-40
11.0 2.512e-40
12.0 2.512e-40
13.0 2.512e-40
14.0 2.512e-40
15.0 2.512e-40
16.0 2.512e-40
17.0 2.512e-40
18.0 2.512e-40
19.0 2.512e-40
20.0 2.512e-40
21.0 2.512e-40
22.0 2.512e-40
23.0 2.512e-40
24.0 2.512e-40
25.0 2.512e-40
26.0 2.512e-40
27.0 8.724933361056048e-30
28.0 8.690152384245783e-26
29.0 4.258843821103806e-22
30.0 1.2985485722721789e-18
31.0 2.167681021347207e-15
32.0 2.512e-40
33.0 2.512e-40
34.0 2.512e-40
35.0 2.512e-40
36.0 2.512e-40
37.0 2.512e-40
38.0 2.5452149920244423e-33
39.0 5.118790896600395e-32
40.0 7.258236316426413e-29
41.0 2.0113470861589255e-18
42.0 2.2592335171833038e-17
43.0 3.990333679981952e-17
44.0 5.946191985477981e-17
45.0 6.485538216263353e-17
46.0 6.6353577726339e-17
47.0 7.594810721969761e-17
48.0 6.02043371167576e-17
49.0 3.271693992928295e-17
50.0 2.919274907199213e-14
51.0 3.3444944490675535e-14
52.0 4.408972641054401e-14
53.0 5.988476010663146e-14
54.0 8.347011643149582e-14
55.0 1.1892583273890425e-13
56.0 2.113219848560402e-13
57.0 4.2801871485185264e-13
58.0 8.60115726198978e-13
59.0 1.716013143069193e-12
60.0 3.40301089259094e-12
61.0 6.71200895996146e-12
62.0 1.3400007317259327e-11
63.0 2.9370005982545973e-11
64.0 6.357000484174822e-11
65.0 1.3610000387909088e-10
66.0 2.8840000309651537e-10
67.0 6.050000024543605e-10
68.0 1.2560000019327309e-09
69.0 2.5830000015070878e-09
70.0 5.2600000011767e-09
71.0 1.0390000000907024e-08
72.0 2.0170000000693483e-08
73.0 3.8470000000526914e-08
74.0 7.128000000040307e-08
75.0 7.892000000029638e-08
76.0 1.4220000000022464e-07
77.0 2.533000000001661e-07
78.0 4.425000000001226e-07
79.0 7.620000000000908e-07
80.0 1.3010000000000675e-06
81.0 2.184000000000047e-06
82.0 3.614000000000034e-06
83.0 5.926000000000025e-06
84.0 9.642000000000017e-06
85.0 1.5410000000000013e-05
86.0 2.440000000000001e-05
87.0 3.8140000000000004e-05
88.0 5.2360000000000014e-05
89.0 8.008000000000002e-05
90.0 0.00012160000000000003
91.0 0.00017950000000000003
92.0 0.0002665000000000001
93.0 0.0003926000000000001
94.0 0.0005736000000000001
95.0 0.0008297000000000002
96.0 0.0011930000000000003
97.0 0.0016990000000000004
98.0 0.0023980000000000004
99.0 0.0022090000000000005
100.0 0.0030020000000000008
101.0 0.003728000000000001
102.0 0.005067000000000001
103.0 0.006853
104.0 0.009254
105.0 0.01239
106.0 0.01654
107.0 0.02191
108.0 0.02876
109.0 0.03908
110.0 0.05089
111.0 0.06612
112.0 0.08519
113.0 0.1095
114.0 0.1317
115.0 0.168
116.0 0.2132
117.0 0.2695
118.0 0.339
119.0 0.4244
120.0 0.4949
121.0 0.6149
122.0 0.7617
123.0 0.9388
124.0 1.145
125.0 1.399
126.0 1.707
127.0 1.624
128.0 0.9981
129.0 1.1790000000000003
130.0 1.4190000000000003
131.0 1.7010000000000005
132.0 2.0080000000000005
133.0 2.3940000000000006
134.0 2.6780000000000013
135.0 3.1750000000000007
136.0 2.7490000000000014
137.0 3.2480000000000024
138.0 3.8240000000000025
139.0 4.495000000000004
140.0 5.268000000000004
141.0 6.159000000000007
142.0 5.837000000000009
143.0 6.784000000000012
144.0 7.862000000000016
145.0 9.092000000000024
146.0 10.50000000000003
147.0 12.080000000000041
148.0 13.890000000000054
149.0 15.93000000000007
150.0 18.230000000000093
151.0 20.780000000000125
152.0 23.680000000000156
153.0 26.950000000000216
154.0 30.600000000000286
155.0 34.010000000000375
156.0 38.51000000000049
157.0 43.50000000000067
158.0 45.17000000000086
159.0 50.90000000000115
160.0 57.270000000001616
161.0 42.81000000000196
162.0 42.60000000000266
163.0 49.82000000000361
164.0 50.52000000000473
165.0 65.4500000000065
166.0 77.57000000000849
167.0 106.00000000001113
168.0 233.4000000000175
169.0 96.96000000002086
170.0 101.40000000003394
171.0 42.76000000003115
172.0 132.60000000006107
173.0 145.00000000007748
174.0 198.50000000011633
175.0 171.80000000014982
176.0 175.50000000021336
177.0 176.30000000029423
178.0 211.70000000042117
179.0 256.00000000060334
180.0 249.20000000082976
181.0 281.0000000012138
182.0 280.6000000016624
183.0 346.2000000024635
184.0 325.0000000032633
185.0 398.300000004775
186.0 1362.000000009658
187.0 419.40000000841786
188.0 486.80000001376914
189.0 559.9000000196876
190.0 618.2000000277293
191.0 623.3000000414693
192.0 473.4000000521792
193.0 788.2000000841621
194.0 805.4000001117623
195.0 848.1000001576211
196.0 945.3000002273783
197.0 969.9000003173629
198.0 974.800000436805
199.0 1143.0000006325583
200.0 1242.0000008931784
201.0 1323.0000012560745
202.0 1314.0000016187043
203.0 2174.000002624982
204.0 1632.0000033281094
205.0 1701.0000048850034
206.0 1759.0000068048964
207.0 1914.000010140613
208.0 1425.000012157257
209.0 2908.0000214897545
210.0 2600.000026166696
211.0 2536.000036399174
212.0 2651.000051239371
213.0 2773.000064665991
214.0 6200.000129144552
215.0 2840.000135241056
216.0 3342.0001993452593
217.0 4216.000290763396
218.0 3791.000390516083
219.0 3982.0005693953485
220.0 3768.0007780731885
221.0 4511.001097760904
222.0 5213.001566827528
223.0 5126.002132667833
224.0 5240.002986697074
225.0 5515.004180246989
226.0 5944.005860961703
227.0 6347.005982326482
228.0 54430.00915007214
229.0 1758000.0079498093
230.0 86090.00366570233
231.0 24960.00401066437
232.0 16800.00304826173
233.0 110300.00674450456
234.0 45780.004168199746
235.0 63880.003653714884
236.0 960200.0064899144
237.0 252600.0051294661
238.0 158300.00453854425
239.0 414400.0093005388
240.0 18730.00421584789
241.0 1117000.0283745788
242.0 38720.002131290734
243.0 1459000.015872697
244.0 510100.00626927166
245.0 671300.0063066783
246.0 1239000.0109200904
247.0 183200.0064690141
248.0 209400.00677782015
249.0 893000.0097048837
250.0 1124000.010154523
251.0 384700.00565854786
252.0 1507000.0086410358
253.0 1098000.0074951514
254.0 1748000.0095260406
255.0 1390000.015293746
256.0 130600.00375866312
257.0 1878000.0174885888
258.0 237200.00836710434
259.0 241200.00760907793
260.0 862900.004398834
261.0 1696000.0069975648
262.0 232600.0015240941
263.0 1352000.0032007955
264.0 578300.0015607855
265.0 152600.00131739158
266.0 449300.0018145972
267.0 564800.0025133272
268.0 118600.00073183667
269.0 972500.0030630641
270.0 929400.0018555218
271.0 571300.0014552259
272.0 1449000.001996644
273.0 794000.0017721544
274.0 1947000.00210522
275.0 1774000.0019017202
276.0 1913000.0022850889
277.0 1136000.0019315858
278.0 1006000.0020862033
279.0 1095000.00227738
280.0 1252000.0023718318
281.0 1637000.002707009
282.0 1726000.0028344463
283.0 1598000.0030187594
284.0 1386000.0032171467
285.0 1346000.0036616442
286.0 413200.003735714
287.0 1468000.004846408
288.0 792500.0041774282
289.0 1777000.0077602211
290.0 440700.0041918031
291.0 1172000.0087671506
292.0 673400.006636277
293.0 787700.0092159036
294.0 664200.0085257182
295.0 1101000.012864097
296.0 972500.0108647991
297.0 1880000.0185350797
298.0 1368000.0162354498
299.0 1293000.0212121885
300.0 956000.0192526263
301.0 1454000.036415535
302.0 651000.032565458
303.0 337500.01642196474
304.0 892500.0002462334
305.0 1866000.0002630034
306.0 1902000.0002791134
307.0 1041000.0001869597
308.0 1779000.0002937543
309.0 1194000.000200497
310.0 1941000.000260404
311.0 1859000.0002337594
312.0 1663000.0002654397
313.0 689600.0001833773
314.0 1364000.000221896
315.0 1859000.0002136
316.0 1371000.000199748
317.0 1008000.0001917445
318.0 857500.0001720737
319.0 1644000.000224833
320.0 672300.000134358
321.0 1252000.0001819634
322.0 1814000.0002157865
323.0 736000.0000937954
324.0 1964000.0002097436
325.0 1534000.0001238557
326.0 1946000.00014607
327.0 1841000.0001284482
328.0 1851000.000130046
329.0 1521000.0001192978
330.0 1359000.000119266
331.0 699900.0001065456
332.0 995800.0001116907
333.0 1173000.0000986843
334.0 1855000.0001175064
335.0 1632000.0001201418
336.0 716700.0000585025
337.0 1743000.0001338054
338.0 923100.0000760232
339.0 999400.0000873446
340.0 899400.0000822397
341.0 1909000.0000920699
342.0 1573000.000073475
343.0 1820000.0001273693
344.0 331300.0000480892
345.0 398200.0000614343
346.0 1231000.0000881322
347.0 1867000.000075238
348.0 1716000.0000698257
349.0 400600.0000561647
350.0 682400.0000645891
351.0 1797000.0000984927
352.0 1302000.000072296
353.0 748000.0000746867
354.0 278300.0000414423
355.0 1580000.0000575678
356.0 1105000.0000533597
357.0 951200.0000485565
358.0 1308000.0000620922
359.0 1219000.0000486574
360.0 1915000.000063982
361.0 1506000.0000600333
362.0 364400.0000410681
363.0 1472000.0001112272
364.0 673400.0000360741
365.0 1591000.000081224
366.0 1283000.000069248
367.0 650000.000061544
368.0 1662000.0000828514
369.0 1779000.0000699272
370.0 1617000.0000670191
371.0 1609000.0000750178
372.0 1303000.0000724418
373.0 1702000.0000901746
374.0 744700.000080991
375.0 436500.00004738395
376.0 1855000.0002265978
377.0 320700.00008045783
378.0 362200.000099007
379.0 332100.0000671535
380.0 1585000.0002047946
381.0 1207000.0002790843
382.0 169500.00011413128
383.0 1101000.0002472813
384.0 1348000.0001422912
385.0 1727000.0001648925
386.0 1781000.0001845153
387.0 1075000.0001698022
388.0 1620000.000216447
389.0 1669000.0002230222
390.0 1448000.0002091909
391.0 1776000.0002497141
392.0 1697000.000267791
393.0 1693000.0006656137
394.0 228400.00011511744
395.0 1158000.0004024827
396.0 1671000.0004158875
397.0 1775000.0005639228
398.0 786700.0002759098
399.0 1823000.0005669398
400.0 1706000.0005755622
401.0 1275000.0005441175
402.0 1343000.000826063
403.0 765500.0006175312
404.0 1812000.000961106
405.0 1208000.0006774617
406.0 1767000.0010670144
407.0 1775000.0010880078
408.0 1337000.001176821
409.0 985700.0010150445
410.0 1396000.0014457537
411.0 1724000.0015321288
412.0 1716000.0016621414
413.0 1770000.0020520568
414.0 1366000.0019004985
415.0 1443000.0022897008
416.0 989700.0023358073
417.0 861700.0023142176
418.0 1179000.0030208388
419.0 1265000.0030991791
420.0 1735000.004639366
421.0 1123000.0032248395
422.0 1531000.004303593
423.0 1702000.0048488837
424.0 1740000.0052832102
425.0 1700000.005987893
426.0 1513000.0078167508
427.0 561800.0033384839
428.0 1608000.0097994755
429.0 1535000.0085637774
430.0 1464000.008617129
431.0 1660000.0119563781
432.0 1140000.0109926197
433.0 713900.0087451141
434.0 1352000.0156624992
435.0 1677000.0153412938
436.0 1276000.0150886679
437.0 1347000.0164829064
438.0 1698000.0240458206
439.0 925100.0233863775
440.0 439000.01249576116
441.0 1136000.0303791463
442.0 1604000.030957818
443.0 1437000.0370995214
444.0 846200.0325973711
445.0 584600.033452124
446.0 1044000.0443722054
447.0 1675000.0542093245
448.0 1373000.0499165396
449.0 1027000.0415239071
450.0 1566000.0657470021
451.0 1622000.0647990624
452.0 1653000.0720800455
453.0 1582000.0752820047
454.0 1652000.0847289634
455.0 1636000.1125555187
456.0 1008000.0804922848
457.0 1529000.120249289
458.0 914100.0879884544
459.0 1356000.1495926932
460.0 1340000.151155579
461.0 1191000.2747150073
462.0 365700.10700560303
463.0 1612000.2513977047
464.0 1613000.210152905
465.0 1629000.2312703787
466.0 1624000.252975883
467.0 1618000.277177301
468.0 1610000.3027005119
469.0 1606000.3325028394
470.0 1593000.3629550023
471.0 1589000.397456778
472.0 1418000.4040867765
473.0 1558000.4881972817
474.0 1589000.5278333926
475.0 1499000.6079020742
476.0 1238000.5811975372
477.0 1525000.7254800077
478.0 1359000.7322832162
479.0 1295000.815910143
480.0 1157000.838902496
481.0 1255000.9586073114
482.0 1431001.06337029
483.0 1647001.1924929756
484.0 1792001.3490102848
485.0 1508001.364059167
486.0 1494001.4978448206
487.0 1552001.7007270597
488.0 564700.9081038169
489.0 1550002.895725902
490.0 1184002.1192151855
491.0 1535002.6482202236
492.0 1526002.5972347863
493.0 1507002.8174026748
494.0 1528003.1196152812
495.0 1527003.38656765
496.0 1528003.7077099842
497.0 1526004.0419288692
498.0 1523004.4183203473
499.0 1517004.8247837508
500.0 1510005.2542640946
501.0 1510005.7523927016
502.0 1508006.2690852599
503.0 1505006.8473365433
504.0 1499004.627537091
505.0 1519000.4185330758
506.0 1495000.0001057119
507.0 1537000.0002067883
508.0 1518000.0002227488
509.0 1504000.0001855788
510.0 1493000.0001026765
511.0 1460000.0000973723
512.0 1244000.000091017
513.0 1514000.0001063189
514.0 1503000.0001062439
515.0 1494000.0001129082
516.0 1484000.0001187562
517.0 1479000.0001247404
518.0 1394000.0001293488
519.0 1389000.0001382122
520.0 1476000.0001504235
521.0 1472000.0001563972
522.0 1468000.000164568
523.0 1466000.0001752262
524.0 1465000.0001873043
525.0 1455000.0002068777
526.0 1312000.0002017214
527.0 1402000.00022432
528.0 1424000.0002387655
529.0 1438000.0002535623
530.0 1435000.0002686086
531.0 1443000.0002823244
532.0 1437000.000241081
533.0 1431000.0002168978
534.0 1426000.000231203
535.0 1393000.0002613137
536.0 1049000.0002373413
537.0 1365000.0003125547
538.0 1327000.0002915687
539.0 1296000.000309161
540.0 1263000.0003309615
541.0 1113000.000337174
542.0 1087000.000403221
543.0 1036000.0005017665
544.0 493900.0002293933
545.0 1424000.000489921
546.0 1416000.0004720597
547.0 1397000.0004992308
548.0 1352000.0005423762
549.0 1257000.0005609046
550.0 1306000.0006423371
551.0 1149000.0006061206
552.0 1256000.0006774464
553.0 1303000.000719568
554.0 1316000.0007452657
555.0 1459000.000854834
556.0 1438000.0008755699
557.0 1388000.0009213872
558.0 1354000.0009858483
559.0 1170000.0009107767
560.0 1346000.001138875
561.0 1333000.0015854773
562.0 751800.0010693949
563.0 1227000.0014833615
564.0 1334000.0014803687
565.0 1261000.001570893
566.0 1109000.001644157
567.0 1106000.0020383967
568.0 637300.0012896296
569.0 840000.0017355786
570.0 1186000.0023106872
571.0 1237000.0021691308
572.0 1458000.0024255016
573.0 1567000.0025121837
574.0 1388000.0025356107
575.0 1319000.00275707
576.0 1311000.0013721457
577.0 1299000.0000257625
578.0 1296000.0000263446
579.0 1294000.000026977
580.0 1288000.000027736
581.0 1270000.0000286417
582.0 1092000.0000271534
583.0 1119000.000025581
584.0 1108000.0000101712
585.0 1160000.0000045593
586.0 1413000.0000224337
587.0 1407000.0000336573
588.0 1323000.0000339402
589.0 1285000.0000348776
590.0 1272000.0000360017
591.0 1261000.000037119
592.0 1254000.000038294
593.0 1259000.0000398264
594.0 1255000.0000410688
595.0 1248000.0000423037
596.0 1246000.000043789
597.0 1241000.0000454597
598.0 1229000.0000470935
599.0 1200000.000048469
600.0 1161000.0000496486
601.0 1163000.0000513343
602.0 1196000.00005353
603.0 1235000.0001225069
604.0 1227000.0002385306
605.0 1200000.0003833328
606.0 1167000.0005458533
607.0 1173000.0007916938
608.0 1167000.0010858958
609.0 1164000.0014357483
610.0 1171000.0018483563
611.0 1228000.0024155516
612.0 1215000.002914538
613.0 1205000.0034554203
614.0 1201000.0040571047
615.0 1197000.004676864
616.0 1194000.0053261265
617.0 1188000.0059627618
618.0 1191000.00665216
619.0 1189000.007740326
620.0 983500.0080307514
621.0 883300.0084444782
622.0 920900.0094354544
623.0 924500.0090068808
624.0 920400.0041794638
625.0 485400.0008869086
626.0 282100.00457406585
627.0 438700.0129600934
628.0 863600.0180468344
629.0 1193000.0146170985
630.0 1421000.014620115
631.0 1917000.0165202047
632.0 1588000.0202955666
633.0 838300.0149800207
634.0 1088000.0191564371
635.0 1238000.019391834
636.0 1196000.0185925134
637.0 1175000.0192715933
638.0 1157000.020096299
639.0 1095000.0201856585
640.0 1090000.02127203
641.0 999200.0206033253
642.0 1037000.0220658142
643.0 1142000.0237632722
644.0 1130000.0231763816
645.0 1127000.0239100566
646.0 1102000.0241563662
647.0 1095000.0243463668
648.0 1114000.0251182185
649.0 1115000.0256004839
650.0 1112000.0260094437
651.0 1108000.0264028527
652.0 1105000.0268218517
653.0 1105000.027358533
654.0 1089000.0275323265
655.0 1090000.0280526774
656.0 1094000.0285138225
657.0 1091000.0287996675
658.0 1090000.029169771
659.0 1088000.0295120217
660.0 1088000.0298833833
661.0 1086000.0301987582
662.0 1084000.0305397927
663.0 1080000.0308294427
664.0 1076000.031085051
665.0 1074000.0313746529
666.0 1075000.0317539216
667.0 1072000.0320182445
668.0 1069000.032407171
669.0 1066000.0334511895
670.0 1045000.0339048133
671.0 600600.0257117398
672.0 536400.0288587037
673.0 720200.0357030167
674.0 981400.0382841399
675.0 1046000.0348109718
676.0 1053000.0348206966
677.0 1043000.0343713928
678.0 1037000.0344170209
679.0 1043000.0348609173
680.0 1043000.0357790374
681.0 992700.0349499475
682.0 1003000.0353125121
683.0 1031000.0359086465
684.0 1034000.0375878429
685.0 1032000.0416244152
686.0 794100.0342495418
687.0 859300.0340758704
688.0 1023000.0370129118
689.0 1018000.0366772467
690.0 1012000.0367875785
691.0 1012000.0369747553
692.0 1020000.0373552581
693.0 1015000.0373197377
694.0 1013000.0375440043
695.0 1008000.0376550267
696.0 1008000.0378568282
697.0 1007000.0380186498
698.0 1002000.0381381138
699.0 987200.0379337363
700.0 995000.0386350064
701.0 996600.0391770087
702.0 973000.0387124179
703.0 978700.038810185
704.0 992600.0392305382
705.0 984700.039098057
706.0 975300.0390531914
707.0 981900.0395874674
708.0 983800.0398085032
709.0 981100.0398432871
710.0 976000.0399276287
711.0 974200.0401491715
712.0 971900.0403089414
713.0 972400.0405588298
714.0 969700.0406751109
715.0 967700.0408208501
716.0 968000.0410632076
717.0 965600.0415282255
718.0 946800.0413275934
719.0 943400.0414875611
720.0 959100.0421626952
721.0 956900.0420857616
722.0 954700.0423803229
723.0 949900.042556598
724.0 944800.042605207
725.0 950400.0430855113
726.0 948300.0432604252
727.0 945600.0435186656
728.0 943500.0438025834
729.0 941500.0502690065
730.0 694900.0426923339
731.0 659900.0415493448
732.0 872500.048850759
733.0 924000.0452972925
734.0 928200.0458236195
735.0 926000.04603468
736.0 925500.0463885432
737.0 924000.0467379212
738.0 923400.0471402872
739.0 921900.0475638101
740.0 919900.0479596376
741.0 918000.0484824697
742.0 913600.0489345287
743.0 907900.0493517638
744.0 901200.0498876364
745.0 889300.0501170764
746.0 895500.0508842734
747.0 906700.0517494617
748.0 904600.0519913897
749.0 902200.052657635
750.0 899100.0532781214
751.0 892100.0540422401
752.0 866500.0537667922
753.0 872800.0586725213
754.0 748300.062848435
755.0 516100.05199874967
756.0 615500.0652703389
757.0 590700.0633223213
758.0 533000.0567559326
759.0 590700.0585401589
760.0 668500.0613162444
761.0 718800.063642985
762.0 752400.065604225
763.0 737600.0629218896
764.0 796500.0642359867
765.0 893700.067911714
766.0 896900.067558869
767.0 888400.0684753831
768.0 882000.0698034632
769.0 871400.074173958
770.0 775100.070610561
771.0 774900.072818784
772.0 822100.0772219951
773.0 816800.0766921003
774.0 779100.0739708031
775.0 787200.0756119926
776.0 862100.0838199572
777.0 855600.0842904653
778.0 850600.0848939294
779.0 847400.0864763557
780.0 845500.0883922187
781.0 844300.0906997222
782.0 835700.093467492
783.0 809200.0940782145
784.0 807400.0975468988
785.0 802100.100634119
786.0 779500.1014211663
787.0 762500.1002563381
788.0 774900.1029277738
789.0 828400.1105649209
790.0 879400.1168967845
791.0 879400.1164217782
792.0 850000.1163330078
793.0 838700.1199638135
794.0 828600.1235346845
795.0 820000.1264355015
796.0 814600.1297583084
797.0 815400.133946882
798.0 815800.1379638455
799.0 811300.1411322884
800.0 808300.1447817658
801.0 808000.1489560185
802.0 807000.1530396655
803.0 807700.1576947931
804.0 806000.1618757471
805.0 803900.1662585691
806.0 802800.171153479
807.0 801400.1759684789
808.0 799800.1811942277
809.0 797800.1864202017
810.0 795500.1916111785
811.0 792900.1971986556
812.0 790900.202899307
813.0 790100.2090646932
814.0 790000.2156580291
815.0 788400.2218276424
816.0 785800.2282328057
817.0 783100.2347844334
818.0 783100.2421202663
819.0 782100.2498139564
820.0 780400.2572591391
821.0 778800.264945943
822.0 777000.2731762171
823.0 774900.2812566338
824.0 773400.2899250322
825.0 772200.299026273
826.0 771000.308097829
827.0 769400.3178119637
828.0 767800.3276971129
829.0 765700.3373809953
830.0 757100.3454054748
831.0 755700.3565587107
832.0 760200.371698184
833.0 750900.3828961939
834.0 740100.3929078629
835.0 734700.4023721671
836.0 745300.4177257036
837.0 755000.432834877
838.0 752800.4453516254
839.0 751000.4595262477
840.0 748900.4734381643
841.0 745300.4874094537
842.0 744100.5029096694
843.0 744400.5196431061
844.0 743300.536756021
845.0 741500.5532936858
846.0 739600.5709585721
847.0 738800.591894906
848.0 734300.6097123348
849.0 723600.6207538896
850.0 725500.6412835573
851.0 732200.6662800738
852.0 731500.6880471178
853.0 728500.7089800875
854.0 726600.730823805
855.0 726800.755656379
856.0 725600.7791472006
857.0 724200.8023977482
858.0 722500.8284617522
859.0 721000.8546313066
860.0 718500.8800989484
861.0 707700.898077687
862.0 706800.9281036747
863.0 714300.9711308103
864.0 711701.004541252
865.0 700601.0252430368
866.0 700301.058343374
867.0 709101.1017795546
868.0 708501.1309587836
869.0 707101.1637083115
870.0 705701.2004289611
871.0 704301.2369947726
872.0 702601.2772769713
873.0 701201.3202652694
874.0 700101.3636560863
875.0 683501.3781076396
876.0 671501.4006625947
877.0 688401.4838403701
878.0 694501.5463770761
879.0 693101.5927470673
880.0 687701.6294395209
881.0 685001.6775829516
882.0 686101.7354158657
883.0 683701.7842914322
884.0 683201.8395879412
885.0 684401.899543988
886.0 683601.9543968345
887.0 682102.0158362725
888.0 680802.077596967
889.0 679502.1397101883
890.0 677902.2063281691
891.0 676602.2736160057
892.0 675602.3425579603
893.0 674202.4155903752
894.0 672902.4886691632
895.0 671602.5627072207
896.0 670202.6424543883
897.0 668902.7222530395
898.0 667602.8033038441
899.0 665402.8871166409
900.0 664702.9770322747
901.0 663203.0651348414
902.0 662203.1638094756
903.0 660803.2601986448
904.0 657603.3484829543
905.0 657603.4587596036
906.0 645603.503907854
907.0 655903.6723440004
908.0 654603.7887059612
909.0 653003.9027838256
910.0 647303.8587831643
911.0 650803.1871717627
912.0 1340136.8556399534
913.0 1331020.176888803
914.0 1277412.036353939
915.0 1336941.459954594
916.0 1319785.8628241504
917.0 1325926.188366095
918.0 1321008.6870303534
919.0 1270672.985304402
920.0 1298020.1592767648
921.0 493087.19355113484
922.0 1102927.6566286725
923.0 692788.2884152421
924.0 794296.4638962058
925.0 1287009.898946796
926.0 1221574.367678952
927.0 1259966.1437597333
928.0 1268071.3146563359
929.0 1229847.987210432
930.0 1229164.7675118167
931.0 1013294.7814711406
932.0 1204334.1716784616
933.0 1208922.5530655046
934.0 1334655.8551706146
935.0 1289481.5724617615
936.0 1277147.6978465177
937.0 1110309.6264020342
938.0 630184.1588229906
939.0 1225951.2956645389
940.0 1252883.767764265
941.0 1240255.385573622
942.0 1203664.4858213915
943.0 1208754.5801941312
944.0 1215864.7273273661
945.0 1267385.3873150228
946.0 1248208.7242166558
947.0 1236100.932382073
948.0 1211844.0375932788
949.0 1042382.9028305527
950.0 600297.9833993755
951.0 1201963.511317613
952.0 1218728.6138602588
953.0 1213207.4124336482
954.0 1199033.337488261
955.0 1200038.7724780652
956.0 1212155.6261238102
957.0 1208119.442080332
958.0 1207187.7106488761
959.0 790835.0735469771
960.0 1186127.5815222762
961.0 1201306.6653596465
962.0 1196273.9596166704
963.0 1189220.327795718
964.0 1176137.2690151988
965.0 1185297.09185301
966.0 1178289.2919169937
967.0 1159142.240507109
968.0 1150088.300584226
969.0 1164278.857662826
970.0 1157256.3001028453
971.0 1157336.7905019582
972.0 985775.8361001962
973.0 1144353.8320285932
974.0 1132238.4331736187
975.0 1137308.6989976491
976.0 1139346.238877447
977.0 1135322.1485377639
978.0 1063562.6464306093
979.0 1137385.9011492324
980.0 1133357.8426755518
981.0 1120225.989889655
982.0 1137425.2070773153
983.0 1135449.3386067376
984.0 1114360.5898201526
985.0 1129674.8509401965
986.0 1100488.0040649408
987.0 971362.5237551511
988.0 1126578.3860038877
989.0 1106732.0729648317
990.0 800346.5949110688
991.0 1048567.6281053209
992.0 1109950.8197419033
993.0 1085535.0788042643
994.0 1096883.8025441824
995.0 980207.790232458
996.0 1044659.274797846
997.0 1049550.1023376838
998.0 1080749.6708988985
999.0 1093727.1227753193
1000.0 1091701.5499342324
1001.0 1080629.7898038898
1002.0 1080687.5172076314
1003.0 1081833.7974605514
1004.0 1080053.9861910339
1005.0 1073210.9436870755
1006.0 1018754.9031765409
1007.0 1063322.2589038063
1008.0 949504.6144244581
1009.0 1060303.1154917127
1010.0 944608.5500170437
1011.0 1037701.0048588231
1012.0 1052298.1748076554
1013.0 878286.2637249181
1014.0 1046130.5077159113
1015.0 1002283.7561700227
1016.0 999695.4832771523
1017.0 1004094.2101290713
1018.0 904344.8745136873
1019.0 986679.4286742182
1020.0 994649.9856643737
1021.0 979014.9836768206
1022.0 980101.1965895172
1023.0 976461.4732279981
1024.0 960998.4426715542
1025.0 734801.0803183906
1026.0 491217.5154651921
1027.0 880052.447721442
1028.0 836538.6126827726
1029.0 745624.559273952
1030.0 708644.5172688392
1031.0 794581.4961119799
1032.0 939049.1541007224
1033.0 1098792.0823704784
1034.0 953748.5213660629
1035.0 852092.0173047342
1036.0 822731.0167134941
1037.0 853809.1967573995
1038.0 1182444.2908425007
1039.0 1096255.5304218233
1040.0 1033516.232094545
1041.0 1011186.2260387491
1042.0 999117.3460268494
1043.0 991504.4729172568
1044.0 985051.9272884262
1045.0 980065.5012520935
1046.0 976497.9837907166
1047.0 973436.6150685532
1048.0 970155.5157200907
1049.0 967786.8732271754
1050.0 964809.2521381973
1051.0 961423.0157063622
1052.0 959961.7467069747
1053.0 956876.9130577648
1054.0 954705.0612860846
1055.0 947873.5655041761
1056.0 930689.9282862651
1057.0 946589.2676429775
1058.0 942235.3426142547
1059.0 941680.0609557973
1060.0 923559.0529169885
1061.0 914876.2980319986
1062.0 899108.7649146706
1063.0 836626.3187702348
1064.0 929099.9125962203
1065.0 927042.4530369755
1066.0 912025.0788397575
1067.0 921688.608864477
1068.0 885017.4103167112
1069.0 894531.5569588706
1070.0 904921.7533315945
1071.0 911246.2030862721
1072.0 907246.6487872794
1073.0 905468.2520915598
1074.0 903791.2587905569
1075.0 904857.6058402659
1076.0 901144.5309819634
1077.0 902040.5661750392
1078.0 879755.9883023646
1079.0 869639.0986215216
1080.0 897086.2857202797
1081.0 891688.2275945313
1082.0 880697.5746706108
1083.0 878679.3637151363
1084.0 875766.2535533964
1085.0 772377.6991569852
1086.0 878278.6856446852
1087.0 879174.488699065
1088.0 874275.9380129589
1089.0 864595.1507663128
1090.0 867413.2863098801
1091.0 857686.9969132429
1092.0 869326.662251267
1093.0 864381.8732795372
1094.0 866597.706781524
1095.0 863540.580402532
1096.0 859363.1167724292
1097.0 851824.1468142857
1098.0 842592.1823851487
1099.0 855756.1916262602
1100.0 852937.5100215629
1101.0 851970.6878833325
1102.0 846559.6499734807
1103.0 846442.8431905064
1104.0 840419.0261832001
1105.0 845084.4678615426
1106.0 844713.2105657894
1107.0 841360.7846716661
1108.0 587441.9265699366
1109.0 830984.2971545352
1110.0 833378.1554238205
1111.0 828100.9021795931
1112.0 824715.8261061115
1113.0 825071.3859355774
1114.0 823795.7420493705
1115.0 804572.2084405671
1116.0 798188.0405485565
1117.0 817628.1064251685
1118.0 814837.0497999269
1119.0 814595.3638653418
1120.0 813946.2604635052
1121.0 808418.5132274157
1122.0 805133.4935146346
1123.0 804395.827518293
1124.0 739275.1882022036
1125.0 762186.8217547818
1126.0 800100.1728317571
1127.0 796614.6619881123
1128.0 724277.0097349948
1129.0 704891.4409423528
1130.0 779009.7178727675
1131.0 786612.4302691917
1132.0 789986.5860020801
1133.0 785805.940941182
1134.0 787240.3651945384
1135.0 782708.241801894
1136.0 784414.9343061731
1137.0 782139.2401995953
1138.0 779152.966470881
1139.0 760100.711594847
1140.0 762803.2322268069
1141.0 772455.6823672645
1142.0 753984.5880121475
1143.0 768775.9863147486
1144.0 760160.2096239213
1145.0 737638.5653048472
1146.0 764685.5210922733
1147.0 763392.3437793824
1148.0 761792.2791090582
1149.0 754567.8250995552
1150.0 749087.4247972984
1151.0 754757.7235346732
1152.0 753985.2599060286
1153.0 751269.3183194891
1154.0 749090.0722144579
1155.0 746405.662900442
1156.0 745153.0764269191
1157.0 744411.8370449471
1158.0 743264.4356853889
1159.0 739763.0042925589
1160.0 737693.8064608178
1161.0 737277.8334522465
1162.0 728747.9533278977
1163.0 735578.6920811522
1164.0 712078.2682892554
1165.0 698301.431873477
1166.0 732372.6069360907
1167.0 730022.829490175
1168.0 730959.3982906658
1169.0 483275.70824074495
1170.0 725981.5564714712
1171.0 721128.7660533815
1172.0 719367.6759678904
1173.0 715739.773218603
1174.0 713752.3640442787
1175.0 542613.2902318375
1176.0 502636.056462319
1177.0 677054.8166041987
1178.0 703751.693758022
1179.0 710436.4511355577
1180.0 707760.272022081
1181.0 705748.2475857058
1182.0 704721.2237381175
1183.0 624990.7504251421
1184.0 658251.0341859851
1185.0 650238.1135846663
1186.0 698225.0017708937
1187.0 696455.5471779612
1188.0 694173.5831426987
1189.0 691499.8992417629
1190.0 688211.7293261148
1191.0 678553.102795902
1192.0 685742.3368670489
1193.0 684017.1402528727
1194.0 682609.3704012303
1195.0 681509.4182371215
1196.0 676193.0588889489
1197.0 663657.7355288599
1198.0 676004.2007883834
1199.0 674671.8428440868
1200.0 672618.7663286919
1201.0 643009.3959474543
1202.0 660438.2725500071
1203.0 666960.9102065442
1204.0 649183.0659748527
1205.0 661229.4472536364
1206.0 654208.3289967271
1207.0 654396.9045518857
1208.0 649948.9026386727
1209.0 643264.0687694231
1210.0 643289.3526384995
1211.0 648263.1691907999
1212.0 645814.5774284966
1213.0 620711.8821240094
1214.0 639366.4601977144
1215.0 537455.0734864102
1216.0 550694.9263872482
1217.0 638958.3521841358
1218.0 627964.6657618856
1219.0 652538.1807886336
1220.0 652457.7340209631
1221.0 608660.5671936992
1222.0 666357.6075257827
1223.0 661858.112833037
1224.0 624897.3202989498
1225.0 681499.1058936692
1226.0 688229.9495574458
1227.0 693815.1275548507
1228.0 654033.055546948
1229.0 652209.8039840029
1230.0 581006.1874782123
1231.0 488844.1828753097
1232.0 476640.0560608478
1233.0 505519.62941800966
1234.0 519075.2791001471
1235.0 519280.66356120753
1236.0 534105.7206518241
1237.0 582688.504899252
1238.0 652892.9768105953
1239.0 739589.4023688728
1240.0 769041.2687597886
1241.0 758914.8561190432
1242.0 815285.1937963935
1243.0 914182.9800312303
1244.0 897274.5336094622
1245.0 871319.1956102044
1246.0 838025.4783654991
1247.0 807717.2813552062
1248.0 805071.8570132139
1249.0 802426.7528882419
1250.0 761818.7214373087
1251.0 783545.899288177
1252.0 800854.4135521722
1253.0 694908.5763403148
1254.0 820688.4474726116
1255.0 812925.3142454277
1256.0 818335.8609873945
1257.0 815956.3265250591
1258.0 815728.756298178
1259.0 817348.6648751919
1260.0 817334.2046760215
1261.0 813915.6939306222
1262.0 828663.35005884
1263.0 832048.2047894731
1264.0 832462.7647193476
1265.0 836385.0485128998
1266.0 840295.0214592274
1267.0 845656.7687745326
1268.0 833712.9685473117
1269.0 850059.2254926064
1270.0 838072.2287461061
1271.0 851003.6829133353
1272.0 862444.6752575486
1273.0 856010.0981675488
1274.0 861555.4411900023
1275.0 870272.3534433502
1276.0 874194.2197435821
1277.0 878398.4716801862
1278.0 824902.4982636335
1279.0 881033.3420470522
1280.0 885392.3287660087
1281.0 881277.6677251535
1282.0 877117.1981052161
1283.0 889540.9068404112
1284.0 890336.6454491898
1285.0 901540.7932790404
1286.0 896985.7132055755
1287.0 870685.37412262
1288.0 913998.4320408778
1289.0 913035.4590779619
1290.0 913424.6653906734
1291.0 893534.3311226363
1292.0 916131.516631708
1293.0 918520.4232842082
1294.0 918789.4334938123
1295.0 860123.9413347092
1296.0 919238.9153993654
1297.0 736012.990842996
1298.0 925919.1064438601
1299.0 930768.010073071
1300.0 933294.8535873592
1301.0 879692.5774905758
1302.0 833178.0468322403
1303.0 909418.0171684375
1304.0 921957.6812300838
1305.0 941553.642822599
1306.0 940892.1674972988
1307.0 933586.1805838052
1308.0 942082.2871734207
1309.0 945735.420703687
1310.0 932754.6488226509
1311.0 953847.0112133408
1312.0 957582.6245330353
1313.0 935278.3331408941
1314.0 958525.2061221601
1315.0 963942.7783383507
1316.0 964578.2673440219
1317.0 949412.5672405534
1318.0 951955.6812377109
1319.0 968946.0645743682
1320.0 956473.9317572978
1321.0 961844.8292678631
1322.0 968013.173318355
1323.0 786312.401120982
1324.0 943220.2848767189
1325.0 971177.438678122
1326.0 944591.190253424
1327.0 981656.6761642233
1328.0 984153.0050460566
1329.0 964420.5255214635
1330.0 987459.6079559538
1331.0 957820.0638700931
1332.0 931986.4097823527
1333.0 996539.4516779234
1334.0 996013.4571145026
1335.0 977669.9956048692
1336.0 907228.8949038283
1337.0 997674.3223516332
1338.0 993791.40450904
1339.0 988466.0362391766
1340.0 986700.0368628842
1341.0 991735.8288636584
1342.0 996305.0521407935
1343.0 899024.6438712903
1344.0 955371.3890334708
1345.0 1006868.9135643897
1346.0 1003180.4757094993
1347.0 999286.0903137599
1348.0 995611.5419166291
1349.0 992913.9161794396
1350.0 991416.2665136582
1351.0 993307.5679945544
1352.0 994764.2936639383
1353.0 995567.8852487286
1354.0 999317.3221047501
1355.0 994672.3933499067
1356.0 1004104.5982167613
1357.0 1002327.7450989404
1358.0 977323.4998409513
1359.0 998930.8020089647
1360.0 1014820.5278979097
1361.0 930711.8892143903
1362.0 997417.0407324604
1363.0 979802.4387952789
1364.0 960853.8185248853
1365.0 943225.0442791975
1366.0 918966.8655633027
1367.0 996245.1137725831
1368.0 976720.2459824694
1369.0 942296.5427366194
1370.0 910637.5711156396
1371.0 912162.154095477
1372.0 1096477.2089240968
1373.0 1050398.0777711526
1374.0 909768.9928450168
1375.0 1009591.0516796414
1376.0 1009087.8896457464
1377.0 1008134.1515033189
1378.0 940473.7768274221
1379.0 945277.1682376518
1380.0 1008837.3341289703
1381.0 1010718.6049773946
1382.0 1011526.2746504688
1383.0 1011158.414339663
1384.0 1010540.8777797801
1385.0 1011312.4279198394
1386.0 1017151.7549899665
1387.0 1012001.5118255453
1388.0 994352.1015262263
1389.0 963160.0787068362
1390.0 998376.8515590789
1391.0 915687.346736851
1392.0 1036295.7861305232
1393.0 1032436.7806874316
1394.0 986106.5034488222
1395.0 1022511.7682580882
1396.0 1024619.9425331195
1397.0 1016744.1818325727
1398.0 994062.9440042742
1399.0 1015603.615234461
1400.0 1012207.3684445919
1401.0 997490.5199369234
1402.0 1013228.5374927954
1403.0 1017031.691398124
1404.0 1019620.9299533048
1405.0 1028614.1716901293
1406.0 1058409.3137632215
1407.0 1051894.3069016233
1408.0 1080867.8020715648
1409.0 830176.3586771927
1410.0 1043632.8091331876
1411.0 1058918.762540558
1412.0 1040068.7843361704
1413.0 1021542.7092638313
1414.0 1053543.015700452
1415.0 1094784.832612046
1416.0 1113285.0828462602
1417.0 1116947.9612698266
1418.0 891050.7926661671
1419.0 1169378.0300982369
1420.0 1125829.5137575814
1421.0 1072319.318874458
1422.0 1039650.2312928243
1423.0 1014461.1007827471
1424.0 995082.8411671163
1425.0 1010249.6052457803
1426.0 1021573.2286721567
1427.0 1022051.4809581444
1428.0 1013582.5735261274
1429.0 1017906.5685367084
1430.0 925875.7506042006
1431.0 842042.7000434266
1432.0 1018638.8695137282
1433.0 1019608.100255161
1434.0 1021666.757348435
1435.0 1016606.2482036833
1436.0 1023397.9430682204
1437.0 1018106.4104242906
1438.0 1031459.6637615935
1439.0 1036518.1487152909
1440.0 911856.1789089548
1441.0 868337.5108200054
1442.0 1055353.2406412275
1443.0 1047837.0599181093
1444.0 1040887.6191789825
1445.0 1030964.50813022
1446.0 1024600.8297713097
1447.0 1020155.5605585699
1448.0 1009000.7573189149
1449.0 972852.4255128603
1450.0 1020727.096897501
1451.0 1021169.8511006329
1452.0 1020047.2073085814
1453.0 1026357.837371858
1454.0 1001624.0129023849
1455.0 1029485.2952946285
1456.0 998955.6098155942
1457.0 1044231.6890210819
1458.0 1043068.5626505362
1459.0 1002494.804998223
1460.0 886073.6668401068
1461.0 1003233.6714904362
1462.0 1042119.2049986948
1463.0 1036240.2606144113
1464.0 1030377.6591669783
1465.0 1022842.6126333361
1466.0 1019648.8987593919
1467.0 1019618.7308141305
1468.0 1018733.1301001306
1469.0 773757.3025265284
1470.0 1010976.3435795561
1471.0 1020776.9374275377
1472.0 1019900.0322265306
1473.0 1019297.0001988391
1474.0 1020110.8630601132
1475.0 1020348.5714234438
1476.0 1019781.539821458
1477.0 1020230.4232289152
1478.0 1012904.7544516705
1479.0 1018799.9515982758
1480.0 1019799.7892616553
1481.0 1020861.6568021077
1482.0 1020887.4694666102
1483.0 1020611.7751527079
1484.0 1020032.5766988838
1485.0 1019732.250726272
1486.0 1021171.5798690448
1487.0 1021718.176300068
1488.0 1016961.6879124452
1489.0 1017185.6526014168
1490.0 1020355.334327398
1491.0 1021330.4704949566
1492.0 1019470.8676972681
1493.0 1021163.5903789592
1494.0 1021663.7101743364
1495.0 1021859.5980348308
1496.0 1023842.7465827247
1497.0 1023943.6213838902
1498.0 1022448.4431623551
1499.0 1032150.721727693
1500.0 1038515.6314874563
1501.0 985600.1046864301
1502.0 923920.2137605756
1503.0 1019541.4653690959
1504.0 1010073.3022289933
1505.0 1024173.0902777821
1506.0 1022923.1993731288
1507.0 1024346.063311219
1508.0 1024840.4192621013
1509.0 1022550.0432568917
1510.0 1026104.8415902106
1511.0 1017966.8564541432
1512.0 1021585.0487136794
1513.0 1024898.575850176
1514.0 1020427.6089460829
1515.0 1021550.0100538576
1516.0 1023296.7791400285
1517.0 1004356.981921163
1518.0 964602.0643392496
1519.0 1021616.5284350623
1520.0 1024609.5220862245
1521.0 1022983.0590037749
1522.0 1026000.8844313929
1523.0 1027751.6510329146
1524.0 1023771.1898831503
1525.0 1019761.2656995329
1526.0 1025438.8620439214
1527.0 1029455.7671756514
1528.0 1032812.9164265362
1529.0 1038099.6922325767
1530.0 1022486.0818243852
1531.0 1015179.8297693105
1532.0 1031790.2685770461
1533.0 1027420.4453374655
1534.0 1030908.0342980986
1535.0 1031120.0343279293
1536.0 1024816.5921133311
1537.0 1027524.6596819342
1538.0 1027570.5027127437
1539.0 1021931.5781151463
1540.0 1031849.8029453543
1541.0 1019720.8564695611
1542.0 1012719.7302218874
1543.0 1017236.5158110867
1544.0 1015029.791952296
1545.0 1017192.9858658761
1546.0 1021384.6181703018
1547.0 1040987.268748984
1548.0 1070080.080855468
1549.0 1112704.5757663602
1550.0 958009.5408120832
1551.0 862705.679932553
1552.0 1170948.7971305056
1553.0 1140711.788418656
1554.0 1115125.5953968014
1555.0 1084275.7109084588
1556.0 1041518.068264343
1557.0 1021850.5883304566
1558.0 1035722.7496658607
1559.0 1040277.1968745957
1560.0 1038938.1091259246
1561.0 1025066.2907824179
1562.0 1023596.7204606432
1563.0 1035094.9550343427
1564.0 1033358.5095914567
1565.0 1026746.0485375111
1566.0 1023616.3969571468
1567.0 1027432.3541203977
1568.0 998766.6977200097
1569.0 1019071.9244944745
1570.0 1027085.718631738
1571.0 1025392.0842018729
1572.0 1004345.2889003705
1573.0 1042663.5190227862
1574.0 1054513.8679553473
1575.0 1033442.3706797307
1576.0 961554.6533407395
1577.0 1006604.19917575
1578.0 1034429.6187532448
1579.0 1039254.2178923353
1580.0 1029332.155348362
1581.0 1030559.673187319
1582.0 1031066.9398503896
1583.0 1019037.2068203731
1584.0 1023352.1921915453
1585.0 1017244.5187665784
1586.0 1006449.3686769434
1587.0 1019763.7079270739
1588.0 1023017.1400065712
1589.0 1022655.3724194682
1590.0 1018308.2126899079
1591.0 1021184.4589728825
1592.0 1018984.112977493
1593.0 1021859.0883126947
1594.0 1021445.8370615235
1595.0 1019924.7215713845
1596.0 1019853.9320378397
1597.0 1019410.8250037389
1598.0 1020426.8377429876
1599.0 1022443.8078642258
1600.0 1023638.3261328083
1601.0 1004726.4082464513
1602.0 1020300.5189796349
1603.0 962410.9689562188
1604.0 1015592.9260630268
1605.0 1035457.254402928
1606.0 1028175.2652674943
1607.0 1029561.1005138941
1608.0 1024546.4043078257
1609.0 1021040.9296660487
1610.0 1005568.5166205537
1611.0 1014866.6092167544
1612.0 1018899.9348311892
1613.0 1008554.8445436574
1614.0 1013716.7096030235
1615.0 1015081.8894815738
1616.0 1019090.2619960393
1617.0 1023487.5692465691
1618.0 1022548.2560243047
1619.0 1017010.1627442887
1620.0 1013363.1558584942
1621.0 1013302.1527700934
1622.0 1014327.1278672528
1623.0 887521.8087327386
1624.0 874254.5515447534
1625.0 1015483.1573977923
1626.0 1016451.712840743
1627.0 1020847.8582105235
1628.0 1026001.074510508
1629.0 1027603.1774135922
1630.0 1027566.0834734176
1631.0 1000719.3574153747
1632.0 982148.1729864413
1633.0 1033260.8259151469
1634.0 1027483.1582847021
1635.0 1022482.4530045649
1636.0 1017472.960397233
1637.0 1021849.0972018058
1638.0 1022408.9704300165
1639.0 1024511.9147636563
1640.0 998837.8700276875
1641.0 1023703.5125807857
1642.0 1019152.2186391022
1643.0 1018815.8230294447
1644.0 994206.1620033344
1645.0 1010104.1684313521
1646.0 1017037.3851482722
1647.0 1010101.3326115464
1648.0 1014474.4787664199
1649.0 1013287.3594407085
1650.0 1011256.0339766281
1651.0 1014015.6644117418
1652.0 1015146.7830033285
1653.0 1002014.5017490546
1654.0 1006409.6998904315
1655.0 1016522.9121303598
1656.0 1013594.431255061
1657.0 990589.5546573361
1658.0 997017.1724973661
1659.0 1015391.547790123
1660.0 1013413.7038075544
1661.0 1009387.0172405064
1662.0 1004543.0835465515
1663.0 1006257.5724650377
1664.0 1004224.6715630449
1665.0 1000202.0155359338
1666.0 1001504.3183766289
1667.0 1002805.2150380807
1668.0 989666.0593850341
1669.0 1002096.9031325072
1670.0 1003951.5308227642
1671.0 999675.8218228107
1672.0 998285.2754128865
1673.0 994799.844803249
1674.0 1001306.612345198
1675.0 1000262.7001803899
1676.0 963642.8991330615
1677.0 968831.3082445322
1678.0 1001702.0434464097
1679.0 1000640.4928206543
1680.0 1000414.9327508372
1681.0 998407.9947481097
1682.0 996365.3915237513
1683.0 998531.6299679754
1684.0 998584.594652332
1685.0 999055.3449795953
1686.0 996550.6914844487
1687.0 997991.8275380365
1688.0 994269.9673638556
1689.0 997353.4541951402
1690.0 990625.0418841398
1691.0 992849.5981274786
1692.0 995991.5119778443
1693.0 995489.4660819208
1694.0 993692.0873722361
1695.0 989732.7637353227
1696.0 993079.3279897098
1697.0 994705.3659273037
1698.0 991897.4870055392
1699.0 988559.9499684379
1700.0 992143.8049038532
1701.0 990091.0810997912
1702.0 985855.0315177583
1703.0 992050.0698074494
1704.0 990442.4720610509
1705.0 989747.2337715355
1706.0 990355.2837973254
1707.0 974288.7380587811
1708.0 981886.6833177727
1709.0 992013.1649516614
1710.0 988457.8527848475
1711.0 990187.3816136386
1712.0 977331.0291944178
1713.0 958684.0329235882
1714.0 988735.1584417246
1715.0 988166.1717685614
1716.0 983494.4061908929
1717.0 979687.114516912
1718.0 958438.4236580333
1719.0 980057.7009765407
1720.0 986958.4142997834
1721.0 982233.2648897752
1722.0 977040.0371688248
1723.0 978584.9052690576
1724.0 984648.8190071017
1725.0 973967.9803039237
1726.0 983613.1881739368
1727.0 990074.6870076306
1728.0 989724.8097017653
1729.0 988006.2313141915
1730.0 986737.8332799874
1731.0 978165.0397275449
1732.0 984426.4863367005
1733.0 984882.5470069086
1734.0 985792.023145118
1735.0 985320.0343387373
1736.0 985299.7635171106
1737.0 986655.8651903335
1738.0 972757.7493190818
1739.0 947744.3098514661
1740.0 982809.8030256608
1741.0 980903.267027147
1742.0 977601.8576700303
1743.0 981248.9950245913
1744.0 977103.2047190494
1745.0 975958.4027555288
1746.0 979463.8871597471
1747.0 965239.1289242905
1748.0 968259.8665443127
1749.0 977373.3938921489
1750.0 978537.3642455232
1751.0 978704.558458938
1752.0 975580.1045930363
1753.0 963977.7855983953
1754.0 974954.4898050156
1755.0 976190.5122122511
1756.0 978647.7532905684
1757.0 980143.0826194547
1758.0 980188.0513199632
1759.0 981640.2958745186
1760.0 977302.3374219096
1761.0 968147.8712929703
1762.0 980716.1902107691
1763.0 979296.249468411
1764.0 971143.2019259718
1765.0 976939.6759063922
1766.0 974081.8017717717
1767.0 972736.154192235
1768.0 969826.5809214623
1769.0 969303.5148502692
1770.0 964413.4047328171
1771.0 974033.0248771424
1772.0 970565.6378504164
1773.0 966799.3906975711
1774.0 971229.3966746698
1775.0 968840.8768448277
1776.0 955234.0331126361
1777.0 965517.8133213251
1778.0 968978.2332949631
1779.0 968122.2736501821
1780.0 967825.3310243386
1781.0 968012.0607416198
1782.0 965737.6611631045
1783.0 962465.7280182176
1784.0 967063.3708438546
1785.0 965675.1819341796
1786.0 965210.641160287
1787.0 963254.1717339494
1788.0 963766.970845217
1789.0 965270.2626780617
1790.0 966275.9870613385
1791.0 962077.9012434548
1792.0 949745.1118455925
1793.0 959354.3346885212
1794.0 963983.6310304941
1795.0 961613.0462342789
1796.0 963744.7366266341
1797.0 962515.4136084638
1798.0 950310.7009902977
1799.0 916930.8705575756
1800.0 958543.8790233776
1801.0 961410.5083452779
1802.0 961754.461650765
1803.0 960450.6933616649
1804.0 960880.1648520881
1805.0 959778.3925029217
1806.0 960701.8192963208
1807.0 961110.7166489683
1808.0 956910.4518795159
1809.0 961859.6389171053
1810.0 960320.1754811315
1811.0 959801.7847441339
1812.0 951572.997334298
1813.0 950011.1754748741
1814.0 957712.0817779994
1815.0 957707.108814895
1816.0 951360.2858008584
1817.0 954300.7075282347
1818.0 959320.5964283642
1819.0 958634.3666391833
1820.0 956895.987227865
1821.0 952884.1283194221
1822.0 949739.8389771468
1823.0 954956.9876315945
1824.0 958088.4755237175
1825.0 958073.5316407215
1826.0 954370.6643709136
1827.0 952964.8782284949
1828.0 955379.4812198983
1829.0 956213.7112789165
1830.0 948069.014735978
1831.0 954181.7435825048
1832.0 953425.4720881117
1833.0 952333.8426483804
1834.0 952133.0548787643
1835.0 950333.9980438359
1836.0 952249.5416467013
1837.0 952035.6065710381
1838.0 949682.9123655192
1839.0 951698.6244777814
1840.0 944430.0382528575
1841.0 950536.9683854867
1842.0 952360.7690929328
1843.0 948799.7810317538
1844.0 948455.2569710815
1845.0 948610.3163169137
1846.0 947923.9733656923
1847.0 938013.4151984161
1848.0 946531.0604134202
1849.0 939841.7018013652
1850.0 933127.0593770237
1851.0 946027.8497440786
1852.0 950116.0113174877
1853.0 947063.7029169374
1854.0 941270.5125400256
1855.0 940393.0482692303
1856.0 945538.9484887253
1857.0 946305.8356778631
1858.0 939335.9314895843
1859.0 940196.1372035706
1860.0 931693.7059544271
1861.0 944117.4860330961
1862.0 944976.0435553624
1863.0 940854.884712825
1864.0 942729.2071254837
1865.0 942877.1806026336
1866.0 943022.1993424194
1867.0 941495.9303318489
1868.0 942746.5229212269
1869.0 942881.9387645791
1870.0 937761.5811345109
1871.0 939449.4119134806
1872.0 936667.6344361573
1873.0 931085.7268076198
1874.0 935008.7014578659
1875.0 942295.0938236143
1876.0 938027.1852442691
1877.0 935562.5465803883
1878.0 930816.2396956462
1879.0 938459.5960860973
1880.0 937632.6472565194
1881.0 936219.0204458502
1882.0 934214.0696752679
1883.0 933543.7550772594
1884.0 934297.3129985705
1885.0 923055.7161921373
1886.0 916368.0509666661
1887.0 930264.683247301
1888.0 933876.0717039113
1889.0 930824.1043313217
1890.0 925395.8508599668
1891.0 923375.2255421601
1892.0 931175.7621655845
1893.0 936680.8016143321
1894.0 935196.4542257016
1895.0 922339.7544329077
1896.0 928706.4351015727
1897.0 939168.1925935294
1898.0 939096.4177402887
1899.0 930248.7116451128
1900.0 934272.7291277198
1901.0 926596.6676623162
1902.0 927867.6215540705
1903.0 929196.4450650569
1904.0 929353.5202216108
1905.0 931856.90451353
1906.0 930252.1384986847
1907.0 929231.3717100557
1908.0 919318.3633449143
1909.0 918592.2411827306
1910.0 929079.9582571409
1911.0 930132.0321792322
1912.0 930589.2841037908
1913.0 926885.9169997819
1914.0 919893.5894792806
1915.0 921289.9919223699
1916.0 924471.6235223376
1917.0 924679.4333278498
1918.0 918935.5877721433
1919.0 920332.6588439505
1920.0 921134.8318311229
1921.0 919477.1342778316
1922.0 910289.5252258622
1923.0 880722.6281473575
1924.0 910384.0435240711
1925.0 920929.7397529085
1926.0 914066.4355096995
1927.0 920095.3094509662
1928.0 916617.5712667258
1929.0 914339.2984638064
1930.0 912056.1778099422
1931.0 892249.4323663226
1932.0 899615.8459085125
1933.0 916068.9046232754
1934.0 918820.763416888
1935.0 919793.0745996619
1936.0 915241.2225771914
1937.0 919841.4592946025
1938.0 917671.4072152129
1939.0 908656.6808100218
1940.0 910880.6450968161
1941.0 922172.0637846375
1942.0 921696.7325658258
1943.0 918751.8307818895
1944.0 915811.3277521702
1945.0 914106.343130716
1946.0 911390.1146549921
1947.0 912069.3048216379
1948.0 911501.4824899336
1949.0 913396.9657704214
1950.0 908449.2400022374
1951.0 881014.3300844057
1952.0 909684.7427974966
1953.0 902698.8395515812
1954.0 897795.6453548508
1955.0 906666.6026646022
1956.0 906772.4699918098
1957.0 903746.851347612
1958.0 904478.7234179205
1959.0 905868.3078016941
1960.0 906752.0956034081
1961.0 901986.6974088242
1962.0 906006.4770956133
1963.0 902485.4520589684
1964.0 898955.8702939529
1965.0 904239.5813749564
1966.0 902011.1056413567
1967.0 903611.0316044516
1968.0 902683.7860620607
1969.0 902385.2857577829
1970.0 901450.5904329828
1971.0 901145.9948521885
1972.0 900203.8497449791
1973.0 900795.5606705275
1974.0 900129.3960666993
1975.0 900095.4270975289
1976.0 896866.2528012136
1977.0 899377.7411379378
1978.0 899332.363117482
1979.0 896058.9814693725
1980.0 897231.3543739645
1981.0 898403.7272785563
1982.0 895071.7849461797
1983.0 896238.2876001763
1984.0 892243.583696277
1985.0 893403.3774924505
1986.0 897584.1022508302
1987.0 895621.7491781404
1988.0 898843.9853684029
1989.0 900763.5491161024
1990.0 896128.7355680886
1991.0 899992.9863698827
1992.0 887664.5358540369
1993.0 889158.9003612889
1994.0 890651.1280067863
1995.0 897400.7101319617
1996.0 895600.413534677
1997.0 893801.5415118955
1998.0 892004.0940636169
1999.0 886413.4703994689
2000.0 882991.7578058682
2001.0 883507.9115589737
2002.0 881385.4114883756
2003.0 885195.0725585601
2004.0 886367.828882332
2005.0 886216.8856010239
2006.0 883325.8395574305
2007.0 885712.6985708191
2008.0 887438.4878600138
2009.0 885840.639842657
2010.0 886233.9526003088
2011.0 881959.2241162253
2012.0 882975.0033649689
2013.0 879717.3617912566
2014.0 881132.6796947558
2015.0 883887.3411099056
2016.0 882627.3741778494
2017.0 882704.4826322797
2018.0 880097.2337504986
2019.0 880962.5804906059
2020.0 881337.7660179776
2021.0 881038.2927209827
2022.0 880735.6259810928
2023.0 879755.1069739414
2024.0 876743.4262471765
2025.0 879132.209558239
2026.0 875313.7977587316
2027.0 878201.8264172435
2028.0 877702.3921174915
2029.0 876521.3647193783
2030.0 875336.3690889666
2031.0 876188.2162890417
2032.0 875678.2000364937
2033.0 873163.2648002309
2034.0 872080.5804319556
2035.0 870302.8379618464
2036.0 874686.4535094186
2037.0 874956.4773713058
2038.0 871778.299256562
2039.0 871923.9592657095
2040.0 841590.0853363461
2041.0 856117.296295268
2042.0 872050.8402898156
2043.0 872782.9472234304
2044.0 872129.6218744804
2045.0 869394.0840663661
2046.0 869213.5007773809
2047.0 865627.6996062312
2048.0 862048.9255780439
2049.0 859852.9434022629
2050.0 869321.0958991619
2051.0 877360.7801143986
2052.0 873743.3567999176
2053.0 870376.3194664316
2054.0 870727.38897325
2055.0 870393.1040198308
2056.0 868686.489467333
2057.0 865602.6832799455
2058.0 868684.6362167898
2059.0 868336.5754952393
2060.0 869416.1560779838
2061.0 867773.3851696025
2062.0 859227.6875307146
2063.0 865157.1968228893
2064.0 866950.9327061891
2065.0 866669.7434974879
2066.0 866385.035095005
2067.0 865935.385245919
2068.0 863348.1355559888
2069.0 860058.5120885333
2070.0 864416.2336880969
2071.0 849970.2346979148
2072.0 857810.021649953
2073.0 864267.7685022944
2074.0 863875.5266703198
2075.0 864310.0932883053
2076.0 865441.1801230893
2077.0 863753.4705860937
2078.0 862756.3329923358
2079.0 865988.877024638
2080.0 860726.3681634547
2081.0 861113.8123861576
2082.0 864955.5600277153
2083.0 863125.9565697489
2084.0 860585.4185910958
2085.0 851655.5097359719
2086.0 858338.307949282
2087.0 859343.891402715
2088.0 858346.3021710251
2089.0 859479.3176287635
2090.0 849204.0502949657
2091.0 833187.0934143566
2092.0 849295.3574435381
2093.0 857568.8753875236
2094.0 857259.46269808
2095.0 857649.959235409
2096.0 856601.3520128016
2097.0 856266.7371622291
2098.0 853766.9805791635
2099.0 856307.7934944979
2100.0 850184.3331412367
2101.0 855715.0627990424
2102.0 858599.5720377996
2103.0 860748.5287135288
2104.0 861420.2756058633
2105.0 865745.3666839835
2106.0 867860.7477443503
2107.0 864772.3189474738
2108.0 850318.5650019338
2109.0 861786.8564147464
2110.0 865794.9052549755
2111.0 863856.5214206045
2112.0 861920.1905469379
2113.0 854070.2743699414
2114.0 850669.404655197
2115.0 851699.1047563652
2116.0 853641.6615012469
2117.0 850435.011539377
2118.0 850178.7485244086
2119.0 849182.5857405531
2120.0 849663.7100957498
2121.0 853104.4335264936
2122.0 851366.2773081501
2123.0 846896.4267466646
2124.0 843221.9859629256
2125.0 847715.7317572047
2126.0 848492.1706649854
2127.0 849265.9369856638
2128.0 849288.758685156
2129.0 849306.2352104436
2130.0 849098.793260487
2131.0 848848.1029904293
2132.0 848592.9811501657
2133.0 849087.5018976871
2134.0 848824.6248095632
2135.0 848557.3161512333
2136.0 848285.5759226975
2137.0 847186.8072647422
2138.0 846818.7561980097
2139.0 848728.1108917794
2140.0 847593.3686361368
2141.0 847977.5837907145
2142.0 846832.5379867863
2143.0 847210.5710123929
2144.0 846823.2397764146
2145.0 844133.1925422713
2146.0 847574.6521247966
2147.0 845640.963216368
2148.0 846008.3985996922
2149.0 846373.7662852996
2150.0 846737.0662731904
2151.0 846374.2105761223
2152.0 846064.2374657746
2153.0 845749.7413330713
2154.0 846207.0589293232
2155.0 845884.647507497
2156.0 846336.3113258041
2157.0 846005.9846148551
2158.0 845718.2715638485
2159.0 845546.8461667891
2160.0 846153.7516694252
2161.0 845973.32287885
2162.0 843429.6050095677
2163.0 846384.3652020273
2164.0 846189.7882216419
2165.0 845178.7399449233
2166.0 845496.3027047301
2167.0 845811.793529209
2168.0 845332.2178425231
2169.0 845642.5288286827
2170.0 845155.7013683498
2171.0 845460.8325161904
2172.0 844966.7532822106
2173.0 845501.7320226202
2174.0 845275.9378119898
2175.0 845044.9553384099
2176.0 844006.4970571495
2177.0 845371.0102128703
2178.0 844320.8783399736
2179.0 845681.5002984822
2180.0 843754.3211714018
2181.0 843396.0081867913
2182.0 845462.3658606076
2183.0 845098.0292526921
2184.0 845541.1130478114
2185.0 845168.3433672687
2186.0 844790.7547880819
2187.0 845257.0589578181
2188.0 844973.4574330548
2189.0 845503.1334236253
2190.0 845210.4050303755
2191.0 845733.5618291697
2192.0 845431.706567433
2193.0 844300.9277300998
2194.0 845641.8716151944
2195.0 846302.1580103608
2196.0 846131.6259811365
2197.0 846784.659920955
2198.0 846603.9744542433
2199.0 846417.4870232533
2200.0 847058.9170345148
2201.0 846862.2761660375
2202.0 844925.359952489
2203.0 847140.8044293432
2204.0 846841.1140911602
2205.0 847376.6196332941
2206.0 847909.3974114032
2207.0 847596.0682530963
2208.0 848122.0266211436
2209.0 846977.4009790075
2210.0 848412.2400924759
2211.0 846026.5878408826
2212.0 847965.2355207655
2213.0 848287.0599916712
2214.0 848178.5084586126
2215.0 848492.1625169842
2216.0 848374.0071656835
2217.0 847395.166438033
2218.0 849157.2447959749
2219.0 847994.8677857845
2220.0 849495.7899829692
2221.0 846593.9510026551
2222.0 849125.8601473018
2223.0 849495.9669760121
2224.0 849598.6917762101
2225.0 848738.5055644945
2226.0 850221.2486312505
2227.0 847518.9985198526
2228.0 848995.4533951919
2229.0 850559.6732369012
2230.0 850459.645726729
2231.0 850900.5666937154
2232.0 850823.6228387781
2233.0 851005.3207579713
2234.0 851623.5238843355
2235.0 851796.6801721249
2236.0 852053.7208487869
2237.0 852217.7142956158
2238.0 852377.04867077
2239.0 851979.1057627057
2240.0 853028.2549671722
2241.0 853092.5923007726
2242.0 852793.2485573245
2243.0 853652.7775337774
2244.0 853790.903267232
2245.0 852663.5938698907
2246.0 854201.0680282685
2247.0 855009.5398543694
2248.0 854639.689759958
2249.0 854988.78368294
2250.0 853881.7388579571
2251.0 855130.4253383398
2252.0 855285.4868649839
2253.0 855527.5266975492
2254.0 855498.4201649074
2255.0 856229.0376284149
2256.0 856314.544027239
2257.0 856394.735188426
2258.0 856653.7387291125
2259.0 857461.470895334
2260.0 857619.7733662918
2261.0 857007.5552107848
2262.0 857973.044665321
2263.0 858286.9140438864
2264.0 857480.8099744692
2265.0 857319.5349062792
2266.0 858646.3101200672
2267.0 858383.523772998
2268.0 858864.2995390943
2269.0 859045.4027413568
2270.0 859540.7805491415
2271.0 856925.9755440595
2272.0 860143.3021533065
2273.0 860249.1102480672
2274.0 860065.9968307577
2275.0 860919.7223262055
2276.0 860918.448338321
2277.0 860452.9296638352
2278.0 859503.7619029722
2279.0 860550.8593624729
2280.0 862170.1537120622
2281.0 862256.7149934896
2282.0 862722.1487703482
2283.0 862799.2432592224
2284.0 862862.7642710775
2285.0 863009.5777052573
2286.0 863634.9974817588
2287.0 862998.6865605022
2288.0 863421.9302727554
2289.0 864230.132201214
2290.0 864062.7306661333
2291.0 864767.0859456335
2292.0 865320.126251249
2293.0 865921.0684159293
2294.0 866417.6203218468
2295.0 867399.3823258425
2296.0 868080.8886405354
2297.0 868361.3117897795
2298.0 867346.5649230735
2299.0 865940.352139203
2300.0 869818.3798340431
2301.0 869026.2663538425
2302.0 869424.5833269943
2303.0 869321.7302781155
2304.0 868615.7206223371
2305.0 869405.553493124
2306.0 868891.6049367487
2307.0 869400.4701130656
2308.0 868869.1307181183
2309.0 869941.8787178607
2310.0 870508.2184258593
2311.0 870767.6117659103
2312.0 869604.3185822886
2313.0 870156.0635001626
2314.0 871110.7458329129
2315.0 871833.244399462
2316.0 872140.9223986112
2317.0 872239.9394446008
2318.0 871924.4969723749
2319.0 872012.7800629748
2320.0 871787.8928245787
2321.0 873203.3115319085
2322.0 873603.1806722048
2323.0 872752.1799236999
2324.0 874375.0996868332
2325.0 874028.5528342347
2326.0 873778.5566843002
2327.0 873937.8079990956
2328.0 873153.5919417432
2329.0 876224.2409341467
2330.0 875945.0288832989
2331.0 876485.6473487493
2332.0 871772.7256415561
2333.0 877029.5768142521
2334.0 877663.2367401129
2335.0 877132.2760711183
2336.0 878285.7876333564
2337.0 878378.3453483795
2338.0 879122.856262838
2339.0 879643.9886215957
2340.0 880264.1343315917
2341.0 881091.0021308501
2342.0 881161.3512972412
2343.0 882726.3239691156
2344.0 882349.9818898628
2345.0 880558.3371627633
2346.0 880205.979839445
2347.0 884566.1394519286
2348.0 884814.5317139014
2349.0 878110.9127922859
2350.0 884759.5587703977
2351.0 884128.0465686558
2352.0 882946.2756026624
2353.0 883614.0129275186
2354.0 885128.1711716134
2355.0 885551.1989488116
2356.0 883659.3823686733
2357.0 886597.2180513007
2358.0 888104.3144481777
2359.0 888945.6689388611
2360.0 887675.5320234873
2361.0 885283.847331862
2362.0 889946.2214283333
2363.0 889605.27719531
2364.0 889372.2551881257
2365.0 889470.8873565771
2366.0 888784.4512319195
2367.0 888989.0683459701
2368.0 888406.9566409916
2369.0 889009.1215970791
2370.0 888907.4192295991
2371.0 889699.4790061074
2372.0 890487.4252830264
2373.0 891044.9609274226
2374.0 891597.4689612098
2375.0 891576.9212745038
2376.0 888703.2069563437
2377.0 892066.7418261636
2378.0 893689.892522996
2379.0 894053.0467284472
2380.0 890165.9742439666
2381.0 894763.3603564567
2382.0 895456.0333610191
2383.0 893259.8740757625
2384.0 891973.532554872
2385.0 894416.0247985147
2386.0 896692.274777628
2387.0 895719.7245609111
2388.0 895438.854524698
2389.0 894105.7820310284
2390.0 896380.5957092689
2391.0 895972.5828616886
2392.0 896027.8179875892
2393.0 896586.8115483588
2394.0 897617.9527736563
2395.0 897938.0727735142
2396.0 897542.2615199557
2397.0 899972.5317322405
2398.0 900508.3820193451
2399.0 901631.0216283433
2400.0 895844.4491862606
2401.0 899704.4339125323
2402.0 901500.4173168154
2403.0 900668.0810708484
2404.0 902224.9702141624
2405.0 900188.004154492
2406.0 901382.9605672315
2407.0 901256.8882732029
2408.0 901007.6913061672
2409.0 901423.9360940574
2410.0 901609.1044690779
2411.0 900337.192616996
2412.0 901718.8605315831
2413.0 903220.5065178743
2414.0 899369.9939654577
2415.0 903905.7784776583
2416.0 904179.2849987324
2417.0 902973.9245800656
2418.0 905916.4549542991
2419.0 905548.4090942908
2420.0 906525.6620931738
2421.0 907130.3697614135
2422.0 907607.4067729745
2423.0 908079.7919448052
2424.0 906688.2875034874
2425.0 905371.0396446115
2426.0 908574.5752548306
2427.0 909416.1458808912
2428.0 908382.6662958196
2429.0 906339.6732257602
2430.0 908417.7870563115
2431.0 909117.3391884711
2432.0 910693.7424664377
2433.0 907694.0710743339
2434.0 911108.0988780824
2435.0 909855.2758999688
2436.0 911124.1640749869
2437.0 910745.7466919132
2438.0 909473.7478852636
2439.0 911116.302156117
2440.0 908432.5498552906
2441.0 911225.3601593269
2442.0 912034.4190272221
2443.0 912457.852748418
2444.0 912749.9778116303
2445.0 912012.2844495024
2446.0 912295.5013078599
2447.0 911674.3370820244
2448.0 910402.2984239064
2449.0 913639.6127162775
2450.0 913484.8734611108
2451.0 912030.3356433846
2452.0 912641.5329039943
2453.0 914419.2098882543
2454.0 914505.6670765107
2455.0 914848.1297312893
2456.0 915447.8923413334
2457.0 915783.0195599
2458.0 915999.1601015487
2459.0 916507.0774793914
2460.0 916221.4784505029
2461.0 916455.7057173144
2462.0 914044.3948928051
2463.0 917569.4716500555
2464.0 916331.5163580519
2465.0 918401.3296340784
2466.0 917136.5369564517
2467.0 919450.5918402161
2468.0 920165.5876903228
2469.0 918738.1506979803
2470.0 920380.1565652287
2471.0 920680.453814269
2472.0 921244.7918402673
2473.0 920862.7655890472
2474.0 919548.1658495532
2475.0 922222.445478968
2476.0 921519.1344519565
2477.0 921351.811587725
2478.0 921451.512115794
2479.0 921276.0354632105
2480.0 921504.3942419821
2481.0 920094.8913084564
2482.0 922525.7601526105
2483.0 919974.4116494028
2484.0 922337.2168989395
2485.0 919766.6341197866
2486.0 923637.4741011354
2487.0 921462.8943456543
2488.0 924236.8152642485
2489.0 923702.1185954866
2490.0 924266.6307842347
2491.0 925127.6824998457
2492.0 923354.9649036345
2493.0 924767.1010982683
2494.0 916574.572960046
2495.0 925916.8834717331
2496.0 926486.8808809456
2497.0 926633.9446012496
2498.0 926496.1007266345
2499.0 926967.986025388
2500.0 927764.9751249128
