WAVE FLUX
900.0 887179.9870616065
901.0 873882.2490335319
902.0 885786.7804819478
903.0 859587.5238324577
904.0 878993.1242152631
905.0 850294.5532329228
906.0 750787.4343619022
907.0 878106.9107667165
908.0 878511.7614748232
909.0 871615.6478480295
910.0 836512.1427746578
911.0 860498.4824304401
912.0 1546489.9662045348
913.0 1475441.679801468
914.0 1233852.2518612219
915.0 1445088.4526832497
916.0 1308252.2001911313
917.0 1010974.7985675763
918.0 969283.757071657
919.0 845151.7501697761
920.0 893896.887149354
921.0 471603.5580272165
922.0 556242.5596196535
923.0 736508.2637272615
924.0 753601.3022896228
925.0 1373962.4620332527
926.0 951367.632601254
927.0 707841.63241912
928.0 763947.3093043646
929.0 698799.8924583027
930.0 620137.122730584
931.0 646049.4455109101
932.0 996867.121774326
933.0 1514193.7588840458
934.0 2327052.98585247
935.0 1860144.2302400274
936.0 1539407.8600574713
937.0 986837.7035057471
938.0 450219.7425529138
939.0 808195.7370160593
940.0 892316.918417894
941.0 836136.4994169594
942.0 772493.2371530441
943.0 956654.6833829106
944.0 1395581.5447412075
945.0 2152795.856093866
946.0 1973563.3948290702
947.0 1783320.9509077298
948.0 1500073.3770668101
949.0 1320345.4573570937
950.0 891256.7338773878
951.0 1273432.9279420362
952.0 1324168.2132981485
953.0 1319146.067125738
954.0 1278874.3734463898
955.0 1269350.1840905864
956.0 1455985.6110093344
957.0 1411123.392061647
958.0 1397342.1872463424
959.0 992558.0277876253
960.0 1307035.731453026
961.0 1379814.926861121
962.0 1380728.3201472915
963.0 1389733.174641395
964.0 1223942.6587868165
965.0 1371802.775752792
966.0 1355791.9942521497
967.0 1233465.303052166
968.0 1221360.0988442884
969.0 1323602.0375125962
970.0 1267055.7230611087
971.0 1222861.8332170434
972.0 769358.5470624726
973.0 1210342.4516675277
974.0 1223128.1362308026
975.0 1263235.2239211407
976.0 1287126.7911010568
977.0 1302306.9234165596
978.0 1113180.3888109678
979.0 1251931.6438058799
980.0 1279259.294174582
981.0 1228561.4565142542
982.0 1291206.0837744498
983.0 1291420.5665977688
984.0 1125406.6234020174
985.0 1252104.0485627528
986.0 1047203.0176826533
987.0 821896.8688862548
988.0 1218253.4540613953
989.0 1187592.5731869717
990.0 900651.2738914242
991.0 1128532.6986963605
992.0 1317151.7257671787
993.0 1249223.0175644485
994.0 1272517.6612487715
995.0 935991.7279072978
996.0 1052219.3351013577
997.0 1133608.0147190057
998.0 1222986.7183459473
999.0 1236298.3343617267
1000.0 1266507.6094772378
1001.0 1223055.8053204664
1002.0 1202886.423314332
1003.0 1236773.8094163646
1004.0 1247949.1347895004
1005.0 1232761.377846636
1006.0 986348.2879321969
1007.0 1178307.4898867426
1008.0 850799.4227985608
1009.0 1171106.9415862472
1010.0 996402.3936808138
1011.0 1119710.373884746
1012.0 1187637.7857205968
1013.0 832456.1415295259
1014.0 1179771.0554583597
1015.0 1023534.8479782535
1016.0 1149328.1589938991
1017.0 1049256.9893570233
1018.0 857314.3687567551
1019.0 1065132.0516603733
1020.0 1056120.1560216926
1021.0 1115924.298009533
1022.0 1094568.484815049
1023.0 1070722.0462119237
1024.0 945625.8233361581
1025.0 721262.4712484443
1026.0 555506.7524601449
1027.0 836453.4992898467
1028.0 856708.9372015452
1029.0 879518.8410821526
1030.0 872715.5771987274
1031.0 900317.2430620604
1032.0 1039326.6641602413
1033.0 1046656.7590645351
1034.0 891392.3174231916
1035.0 873578.8004057856
1036.0 985960.9385594059
1037.0 986339.5780283697
1038.0 1325049.2663556486
1039.0 1307792.3175910735
1040.0 1192299.8542208811
1041.0 1243025.4964275253
1042.0 1201594.5362800888
1043.0 1183460.7996699926
1044.0 1151147.8566339123
1045.0 1154309.3384259068
1046.0 1134159.8633075969
1047.0 1137318.81405838
1048.0 1124192.496527771
1049.0 1137422.3601601212
1050.0 1132405.1753981088
1051.0 1117230.2206286031
1052.0 1126369.1667578844
1053.0 1107120.6400851011
1054.0 1122345.2008148725
1055.0 1090029.8432232668
1056.0 963598.3226534838
1057.0 1097385.8327808883
1058.0 1083519.3943229343
1059.0 1074921.9673815279
1060.0 997461.9614012961
1061.0 973063.60275341
1062.0 941227.5140838209
1063.0 861076.7385082473
1064.0 1096735.1878959246
1065.0 1091591.3530281703
1066.0 1033276.6533097808
1067.0 1078485.3902007812
1068.0 967980.7334397273
1069.0 993668.6194020149
1070.0 946124.1674782237
1071.0 1036807.093901072
1072.0 1012770.8255705795
1073.0 1031479.5857636676
1074.0 1032420.2901651055
1075.0 1042496.651170242
1076.0 1030541.5216090239
1077.0 1043066.2691038729
1078.0 1024103.7319056427
1079.0 955782.5217191802
1080.0 1043599.1779960914
1081.0 989963.04864058
1082.0 997600.2191409089
1083.0 969169.3584433096
1084.0 979647.1955578222
1085.0 873518.5725711356
1086.0 1006589.4144179046
1087.0 1015042.5381673749
1088.0 991208.6224036381
1089.0 961475.0273999762
1090.0 982379.9319360903
1091.0 938726.5979925287
1092.0 1000131.4294191613
1093.0 980255.0510444462
1094.0 1017964.418993448
1095.0 1009999.5050109702
1096.0 975514.5819553786
1097.0 980245.0559123819
1098.0 942888.869076227
1099.0 1005103.280195442
1100.0 989592.4452657544
1101.0 1001606.9498041894
1102.0 965433.7040859711
1103.0 972643.599962421
1104.0 940617.37602344
1105.0 979990.3137727728
1106.0 986680.9138666559
1107.0 966003.0870992399
1108.0 666437.9585351889
1109.0 959583.2307834257
1110.0 921889.0430020628
1111.0 850567.6493134801
1112.0 883851.3993114592
1113.0 942791.2683844919
1114.0 936456.4998413365
1115.0 832376.8515085592
1116.0 806743.4935413724
1117.0 892967.964629659
1118.0 880786.9819560387
1119.0 967328.5829987725
1120.0 951484.7183241972
1121.0 875165.0977342367
1122.0 925927.814698344
1123.0 936232.5270957628
1124.0 740792.4310448676
1125.0 840819.051083171
1126.0 913203.5459357278
1127.0 893677.0785011495
1128.0 671869.8248566951
1129.0 692259.0993038103
1130.0 889642.6466192203
1131.0 895866.6195427104
1132.0 933725.255340572
1133.0 910516.1284432154
1134.0 891581.8823984577
1135.0 901323.2379530784
1136.0 925103.4163285685
1137.0 921302.7394111314
1138.0 899498.4768879792
1139.0 868153.8683945761
1140.0 822551.5966326687
1141.0 907344.7129535303
1142.0 869052.369111812
1143.0 903307.5699522916
1144.0 869244.5412521821
1145.0 832326.8348606437
1146.0 902450.0662956265
1147.0 895819.596020671
1148.0 893771.2089367216
1149.0 859431.3228225269
1150.0 842374.7889962678
1151.0 874636.1708467524
1152.0 867581.9943318657
1153.0 885168.8027213026
1154.0 863765.4232885496
1155.0 856261.9957256108
1156.0 791819.34727487
1157.0 853065.0039323572
1158.0 857849.1994633932
1159.0 819941.5399114088
1160.0 810557.8173327714
1161.0 860909.3339077438
1162.0 789657.76652163
1163.0 841628.5591778714
1164.0 759565.1014576068
1165.0 765495.575226741
1166.0 842872.1008046817
1167.0 807942.7402852563
1168.0 841063.0508967496
1169.0 565701.7723380028
1170.0 819955.8230636332
1171.0 783752.6451615171
1172.0 774695.1046527873
1173.0 781230.6625020788
1174.0 792686.0159084746
1175.0 615333.7254964433
1176.0 595285.7252744316
1177.0 802136.6716922057
1178.0 787905.0566568053
1179.0 836590.7777473448
1180.0 817964.6910089111
1181.0 825700.8564625776
1182.0 829312.6715100983
1183.0 622628.1433586517
1184.0 729335.4035735688
1185.0 717899.5339164437
1186.0 808882.5478504377
1187.0 817079.677322814
1188.0 814759.4253148714
1189.0 806091.6638394268
1190.0 801478.7878487972
1191.0 727900.6116495052
1192.0 797861.8194487965
1193.0 795809.9623848473
1194.0 794109.8313485549
1195.0 799658.6630306441
1196.0 775077.851473544
1197.0 700536.6823705372
1198.0 771623.6575295809
1199.0 795920.4258568224
1200.0 799895.6758600856
1201.0 778470.6100839166
1202.0 749924.4161637508
1203.0 721658.325455847
1204.0 719636.9314486228
1205.0 759829.5858457523
1206.0 734439.5446015759
1207.0 746274.4713062904
1208.0 715139.0100419739
1209.0 671310.0900548373
1210.0 661516.6974011809
1211.0 727251.779631015
1212.0 729741.8359579124
1213.0 637063.7208507257
1214.0 643877.423392813
1215.0 600676.2235105052
1216.0 669116.2084049804
1217.0 671549.033242817
1218.0 618560.2629758526
1219.0 733828.6681005822
1220.0 657515.1901347016
1221.0 634604.3300265798
1222.0 729423.2188665409
1223.0 653202.0653273374
1224.0 609530.639471907
1225.0 645526.034891269
1226.0 544229.0165735043
1227.0 491335.69729395135
1228.0 321806.85556100745
1229.0 397531.65442000004
1230.0 375970.1240214672
1231.0 324958.959352134
1232.0 285199.58568253584
1233.0 285547.14581280557
1234.0 302133.3450988123
1235.0 325336.38739375403
1236.0 352360.28069327486
1237.0 397757.8709161929
1238.0 467284.10272047133
1239.0 560024.4947991973
1240.0 649613.8627832171
1241.0 749594.2865149326
1242.0 919467.0706872649
1243.0 1210770.5642074274
1244.0 1147729.4909402693
1245.0 1174555.5647907981
1246.0 1089663.8481893784
1247.0 981173.9943387088
1248.0 957355.2935678264
1249.0 923752.8085264298
1250.0 792158.409973618
1251.0 835527.38195203
1252.0 840785.0046959587
1253.0 700289.8627472254
1254.0 843528.7684136219
1255.0 824917.6647050336
1256.0 847881.9779941294
1257.0 833304.6645797578
1258.0 835020.7752386894
1259.0 813070.9770998937
1260.0 805628.7157011947
1261.0 808389.8635936485
1262.0 872547.6184647067
1263.0 859839.1988125948
1264.0 820695.6092280837
1265.0 841193.3733264172
1266.0 861063.3350019761
1267.0 857366.3548753174
1268.0 771145.2164626935
1269.0 827605.8288258457
1270.0 778235.4846100869
1271.0 800920.2283508914
1272.0 832380.4199923745
1273.0 824473.3251114434
1274.0 845472.5871225374
1275.0 867532.0267802225
1276.0 853276.7603304088
1277.0 856581.8628676834
1278.0 793421.242414795
1279.0 853039.0090700643
1280.0 886504.6602989747
1281.0 844033.9124489403
1282.0 808033.7594132188
1283.0 873666.1889362776
1284.0 830068.1586938157
1285.0 899739.4344206854
1286.0 885676.2285016149
1287.0 795550.7037732383
1288.0 934505.6248235378
1289.0 912267.7996006072
1290.0 890647.2739051338
1291.0 811778.910186953
1292.0 877412.2520572576
1293.0 905101.9869807162
1294.0 871943.8415070266
1295.0 787181.7605970373
1296.0 881100.3171009967
1297.0 738671.3194378847
1298.0 916791.8447203841
1299.0 911704.3958065718
1300.0 913838.0464743829
1301.0 737090.1349350772
1302.0 781447.2007117441
1303.0 838466.9170273108
1304.0 867592.7370191202
1305.0 910223.9094347046
1306.0 889882.8898868891
1307.0 826520.2602274836
1308.0 867006.1655765324
1309.0 907520.6600803571
1310.0 898181.0908505586
1311.0 925562.3943209859
1312.0 924530.8602233815
1313.0 828817.256602825
1314.0 919228.0723864235
1315.0 889838.9647570791
1316.0 941245.5662623578
1317.0 870189.7003624269
1318.0 848994.0699542338
1319.0 933120.285316826
1320.0 909884.584771672
1321.0 881109.3878154932
1322.0 914883.4969904583
1323.0 657373.1566076004
1324.0 852485.883159881
1325.0 904263.2275875199
1326.0 809905.0472388446
1327.0 937978.0994639978
1328.0 943623.7990038464
1329.0 855357.7290485331
1330.0 929316.0890441193
1331.0 859872.4042698125
1332.0 785421.2836029886
1333.0 926439.7839864007
1334.0 902635.066343267
1335.0 834355.4840438863
1336.0 736350.8764378531
1337.0 895094.0960626025
1338.0 881241.8717619542
1339.0 891815.5600044745
1340.0 887536.4292881982
1341.0 876675.2153015801
1342.0 868816.0354155748
1343.0 719241.8966713885
1344.0 880822.0481419008
1345.0 976433.3221420058
1346.0 956775.948354384
1347.0 939320.0606211708
1348.0 931476.1193066415
1349.0 928368.4440432062
1350.0 897975.549760073
1351.0 904024.371238306
1352.0 929353.3545154274
1353.0 927830.8555234888
1354.0 931251.8697044564
1355.0 842563.810838127
1356.0 882461.487514026
1357.0 893402.3851608858
1358.0 829991.0150131331
1359.0 935528.6108523061
1360.0 963755.4577694439
1361.0 765811.1906661539
1362.0 881466.1488348852
1363.0 766301.9492679457
1364.0 709623.5353585525
1365.0 719598.235248331
1366.0 630642.5672289255
1367.0 697909.4409615272
1368.0 692362.7147867824
1369.0 717943.5782039654
1370.0 797475.0798926909
1371.0 942299.3187628743
1372.0 1115357.7736906763
1373.0 1063646.0369224933
1374.0 824498.3505099464
1375.0 988752.2617484302
1376.0 972262.8666722715
1377.0 945094.8669292287
1378.0 798208.7878171466
1379.0 818242.2727746528
1380.0 909147.4861426537
1381.0 930810.8703075767
1382.0 931835.1414123769
1383.0 915944.5065274074
1384.0 918085.5641018816
1385.0 909986.5428660695
1386.0 907661.1115388019
1387.0 876643.4946711524
1388.0 817015.004320419
1389.0 750774.2216970752
1390.0 858299.8503652606
1391.0 720508.0865939287
1392.0 929329.6216340485
1393.0 908545.0064958787
1394.0 820857.9002464337
1395.0 941678.8758678449
1396.0 908494.2127183478
1397.0 880138.2728184671
1398.0 793965.4455547498
1399.0 893906.1347346284
1400.0 866924.2657304106
1401.0 785369.4606681345
1402.0 871369.9536419155
1403.0 957847.5946653646
1404.0 909089.8528976276
1405.0 886729.6080081991
1406.0 925253.7931088855
1407.0 836297.8483335669
1408.0 930302.6473546014
1409.0 714596.4169387281
1410.0 933526.4790356354
1411.0 963279.8168292693
1412.0 938665.430390904
1413.0 923783.3390834436
1414.0 946746.19175571
1415.0 983210.959885319
1416.0 959252.7134167306
1417.0 971723.7430708504
1418.0 730293.5397994185
1419.0 1072519.391047625
1420.0 1010780.6052704727
1421.0 918603.3142098945
1422.0 895195.2163002625
1423.0 871109.3156583813
1424.0 814894.6913278889
1425.0 875771.4537591548
1426.0 898365.366682004
1427.0 921325.098978791
1428.0 864832.0504593332
1429.0 885682.5138290455
1430.0 817424.4603732454
1431.0 735020.1906853863
1432.0 878389.7545948258
1433.0 887602.5408603511
1434.0 905793.2912292129
1435.0 897922.1714849931
1436.0 922193.1361991068
1437.0 885445.5518077697
1438.0 903494.0671765074
1439.0 871675.6174217243
1440.0 771563.9136965949
1441.0 748470.6400959502
1442.0 925821.4863516475
1443.0 925284.8440661397
1444.0 924915.6298673131
1445.0 877320.6776664284
1446.0 893549.0116537461
1447.0 902137.8541752411
1448.0 844746.7606057429
1449.0 742360.8875124502
1450.0 892382.5611738666
1451.0 886112.6059051971
1452.0 866495.1559389618
1453.0 903247.2590269732
1454.0 834653.8715262723
1455.0 913702.171363375
1456.0 793782.0979983005
1457.0 973590.4230983948
1458.0 930396.7200231618
1459.0 883305.7873628704
1460.0 696867.2970330077
1461.0 826212.4621866404
1462.0 943379.5632492057
1463.0 924211.1779029437
1464.0 918575.7500025983
1465.0 871974.8579193548
1466.0 893755.8643003838
1467.0 884718.7498634887
1468.0 872151.6885965284
1469.0 544353.9641964746
1470.0 846577.2807316199
1471.0 892729.9136489884
1472.0 880063.1023474114
1473.0 877055.9789182133
1474.0 887854.4859003375
1475.0 897431.2109346718
1476.0 882135.2135146941
1477.0 884697.8443474883
1478.0 838922.2058280328
1479.0 871849.1981896051
1480.0 884126.0699896729
1481.0 893560.470111038
1482.0 890623.8237267209
1483.0 885581.3196173569
1484.0 883212.8639106138
1485.0 873296.666827769
1486.0 891908.2293233875
1487.0 890577.4062228041
1488.0 866965.0799719533
1489.0 859058.475336618
1490.0 877470.3039044888
1491.0 887398.8604525847
1492.0 881964.0129159844
1493.0 887087.7667895766
1494.0 887776.3568051142
1495.0 886136.3515347267
1496.0 887978.8264903245
1497.0 844907.8735595112
1498.0 786005.1886929731
1499.0 854248.3326935088
1500.0 890618.7084671481
1501.0 803756.2164175585
1502.0 705904.8342296962
1503.0 836510.3270982963
1504.0 797492.5283159477
1505.0 869133.8919984378
1506.0 880763.7669938948
1507.0 899917.5452428893
1508.0 901376.333788598
1509.0 889088.6190100114
1510.0 902877.8396739911
1511.0 826542.5956744666
1512.0 867306.1471811892
1513.0 892759.3077843462
1514.0 878603.2989476573
1515.0 845299.256510056
1516.0 866942.2385719132
1517.0 810022.94174931
1518.0 699112.3166884299
1519.0 847745.1383697756
1520.0 851264.1949164134
1521.0 851484.1660883363
1522.0 875648.5667976362
1523.0 899193.4380726482
1524.0 867946.878689231
1525.0 856905.7381974673
1526.0 876240.0192384587
1527.0 876084.0692964111
1528.0 887958.7256471798
1529.0 913738.9772800248
1530.0 839719.6813656988
1531.0 817880.2149739563
1532.0 897925.9494807536
1533.0 910470.2371643049
1534.0 966799.9534788446
1535.0 938535.5990948253
1536.0 670498.7051687039
1537.0 607084.9777227704
1538.0 579602.3639845058
1539.0 585830.0839636353
1540.0 657556.6621969546
1541.0 666812.74968671
1542.0 660796.2752926932
1543.0 660326.7098686589
1544.0 660542.1669740409
1545.0 701619.7299439863
1546.0 746681.0986453485
1547.0 778617.1856836774
1548.0 827546.4398976119
1549.0 948747.8850360214
1550.0 909870.4095179932
1551.0 942883.2414804534
1552.0 1104823.241177965
1553.0 1061329.425107304
1554.0 1031140.9735730812
1555.0 994183.4147512703
1556.0 928231.9012910129
1557.0 884397.0958626921
1558.0 908214.1303288898
1559.0 939228.6162711096
1560.0 906692.0155235827
1561.0 836838.5264705182
1562.0 827182.3155460487
1563.0 880034.1784917389
1564.0 873786.6080349141
1565.0 846089.9815791057
1566.0 823226.6949322647
1567.0 851355.4694339508
1568.0 794002.6298938997
1569.0 810267.6236128464
1570.0 789854.1310029256
1571.0 802508.1014373797
1572.0 777103.2774029846
1573.0 899449.4836196896
1574.0 921327.2211673688
1575.0 837123.2717235968
1576.0 746042.6312080862
1577.0 791064.9604375445
1578.0 866476.5642008889
1579.0 863738.8624493035
1580.0 822495.0864907023
1581.0 860447.5524150626
1582.0 870564.2942742982
1583.0 829081.6207789829
1584.0 827168.5112392418
1585.0 803089.7219954844
1586.0 788950.7793659186
1587.0 841019.9264814464
1588.0 850327.8707172275
1589.0 849225.7609960738
1590.0 823587.4643312913
1591.0 828808.2097920018
1592.0 828626.8070142256
1593.0 847429.7172446453
1594.0 841452.796374192
1595.0 837234.737354629
1596.0 844860.752467176
1597.0 843603.7085717021
1598.0 846047.7290450424
1599.0 853611.6011288906
1600.0 858651.5068268402
1601.0 807419.3817303268
1602.0 857094.507922058
1603.0 665757.2267019734
1604.0 816273.2884687047
1605.0 894488.6747501186
1606.0 861234.7570710164
1607.0 873590.7066423319
1608.0 863880.8678983181
1609.0 849580.8297354623
1610.0 784951.650228106
1611.0 806169.6639818627
1612.0 852643.2313552682
1613.0 804524.7012804444
1614.0 832128.6296743065
1615.0 803652.0810954903
1616.0 827583.3132848162
1617.0 870511.883823077
1618.0 861317.354351554
1619.0 826530.8553972029
1620.0 818441.9280222505
1621.0 807863.1861501945
1622.0 810171.6762757935
1623.0 690193.6072157349
1624.0 679876.656187441
1625.0 839734.4032433394
1626.0 841411.3644518991
1627.0 854227.9669712236
1628.0 871721.347925004
1629.0 871401.5801696503
1630.0 854763.7493847914
1631.0 775220.9770799214
1632.0 767826.3027808751
1633.0 888326.8885726376
1634.0 868420.588471773
1635.0 829637.0717200257
1636.0 812020.0752017325
1637.0 843702.0504980204
1638.0 815412.775835393
1639.0 812741.7008634687
1640.0 723496.202313513
1641.0 877880.7478937439
1642.0 847326.9104036988
1643.0 845218.8046746129
1644.0 743162.5427519496
1645.0 804166.7668554063
1646.0 846094.9424749635
1647.0 803873.6924274224
1648.0 841137.9130685689
1649.0 846054.80703717
1650.0 845264.7687149724
1651.0 854277.3601894769
1652.0 850975.8149288063
1653.0 790960.796388316
1654.0 803999.7049260142
1655.0 847984.3186029288
1656.0 816871.6588117677
1657.0 756117.0566677545
1658.0 784111.7424253393
1659.0 848174.4012040035
1660.0 840337.6243406445
1661.0 816684.5645881919
1662.0 806275.6073919501
1663.0 823001.4005886428
1664.0 816542.409122329
1665.0 777616.0413615084
1666.0 814924.5821129342
1667.0 798613.5033811061
1668.0 743556.5874484292
1669.0 808310.2296937524
1670.0 815215.2025870242
1671.0 811454.6253230373
1672.0 779471.1780040462
1673.0 774644.3467302695
1674.0 814294.0742681491
1675.0 799739.4301940736
1676.0 703890.267184729
1677.0 728607.555435865
1678.0 818573.0816584143
1679.0 820426.6278477341
1680.0 817848.018833927
1681.0 802629.8580809367
1682.0 784446.0871145019
1683.0 812613.3889127552
1684.0 812364.9609562877
1685.0 815160.6914896643
1686.0 805740.4112214858
1687.0 798800.3120829108
1688.0 804264.6627763681
1689.0 811408.9777749375
1690.0 761131.6572552593
1691.0 784153.1819116286
1692.0 808152.5473299827
1693.0 807942.506083885
1694.0 797922.4270738547
1695.0 786747.1543901287
1696.0 794081.1414131752
1697.0 806779.8483855735
1698.0 791232.8496730367
1699.0 755606.0092658825
1700.0 769101.0621860513
1701.0 779812.8281540567
1702.0 797118.2120958326
1703.0 795086.1732888106
1704.0 785176.801127132
1705.0 799329.7767508454
1706.0 796568.1411437759
1707.0 740111.584611425
1708.0 765218.4660168062
1709.0 796345.6327993475
1710.0 774230.1493556207
1711.0 745905.1018730584
1712.0 695656.0242723007
1713.0 659107.3441984903
1714.0 758893.2058677665
1715.0 766659.5439209028
1716.0 747783.3355800217
1717.0 720592.8664924963
1718.0 696502.1937717595
1719.0 816325.0155090273
1720.0 813614.1221558575
1721.0 796417.831365071
1722.0 773262.3140501687
1723.0 769760.7926749338
1724.0 775870.949808815
1725.0 755404.508867381
1726.0 775151.2647979074
1727.0 819689.992238356
1728.0 814872.1108451833
1729.0 807372.2434661995
1730.0 793619.7906682978
1731.0 753965.5990157168
1732.0 790288.431799521
1733.0 799243.6217480393
1734.0 795982.7015251885
1735.0 795104.8598754236
1736.0 794822.78786893
1737.0 798718.892697175
1738.0 759155.5758058218
1739.0 700321.7452941649
1740.0 783282.8393178915
1741.0 773107.2073391066
1742.0 774274.7666788695
1743.0 785888.9260197409
1744.0 765763.888455895
1745.0 746707.4573670371
1746.0 773391.6181493797
1747.0 756701.649539322
1748.0 757364.3748761363
1749.0 777825.1962216782
1750.0 779528.7725272457
1751.0 781512.2924718834
1752.0 775383.1922389485
1753.0 712108.8199046323
1754.0 762197.783167397
1755.0 777976.1092341982
1756.0 783834.6076937472
1757.0 786947.977429565
1758.0 771568.363307427
1759.0 761162.7496453162
1760.0 767070.8116947765
1761.0 759397.3582753058
1762.0 788033.2343701052
1763.0 758614.0459910753
1764.0 770233.3064336576
1765.0 777711.8225026974
1766.0 775288.156485714
1767.0 773620.7587160453
1768.0 771268.8210781898
1769.0 763259.7548428723
1770.0 748869.9723010841
1771.0 782492.5276472903
1772.0 760687.0606441604
1773.0 756063.3850158757
1774.0 766798.4423314364
1775.0 760189.0741695067
1776.0 743899.3996362947
1777.0 764528.7721176131
1778.0 769773.1532880872
1779.0 764373.2895918951
1780.0 768573.5954931775
1781.0 765902.284325385
1782.0 745326.0514084342
1783.0 728405.7412085432
1784.0 764677.8843533165
1785.0 755233.9828354473
1786.0 754392.0462842098
1787.0 758927.237359633
1788.0 759985.1284648058
1789.0 750262.1861336386
1790.0 766863.9234320066
1791.0 746538.5249934382
1792.0 693400.2814638404
1793.0 740183.6845643685
1794.0 761245.9212525757
1795.0 759486.1495794429
1796.0 762473.7076089992
1797.0 758127.4838398991
1798.0 722920.21776703
1799.0 644787.351006072
1800.0 741516.3594338634
1801.0 757683.9419847307
1802.0 760194.1939731238
1803.0 756270.6474942206
1804.0 750423.1768948623
1805.0 739728.9720531033
1806.0 745366.8410449899
1807.0 756500.4544880742
1808.0 749270.0503010021
1809.0 760869.6621022215
1810.0 753187.2317221193
1811.0 752941.426308633
1812.0 713505.5648266942
1813.0 709996.9896803265
1814.0 753172.5420282342
1815.0 755150.9125936996
1816.0 729289.1999621372
1817.0 753100.7424204834
1818.0 768860.5763765441
1819.0 764455.911894476
1820.0 753266.5191511016
1821.0 730115.3119733904
1822.0 721956.1524984861
1823.0 770911.807787022
1824.0 775708.1243865549
1825.0 768589.6431675069
1826.0 738825.6969557004
1827.0 731408.532806172
1828.0 751537.5225493717
1829.0 769732.7857115273
1830.0 749649.0584686671
1831.0 750838.6829674628
1832.0 751643.2854517105
1833.0 745169.347733786
1834.0 745562.6049330562
1835.0 742287.5324197565
1836.0 748679.9471090297
1837.0 745728.2686741867
1838.0 739752.6870911435
1839.0 745558.7861150296
1840.0 693831.145867656
1841.0 732592.2617553123
1842.0 742115.5675841921
1843.0 738412.3002589806
1844.0 738078.0385701805
1845.0 737432.7348288309
1846.0 732083.7560995233
1847.0 711087.6140887084
1848.0 723590.9161481757
1849.0 723958.948414871
1850.0 705020.674692618
1851.0 726734.7483681982
1852.0 760979.9159014687
1853.0 744929.018715683
1854.0 714052.4804509688
1855.0 724933.4501093403
1856.0 742223.6931131675
1857.0 743216.5263794982
1858.0 723196.3880780712
1859.0 718542.8199642976
1860.0 705562.4645653124
1861.0 742348.2689429279
1862.0 748088.381158031
1863.0 730161.2055683862
1864.0 731494.3759773847
1865.0 736461.8052981097
1866.0 739331.4761709295
1867.0 732457.0939311294
1868.0 737060.8269256564
1869.0 738878.1492796217
1870.0 730530.8566115602
1871.0 732365.7322423087
1872.0 711911.9876720263
1873.0 676042.351075385
1874.0 707138.2159452017
1875.0 729579.270477781
1876.0 729865.925106
1877.0 716533.9511989418
1878.0 712251.6417582297
1879.0 742003.195337827
1880.0 739166.3896385364
1881.0 727319.9076877111
1882.0 720741.0965733035
1883.0 724893.3454878527
1884.0 724960.3506896594
1885.0 700535.6220610539
1886.0 696638.0995302481
1887.0 715795.1489460121
1888.0 725948.9163269872
1889.0 717844.0324466699
1890.0 711592.358916719
1891.0 711811.3833470871
1892.0 726663.4981013379
1893.0 719889.7195301804
1894.0 722641.2099774934
1895.0 708353.0276332013
1896.0 725053.437843823
1897.0 746165.4787510124
1898.0 741682.0572930047
1899.0 716492.1121539614
1900.0 737911.6211731711
1901.0 714251.6764815103
1902.0 718186.9865664804
1903.0 722068.4566719339
1904.0 716384.8046923531
1905.0 734541.7265144516
1906.0 729212.8991207839
1907.0 726820.2784291607
1908.0 705076.5269262902
1909.0 701412.1103973855
1910.0 721601.1042410062
1911.0 730834.1777259179
1912.0 731611.0291342777
1913.0 719422.9407649749
1914.0 710455.0008640676
1915.0 710275.2364312039
1916.0 710095.4719983402
1917.0 722890.6682781616
1918.0 709365.3238411598
1919.0 711408.805798182
1920.0 713821.5928419261
1921.0 709844.9207269745
1922.0 688938.0112994377
1923.0 626406.9209515122
1924.0 686777.9337772427
1925.0 712660.112076106
1926.0 705453.5498103781
1927.0 715166.1779689883
1928.0 706333.8633872529
1929.0 675888.2925203877
1930.0 684934.566656638
1931.0 666775.8228924657
1932.0 684396.9989600651
1933.0 710598.3948326581
1934.0 718773.856838438
1935.0 721419.5117443737
1936.0 703748.1443420409
1937.0 708809.858750565
1938.0 708029.8948069932
1939.0 694213.85169393
1940.0 695823.293155075
1941.0 727115.0817356579
1942.0 728156.115288355
1943.0 721432.0230278322
1944.0 715501.3490937259
1945.0 713011.9165201326
1946.0 706811.0345703713
1947.0 707202.5852718716
1948.0 705273.6692288298
1949.0 708281.238779746
1950.0 702032.6465793867
1951.0 662766.9486332524
1952.0 703660.174281398
1953.0 690260.5332896385
1954.0 675865.8683826495
1955.0 684057.1816985237
1956.0 676690.2994187764
1957.0 680978.8316076708
1958.0 691457.4963880962
1959.0 700399.605643617
1960.0 699770.9003729443
1961.0 680937.070475569
1962.0 702774.1076244793
1963.0 697882.8501534462
1964.0 691826.7630188157
1965.0 701662.1000454054
1966.0 697881.3814482652
1967.0 703340.5084256073
1968.0 700239.5432700163
1969.0 702588.289342256
1970.0 701415.8232617871
1971.0 703371.190470158
1972.0 694707.0735924428
1973.0 703837.8023546642
1974.0 705032.7603393665
1975.0 703075.822931763
1976.0 695201.2243873058
1977.0 699153.7492195675
1978.0 701926.021383254
1979.0 689134.1838748379
1980.0 692950.5630674064
1981.0 700342.4495835995
1982.0 693463.4996470272
1983.0 697294.2755357802
1984.0 687198.3724204161
1985.0 689429.9695860588
1986.0 697895.5719897323
1987.0 684861.2126731968
1988.0 701587.5312172429
1989.0 706660.5482639825
1990.0 700724.0829860895
1991.0 705364.9077599158
1992.0 679707.8019044643
1993.0 682306.7290670087
1994.0 689398.5707378917
1995.0 702589.8846519103
1996.0 700608.879935148
1997.0 699851.7999452475
1998.0 696652.3663355798
1999.0 677748.0633454917
2000.0 667980.024513979
2001.0 670813.8861006924
2002.0 665891.6833596803
2003.0 666677.0691510319
2004.0 682220.5687370534
2005.0 685083.0137636455
2006.0 673763.2851431763
2007.0 691724.948663597
2008.0 697770.3269263707
2009.0 697621.3935588873
2010.0 694144.0492878504
2011.0 677331.6188731055
2012.0 679709.9070132758
2013.0 670954.1686719799
2014.0 678418.7958321415
2015.0 690409.2866020091
2016.0 686631.9278139542
2017.0 687405.3172769371
2018.0 682401.8326703103
2019.0 682890.3462220934
2020.0 685635.3866480849
2021.0 684666.939699583
2022.0 684519.6031926251
2023.0 683124.7521197405
2024.0 679646.087506759
2025.0 684053.8203163352
2026.0 670057.9766007849
2027.0 675769.2864723501
2028.0 678152.9697126823
2029.0 680121.7656728681
2030.0 678756.6314091671
2031.0 680309.7984900706
2032.0 679360.2931056521
2033.0 670526.1846855826
2034.0 664334.1066852774
2035.0 658929.5538856954
2036.0 675455.1831063129
2037.0 678080.3220497337
2038.0 672199.3630815285
2039.0 673351.9305382287
2040.0 612592.60499598
2041.0 636801.7342453281
2042.0 670911.0302414411
2043.0 683234.9976884528
2044.0 678420.5052493205
2045.0 673163.96469492
2046.0 670114.3754498751
2047.0 666171.263924006
2048.0 669075.7204808003
2049.0 674085.2615587043
2050.0 676933.1456762817
2051.0 682722.1445176182
2052.0 677481.1151838927
2053.0 674126.2341291156
2054.0 676907.3480283071
2055.0 675888.4488537284
2056.0 667684.6709622673
2057.0 655670.0331993497
2058.0 669443.0118305633
2059.0 673495.7552904302
2060.0 675405.3921535857
2061.0 671427.5739756172
2062.0 649972.7953345914
2063.0 667236.0222209785
2064.0 665329.355529324
2065.0 659978.7388561973
2066.0 670919.1202183091
2067.0 669587.1547474844
2068.0 667040.1797586217
2069.0 666212.2172630965
2070.0 671831.694211417
2071.0 639624.4492733501
2072.0 655990.0802996138
2073.0 671067.5741462453
2074.0 672097.5800004601
2075.0 674052.2399848725
2076.0 678608.0266480156
2077.0 668684.4100962176
2078.0 662586.5574334546
2079.0 683456.2757055968
2080.0 663016.7453965462
2081.0 668882.124352315
2082.0 682849.5367379243
2083.0 674138.9475471354
2084.0 650428.3721972639
2085.0 638733.2161975643
2086.0 657890.7658900041
2087.0 666852.1287345386
2088.0 669018.1604049895
2089.0 671187.5390256037
2090.0 653088.9477302594
2091.0 626558.8495797493
2092.0 645022.8191780314
2093.0 663089.0605019698
2094.0 665266.0895935439
2095.0 665176.4713872338
2096.0 665971.0402213543
2097.0 667209.3558676079
2098.0 663985.4040137689
2099.0 667003.6667843066
2100.0 647186.6605842472
2101.0 664232.334215226
2102.0 675898.2617584657
2103.0 679010.4804725497
2104.0 675215.7025557169
2105.0 686079.7254914669
2106.0 690515.2594928602
2107.0 681354.5897999406
2108.0 653388.9542672182
2109.0 670014.8805208387
2110.0 681360.0804074516
2111.0 685608.3893692512
2112.0 685157.9897138644
2113.0 667531.2260030106
2114.0 657405.3850348308
2115.0 659312.2151717521
2116.0 672241.4199997841
2117.0 657577.1080822621
2118.0 659011.1284144956
2119.0 662730.7349152787
2120.0 665522.8764059875
2121.0 663277.1061130478
2122.0 662404.4916861451
2123.0 656828.6698069712
2124.0 644496.0690125894
2125.0 658712.3119701467
2126.0 659195.0835506548
2127.0 661055.6590422532
2128.0 660617.0545813475
2129.0 661096.5491226016
2130.0 659550.0713273512
2131.0 659431.4747629687
2132.0 660234.8395306629
2133.0 661500.9632280152
2134.0 661370.8079501037
2135.0 660302.6869675363
2136.0 659692.8792555776
2137.0 658215.8273040263
2138.0 657532.0723424878
2139.0 662002.4849359803
2140.0 660379.5116010933
2141.0 660630.8742134775
2142.0 658999.6992797388
2143.0 659246.961092697
2144.0 659043.8270015953
2145.0 653189.1559319715
2146.0 660076.7984566989
2147.0 654679.5470946158
2148.0 657319.0338397413
2149.0 658066.3831655179
2150.0 659288.382154473
2151.0 658788.6910171356
2152.0 658969.6200133403
2153.0 657239.471714547
2154.0 658843.8974505437
2155.0 659014.1976126705
2156.0 659660.6318933042
2157.0 658864.7645738543
2158.0 658046.501124349
2159.0 657662.9423464076
2160.0 659687.6291260323
2161.0 660265.3504270139
2162.0 653579.5245917679
2163.0 658991.589821105
2164.0 660046.4582198304
2165.0 657672.3778126168
2166.0 658425.3434589099
2167.0 656740.5195005238
2168.0 657978.8153587398
2169.0 658240.881520578
2170.0 658501.8338279098
2171.0 658761.6722807352
2172.0 658039.7117646509
2173.0 659123.4031631574
2174.0 658790.435286296
2175.0 657959.5033976627
2176.0 656134.3469692103
2177.0 658749.9830373098
2178.0 655921.2329085519
2179.0 660026.5023026551
2180.0 654594.6280837193
2181.0 655545.9864713241
2182.0 657992.7830021158
2183.0 658946.3084931093
2184.0 658899.9857507936
2185.0 658850.773537293
2186.0 656291.8275913725
2187.0 659287.1769252602
2188.0 657850.3181516202
2189.0 659427.8377334161
2190.0 658484.0716647861
2191.0 659555.3639238366
2192.0 657083.0649236684
2193.0 655613.3696056899
2194.0 658710.5278641452
2195.0 659916.598242887
2196.0 660612.9364176025
2197.0 660796.7527112406
2198.0 660465.2574467489
2199.0 660640.7047092313
2200.0 661325.8841757397
2201.0 659951.677194431
2202.0 656342.8987645213
2203.0 660388.8309893525
2204.0 658760.2926630019
2205.0 661781.0810256101
2206.0 661698.8370916247
2207.0 660575.7840276212
2208.0 661005.7390421807
2209.0 659423.6610900055
2210.0 661093.243606626
2211.0 657019.6338706064
2212.0 660252.4108737941
2213.0 660872.0095875476
2214.0 660964.8039048315
2215.0 661579.8713809953
2216.0 660612.7131727146
2217.0 659545.0259618482
2218.0 662168.0510497804
2219.0 658973.7982872133
2220.0 662657.9061263249
2221.0 657324.055732478
2222.0 661010.6538757213
2223.0 661509.8532585405
2224.0 662004.1751050994
2225.0 659823.1651712458
2226.0 662448.1062672392
2227.0 658111.0277315772
2228.0 659124.903204536
2229.0 662826.6401541944
2230.0 661691.0520772858
2231.0 663276.2092824553
2232.0 662866.2395561395
2233.0 662450.3638292094
2234.0 664197.3899054381
2235.0 664316.8257954015
2236.0 664976.4949694367
2237.0 664543.8855740998
2238.0 664651.5094628349
2239.0 662086.9889489054
2240.0 665564.6229865053
2241.0 665205.6314522873
2242.0 663739.540730952
2243.0 665571.3899368565
2244.0 664642.9231494576
2245.0 661491.764302692
2246.0 666053.5757145837
2247.0 667740.0450677802
2248.0 666089.6027588783
2249.0 667216.781269726
2250.0 664993.8647440795
2251.0 666674.6840796777
2252.0 666676.68921863
2253.0 666113.7534976352
2254.0 666703.9889085582
2255.0 667866.9283167693
2256.0 667901.6554691204
2257.0 667367.3737135744
2258.0 666827.2086220677
2259.0 669116.399174152
2260.0 668569.3701906913
2261.0 667428.1116225555
2262.0 669064.1297109842
2263.0 669560.3451934317
2264.0 667767.8666592669
2265.0 667111.5552092233
2266.0 669891.0114254933
2267.0 668654.800987344
2268.0 669712.7378485972
2269.0 669120.8780538657
2270.0 670869.5959865274
2271.0 665680.1392065312
2272.0 671476.2938779775
2273.0 670904.5517119789
2274.0 669164.0035202045
2275.0 671490.0618969166
2276.0 670908.0156843329
2277.0 669189.9772347085
2278.0 668046.9600959388
2279.0 669241.7245370282
2280.0 672786.8360034573
2281.0 672808.5211727904
2282.0 673415.6988575449
2283.0 672839.3260659762
2284.0 672181.8258982219
2285.0 672039.3459362154
2286.0 673673.8299063632
2287.0 672337.8339473703
2288.0 672185.2566959446
2289.0 673817.904795289
2290.0 671869.0869682727
2291.0 674696.1690000051
2292.0 674748.3040768666
2293.0 675492.4194959301
2294.0 675023.136120025
2295.0 677564.8495681616
2296.0 678896.6257849266
2297.0 678399.6499002465
2298.0 676058.3448779354
2299.0 674627.0979424265
2300.0 680840.32166219
2301.0 678484.36349118
2302.0 679803.2785668771
2303.0 679280.9338527677
2304.0 676911.5945991725
2305.0 679459.5029883613
2306.0 677698.607044628
2307.0 678726.35586045
2308.0 676909.7522767019
2309.0 678797.6093767874
2310.0 680687.7834014678
2311.0 680093.6431144925
2312.0 677001.286968293
2313.0 677636.5607518745
2314.0 679519.7840027706
2315.0 681299.334260541
2316.0 681183.432289348
2317.0 681691.6315822036
2318.0 678421.7356587711
2319.0 678919.4700666275
2320.0 677520.8314468405
2321.0 681173.6062954364
2322.0 682340.382626422
2323.0 678672.1498965202
2324.0 682617.0742486797
2325.0 680835.1028626201
2326.0 680317.6248551931
2327.0 680432.3935370824
2328.0 681183.3384298277
2329.0 685788.016122083
2330.0 683891.1226422052
2331.0 684446.5210755655
2332.0 676598.7194810123
2333.0 684903.1789877648
2334.0 686099.1514703615
2335.0 682747.8027169745
2336.0 686538.8532509549
2337.0 686427.6782332831
2338.0 686798.6364420479
2339.0 688116.2744264604
2340.0 688772.931836457
2341.0 688103.8736032035
2342.0 688741.7585411051
2343.0 690697.8501334188
2344.0 689995.001450394
2345.0 687943.9101576047
2346.0 685632.3276239263
2347.0 692470.4993600305
2348.0 693969.4173295896
2349.0 684749.7838821801
2350.0 692947.1958290865
2351.0 691759.668484144
2352.0 690567.3358731363
2353.0 690716.6241640241
2354.0 693818.1783472376
2355.0 693552.8080861189
2356.0 689207.0187615526
2357.0 693671.2407860571
2358.0 696785.6219966565
2359.0 698539.86351944
2360.0 696182.7893570442
2361.0 691591.4869387128
2362.0 699017.7488437892
2363.0 698200.4064117952
2364.0 697380.8676300839
2365.0 697937.0931959822
2366.0 694356.1421453243
2367.0 696289.2302336906
2368.0 695462.0042279689
2369.0 696296.2822373767
2370.0 694508.9874412544
2371.0 696873.7624874874
2372.0 697848.9587451111
2373.0 698820.8216980405
2374.0 699719.3724111406
2375.0 697106.9764706093
2376.0 693841.4369810052
2377.0 699926.6936380588
2378.0 702229.2978831301
2379.0 702341.7063492062
2380.0 695286.4936270296
2381.0 702407.7047374462
2382.0 704212.0243373765
2383.0 699453.5202070571
2384.0 698101.4016009776
2385.0 701348.0115737076
2386.0 705657.9284431612
2387.0 703156.7194041125
2388.0 701797.8073212396
2389.0 699858.472587999
2390.0 703890.9504572506
2391.0 702811.2671271248
2392.0 703171.0883837626
2393.0 703732.2292907524
2394.0 705558.7049752537
2395.0 705710.7578805311
2396.0 705049.3676550314
2397.0 708469.7469506772
2398.0 709403.3107392015
2399.0 710551.3316376779
2400.0 702395.940306202
2401.0 706237.9797482796
2402.0 709031.0766434888
2403.0 706199.5062427773
2404.0 711366.9608747525
2405.0 707195.658576523
2406.0 709178.2784208683
2407.0 708042.7384427806
2408.0 708094.1372943415
2409.0 709222.8481786211
2410.0 708329.5736153905
2411.0 705629.0639625329
2412.0 709657.1667489683
2413.0 711216.1202264299
2414.0 706220.997514947
2415.0 712218.9098246773
2416.0 711804.4277927836
2417.0 710028.2000105198
2418.0 715594.9154194071
2419.0 713334.6427316103
2420.0 716171.845107092
2421.0 716338.3444299778
2422.0 717112.5133339411
2423.0 718190.9857860786
2424.0 714728.7144263115
2425.0 712424.0402553111
2426.0 716951.9339745851
2427.0 718861.144950977
2428.0 714804.8926802941
2429.0 713058.7032549182
2430.0 715501.8143793512
2431.0 716858.2237360313
2432.0 718917.4362375211
2433.0 714926.7402495445
2434.0 720144.0668473858
2435.0 717216.2076973066
2436.0 720325.1789291753
2437.0 718876.1175161549
2438.0 715211.8352922292
2439.0 718637.3381846811
2440.0 716377.0402963372
2441.0 719325.3508889182
2442.0 720959.8582247883
2443.0 721404.5439965341
2444.0 722324.6355516977
2445.0 720216.791830084
2446.0 720812.2619998635
2447.0 718849.2612872844
2448.0 715756.85890932
2449.0 722189.3903579626
2450.0 721323.7842873638
2451.0 717798.8949911838
2452.0 719252.2352753336
2453.0 722723.5933311852
2454.0 722727.126453886
2455.0 723212.3449083312
2456.0 724749.3597712594
2457.0 725150.2249088954
2458.0 724646.650681274
2459.0 726085.464461376
2460.0 724416.5798534609
2461.0 725191.5751951042
2462.0 721774.7234807351
2463.0 726648.4659807128
2464.0 724773.046413098
2465.0 728255.56512036
2466.0 726110.4033552177
2467.0 729260.7437501932
2468.0 731419.4921553988
2469.0 727660.7445955572
2470.0 730730.9347998552
2471.0 731881.5812601652
2472.0 732191.2454862258
2473.0 731486.3473501679
2474.0 728770.429743186
2475.0 733509.7177928864
2476.0 732345.9902808194
2477.0 731599.701379114
2478.0 731949.9827286463
2479.0 730772.4086848735
2480.0 730523.3391701066
2481.0 730101.188653907
2482.0 733643.7023158234
2483.0 728709.322586914
2484.0 732637.9697171946
2485.0 728186.5631795241
2486.0 735120.6181476468
2487.0 731248.4988190745
2488.0 735879.5906676839
2489.0 734312.9909816126
2490.0 735759.7882677198
2491.0 737291.010352007
2492.0 732852.9340617754
2493.0 736475.1097319248
2494.0 726084.0874142108
2495.0 738247.6035352126
2496.0 739436.5273822484
2497.0 739135.1133574173
2498.0 738475.7260121603
2499.0 739320.5416958183
2500.0 741323.902513781
