WAVE FLUX
900.0 800500.122794256
901.0 762106.1198984961
902.0 766609.1331247593
903.0 873353.5497133689
904.0 846746.4165274685
905.0 856063.5983017238
906.0 731422.0819319228
907.0 885404.1169926134
908.0 885820.3362653081
909.0 885035.9786030954
910.0 848718.3686282742
911.0 869649.6395848922
912.0 1832558.826799564
913.0 1758639.6181470763
914.0 1509039.848720897
915.0 1860918.1506958476
916.0 1714395.6404000886
917.0 1095304.3015270652
918.0 596260.2935891845
919.0 307296.4748102807
920.0 373048.12517881003
921.0 284199.5545694403
922.0 507645.1179989946
923.0 809826.2808672307
924.0 1364561.2717377157
925.0 2193577.1449722615
926.0 1783857.2439415744
927.0 1176721.1926089493
928.0 685902.6345768414
929.0 461490.67835826945
930.0 446330.5727823008
931.0 770602.6667144009
932.0 1267764.2663275325
933.0 1874932.4481668444
934.0 3007769.409205416
935.0 2610181.8703461434
936.0 2166050.5274685067
937.0 1432146.8015721028
938.0 672652.3689349473
939.0 692755.0310526646
940.0 694068.0759668883
941.0 709795.8666498839
942.0 873239.6688137477
943.0 1218208.5837293123
944.0 1777016.6871658831
945.0 2666643.7648794474
946.0 2466400.735663566
947.0 2211889.274432112
948.0 1708117.2873652873
949.0 1486148.3322771033
950.0 1025933.0423112925
951.0 1613392.1442638445
952.0 1504768.4156677546
953.0 1249835.9824309235
954.0 1206256.8268164871
955.0 1423658.5022526584
956.0 2123736.9485415868
957.0 1905667.5695569345
958.0 1766515.3238579219
959.0 1180445.1794534556
960.0 1591602.229771492
961.0 1695333.7323596724
962.0 1697335.6038334102
963.0 1702357.5973050054
964.0 1386239.7139884634
965.0 1709382.9387361559
966.0 1697291.8740193546
967.0 1523998.832492156
968.0 1406762.3224307294
969.0 1603235.2600814167
970.0 878954.0702148014
971.0 593729.7726081335
972.0 316592.993332834
973.0 652450.1478064416
974.0 854848.8204301752
975.0 1164348.2318185756
976.0 1456015.0727570418
977.0 1904782.0115998911
978.0 1843913.246034455
979.0 1753893.5879486564
980.0 1738878.4303853929
981.0 1609570.8030724316
982.0 1544625.0661387078
983.0 1480477.1132619362
984.0 884679.624411416
985.0 828206.4353738718
986.0 446031.45868136734
987.0 501798.0053603788
988.0 905472.9880133811
989.0 1021267.0720306152
990.0 917845.9784501361
991.0 1248332.0442052695
992.0 1906971.7521408945
993.0 1738661.6067750633
994.0 1679366.1042425435
995.0 1246226.1781379348
996.0 1330621.1821640278
997.0 1322312.7724272849
998.0 1432912.9108421982
999.0 1383281.482945957
1000.0 1588745.6645379455
1001.0 1490030.44059124
1002.0 1369148.9744350354
1003.0 1466780.6064967301
1004.0 1520481.2007297988
1005.0 1506590.711199674
1006.0 820108.5484116042
1007.0 1377115.316010033
1008.0 971043.9499709597
1009.0 1416709.647671176
1010.0 1186637.7074447447
1011.0 1364598.102349311
1012.0 1469039.8033552526
1013.0 1024169.2002651813
1014.0 1527862.7106645713
1015.0 1290171.8800413483
1016.0 1444616.367336131
1017.0 1331913.7986949529
1018.0 1115444.7510922656
1019.0 1416907.6236807504
1020.0 1285896.263166199
1021.0 1376449.9675472293
1022.0 1454894.1233633559
1023.0 1415673.6215968805
1024.0 1299930.0608933507
1025.0 1094148.5095031762
1026.0 904876.1765422908
1027.0 1410849.2715053204
1028.0 1399729.7296535906
1029.0 1475350.9303764177
1030.0 1270968.1935538051
1031.0 1243612.33867417
1032.0 1425858.9422588956
1033.0 1414612.4860521322
1034.0 1301150.7717281582
1035.0 1068717.3108253728
1036.0 1345452.4381748096
1037.0 1102507.4091616254
1038.0 1008180.92396713
1039.0 1330914.4001812758
1040.0 1307445.3907500457
1041.0 1481459.392247958
1042.0 1444806.8801539608
1043.0 1487747.910887542
1044.0 1460423.5978865512
1045.0 1457522.1299888517
1046.0 1418355.395468755
1047.0 1415446.6413195054
1048.0 1420435.1403358732
1049.0 1458666.3815454533
1050.0 1453579.7332103446
1051.0 1420304.8990986971
1052.0 1450505.453713481
1053.0 1318532.7517355152
1054.0 1447450.2067033243
1055.0 1409348.3892810952
1056.0 1238244.2207979164
1057.0 1363345.70585542
1058.0 1360565.1754267036
1059.0 1299389.8925746703
1060.0 1170630.2645390744
1061.0 1231414.1218337917
1062.0 1160443.7891893322
1063.0 1065311.464196852
1064.0 1443778.5401939207
1065.0 1418601.957816308
1066.0 1296289.982781085
1067.0 1332193.2082372268
1068.0 1165331.5053654425
1069.0 1153169.5371797145
1070.0 1119736.7065497395
1071.0 1252738.8070982797
1072.0 1209187.61355887
1073.0 1218018.273696925
1074.0 1328662.3396059733
1075.0 1323354.7139850105
1076.0 1363687.8632530118
1077.0 1340630.1063389727
1078.0 1254058.6614961363
1079.0 1282399.3659006243
1080.0 1347015.4270308397
1081.0 1243251.8501405986
1082.0 1305857.326739719
1083.0 1165747.4451560702
1084.0 1180908.7306006
1085.0 1091187.792702417
1086.0 1216276.5825558268
1087.0 1314178.761666148
1088.0 1246678.3191385397
1089.0 1199343.805838902
1090.0 1188241.4614008602
1091.0 1162840.5489650418
1092.0 1252402.4071191908
1093.0 1241114.2943366924
1094.0 1336851.0340404424
1095.0 1322774.6488662586
1096.0 1244169.9937525324
1097.0 1257311.125113994
1098.0 1182625.3310059498
1099.0 1311593.6936640644
1100.0 1265140.0544862065
1101.0 1306477.8586811044
1102.0 1259262.0190032823
1103.0 1210017.130566534
1104.0 1191013.7337895925
1105.0 1250414.8511376455
1106.0 1287033.5449403813
1107.0 1219564.9302176659
1108.0 839876.5412283211
1109.0 1232638.6152488983
1110.0 968410.0369372882
1111.0 638886.9990798928
1112.0 572025.8550359075
1113.0 657196.612006976
1114.0 666868.9414727031
1115.0 669522.450481811
1116.0 745440.8112312879
1117.0 887425.3274806937
1118.0 1179914.5258793
1119.0 1505834.4032939267
1120.0 1259445.742364421
1121.0 693769.9206045804
1122.0 706225.4623075122
1123.0 796041.0746759761
1124.0 558856.3182809217
1125.0 726398.322246092
1126.0 812470.4623519492
1127.0 858433.5409065115
1128.0 933648.6210491906
1129.0 1156767.8352725953
1130.0 1329869.135091662
1131.0 1259084.0698165807
1132.0 1278794.5713677558
1133.0 1203680.2406138359
1134.0 1064908.324793867
1135.0 1114231.7568806615
1136.0 1210844.0777519075
1137.0 1214601.902902309
1138.0 1176017.6007362076
1139.0 1100430.5489949645
1140.0 945350.336242328
1141.0 1196376.3141715277
1142.0 1132881.8313860167
1143.0 1198506.9149263047
1144.0 1108768.9179165082
1145.0 1044246.3030340648
1146.0 1195585.6310103345
1147.0 1182403.882434044
1148.0 1181329.442099462
1149.0 1162097.3427625275
1150.0 1130804.9265907106
1151.0 1122739.9995092207
1152.0 1156033.9817904425
1153.0 1155030.4168348457
1154.0 1111742.5296644794
1155.0 1125978.7899231936
1156.0 952233.2798907696
1157.0 1091892.901342221
1158.0 1148338.172376783
1159.0 973700.131528551
1160.0 965158.5573640859
1161.0 1140050.8712719614
1162.0 924374.8456488719
1163.0 1091922.8056311544
1164.0 1017383.3831647136
1165.0 1071307.2159391472
1166.0 1107253.8565565504
1167.0 1004565.5144860811
1168.0 1016171.2479032816
1169.0 543050.1943775839
1170.0 690691.3830306113
1171.0 613251.2871593076
1172.0 679644.0604252322
1173.0 763577.830426035
1174.0 853863.677396025
1175.0 656579.3449407486
1176.0 744779.839009935
1177.0 1221340.4556432809
1178.0 1133005.4449216435
1179.0 1202207.77394086
1180.0 1125048.3851712395
1181.0 1114122.9794135485
1182.0 1109710.8242393828
1183.0 682775.9998544103
1184.0 891511.9938435636
1185.0 888784.304746289
1186.0 1066843.2285674452
1187.0 1085481.485189046
1188.0 1089970.8069855552
1189.0 1081832.0770318336
1190.0 1074932.7022477933
1191.0 777098.6649556498
1192.0 1025790.1919037875
1193.0 996220.3790778795
1194.0 1032318.480180892
1195.0 1052773.57199536
1196.0 1024730.4327420238
1197.0 696761.7728013182
1198.0 975313.1713398793
1199.0 951722.8890707861
1200.0 992379.5043487699
1201.0 941448.2485669395
1202.0 891648.815050862
1203.0 868618.0088711559
1204.0 1018628.5374007102
1205.0 1054199.8835825315
1206.0 1027300.2501285694
1207.0 1054947.5326106376
1208.0 945644.7601438202
1209.0 773721.206509598
1210.0 781971.0610691282
1211.0 963939.6179372595
1212.0 898688.4050278544
1213.0 800991.1043452667
1214.0 754226.4953293462
1215.0 792069.672630369
1216.0 977663.5271005523
1217.0 802951.2598820397
1218.0 717400.8832255307
1219.0 1044224.17051047
1220.0 773702.441159556
1221.0 973636.1490514299
1222.0 1025646.9603445588
1223.0 680321.6581783274
1224.0 968457.351322197
1225.0 917385.1445366088
1226.0 930087.4893673626
1227.0 1004753.9788850268
1228.0 738954.1199187336
1229.0 939899.2767775404
1230.0 837360.6680490917
1231.0 836844.0643345397
1232.0 837461.6098821636
1233.0 737556.5746398179
1234.0 667444.7374643544
1235.0 565247.3371506907
1236.0 573150.2105312978
1237.0 630768.5331830085
1238.0 709058.6598431239
1239.0 762376.890270268
1240.0 743787.5396305848
1241.0 783178.5234373523
1242.0 946824.2764757731
1243.0 1231874.8537702642
1244.0 1138860.7230540833
1245.0 1143410.3914827432
1246.0 1009787.6707150487
1247.0 788376.3230166488
1248.0 1040226.3657820433
1249.0 1030754.9280405021
1250.0 942253.7130935268
1251.0 988126.632210196
1252.0 926775.9562979371
1253.0 897476.397266457
1254.0 1005645.1117348324
1255.0 1007969.5762144475
1256.0 1011282.463036314
1257.0 1006917.7208625887
1258.0 1007148.4922932916
1259.0 965335.0631652955
1260.0 989791.8575212657
1261.0 999759.378712003
1262.0 1030960.2865495457
1263.0 1027211.8694334372
1264.0 879008.7870540207
1265.0 1035307.612059092
1266.0 1016500.3135539438
1267.0 971968.6583257624
1268.0 903960.8777675129
1269.0 935138.8298418222
1270.0 929689.9528279904
1271.0 1002688.6766515463
1272.0 965140.6665153109
1273.0 906733.6263443066
1274.0 978187.9197473145
1275.0 1003302.6216641468
1276.0 993928.0238473383
1277.0 991797.9179044496
1278.0 984873.6307460365
1279.0 996401.7683259215
1280.0 1007321.3419531696
1281.0 958714.4012424746
1282.0 944324.4182143596
1283.0 1008538.9561610856
1284.0 923234.7476619557
1285.0 1024807.9855784716
1286.0 941292.5520914346
1287.0 824883.6081515179
1288.0 1038010.5621475023
1289.0 995004.628523693
1290.0 990068.365815816
1291.0 890736.541142826
1292.0 982313.3060453787
1293.0 1021847.9789094547
1294.0 985828.7982188177
1295.0 933514.9489319104
1296.0 985875.8825249654
1297.0 908422.5509608536
1298.0 1008909.9856766693
1299.0 980979.6711497047
1300.0 997188.7174368651
1301.0 815136.538676198
1302.0 942150.614002488
1303.0 850527.9865065486
1304.0 916612.2691193862
1305.0 995212.3054690401
1306.0 958575.1355431634
1307.0 920632.7396721499
1308.0 966489.4355379447
1309.0 953662.6858786
1310.0 985574.849258317
1311.0 983161.1811864319
1312.0 948029.9536258522
1313.0 895656.790700243
1314.0 977170.3544485706
1315.0 914425.4524758445
1316.0 958198.662881171
1317.0 922784.1113457755
1318.0 873887.0781448996
1319.0 940190.1733880285
1320.0 960302.1449245384
1321.0 900198.1139380728
1322.0 982638.1217054437
1323.0 730020.0124784714
1324.0 939868.5516717586
1325.0 834960.6989357081
1326.0 846918.4904183232
1327.0 990913.6375006033
1328.0 984176.8012413753
1329.0 947467.236682859
1330.0 848124.8536525117
1331.0 924494.8215188386
1332.0 779601.0859487545
1333.0 926296.3978774641
1334.0 952865.017193104
1335.0 842704.224260637
1336.0 663442.5228070548
1337.0 855304.6850883202
1338.0 870504.8318811508
1339.0 865646.0540361062
1340.0 903515.291499731
1341.0 833730.3948421293
1342.0 799503.1564535488
1343.0 765025.6496622321
1344.0 956258.9774747582
1345.0 1041539.8933299159
1346.0 1018860.3205648436
1347.0 985426.4359649497
1348.0 973382.7077650131
1349.0 956791.3475296947
1350.0 776204.799294555
1351.0 951059.1255904995
1352.0 981527.0881397157
1353.0 960047.231045118
1354.0 950635.9014403385
1355.0 831063.8077724201
1356.0 725244.8441401689
1357.0 761199.5184710101
1358.0 824283.8812889142
1359.0 947021.1248335245
1360.0 959726.5621917867
1361.0 783721.540246858
1362.0 906102.8127595516
1363.0 786429.096532601
1364.0 787066.2941764259
1365.0 834624.4420841024
1366.0 810831.4253811741
1367.0 891017.4638804232
1368.0 809882.5810262327
1369.0 721761.8869832765
1370.0 789933.3218876078
1371.0 812084.9921227649
1372.0 858463.2591309167
1373.0 843778.6125252548
1374.0 762409.2805952587
1375.0 895382.7057398029
1376.0 914558.8625529611
1377.0 927009.9710144944
1378.0 738231.1341077994
1379.0 830171.6465531084
1380.0 934636.5799096124
1381.0 951805.4542189531
1382.0 962075.6283597966
1383.0 947056.3542223594
1384.0 768911.1635783858
1385.0 636992.4625035794
1386.0 543011.7596749755
1387.0 547625.2924969277
1388.0 549308.6258438299
1389.0 566725.9241467396
1390.0 709075.5669000798
1391.0 697535.4046597331
1392.0 894016.6912944851
1393.0 892041.4499426234
1394.0 782164.7791851204
1395.0 780615.7827022516
1396.0 596555.9011149128
1397.0 643144.7383825934
1398.0 637554.2931735978
1399.0 762777.087418298
1400.0 736930.4474527861
1401.0 745380.036618135
1402.0 860981.274744555
1403.0 1185305.1425213057
1404.0 1055397.3949358664
1405.0 916004.4984874261
1406.0 910754.6504277758
1407.0 818030.8536668016
1408.0 894202.1491532868
1409.0 761240.9293923683
1410.0 935460.9169126461
1411.0 927611.9990826895
1412.0 915529.3243236289
1413.0 893010.7753070357
1414.0 825377.0244133909
1415.0 842467.5412631329
1416.0 885958.5289094188
1417.0 807363.4007832144
1418.0 687274.8459507023
1419.0 972321.5286784093
1420.0 912781.9665292733
1421.0 877742.1994577158
1422.0 840486.3528619458
1423.0 783245.4331967469
1424.0 577099.1955886865
1425.0 752708.5949109528
1426.0 830091.1335848263
1427.0 891218.6359834597
1428.0 722865.5395185925
1429.0 761413.7163009509
1430.0 828315.6837415639
1431.0 783472.2424279636
1432.0 775920.1167248546
1433.0 790828.3724990507
1434.0 803803.8462903531
1435.0 807946.5811535657
1436.0 869743.526311976
1437.0 751851.130217506
1438.0 745758.6863602594
1439.0 628844.1211951742
1440.0 676673.5405527733
1441.0 736016.1347808612
1442.0 869023.4778245946
1443.0 867737.5802466165
1444.0 829987.0096923581
1445.0 657853.2125518537
1446.0 783722.8077591485
1447.0 868942.9542113518
1448.0 744893.5426760148
1449.0 646050.9702041338
1450.0 788980.3316246474
1451.0 822983.8284977793
1452.0 689114.9634631119
1453.0 736067.4277418911
1454.0 758785.3358154277
1455.0 806574.5999922757
1456.0 695830.047910156
1457.0 893561.1730411113
1458.0 675853.966986246
1459.0 745081.6724929427
1460.0 636806.6746387627
1461.0 730907.8821775343
1462.0 800345.857157396
1463.0 778016.0365036454
1464.0 802313.1202045688
1465.0 756876.3030977136
1466.0 835778.5553601955
1467.0 728007.6901765666
1468.0 660935.3083629729
1469.0 512254.99830137077
1470.0 721397.6685181989
1471.0 817627.0579193372
1472.0 693671.4248494027
1473.0 697659.6852336053
1474.0 759790.6953004237
1475.0 850510.3619185232
1476.0 784530.3388273818
1477.0 840705.0585024972
1478.0 711938.5663470895
1479.0 745948.5420167577
1480.0 827979.1641173704
1481.0 859122.5417956426
1482.0 845927.4187830904
1483.0 838210.0078559986
1484.0 803011.9511804715
1485.0 776699.2888746473
1486.0 856700.0731491838
1487.0 850010.9458306491
1488.0 818051.6308367343
1489.0 764626.4446291331
1490.0 807377.4422095513
1491.0 853496.5647585987
1492.0 849194.468049359
1493.0 846138.783440041
1494.0 843073.5480328639
1495.0 824155.0195332953
1496.0 831739.1148672937
1497.0 769364.0219732916
1498.0 561563.7302443944
1499.0 568277.4631525588
1500.0 640339.9497805787
1501.0 672171.4259864064
1502.0 761533.4067808492
1503.0 857956.7655295483
1504.0 733613.4869756817
1505.0 713110.1514561796
1506.0 784940.7984653363
1507.0 875602.1071803339
1508.0 874262.6569326137
1509.0 848773.1797172925
1510.0 868116.6495763046
1511.0 637505.9368014059
1512.0 755999.0421960893
1513.0 816423.4914790266
1514.0 853546.7143079945
1515.0 693976.3700083424
1516.0 800115.9185685084
1517.0 754789.1459628519
1518.0 617075.6074664606
1519.0 802890.861372978
1520.0 757847.0822688114
1521.0 643394.0163271191
1522.0 720449.4976196288
1523.0 857188.7690388601
1524.0 803035.2772614787
1525.0 786483.089369722
1526.0 776595.158735811
1527.0 742244.4366768182
1528.0 806744.3567834704
1529.0 896879.4930396377
1530.0 649737.1078817794
1531.0 595641.6079458604
1532.0 840960.2598546791
1533.0 735331.2764875221
1534.0 818503.9991548504
1535.0 875370.927249451
1536.0 509037.5214088299
1537.0 339747.9793278811
1538.0 400303.9523161637
1539.0 255936.47001925696
1540.0 387932.84308111976
1541.0 298623.7155217595
1542.0 242833.30101943715
1543.0 236763.36652567738
1544.0 232697.773400778
1545.0 307600.1515494441
1546.0 381349.7255183312
1547.0 475184.56524555106
1548.0 607909.1264602204
1549.0 729800.3409120532
1550.0 850570.1420824712
1551.0 1023924.8528145482
1552.0 1182009.5159189247
1553.0 1102553.3225623039
1554.0 1034866.7176735329
1555.0 995617.8844613315
1556.0 883589.9327971777
1557.0 751213.7796022684
1558.0 788102.2389085379
1559.0 894460.2645410453
1560.0 776109.7227337279
1561.0 666824.3284321359
1562.0 614945.6604480948
1563.0 749373.7831183721
1564.0 784031.9937935686
1565.0 678249.2598777069
1566.0 604334.2711764878
1567.0 718587.173954766
1568.0 561112.8977627929
1569.0 538712.6141112449
1570.0 644969.6871119117
1571.0 527901.3425069383
1572.0 616173.0463437686
1573.0 806381.2202105413
1574.0 835691.8645414014
1575.0 623205.0039936705
1576.0 663166.0250678435
1577.0 572636.8972314156
1578.0 729770.8330106222
1579.0 732384.5186126507
1580.0 612346.714883836
1581.0 737739.5806049362
1582.0 753737.4757905046
1583.0 726551.609949644
1584.0 650735.0271568442
1585.0 598840.5582878815
1586.0 680632.1624150011
1587.0 758290.093256882
1588.0 735396.866356173
1589.0 752153.2403486792
1590.0 662635.9222525862
1591.0 674959.9918024999
1592.0 686095.3744129428
1593.0 730317.0487087066
1594.0 723558.1825641197
1595.0 734703.2648867863
1596.0 750612.0497089527
1597.0 745231.2132509522
1598.0 741067.8052095553
1599.0 757830.6040910078
1600.0 752952.6429041048
1601.0 596568.1297108585
1602.0 717572.3065101153
1603.0 526649.5411792874
1604.0 646508.2987727439
1605.0 776730.9896356487
1606.0 714624.6796393458
1607.0 765210.6019739951
1608.0 753648.8368955051
1609.0 708697.4991688606
1610.0 540808.0466785945
1611.0 636422.9178756693
1612.0 741311.3633972743
1613.0 650417.5089326159
1614.0 689342.416265962
1615.0 689777.9793873638
1616.0 711695.9372485527
1617.0 749439.9628475549
1618.0 735818.5303055407
1619.0 683125.6854139261
1620.0 667472.1675958871
1621.0 590172.5704558715
1622.0 603342.4354019854
1623.0 578966.4382696515
1624.0 565776.0550686127
1625.0 713549.9803430053
1626.0 734080.8172342132
1627.0 744774.6147809605
1628.0 768709.9049000911
1629.0 741556.5847178386
1630.0 690521.2342564528
1631.0 552531.6521854666
1632.0 607959.9596423011
1633.0 794363.2996277538
1634.0 745420.690289663
1635.0 637461.9508842621
1636.0 606722.708845567
1637.0 744290.5301179208
1638.0 684741.7683919647
1639.0 686641.1172061077
1640.0 535643.6722490931
1641.0 795911.3930637303
1642.0 747043.9433740267
1643.0 754624.5618502584
1644.0 666881.9947107073
1645.0 676250.7566794187
1646.0 732636.3679193594
1647.0 624889.3338777845
1648.0 719396.6726654067
1649.0 724726.3179404936
1650.0 714680.6218300035
1651.0 741732.1429792703
1652.0 747961.1929855266
1653.0 579578.0416294249
1654.0 608452.4385750276
1655.0 733753.7215588136
1656.0 638562.0487531592
1657.0 564025.1248327208
1658.0 650847.2919981446
1659.0 722427.6806361986
1660.0 700440.0936192049
1661.0 654225.4223540435
1662.0 659996.9746923168
1663.0 709711.1307299772
1664.0 687991.8836027674
1665.0 558780.9369656887
1666.0 688287.1755221551
1667.0 621411.9145492496
1668.0 496804.87923972076
1669.0 668909.9435206926
1670.0 646089.0482654033
1671.0 671959.9844842908
1672.0 573633.9026306522
1673.0 566673.3765807122
1674.0 668130.3877857486
1675.0 645643.6806781457
1676.0 546619.0177834308
1677.0 595879.8974815253
1678.0 695806.6963382626
1679.0 695106.8057548836
1680.0 698846.8249541417
1681.0 655637.6218050314
1682.0 599487.63382713
1683.0 692941.2974115915
1684.0 689510.3032573276
1685.0 697149.9832572703
1686.0 653047.7694809652
1687.0 675283.9377759049
1688.0 692847.3297900825
1689.0 695412.3986288961
1690.0 528330.4584581921
1691.0 615412.7322161851
1692.0 680034.2161610656
1693.0 680995.9179109861
1694.0 646665.1609146327
1695.0 625114.5005491768
1696.0 653989.8063673547
1697.0 680505.1139348972
1698.0 632018.8337992365
1699.0 541530.0456203755
1700.0 633485.6000249905
1701.0 584489.3843689394
1702.0 668729.3755267961
1703.0 663509.3923335169
1704.0 566997.2072829272
1705.0 646723.3539310344
1706.0 649298.8406774545
1707.0 496537.9082016615
1708.0 564521.001676396
1709.0 668094.2168417614
1710.0 671807.0309010587
1711.0 652153.0639703966
1712.0 522568.95915190893
1713.0 378220.9614275952
1714.0 488151.3381590427
1715.0 503077.3261961314
1716.0 480131.004861437
1717.0 491424.41977781855
1718.0 570269.6731913096
1719.0 756665.5742341034
1720.0 743664.6120186918
1721.0 674753.9796715258
1722.0 626384.1066080155
1723.0 603830.0157729926
1724.0 579974.4161733584
1725.0 546268.7340422508
1726.0 580274.7975383347
1727.0 707651.8422341518
1728.0 696619.6850747392
1729.0 685672.9152006661
1730.0 651629.6920984335
1731.0 575329.7799256559
1732.0 644029.5056566643
1733.0 662451.7392086512
1734.0 652604.2417633849
1735.0 651726.9085852614
1736.0 650021.9518255503
1737.0 651943.0428421695
1738.0 616483.1544369389
1739.0 561746.2730229474
1740.0 630248.8522456174
1741.0 591319.2550994119
1742.0 618185.2713433498
1743.0 642246.512324596
1744.0 617149.1227822002
1745.0 545093.5934736996
1746.0 591521.3074229176
1747.0 621525.4505157059
1748.0 620568.7014728606
1749.0 630498.1389934482
1750.0 633537.0406519872
1751.0 628913.79703965
1752.0 635496.2043058412
1753.0 469041.25605380314
1754.0 600591.5153443818
1755.0 635552.1568960545
1756.0 640095.6630850087
1757.0 642633.1981799782
1758.0 590480.4903436312
1759.0 533268.7142885678
1760.0 548025.9006239801
1761.0 604827.8114069095
1762.0 639375.4296682281
1763.0 523045.5397604008
1764.0 614975.546829432
1765.0 631034.6452333798
1766.0 626183.0591019087
1767.0 622081.0508917578
1768.0 620149.8615269331
1769.0 593304.8089900406
1770.0 564018.4901065157
1771.0 632232.2090469928
1772.0 561323.1565914361
1773.0 586772.1298699692
1774.0 593820.7836469819
1775.0 603011.7225990415
1776.0 607088.6956655525
1777.0 627166.7858921789
1778.0 610932.4597214934
1779.0 597062.3851700866
1780.0 624414.9678810561
1781.0 602535.9340257109
1782.0 531366.6158397263
1783.0 507209.90721846913
1784.0 602955.2034067964
1785.0 569683.7351707314
1786.0 591587.075110655
1787.0 622379.5749923694
1788.0 591276.8032841654
1789.0 553381.5543514233
1790.0 611180.3192696229
1791.0 567452.248806844
1792.0 416657.7905028581
1793.0 547429.752180564
1794.0 607615.4316708607
1795.0 607197.7339655855
1796.0 607620.3170035855
1797.0 602669.4129832993
1798.0 572310.3811934749
1799.0 508797.51839422516
1800.0 573075.7863464766
1801.0 600862.8981366806
1802.0 604979.0808882006
1803.0 599793.2439610617
1804.0 569526.071075377
1805.0 539009.4765710704
1806.0 556703.5641752069
1807.0 596744.5850710033
1808.0 591881.2879864267
1809.0 602024.3322491298
1810.0 601899.8621314155
1811.0 582996.347343816
1812.0 490132.2820530263
1813.0 490137.7901985811
1814.0 595417.999749522
1815.0 593621.4122536542
1816.0 555231.6163322609
1817.0 571506.4148988042
1818.0 608796.986858056
1819.0 606255.0644730771
1820.0 582938.5509467445
1821.0 522261.6493452052
1822.0 500805.52492920164
1823.0 634111.151487241
1824.0 642278.6478695093
1825.0 618728.9547107705
1826.0 524126.503071933
1827.0 490826.57443316263
1828.0 553099.9137476797
1829.0 630802.1430691537
1830.0 601704.251650557
1831.0 587889.518942647
1832.0 594481.9541367779
1833.0 580972.759786264
1834.0 567451.8621255602
1835.0 571765.2655786095
1836.0 586199.6721651248
1837.0 582006.4554350838
1838.0 577261.4138865583
1839.0 569526.3232855299
1840.0 424208.7690133381
1841.0 525958.4034887772
1842.0 574869.4946095494
1843.0 577642.0519367879
1844.0 563474.3108783484
1845.0 546678.121823601
1846.0 568532.397920254
1847.0 599761.698248355
1848.0 542314.1696493824
1849.0 545808.4339887481
1850.0 490902.2506756074
1851.0 504914.99678013637
1852.0 604205.0417936628
1853.0 587717.1031686
1854.0 519506.5247939537
1855.0 549796.5674137796
1856.0 577910.1474341755
1857.0 577454.7525281355
1858.0 547067.55345783
1859.0 528094.5712775467
1860.0 529174.8691918592
1861.0 572024.265716671
1862.0 576204.581392374
1863.0 559427.5105870292
1864.0 555470.6074832994
1865.0 558013.8655471955
1866.0 564982.9318286964
1867.0 557764.1054761629
1868.0 565244.7085316015
1869.0 567758.3172559494
1870.0 561031.1259741227
1871.0 557481.5426842279
1872.0 510675.2084753126
1873.0 437870.3104718919
1874.0 480227.17279233225
1875.0 555157.7978440062
1876.0 547479.1094151177
1877.0 535801.9380453868
1878.0 541977.3162397579
1879.0 573571.4761023357
1880.0 568944.8211353838
1881.0 550801.9531039097
1882.0 535671.9878018002
1883.0 545195.2071044603
1884.0 545888.6973768246
1885.0 529055.7937184091
1886.0 547090.9840997548
1887.0 531365.2863539222
1888.0 543002.81616284
1889.0 533919.4908356074
1890.0 524265.7098406946
1891.0 526119.6017580786
1892.0 547172.5298091157
1893.0 530197.8942541002
1894.0 532796.6927777344
1895.0 520071.29376008426
1896.0 541849.6033201083
1897.0 567112.7352926721
1898.0 558515.8373412385
1899.0 525445.0600322068
1900.0 558980.8073634267
1901.0 526903.9378028978
1902.0 531153.0358815694
1903.0 537099.813459964
1904.0 532183.3051244201
1905.0 555568.7322875643
1906.0 549681.4968911192
1907.0 546539.2109257622
1908.0 537868.2734006349
1909.0 532044.7898341538
1910.0 538024.8562195487
1911.0 551352.6297896653
1912.0 551170.7679329137
1913.0 536238.5970470688
1914.0 524586.501917041
1915.0 523016.6350314843
1916.0 526807.1843417137
1917.0 545772.07017027
1918.0 525329.2847349165
1919.0 528014.9818210747
1920.0 524402.9784543533
1921.0 523861.95065555535
1922.0 510201.40606587694
1923.0 410921.67886636197
1924.0 497734.9719206357
1925.0 524845.2596267688
1926.0 523016.2362232149
1927.0 534298.8332082669
1928.0 523903.4261986641
1929.0 492949.8063843256
1930.0 498353.1050433716
1931.0 475859.51379848545
1932.0 493190.1453591751
1933.0 529407.7802850669
1934.0 538344.3970035258
1935.0 539986.2620353305
1936.0 517836.8631795211
1937.0 491983.48826988775
1938.0 484385.358149553
1939.0 496302.5690173554
1940.0 491848.5509243868
1941.0 537408.8215960092
1942.0 542610.6572805126
1943.0 536710.9503103609
1944.0 532712.1933930619
1945.0 531500.0277698324
1946.0 524376.6391079582
1947.0 522922.5370320769
1948.0 520681.75194299594
1949.0 521766.33170092996
1950.0 511158.92872888956
1951.0 463704.16126272496
1952.0 512188.3302869097
1953.0 493739.964806861
1954.0 472596.7449120348
1955.0 470870.91708306177
1956.0 449497.70679912606
1957.0 482317.46484187734
1958.0 501996.83965680207
1959.0 513930.80066047516
1960.0 496399.2304071464
1961.0 448686.41227307904
1962.0 510658.2702827758
1963.0 512442.1097996382
1964.0 506729.2895077037
1965.0 514696.2289721749
1966.0 514319.76550425135
1967.0 512718.34495954047
1968.0 507735.1024784139
1969.0 521929.83242448623
1970.0 531805.3106524583
1971.0 526986.9001972618
1972.0 477234.75443888275
1973.0 524270.50767414394
1974.0 531651.9128249154
1975.0 520751.57128228474
1976.0 505506.69470249873
1977.0 514808.7176266676
1978.0 516866.5624238093
1979.0 499797.8088236692
1980.0 503992.0907604689
1981.0 512567.62142386555
1982.0 504982.6003100362
1983.0 509955.8330727321
1984.0 497959.08528681705
1985.0 498921.74629503343
1986.0 504874.78372052376
1987.0 486905.06104319997
1988.0 511590.82508005074
1989.0 516420.8129257847
1990.0 507730.5411154037
1991.0 505226.75798199995
1992.0 475704.2586374449
1993.0 480879.8084024721
1994.0 495646.0998245489
1995.0 511663.1141745868
1996.0 509579.3758361683
1997.0 508664.63920709933
1998.0 504059.1580116765
1999.0 481830.5531181439
2000.0 471452.73439733323
2001.0 476570.7670695874
2002.0 470825.26593535976
2003.0 470897.93867527664
2004.0 487894.4175193905
2005.0 490318.8263032924
2006.0 477700.74726615247
2007.0 499575.91577205877
2008.0 506452.4000045268
2009.0 506280.5683549407
2010.0 493690.9854442999
2011.0 465238.57415934914
2012.0 480651.1645550524
2013.0 469942.89255335415
2014.0 480906.07471217896
2015.0 498243.3623546295
2016.0 494183.96024317783
2017.0 495195.76331303664
2018.0 491151.2142069916
2019.0 490784.7786794201
2020.0 493212.66763086664
2021.0 490989.6433806083
2022.0 490312.6072298973
2023.0 490409.9139730289
2024.0 487778.40653955814
2025.0 490404.602168707
2026.0 473795.0724499524
2027.0 478197.20212090225
2028.0 482207.581339693
2029.0 486411.51879925106
2030.0 486908.9575795032
2031.0 487211.22325043706
2032.0 485953.929550404
2033.0 476718.2211121013
2034.0 466388.0322698857
2035.0 459729.7746425547
2036.0 478626.2867435919
2037.0 481230.1484256755
2038.0 474738.1084395017
2039.0 476069.5010629136
2040.0 429397.707534195
2041.0 441470.04151302396
2042.0 469500.0183377832
2043.0 486634.01553112786
2044.0 480854.49035052315
2045.0 474459.4567286246
2046.0 469651.8483322713
2047.0 466962.3754953592
2048.0 471654.63678977825
2049.0 482302.5199146964
2050.0 483177.6869290882
2051.0 479285.0520072446
2052.0 469853.19147388026
2053.0 481498.4181083371
2054.0 485285.9675755033
2055.0 482745.22913786845
2056.0 471926.2368001823
2057.0 457191.62620644254
2058.0 472199.44891434326
2059.0 478327.4650726364
2060.0 481931.06043856207
2061.0 476683.54835530627
2062.0 450070.47629507777
2063.0 471451.5334216158
2064.0 463155.9883609677
2065.0 451836.66072425136
2066.0 474345.45390649594
2067.0 462287.53794116323
2068.0 465223.35508393036
2069.0 473124.48563410447
2070.0 475843.6480453029
2071.0 435087.56736238
2072.0 455484.9925202844
2073.0 474851.3226056446
2074.0 474991.685301777
2075.0 474847.39088430343
2076.0 477892.2501559819
2077.0 456215.4628705864
2078.0 440412.6304859131
2079.0 475533.6230276912
2080.0 461486.93664086657
2081.0 467628.16749626846
2082.0 477657.2139337305
2083.0 469426.834812979
2084.0 449896.3907328055
2085.0 437894.0229747006
2086.0 453340.84283228504
2087.0 466523.69101030927
2088.0 470947.44666319207
2089.0 472757.1918347075
2090.0 449347.73947164405
2091.0 417416.4477152267
2092.0 441618.18661483173
2093.0 461207.62047476205
2094.0 463826.5833727113
2095.0 462301.0291402545
2096.0 465843.4366591725
2097.0 467361.28466969816
2098.0 464611.36902762833
2099.0 465721.89871033106
2100.0 442585.28390587185
2101.0 461140.77721239737
2102.0 473099.25116791186
2103.0 475029.82690242684
2104.0 469824.7983306462
2105.0 481329.6090622527
2106.0 484889.2400604473
2107.0 471543.5984992435
2108.0 436425.0219985699
2109.0 455732.5482141174
2110.0 471841.1565730008
2111.0 479911.1539658878
2112.0 479637.1856304829
2113.0 470091.632752637
2114.0 455597.5397650123
2115.0 451424.10781543906
2116.0 467512.06907920365
2117.0 449954.8010083028
2118.0 452956.00034893584
2119.0 459667.1371723249
2120.0 462844.62018178764
2121.0 454467.3416376166
2122.0 456403.4874086242
2123.0 457504.2888097809
2124.0 452696.9541674853
2125.0 455505.96126785653
2126.0 455844.7093940674
2127.0 457007.7574645666
2128.0 456110.35577192524
2129.0 456037.0139455081
2130.0 454482.2224081377
2131.0 454641.892972759
2132.0 454800.522699276
2133.0 455165.2874126375
2134.0 454699.7875690472
2135.0 453816.2931421941
2136.0 452513.2428749218
2137.0 451385.2397439175
2138.0 450380.4444518148
2139.0 454165.9554802748
2140.0 452535.7102192819
2141.0 452571.90354130376
2142.0 451147.17286499235
2143.0 451182.1260811496
2144.0 450609.0414209853
2145.0 445866.38124995714
2146.0 451366.4420126929
2147.0 446617.80888708396
2148.0 448354.9029016195
2149.0 448417.44918128796
2150.0 449737.74898213695
2151.0 449482.0370968695
2152.0 449343.7698578053
2153.0 447942.3152731454
2154.0 448220.97646221885
2155.0 448499.17831569276
2156.0 448776.92083356733
2157.0 447575.66242218745
2158.0 446562.4358239223
2159.0 445918.7979395543
2160.0 447603.36145157326
2161.0 447806.0746003834
2162.0 442278.30202205526
2163.0 446086.1036684899
2164.0 446710.9127863401
2165.0 444770.903807266
2166.0 444612.3023081786
2167.0 443600.9300514484
2168.0 444719.9501107178
2169.0 444133.42865470157
2170.0 444613.12640875677
2171.0 444452.35092401726
2172.0 443649.9512669025
2173.0 444295.6136728441
2174.0 443686.25597793097
2175.0 442431.60802718066
2176.0 441602.5633935336
2177.0 442918.859598765
2178.0 440581.5464670204
2179.0 443189.0895013632
2180.0 439091.1225184685
2181.0 439492.97857034334
2182.0 440542.37363294774
2183.0 441592.9517850082
2184.0 441347.2688261536
2185.0 441100.4027778432
2186.0 438036.09781829733
2187.0 440598.83928185847
2188.0 439684.00618358207
2189.0 440504.5765692954
2190.0 439369.2920074166
2191.0 440189.67179701617
2192.0 437526.2840829041
2193.0 437037.29681884946
2194.0 438294.54731102585
2195.0 438977.45308757294
2196.0 439004.93742157763
2197.0 439031.4968993677
2198.0 438399.86036597186
2199.0 438423.87648917217
2200.0 438446.96775615803
2201.0 437150.4300040213
2202.0 434672.2630875323
2203.0 436779.1288888265
2204.0 435583.90805994725
2205.0 437473.2470251192
2206.0 437158.27942074544
2207.0 436179.7107831595
2208.0 436083.1446597369
2209.0 434935.97500256053
2210.0 435883.1357418116
2211.0 433283.45369261876
2212.0 434228.56279373006
2213.0 434507.93362139753
2214.0 434564.2803872581
2215.0 434619.6013340488
2216.0 433558.7761527347
2217.0 433430.89143787423
2218.0 434415.4335064286
2219.0 432495.2940920651
2220.0 434150.69538552535
2221.0 431107.4910228172
2222.0 432539.3805363851
2223.0 432627.93217399926
2224.0 433002.887265515
2225.0 431177.31760151684
2226.0 432719.2322713535
2227.0 429988.1926935003
2228.0 429728.52829099953
2229.0 431721.98061184393
2230.0 430784.9008868389
2231.0 431888.4165940617
2232.0 431464.5351891942
2233.0 430359.4851444476
2234.0 431290.65072868025
2235.0 431315.26738862775
2236.0 431338.8784912431
2237.0 431134.092637456
2238.0 430927.79844767065
2239.0 428246.045416612
2240.0 430589.57922024734
2241.0 430424.43036909896
2242.0 429113.9334829701
2243.0 430089.1701195604
2244.0 428772.6078979137
2245.0 426303.8052145619
2246.0 429335.63245826954
2247.0 430045.73127366195
2248.0 428913.53612398886
2249.0 429161.39119589725
2250.0 427792.6779750096
2251.0 428499.950209726
2252.0 427819.4633664716
2253.0 427136.40690442093
2254.0 428025.86270126165
2255.0 428668.079935022
2256.0 428149.1864750179
2257.0 427628.51564384217
2258.0 426640.5567412862
2259.0 427979.7069969809
2260.0 426988.6376948746
2261.0 426229.55054203357
2262.0 426640.567432511
2263.0 427051.58432298835
2264.0 426058.0143529614
2265.0 425296.0661876542
2266.0 426408.2510513999
2267.0 425878.3748736059
2268.0 425816.69431598
2269.0 425334.866505431
2270.0 426052.6436705438
2271.0 423234.1784433992
2272.0 425837.43586128304
2273.0 425373.3536413062
2274.0 423960.79646909394
2275.0 425623.0475451515
2276.0 424440.0270741594
2277.0 423470.4018483297
2278.0 422497.7290074178
2279.0 422949.28397541295
2280.0 424591.5049696831
2281.0 424329.16825776023
2282.0 424781.23116160237
2283.0 423799.92341129127
2284.0 423510.8132743601
2285.0 423198.9593471827
2286.0 424083.70566946326
2287.0 422810.9472327809
2288.0 422495.1937316189
2289.0 423379.4812804895
2290.0 421619.04490784777
2291.0 423224.8710389908
2292.0 423249.44269575353
2293.0 423313.9330995199
2294.0 422165.3883454847
2295.0 423677.33515905356
2296.0 423734.17950498976
2297.0 422327.8255573554
2298.0 420425.6430192598
2299.0 420584.51389064017
2300.0 423758.6963497646
2301.0 421801.27397407056
2302.0 423021.94230883394
2303.0 422774.91457823897
2304.0 420567.778630783
2305.0 422034.09184193605
2306.0 421049.5682828106
2307.0 421443.6984858203
2308.0 420478.92493973806
2309.0 420986.87252989045
2310.0 421987.50839604525
2311.0 421509.48569066264
2312.0 419547.4607219701
2313.0 419557.3763443476
2314.0 420308.6993548498
2315.0 421248.7894299529
2316.0 420692.70249312185
2317.0 420879.4826990104
2318.0 418580.1196666861
2319.0 419012.1279085147
2320.0 416953.3752468377
2321.0 419626.8117648606
2322.0 420074.4007089618
2323.0 416620.5183267194
2324.0 419412.4278428041
2325.0 418201.0476045152
2326.0 417737.8155851463
2327.0 417523.21088377037
2328.0 418061.2869311965
2329.0 419858.6871753093
2330.0 418629.3035260816
2331.0 418904.591084609
2332.0 413869.97610416485
2333.0 418693.83801607887
2334.0 419473.18028256966
2335.0 416700.2935767724
2336.0 419255.1144356328
2337.0 418762.07897705573
2338.0 418652.76521248615
2339.0 419132.04873197817
2340.0 419099.0298937454
2341.0 418294.87508233555
2342.0 418511.74840425584
2343.0 418983.8787595086
2344.0 418425.1453806022
2345.0 417088.12286427955
2346.0 415948.43611142173
2347.0 418871.8697401444
2348.0 419730.60449279734
2349.0 414637.2132223995
2350.0 418860.24807761004
2351.0 417904.6816204499
2352.0 417465.9219118895
2353.0 417285.5655776291
2354.0 418769.2466795913
2355.0 418174.8917756737
2356.0 415488.25636899646
2357.0 417495.832650189
2358.0 418984.0786505567
2359.0 419688.0494487011
2360.0 418552.8051582655
2361.0 415507.54757413344
2362.0 419151.47044639126
2363.0 418584.2166355227
2364.0 418279.68856046087
2365.0 418238.3064939957
2366.0 415822.02607645234
2367.0 417098.7555987799
2368.0 416791.8459779087
2369.0 417130.22388772643
2370.0 415702.31669920613
2371.0 416919.57017201954
2372.0 417075.95959859365
2373.0 417496.6901049446
2374.0 417650.0172702781
2375.0 415398.9016959123
2376.0 414207.7752360027
2377.0 416991.68567268207
2378.0 417836.8632265754
2379.0 417608.5477296203
2380.0 414150.8592137603
2381.0 417145.2463359405
2382.0 417988.94157877396
2383.0 415322.8467626289
2384.0 414540.73816306074
2385.0 415839.09005843557
2386.0 418104.85991013236
2387.0 417119.4846035286
2388.0 416131.7070297057
2389.0 415413.2166698082
2390.0 416868.242159066
2391.0 416419.9999199815
2392.0 416242.72648187575
2393.0 416256.5804245663
2394.0 417050.0292637131
2395.0 416748.2134158275
2396.0 416167.9018158744
2397.0 417506.38323169877
2398.0 417745.44033354893
2399.0 417982.4176219283
2400.0 413794.6600792892
2401.0 415443.8460285646
2402.0 416828.04292905563
2403.0 414887.9575345132
2404.0 417659.54274112656
2405.0 415439.18122175033
2406.0 416270.19025049306
2407.0 415434.63950496755
2408.0 415709.88312969013
2409.0 416159.36844071385
2410.0 415148.95233793854
2411.0 413853.9652440932
2412.0 415909.13618601643
2413.0 416287.89878422517
2414.0 413579.36201584176
2415.0 416480.7130846035
2416.0 415730.0538907339
2417.0 414965.560567198
2418.0 417571.21654685924
2419.0 415941.4428020295
2420.0 417419.9025040771
2421.0 417199.2309883333
2422.0 417544.08148863586
2423.0 417888.0769323875
2424.0 415952.02812438615
2425.0 414546.8274580349
2426.0 416790.29770571884
2427.0 417607.97633713676
2428.0 415276.0139883071
2429.0 414657.33367833454
2430.0 415471.3684045371
2431.0 415998.6414891918
2432.0 416525.9145738464
2433.0 414746.82176972396
2434.0 417000.2194920472
2435.0 415212.7513022629
2436.0 416891.1622227427
2437.0 416255.11839111836
2438.0 414456.0441655501
2439.0 415264.7211108996
2440.0 414911.0930395415
2441.0 415710.57577696297
2442.0 416740.62446769146
2443.0 416604.965117951
2444.0 417052.159788445
2445.0 415745.1554906241
2446.0 415897.79153566126
2447.0 414877.8299864822
2448.0 412974.8188840006
2449.0 416058.3225915102
2450.0 415695.37654281454
2451.0 413859.22871023876
2452.0 414669.6832318526
2453.0 416071.04306664993
2454.0 415997.3404811596
2455.0 415922.17065388866
2456.0 416734.09241728316
2457.0 416657.0885377864
2458.0 416108.3917061964
2459.0 416774.903123133
2460.0 415653.6568760863
2461.0 416018.8785039732
2462.0 413991.85993069987
2463.0 416447.0804911584
2464.0 415309.65909195197
2465.0 416869.5736011107
2466.0 415737.279769782
2467.0 416716.1697092012
2468.0 417997.843720029
2469.0 415956.2472513959
2470.0 416933.6663296084
2471.0 417608.7916234813
2472.0 417676.3876262614
2473.0 417133.51261553535
2474.0 415582.47867908224
2475.0 417844.3608859903
2476.0 417056.9175488948
2477.0 416878.1993903555
2478.0 417004.16046838445
2479.0 416210.70083277614
2480.0 416027.86625946494
2481.0 415843.7650969932
2482.0 417522.4062871022
2483.0 414741.1309741667
2484.0 416263.7058103435
2485.0 414394.7939210114
2486.0 417771.8295423167
2487.0 415586.81417859107
2488.0 417422.38595833373
2489.0 416778.8344361708
2490.0 417374.8445649607
2491.0 418021.575839024
2492.0 415560.4852733132
2493.0 417460.9384166888
2494.0 412485.3339053773
2495.0 418141.4291878006
2496.0 418480.2083206881
2497.0 417561.24172988563
2498.0 417581.43004928995
2499.0 417917.81823808484
2500.0 418887.1993960541
