WAVE FLUX
900.0 299021.58861752483
901.0 295122.4789003048
902.0 281622.56329252326
903.0 307225.82839809515
904.0 281924.7012460435
905.0 301026.93718995334
906.0 276025.2155000383
907.0 307528.74896806135
908.0 307429.75717498164
909.0 317331.76584969764
910.0 302729.8252598352
911.0 305721.95722376555
912.0 989950.0703594292
913.0 907488.9882108868
914.0 837771.1310788693
915.0 984855.0471718214
916.0 922752.6999238365
917.0 898095.3643180771
918.0 723316.8904129067
919.0 418600.4698390641
920.0 436565.1022199227
921.0 168666.42856517347
922.0 341541.8104251288
923.0 477276.50849143934
924.0 794277.0806282306
925.0 1106242.8096850493
926.0 949947.7269365807
927.0 890794.794419069
928.0 719276.5069243419
929.0 436691.34164163016
930.0 353699.16224380466
931.0 464412.61349284125
932.0 671926.8160008108
933.0 916376.6158125434
934.0 1336336.7368982292
935.0 1174189.6174933836
936.0 1067312.2291628136
937.0 758053.3006582427
938.0 348819.33081016835
939.0 710219.9260159561
940.0 694349.8058708678
941.0 656593.9150469007
942.0 613256.8550200436
943.0 667078.620286451
944.0 862237.452896195
945.0 1192906.2841934748
946.0 1140712.8868467927
947.0 998242.8790919741
948.0 785652.2939514853
949.0 559554.3345122039
950.0 408922.6965828687
951.0 927342.642114874
952.0 987003.7724780007
953.0 930751.659680169
954.0 826223.571812896
955.0 683177.6330325989
956.0 1033172.4626604486
957.0 970574.8391659901
958.0 953155.5784823969
959.0 629713.196829936
960.0 935681.9126551395
961.0 961646.6371324635
962.0 928870.8330250867
963.0 948211.3536685691
964.0 772089.1907940182
965.0 970148.4541845233
966.0 955300.2314523169
967.0 816430.8041303384
968.0 833746.9948476326
969.0 915951.9491993902
970.0 828744.6273547083
971.0 502188.02317723865
972.0 210318.03934934357
973.0 277402.5213510892
974.0 392003.80431411613
975.0 543072.3298659495
976.0 716624.3957405392
977.0 1055955.72297367
978.0 1038629.0280545508
979.0 946695.5275618138
980.0 898333.3720185781
981.0 784832.9757922762
982.0 849183.3852500385
983.0 865654.1538815723
984.0 721188.7413641862
985.0 636734.8525445875
986.0 272341.8078168488
987.0 375060.1620263303
988.0 511572.95150491124
989.0 534238.1036926064
990.0 488699.91603309294
991.0 678792.1882722067
992.0 1089716.7406735276
993.0 1014829.9856691919
994.0 929231.3029045073
995.0 631725.0208635603
996.0 804755.8455190248
997.0 653980.7373668711
998.0 794177.1643456465
999.0 819428.0313123206
1000.0 899123.8068434581
1001.0 797820.8952431781
1002.0 749955.6603248945
1003.0 826814.0269417769
1004.0 874882.874800405
1005.0 860090.7906766599
1006.0 439926.3531513156
1007.0 759586.0414488507
1008.0 653121.406830991
1009.0 791006.8632667352
1010.0 569841.5404822612
1011.0 815291.5724604373
1012.0 812616.9683354837
1013.0 644386.1644793532
1014.0 865831.3374782549
1015.0 792105.6017304573
1016.0 781614.4615018265
1017.0 792800.5029511948
1018.0 650533.7763367527
1019.0 820621.1650820299
1020.0 679925.6522811503
1021.0 773186.9795647147
1022.0 832475.8329038036
1023.0 749381.6889638351
1024.0 774145.8708945023
1025.0 607557.695594015
1026.0 365575.2844302292
1027.0 754483.824632371
1028.0 800346.2574052139
1029.0 813622.0155882878
1030.0 691505.965367013
1031.0 582284.3615031182
1032.0 778822.0371302187
1033.0 789002.7508623777
1034.0 669522.3790999963
1035.0 609123.8381893974
1036.0 725003.4967549744
1037.0 463047.09482203244
1038.0 527307.8594020681
1039.0 742547.8016579725
1040.0 752126.7049467394
1041.0 827672.8496270919
1042.0 823523.2992779848
1043.0 848308.3167800951
1044.0 842027.727099046
1045.0 829599.602082091
1046.0 819280.3559640086
1047.0 824030.3432536728
1048.0 825761.2491861229
1049.0 833721.5506987179
1050.0 821285.7907221693
1051.0 792955.5165138919
1052.0 819367.153243299
1053.0 764495.6260110755
1054.0 818938.9679584831
1055.0 786810.3013650884
1056.0 756186.9820959829
1057.0 804940.6930982119
1058.0 799160.3520590679
1059.0 726547.8452495484
1060.0 679831.7066098894
1061.0 641936.3507220978
1062.0 621422.2583812253
1063.0 535760.7738384929
1064.0 800109.3632374222
1065.0 794101.6685805398
1066.0 692748.166896877
1067.0 775835.4698495566
1068.0 708423.7674024188
1069.0 580554.2996394238
1070.0 667974.8076507099
1071.0 681079.9332848946
1072.0 667891.5404517321
1073.0 676930.7483227666
1074.0 726584.0311740804
1075.0 742747.3453509769
1076.0 771474.7085764235
1077.0 750986.6004241988
1078.0 688881.1894357133
1079.0 747711.8754148082
1080.0 756127.4954408292
1081.0 731364.8311687774
1082.0 748025.9506326348
1083.0 636134.2947785556
1084.0 686007.0349661671
1085.0 635824.5147204683
1086.0 694746.7305096703
1087.0 739581.4385611706
1088.0 679225.8883250661
1089.0 630121.5403929831
1090.0 652176.380561202
1091.0 704166.6655875947
1092.0 710684.434200952
1093.0 700509.1906819157
1094.0 760225.2569276366
1095.0 753337.6973766388
1096.0 703409.9771867865
1097.0 689676.9279040179
1098.0 606447.7705607571
1099.0 743529.3350676473
1100.0 729982.1082943357
1101.0 744648.9795438807
1102.0 735004.4736058179
1103.0 680003.446837666
1104.0 648621.9739125668
1105.0 722192.5848785517
1106.0 728196.4222869752
1107.0 697733.8056088244
1108.0 475974.4842474441
1109.0 676624.4849893842
1110.0 652249.8734312956
1111.0 608144.6238222552
1112.0 522423.5383975515
1113.0 542796.471584017
1114.0 532650.8465199257
1115.0 530562.8471479488
1116.0 533801.8055582524
1117.0 561035.0013742818
1118.0 710324.7785636815
1119.0 792386.139771897
1120.0 747631.8535144749
1121.0 609731.6227824936
1122.0 582291.901947588
1123.0 619332.6154312398
1124.0 384034.0962120018
1125.0 422090.20279678405
1126.0 552017.096103842
1127.0 525739.9597265649
1128.0 462222.1915822973
1129.0 540557.1427377493
1130.0 638353.1208092549
1131.0 692489.8315449518
1132.0 707586.5467900462
1133.0 689486.817847303
1134.0 655995.3057459093
1135.0 644394.6463842497
1136.0 695151.312506159
1137.0 693298.3965641318
1138.0 679887.3707313612
1139.0 585722.8663172768
1140.0 495055.4634338707
1141.0 676825.9745042532
1142.0 611897.3049077194
1143.0 677145.0068262025
1144.0 607949.6337932373
1145.0 523346.9779913041
1146.0 680027.0906187913
1147.0 672680.2257701126
1148.0 674692.2838242311
1149.0 671070.3793277194
1150.0 652634.3462124919
1151.0 658082.5918901472
1152.0 661418.5915376899
1153.0 656706.8775537359
1154.0 645188.4517296866
1155.0 628747.0303206292
1156.0 588655.710310099
1157.0 616283.7926628815
1158.0 644237.0077039492
1159.0 552940.7261947228
1160.0 548489.0296853271
1161.0 643150.5419659872
1162.0 502913.58543797315
1163.0 621175.9514517499
1164.0 580651.3099269771
1165.0 627024.3184353539
1166.0 621672.5019520187
1167.0 573602.5843562159
1168.0 627582.7751530014
1169.0 428947.2106225439
1170.0 495983.7768233546
1171.0 385425.64948953583
1172.0 372919.7034171127
1173.0 384377.39108528604
1174.0 425360.6196797946
1175.0 303028.63569236087
1176.0 360752.762982269
1177.0 633026.3936670139
1178.0 641471.7689725789
1179.0 658467.657483452
1180.0 637501.8825449663
1181.0 623130.1503006818
1182.0 633776.2417670331
1183.0 344227.34404170705
1184.0 496361.06622927316
1185.0 491174.6829456604
1186.0 621121.5517069697
1187.0 620666.4431411776
1188.0 621218.0092313985
1189.0 619662.1161345671
1190.0 615284.8243332596
1191.0 433140.8719599317
1192.0 597870.541590905
1193.0 575113.9517194283
1194.0 598894.2626908515
1195.0 612208.5664483418
1196.0 595002.2723014449
1197.0 386049.6846739084
1198.0 564109.6103877029
1199.0 588429.9779810286
1200.0 581322.7529603603
1201.0 501142.9327264973
1202.0 465190.5160290662
1203.0 466098.69974901224
1204.0 551706.6520168534
1205.0 577289.7617831641
1206.0 562114.7786809213
1207.0 579685.8364464643
1208.0 523577.41134259687
1209.0 424315.59957300674
1210.0 445890.17051908746
1211.0 546904.6151043867
1212.0 509101.1877895978
1213.0 460997.0105359757
1214.0 448613.7984456881
1215.0 417257.65169509006
1216.0 475493.9120595366
1217.0 435268.2074354473
1218.0 372616.247104992
1219.0 579075.9117021875
1220.0 425513.6560529993
1221.0 574334.2219093292
1222.0 575275.8371006708
1223.0 370688.5030238882
1224.0 560374.319549906
1225.0 505709.0286247572
1226.0 527040.582801171
1227.0 583059.5858279902
1228.0 441172.9896265223
1229.0 568828.4362243505
1230.0 520317.9034700161
1231.0 539263.9856694693
1232.0 553795.5870639689
1233.0 538756.3830702273
1234.0 536153.9093663467
1235.0 507872.4432528754
1236.0 477923.17271159013
1237.0 479762.0092899411
1238.0 500761.84617048467
1239.0 541287.3555024818
1240.0 554954.5657108636
1241.0 531999.815782632
1242.0 556625.1237309864
1243.0 638038.4882723532
1244.0 623829.551933277
1245.0 607929.7982324053
1246.0 527743.3387803952
1247.0 375788.6006811304
1248.0 582136.41568272
1249.0 588104.2035361787
1250.0 560628.9420529198
1251.0 574496.0923609799
1252.0 542057.36716173
1253.0 555182.972987958
1254.0 580150.2445396147
1255.0 576801.2577398899
1256.0 583558.340904552
1257.0 592262.0598030891
1258.0 591926.8926557064
1259.0 573655.7718405316
1260.0 571322.8886449984
1261.0 583813.2647565285
1262.0 589545.4748313845
1263.0 589784.4585795742
1264.0 526772.6297193773
1265.0 579673.4633337384
1266.0 576932.6622516556
1267.0 564246.5294658055
1268.0 547566.0308245377
1269.0 552242.3101441971
1270.0 565953.2201226231
1271.0 583743.0195027628
1272.0 563869.9730158125
1273.0 537119.6662320978
1274.0 578017.5331100649
1275.0 586308.9457527355
1276.0 581351.0769370138
1277.0 580479.4716767763
1278.0 585265.0520099154
1279.0 579598.1374223075
1280.0 580668.2522674701
1281.0 570594.7849069805
1282.0 566854.2981957549
1283.0 582113.5326562752
1284.0 558565.1846831953
1285.0 585841.2492081528
1286.0 537850.195582661
1287.0 507274.9096490767
1288.0 584693.5181688404
1289.0 561830.1966178471
1290.0 567735.8956311865
1291.0 539899.9070499132
1292.0 570499.3979583607
1293.0 576294.3619771613
1294.0 550439.4961253832
1295.0 538205.0811354232
1296.0 559872.6749021513
1297.0 542230.215354083
1298.0 563239.3264621714
1299.0 544394.0762508977
1300.0 562020.6195635163
1301.0 506644.02330420737
1302.0 547490.0169752502
1303.0 462216.17229845887
1304.0 503009.1515156019
1305.0 570881.4688122729
1306.0 570282.5600390814
1307.0 564010.1906287388
1308.0 572905.5451289839
1309.0 557368.9778980582
1310.0 567477.3433416988
1311.0 564607.9527893403
1312.0 550090.8208784767
1313.0 541931.2558776699
1314.0 566503.359545131
1315.0 546374.8606828125
1316.0 558345.0793597213
1317.0 557003.5786859823
1318.0 548524.1926287444
1319.0 550004.2200507765
1320.0 564239.1085364387
1321.0 537049.4004285268
1322.0 567321.6920066348
1323.0 471836.947264699
1324.0 535139.0120601505
1325.0 487752.23429746873
1326.0 527624.1537354143
1327.0 564823.2287233869
1328.0 562960.0422742364
1329.0 557645.4826009942
1330.0 485023.9818474658
1331.0 539737.3243913425
1332.0 482710.827194845
1333.0 537854.1089273011
1334.0 559508.580177028
1335.0 511557.29004708206
1336.0 355627.55352413864
1337.0 543483.8640666226
1338.0 548463.541329556
1339.0 503927.46136598726
1340.0 557939.5111415283
1341.0 543939.0817901158
1342.0 519640.9434555915
1343.0 455688.2889760741
1344.0 507331.82611234474
1345.0 558204.1104280292
1346.0 555987.5587702517
1347.0 552813.1314491217
1348.0 553368.5200985379
1349.0 549609.6253453755
1350.0 470252.5858592455
1351.0 548725.1197767191
1352.0 552909.2312421156
1353.0 549158.1719383312
1354.0 545473.2317963298
1355.0 492168.41582099017
1356.0 428282.8137615734
1357.0 470815.98733774456
1358.0 507774.42822037044
1359.0 545631.0792641421
1360.0 549129.0984838451
1361.0 490467.8756532135
1362.0 523827.31657860015
1363.0 492701.7327473455
1364.0 490627.3312272863
1365.0 499222.54177328973
1366.0 487462.0117778127
1367.0 529853.3080797782
1368.0 520590.004519201
1369.0 492420.67840405717
1370.0 517348.56130292
1371.0 512424.8941763021
1372.0 490845.3497778941
1373.0 502069.2757408186
1374.0 474632.1735469346
1375.0 488794.0526584329
1376.0 528604.434846578
1377.0 523219.8717088227
1378.0 458914.9426167175
1379.0 492017.56103042857
1380.0 528338.5544664421
1381.0 535155.7429945176
1382.0 538133.5737399524
1383.0 531221.0474242886
1384.0 500106.4657741174
1385.0 457587.90544477006
1386.0 412970.20764774125
1387.0 374451.2246572955
1388.0 323584.7189384913
1389.0 326084.6305256426
1390.0 382999.7654016133
1391.0 380769.1292200579
1392.0 466100.6539017725
1393.0 500512.07424876426
1394.0 557478.3044245519
1395.0 521970.69302953023
1396.0 379027.84571389377
1397.0 355958.8160709552
1398.0 351076.2794075618
1399.0 404992.3924024876
1400.0 402257.92793720216
1401.0 424418.5673320685
1402.0 494549.4434028491
1403.0 655790.031183622
1404.0 596829.2748316072
1405.0 533805.0384111927
1406.0 521744.2265464233
1407.0 480243.69148471643
1408.0 500129.3179876425
1409.0 434772.7005545731
1410.0 499175.6588376465
1411.0 514379.34208362765
1412.0 514462.31784835726
1413.0 508071.5760901747
1414.0 489528.50727574725
1415.0 493315.9510039752
1416.0 507159.842542154
1417.0 396738.7268243449
1418.0 410660.55506890645
1419.0 520368.5144299297
1420.0 505513.48245557793
1421.0 498341.301394631
1422.0 481812.860694165
1423.0 456889.7605361906
1424.0 333168.2208371721
1425.0 429520.4717208768
1426.0 475702.13726324565
1427.0 506937.9337308074
1428.0 408278.2494246625
1429.0 436512.7113858717
1430.0 472552.39765186206
1431.0 439586.3659895477
1432.0 431440.0734665832
1433.0 446011.96526545164
1434.0 463823.76569169277
1435.0 483482.8024883998
1436.0 488114.0805405911
1437.0 456845.41278049327
1438.0 452377.6813938665
1439.0 387690.3462643599
1440.0 409075.14565696375
1441.0 437201.0852162333
1442.0 486150.198129914
1443.0 491021.4146584269
1444.0 484018.69384618197
1445.0 405667.86988045764
1446.0 459326.5583004242
1447.0 491548.28872739273
1448.0 452187.24150295823
1449.0 416618.8905177337
1450.0 483027.7363238841
1451.0 472692.404345971
1452.0 388320.12788656127
1453.0 437452.6385556763
1454.0 464254.4882358131
1455.0 467799.4012160602
1456.0 434736.7409949701
1457.0 493539.3777927313
1458.0 400211.74620859366
1459.0 439137.8199061921
1460.0 397044.02137278655
1461.0 436744.7801337314
1462.0 470660.3944341655
1463.0 464916.3123582021
1464.0 475648.78821628145
1465.0 459335.33627507725
1466.0 475496.55379531835
1467.0 423589.798504314
1468.0 396681.01425456157
1469.0 306379.37497402227
1470.0 371148.25779079675
1471.0 466933.2418508327
1472.0 416400.95876387076
1473.0 402596.35490374116
1474.0 435099.06053321715
1475.0 477095.77172665816
1476.0 454372.1782682974
1477.0 473866.5930103578
1478.0 419294.8962332324
1479.0 445140.9294513814
1480.0 461130.17229122267
1481.0 477900.140598757
1482.0 473525.4960595486
1483.0 471789.7366593891
1484.0 453710.6437841957
1485.0 446486.272378224
1486.0 476808.8149045689
1487.0 477487.895446109
1488.0 470712.2940848967
1489.0 454750.7687846311
1490.0 461686.27416679484
1491.0 471128.48296567565
1492.0 469193.68471862265
1493.0 469388.2338199234
1494.0 464087.3761337723
1495.0 458898.14561126713
1496.0 456250.92393354466
1497.0 440102.22769277386
1498.0 345347.80452109454
1499.0 348113.85061753984
1500.0 402957.08981333964
1501.0 406351.04675350734
1502.0 384386.2489359782
1503.0 452393.76879402105
1504.0 407500.3009048096
1505.0 400156.7021460317
1506.0 435431.4965302231
1507.0 477199.11662168324
1508.0 475518.98770941043
1509.0 453454.0672753093
1510.0 473487.3218058049
1511.0 347992.15627861675
1512.0 404743.55105029873
1513.0 447276.5734451829
1514.0 466751.19517529005
1515.0 367830.65934151143
1516.0 440372.9063341287
1517.0 429161.4106564391
1518.0 356051.77400909277
1519.0 438049.5840496047
1520.0 425260.06748896936
1521.0 365000.7092197814
1522.0 410991.8152115332
1523.0 474696.20593041275
1524.0 424013.1504031398
1525.0 409160.07371468097
1526.0 431371.82536013424
1527.0 422439.5692237076
1528.0 447665.62124278175
1529.0 498422.8282247545
1530.0 333743.97108105716
1531.0 303620.22586761165
1532.0 437920.05722659774
1533.0 369351.20673413854
1534.0 408247.49006362294
1535.0 449007.23273580946
1536.0 421016.6675727791
1537.0 367658.2072630164
1538.0 278100.5951644312
1539.0 197425.87949439595
1540.0 285696.8081514359
1541.0 199446.8904272389
1542.0 154074.65022702172
1543.0 146976.2350030308
1544.0 127058.916669052
1545.0 170158.73953479817
1546.0 202748.32932653988
1547.0 243031.77151223345
1548.0 286722.4775215805
1549.0 335664.0480550189
1550.0 387801.8696650615
1551.0 490172.6097809802
1552.0 598679.777198755
1553.0 549555.8002916524
1554.0 536994.1144213598
1555.0 526115.2831599682
1556.0 425576.6343596587
1557.0 372080.6586884549
1558.0 434656.2820266196
1559.0 498281.30716782645
1560.0 436654.44764195353
1561.0 385075.6889234869
1562.0 352341.7067743536
1563.0 438475.92791155283
1564.0 444483.85834164964
1565.0 412202.65220858913
1566.0 368482.6408618842
1567.0 411663.4329409044
1568.0 311639.27113478916
1569.0 299530.53196152276
1570.0 379255.3570172494
1571.0 293061.6049665828
1572.0 369647.3802695331
1573.0 451137.9951274514
1574.0 452212.27543619537
1575.0 313601.02561302955
1576.0 393495.7495818271
1577.0 318098.11593427986
1578.0 394076.8784479592
1579.0 423049.2883296898
1580.0 332370.60610990634
1581.0 401253.26290819986
1582.0 425024.40869289986
1583.0 393333.5030342308
1584.0 359617.45788684185
1585.0 316930.96340182895
1586.0 383064.44740926754
1587.0 416233.1574504083
1588.0 412780.5101405677
1589.0 418285.4111404353
1590.0 378268.4919791727
1591.0 383446.3764880858
1592.0 369993.6955803213
1593.0 408606.7780017579
1594.0 399611.79432410514
1595.0 397634.4002903713
1596.0 406471.8441598898
1597.0 405779.9233165672
1598.0 409110.15285241156
1599.0 422388.3044721151
1600.0 413236.4413894583
1601.0 311164.72581519914
1602.0 379488.36534910556
1603.0 280488.5785767883
1604.0 362398.1060264426
1605.0 428024.8998735259
1606.0 387298.9221884856
1607.0 418684.1324541547
1608.0 426625.60194163193
1609.0 400653.8273288669
1610.0 287398.4362060779
1611.0 350489.6781321793
1612.0 397434.7617027287
1613.0 376551.1886482013
1614.0 380792.90094290656
1615.0 404148.102202176
1616.0 415276.1206530006
1617.0 425627.43962616497
1618.0 415558.51569419
1619.0 393732.4543080807
1620.0 367092.1741058114
1621.0 323985.6383237098
1622.0 337923.541711611
1623.0 310593.5040428045
1624.0 308004.29710645514
1625.0 400746.9680266707
1626.0 407879.8332660715
1627.0 412261.651673766
1628.0 429267.0080904066
1629.0 408099.52322829515
1630.0 392159.78342255746
1631.0 291490.74135460437
1632.0 328240.69507323427
1633.0 443582.62359890155
1634.0 417848.4607636531
1635.0 360944.67773614224
1636.0 348475.4170053888
1637.0 426304.78645461844
1638.0 405388.4665848804
1639.0 415449.6636327232
1640.0 279586.90409814636
1641.0 443965.9133242667
1642.0 434490.55727777275
1643.0 439058.76960800856
1644.0 421015.38300472713
1645.0 380864.02501312445
1646.0 422328.6287726123
1647.0 339896.52950590383
1648.0 411836.55559595913
1649.0 411172.63719233184
1650.0 406841.5582673981
1651.0 428941.0933059264
1652.0 422050.3537458987
1653.0 317997.38872908626
1654.0 340550.79468721995
1655.0 420641.60222852253
1656.0 355158.97691939696
1657.0 304811.24233211094
1658.0 373487.0715094501
1659.0 396566.2003442216
1660.0 391867.7302548695
1661.0 357572.4483847265
1662.0 351596.91137607966
1663.0 391334.3513594056
1664.0 385540.51376149064
1665.0 309978.1996779961
1666.0 377182.40735731175
1667.0 345506.11271422834
1668.0 260923.87504288342
1669.0 370257.839962899
1670.0 369635.7795528366
1671.0 363347.2332404336
1672.0 307102.93006733054
1673.0 300696.7602754223
1674.0 367717.9805831531
1675.0 372704.9053655131
1676.0 309103.91400788375
1677.0 331914.57503714325
1678.0 393011.01083373907
1679.0 389528.36936846306
1680.0 394064.46622883005
1681.0 370582.69865575107
1682.0 326943.8796265387
1683.0 384894.3404928159
1684.0 386309.6677330109
1685.0 391090.3093280854
1686.0 367526.3857357031
1687.0 377574.11229861045
1688.0 382831.4692223015
1689.0 387166.1004740247
1690.0 295270.831468726
1691.0 335473.14905301656
1692.0 380918.4607267923
1693.0 381232.1575284266
1694.0 361617.90871178685
1695.0 341373.5833682544
1696.0 355325.1848389879
1697.0 381720.8029392879
1698.0 353115.83597462537
1699.0 302808.36568066024
1700.0 362447.03379271075
1701.0 322108.7733129446
1702.0 363795.5531816075
1703.0 373843.0833829408
1704.0 325343.55921425304
1705.0 355339.4622960192
1706.0 353102.1446455746
1707.0 270213.95606687054
1708.0 312017.3926216488
1709.0 370466.37427474564
1710.0 371187.7071983853
1711.0 366334.25433643325
1712.0 316837.9135127598
1713.0 240040.05011672564
1714.0 338802.1060901598
1715.0 331461.3507722593
1716.0 281925.12089264527
1717.0 248292.2657125116
1718.0 259032.30170365114
1719.0 355536.63198533625
1720.0 376692.3413214877
1721.0 348632.20199761534
1722.0 316825.3197437606
1723.0 310830.78579078073
1724.0 304793.67819696374
1725.0 285415.9941736654
1726.0 317588.1310820314
1727.0 395987.18624443584
1728.0 390990.64384873386
1729.0 375564.08831411105
1730.0 373453.00855815486
1731.0 329379.3708077994
1732.0 362501.2576008716
1733.0 361778.8654980501
1734.0 358850.80948185804
1735.0 362067.8373551216
1736.0 357100.0473258643
1737.0 370362.2244704376
1738.0 342395.5701796853
1739.0 305801.7284054536
1740.0 346880.70533091924
1741.0 323291.0420522066
1742.0 332140.61198605574
1743.0 359478.96708712965
1744.0 336497.7085938813
1745.0 301925.9837395053
1746.0 342050.1776020869
1747.0 342296.9791822703
1748.0 354295.0102002873
1749.0 347718.2465308438
1750.0 354344.53799551213
1751.0 356392.9664677237
1752.0 350997.1913807304
1753.0 242043.66042568316
1754.0 334741.71028929634
1755.0 356470.6805592475
1756.0 359223.6618979577
1757.0 358466.12578540976
1758.0 329999.6880336709
1759.0 302224.853083019
1760.0 318552.7944248604
1761.0 333951.40215712367
1762.0 357330.5325475785
1763.0 297469.67759546393
1764.0 334281.71943059255
1765.0 354475.52081014443
1766.0 354189.41021393373
1767.0 350275.81222888594
1768.0 340785.848574315
1769.0 327989.47574159683
1770.0 299057.38007910375
1771.0 352159.23406908126
1772.0 308020.52332812734
1773.0 331020.83435084095
1774.0 351031.22448394424
1775.0 333036.7855416967
1776.0 314242.27140505594
1777.0 347795.61966083763
1778.0 346101.52916129393
1779.0 335502.7881044659
1780.0 344640.10493255965
1781.0 337860.9607411478
1782.0 300769.2457995175
1783.0 271617.30137014383
1784.0 336786.95575430244
1785.0 319093.9279356687
1786.0 337107.8498556317
1787.0 343744.7868667114
1788.0 334522.4863650221
1789.0 311067.20451403654
1790.0 342520.25175087724
1791.0 304706.7466805974
1792.0 231880.25241241063
1793.0 302191.0195670945
1794.0 336522.6800147766
1795.0 338590.8817496477
1796.0 345793.0614494284
1797.0 335806.8817012131
1798.0 319833.3292846271
1799.0 310460.72144073073
1800.0 311734.13898018806
1801.0 338204.33836233476
1802.0 343692.69320285786
1803.0 334902.5005013999
1804.0 325512.4390916393
1805.0 308914.0871629421
1806.0 319299.96043968364
1807.0 331531.58488558093
1808.0 325792.8039320881
1809.0 342805.49490833574
1810.0 342604.78869201354
1811.0 333220.8654011368
1812.0 265138.01139721595
1813.0 261010.82751173514
1814.0 332949.88098347856
1815.0 334844.06420858076
1816.0 288405.79145972076
1817.0 325988.0666150169
1818.0 352886.83180827036
1819.0 343121.5567509738
1820.0 320571.49971288815
1821.0 286248.9765793227
1822.0 268292.01736375655
1823.0 345238.4491581479
1824.0 358045.76601160585
1825.0 342646.9111474762
1826.0 292954.85174213495
1827.0 279448.2962708141
1828.0 312222.8523627353
1829.0 355829.4099872328
1830.0 317026.34284542373
1831.0 326333.0585699796
1832.0 333334.0387640934
1833.0 325641.18946190417
1834.0 322113.0284105636
1835.0 316741.6969996156
1836.0 334534.44337973045
1837.0 328995.87292734673
1838.0 318924.8520178887
1839.0 324595.4786371812
1840.0 245650.15031739837
1841.0 302527.5940917808
1842.0 320119.26623029215
1843.0 312295.4010459031
1844.0 308501.7636061453
1845.0 306082.8707530827
1846.0 324767.1795337923
1847.0 332216.5016860293
1848.0 314634.78036479576
1849.0 291724.2684186059
1850.0 250356.5835693817
1851.0 285007.67953175213
1852.0 338010.95631750877
1853.0 320809.052163634
1854.0 276487.23573012324
1855.0 292744.3010577983
1856.0 326361.35554304003
1857.0 327530.4963786867
1858.0 296337.9777565073
1859.0 287127.6293001354
1860.0 270834.56971027405
1861.0 324864.2223350177
1862.0 332839.09413529217
1863.0 304758.00356632564
1864.0 310813.0939268347
1865.0 318670.80410376197
1866.0 318919.42150957254
1867.0 311284.5364162143
1868.0 326223.33529294265
1869.0 327280.6507052589
1870.0 310850.2384609676
1871.0 313622.1971364088
1872.0 293546.09545311885
1873.0 259213.6675993597
1874.0 271317.0421694797
1875.0 312442.6328639367
1876.0 310941.5602727231
1877.0 312905.31191994995
1878.0 303350.92453813314
1879.0 328239.0869561231
1880.0 322836.777557619
1881.0 307517.1967887967
1882.0 291226.58040776453
1883.0 294555.17316068016
1884.0 304222.80735989386
1885.0 278314.45435620483
1886.0 299899.65936789976
1887.0 284957.38376978715
1888.0 304819.732751744
1889.0 292176.9401318351
1890.0 282269.3489335676
1891.0 275616.7566983122
1892.0 292077.9594988316
1893.0 293935.6075072758
1894.0 288980.3541925004
1895.0 278821.46057501924
1896.0 304652.3032364258
1897.0 327217.85042987746
1898.0 325628.9789928153
1899.0 290011.1038954614
1900.0 320272.87151725555
1901.0 287577.4180267649
1902.0 292109.83401159354
1903.0 297507.10883969686
1904.0 293002.94938220235
1905.0 321336.94567008875
1906.0 311387.6030069868
1907.0 307457.51833972166
1908.0 310604.44522747805
1909.0 305626.08105751185
1910.0 303716.54322071234
1911.0 320720.91463642183
1912.0 322757.0948117292
1913.0 303221.98352594057
1914.0 286200.0947827259
1915.0 290183.3939638192
1916.0 294487.93052755704
1917.0 309288.37358138285
1918.0 286076.0493685261
1919.0 289969.5771864231
1920.0 299476.36394586106
1921.0 298436.7536843951
1922.0 280855.9000176108
1923.0 202916.2216205007
1924.0 267907.9586166963
1925.0 302001.61105255294
1926.0 286664.32743937295
1927.0 303782.39416685037
1928.0 290958.6777829566
1929.0 270412.76332108205
1930.0 267574.35343257553
1931.0 238006.8428571109
1932.0 263680.93030435016
1933.0 301687.47561134695
1934.0 312689.01432982314
1935.0 312200.68414854835
1936.0 282033.5176140526
1937.0 280919.50286534143
1938.0 280543.59502130095
1939.0 259674.50489165453
1940.0 262384.9743290164
1941.0 317815.3231959163
1942.0 322560.32345542795
1943.0 312687.4827744616
1944.0 305694.94686708954
1945.0 306438.1826193194
1946.0 300788.7499869676
1947.0 295564.2010833533
1948.0 290015.95771746576
1949.0 295331.46191573236
1950.0 287035.54074921587
1951.0 221220.36772712995
1952.0 287472.4892434974
1953.0 268183.56049816776
1954.0 241867.0122386053
1955.0 255691.26420584673
1956.0 245026.26071020786
1957.0 257235.09242812393
1958.0 278579.68253122165
1959.0 290185.0614269068
1960.0 287693.24431621627
1961.0 253116.08319968282
1962.0 292808.6560654494
1963.0 285103.67873301706
1964.0 275438.9416056358
1965.0 295048.95202071563
1966.0 289976.24699761515
1967.0 299021.77466920187
1968.0 291232.8212407117
1969.0 298337.99824191455
1970.0 294468.1415861494
1971.0 299784.56255535624
1972.0 277992.9266631621
1973.0 298941.27903696033
1974.0 301507.60670814064
1975.0 296487.72020910855
1976.0 279336.60845767864
1977.0 291288.7241757507
1978.0 299328.35072755127
1979.0 276981.7723855014
1980.0 286038.8937716537
1981.0 296212.7572740015
1982.0 284205.02970912785
1983.0 291457.21200236364
1984.0 274641.15295580466
1985.0 279320.958748159
1986.0 294256.07962225826
1987.0 271703.62039482413
1988.0 296095.35906597605
1989.0 305007.28997084976
1990.0 288914.45244681643
1991.0 298576.2416400977
1992.0 252673.91401117612
1993.0 264217.5489771826
1994.0 275684.0960345234
1995.0 299616.16495706065
1996.0 299318.6146685656
1997.0 297264.4406718261
1998.0 293879.97982388857
1999.0 265321.0371690058
2000.0 250061.18392992398
2001.0 260002.96650326325
2002.0 244495.39961436574
2003.0 260087.1957565937
2004.0 277231.268161814
2005.0 277485.96101629676
2006.0 261572.18942758537
2007.0 283362.04402248666
2008.0 294839.2499955202
2009.0 292455.60294904857
2010.0 288131.7408304413
2011.0 263390.71661152126
2012.0 267304.0760920392
2013.0 257916.08930762543
2014.0 270908.6059387605
2015.0 285816.7534379487
2016.0 283773.71632689395
2017.0 285291.8851184034
2018.0 278212.1334501542
2019.0 280138.0418891977
2020.0 286419.4014319013
2021.0 284532.4338172385
2022.0 283198.67913161946
2023.0 281301.6533656754
2024.0 273240.16125683795
2025.0 283471.1237960038
2026.0 262157.7626507305
2027.0 278038.19516290043
2028.0 277102.6810315988
2029.0 276914.0794460672
2030.0 276725.4778605356
2031.0 280633.7188864856
2032.0 278767.4851749695
2033.0 268083.23944903084
2034.0 255936.5257163239
2035.0 245575.7430665432
2036.0 267969.74601435947
2037.0 272904.6795331717
2038.0 260572.46949221677
2039.0 271182.5262094621
2040.0 233754.7598713988
2041.0 235426.64791116002
2042.0 263981.8110234134
2043.0 280154.8205041074
2044.0 273834.6154552506
2045.0 265164.42577739723
2046.0 265116.3447450822
2047.0 264280.8932566756
2048.0 267288.5554337435
2049.0 279657.6118224649
2050.0 271130.44863885315
2051.0 278258.8954318443
2052.0 273004.4726019485
2053.0 270869.6450968818
2054.0 276378.17636609945
2055.0 274319.6535477762
2056.0 264157.9243924646
2057.0 247619.43129219417
2058.0 267794.51596942067
2059.0 272703.23190228466
2060.0 278358.6096874031
2061.0 273165.0506563177
2062.0 241065.83670344183
2063.0 265894.9595221381
2064.0 268787.13731777755
2065.0 270164.41838670603
2066.0 269055.63524072344
2067.0 264930.6204791907
2068.0 259193.2932684196
2069.0 261297.10684784103
2070.0 275972.5419666617
2071.0 231417.45838893167
2072.0 253882.81564999756
2073.0 271727.27752875566
2074.0 269649.7784134322
2075.0 270196.6694143789
2076.0 275140.1740430425
2077.0 256524.69839432376
2078.0 243955.91702824028
2079.0 271217.2536366099
2080.0 265377.48501030705
2081.0 271286.2169127651
2082.0 275400.07173272094
2083.0 265611.42498313746
2084.0 253710.1005374668
2085.0 227550.393455994
2086.0 253071.81543570603
2087.0 266816.1976592978
2088.0 269574.8370615601
2089.0 273882.2907910093
2090.0 248252.52513697767
2091.0 206910.69079685994
2092.0 233428.9318028619
2093.0 263677.66163158393
2094.0 265094.4257385733
2095.0 263009.31457190926
2096.0 263639.7865350435
2097.0 265440.2426498774
2098.0 259046.30257285075
2099.0 269250.21019114146
2100.0 235418.74319344645
2101.0 263442.73168720375
2102.0 278569.3575547625
2103.0 281047.7119357276
2104.0 269579.65077911597
2105.0 290590.0298019762
2106.0 294607.0762756106
2107.0 278588.01260577457
2108.0 233410.6923503209
2109.0 263918.1759514205
2110.0 282868.5289598758
2111.0 287016.1040345706
2112.0 289511.68924584123
2113.0 280207.6714019684
2114.0 260145.89203816428
2115.0 253290.37945423453
2116.0 276128.4907400646
2117.0 256710.25505771724
2118.0 258688.53855747878
2119.0 261233.8829940064
2120.0 269890.12472814124
2121.0 259110.7705425449
2122.0 262563.12629002414
2123.0 262888.53177773213
2124.0 257022.37702819225
2125.0 258813.49714608738
2126.0 259819.39842575273
2127.0 263378.74305211764
2128.0 262421.01529855846
2129.0 263231.0756002314
2130.0 259833.31989108986
2131.0 261440.43530741511
2132.0 261865.54995493856
2133.0 263479.24693816
2134.0 262911.6824503031
2135.0 261740.89466809543
2136.0 259163.99620149922
2137.0 256504.00014384865
2138.0 254477.28876422
2139.0 264434.4680116517
2140.0 260609.99082964717
2141.0 261179.30319703667
2142.0 258753.64505340377
2143.0 259722.29137747086
2144.0 258502.52360226138
2145.0 247108.0151588733
2146.0 261462.0429668389
2147.0 250268.4224949268
2148.0 255640.00215317725
2149.0 256820.32481167107
2150.0 260195.38820187483
2151.0 259819.83496549976
2152.0 260525.07307488943
2153.0 257622.36970927447
2154.0 258523.0446153184
2155.0 259425.27260990074
2156.0 260530.7028438294
2157.0 258405.86394348537
2158.0 256174.9241776385
2159.0 254703.86049706873
2160.0 259511.04459355376
2161.0 260269.58735562614
2162.0 247845.56025546102
2163.0 256918.2976824865
2164.0 259300.57166956828
2165.0 256194.90416283734
2166.0 255469.00168666182
2167.0 253116.09815342593
2168.0 256862.79188341278
2169.0 255729.31079259535
2170.0 257647.69920933142
2171.0 257531.50795436517
2172.0 256193.27114745366
2173.0 258149.16300593127
2174.0 256884.46716474043
2175.0 255001.6326965102
2176.0 253112.38747566217
2177.0 256753.75333938756
2178.0 252189.79270598537
2179.0 258306.0442606387
2180.0 249334.97768346316
2181.0 250396.62176981874
2182.0 253110.10306104977
2183.0 256241.24640629598
2184.0 256277.74231683215
2185.0 256313.846331302
2186.0 249516.33112430942
2187.0 255969.77245045273
2188.0 254757.75565588186
2189.0 257073.09905529537
2190.0 254611.8644379095
2191.0 256514.4322289505
2192.0 250298.93175166033
2193.0 250949.55897046192
2194.0 253064.39811422263
2195.0 255700.3844771808
2196.0 255832.29101478585
2197.0 255963.64021456506
2198.0 255045.72432845747
2199.0 255594.60594507083
2200.0 255723.44712463394
2201.0 253324.8002901602
2202.0 248013.3022187011
2203.0 252743.83288309077
2204.0 250097.23157178966
2205.0 255042.90491609456
2206.0 254927.4306729494
2207.0 253122.9049074756
2208.0 253428.8636332662
2209.0 251521.70037883145
2210.0 253625.6669773809
2211.0 248737.42230277276
2212.0 250416.2497894605
2213.0 251673.73090929675
2214.0 253147.05713757285
2215.0 253129.81051182572
2216.0 250545.86864486456
2217.0 250180.34188479057
2218.0 253015.79411835494
2219.0 249434.76578879263
2220.0 253341.10596117182
2221.0 246976.2960501662
2222.0 250241.57169636592
2223.0 250938.91864507433
2224.0 251738.3999962395
2225.0 248752.67178701767
2226.0 251770.92539077075
2227.0 246415.7240106252
2228.0 245565.96538560797
2229.0 250310.16977334174
2230.0 248169.0431185394
2231.0 251428.50359896617
2232.0 251099.81950103998
2233.0 248607.68772386707
2234.0 251086.88885165195
2235.0 251621.01183026307
2236.0 252155.68204188725
2237.0 251821.799230337
2238.0 251703.82340030093
2239.0 245545.14030806543
2240.0 250955.1246051202
2241.0 251135.41490838307
2242.0 248469.1098451793
2243.0 250836.12746396527
2244.0 247938.76769899018
2245.0 242391.5307132503
2246.0 250681.56450564295
2247.0 252082.82016122455
2248.0 250395.3979047483
2249.0 250913.94930288685
2250.0 248555.71080957528
2251.0 250179.87233166394
2252.0 249366.75978337415
2253.0 247218.31067335617
2254.0 250105.76118552356
2255.0 251638.37110828413
2256.0 250723.7455141027
2257.0 249807.36295679337
2258.0 247328.0903144434
2259.0 251094.05294499517
2260.0 249281.37760651435
2261.0 247692.65604749648
2262.0 249469.02344140393
2263.0 250128.4030161532
2264.0 248323.23850521026
2265.0 246514.6592878176
2266.0 249417.12038474908
2267.0 248279.7582707862
2268.0 248264.50603565603
2269.0 247440.24209054743
2270.0 249587.18858624477
2271.0 243385.45703843422
2272.0 249826.5012064977
2273.0 248813.22226054574
2274.0 245302.36362319835
2275.0 250180.7852636856
2276.0 246872.0741898224
2277.0 245022.74250709565
2278.0 243853.1876908985
2279.0 245415.88147628008
2280.0 248577.13235594318
2281.0 248319.60468399763
2282.0 249431.85162824698
2283.0 247345.15922623046
2284.0 247289.14284692402
2285.0 246522.39052463757
2286.0 248502.95652252957
2287.0 246131.44479069175
2288.0 245591.38681601765
2289.0 247803.87916996866
2290.0 243590.44966407388
2291.0 247871.55413969417
2292.0 247356.85520050974
2293.0 247383.31691633904
2294.0 244615.04401989994
2295.0 248114.51499999213
2296.0 248824.57545505223
2297.0 245538.45571470185
2298.0 241748.6866964038
2299.0 244020.52433467648
2300.0 251028.30902745682
2301.0 246696.61029401174
2302.0 249677.0973388657
2303.0 249355.71770674436
2304.0 244570.51503366278
2305.0 248478.3235760465
2306.0 246751.25706351933
2307.0 247290.83091535454
2308.0 245309.08065507593
2309.0 246376.59582820165
2310.0 248858.82370925156
2311.0 248046.29478937184
2312.0 243688.31810307043
2313.0 244046.05044318287
2314.0 245824.73500877965
2315.0 247957.65351584586
2316.0 246991.0835675837
2317.0 246972.3062780907
2318.0 242674.80664918394
2319.0 243365.08815088947
2320.0 237913.13660036548
2321.0 245463.1132531621
2322.0 246423.63860927447
2323.0 238218.2947454616
2324.0 244872.12863426702
2325.0 242172.06467307534
2326.0 242103.40384590696
2327.0 242514.29166165556
2328.0 242925.17947740416
2329.0 246957.13972311036
2330.0 244658.67104964037
2331.0 244928.79480561562
2332.0 233690.07604017228
2333.0 245226.483975355
2334.0 246467.64186229682
2335.0 239859.05758377854
2336.0 246279.41358549165
2337.0 245575.033241303
2338.0 245219.61373227354
2339.0 246298.95990940812
2340.0 246642.25436190376
2341.0 244292.80818336547
2342.0 245585.90681317655
2343.0 247006.36174194465
2344.0 245190.83685820768
2345.0 242732.5476483976
2346.0 240596.83069119952
2347.0 247201.11492719658
2348.0 248626.55441451547
2349.0 237509.5093727823
2350.0 247603.01638616002
2351.0 245781.21000482928
2352.0 243985.73949537484
2353.0 244386.57190224688
2354.0 247250.44586902653
2355.0 246547.0769050282
2356.0 240496.76571625055
2357.0 245314.53838890087
2358.0 248257.5206235575
2359.0 250375.38421560664
2360.0 247428.61254267517
2361.0 240993.03519533627
2362.0 249807.08445275
2363.0 247662.76829409608
2364.0 247584.6940063035
2365.0 247454.9920734506
2366.0 242224.8887422914
2367.0 244888.11421475123
2368.0 244860.9677551122
2369.0 245554.33049607274
2370.0 242081.49185536482
2371.0 245144.64667245903
2372.0 245748.96330002756
2373.0 246276.66959901905
2374.0 246624.80410619426
2375.0 241762.28714569597
2376.0 239599.90302199128
2377.0 245723.86013264832
2378.0 247973.79304749105
2379.0 247592.06209327944
2380.0 240035.5258956995
2381.0 246744.13588096164
2382.0 248329.3756886169
2383.0 242739.79872489462
2384.0 241690.91056005462
2385.0 244227.53220532948
2386.0 249627.17704357373
2387.0 247441.9746836464
2388.0 245231.550125939
2389.0 243464.77122506325
2390.0 245995.64138239727
2391.0 245453.11420284945
2392.0 244936.8115780191
2393.0 245341.43040972017
2394.0 247183.00569500565
2395.0 246483.89436579344
2396.0 245061.42250524592
2397.0 247907.80170370656
2398.0 248697.39906334266
2399.0 248367.10087628424
2400.0 239390.48292005708
2401.0 243909.37265567924
2402.0 246796.40311168597
2403.0 242193.82185966143
2404.0 248520.08635930138
2405.0 243257.16680962403
2406.0 245518.52354820527
2407.0 243648.83125033812
2408.0 244468.27493538574
2409.0 245355.11663176765
2410.0 242144.11057700112
2411.0 241322.5918380735
2412.0 245337.01091386573
2413.0 246685.1736120392
2414.0 240602.4581748768
2415.0 246756.4299693537
2416.0 245335.51445458728
2417.0 243373.93188646695
2418.0 249115.3994345545
2419.0 245316.9292622014
2420.0 248963.5177714509
2421.0 247811.1606257145
2422.0 248450.0106714616
2423.0 250071.50515596784
2424.0 245740.22011577195
2425.0 242369.10795026988
2426.0 247908.83349424537
2427.0 249345.90808682918
2428.0 244293.21820994423
2429.0 243218.2244088132
2430.0 245257.7589997603
2431.0 246058.3905461985
2432.0 245392.2376299414
2433.0 242332.46310879145
2434.0 246834.56313589116
2435.0 243059.96815292005
2436.0 246653.33077216032
2437.0 244875.21513158293
2438.0 241390.25683645075
2439.0 241751.69866649839
2440.0 241833.65957257588
2441.0 243468.40598044195
2442.0 245987.5602807001
2443.0 246547.40597620892
2444.0 247191.95011844358
2445.0 244019.080286453
2446.0 244634.23532875755
2447.0 242579.35034502763
2448.0 238074.04265370732
2449.0 244090.59087902668
2450.0 243698.4751208454
2451.0 240092.6249934361
2452.0 240937.9404692585
2453.0 244267.09961075953
2454.0 243873.2769994227
2455.0 243874.31558999696
2456.0 244864.48380950038
2457.0 245176.87174931777
2458.0 244000.61872634036
2459.0 245200.167054441
2460.0 242729.67497119645
2461.0 243469.85618556736
2462.0 239176.1530626159
2463.0 244178.4527804747
2464.0 241614.17573578455
2465.0 244710.20678673004
2466.0 242424.77803381733
2467.0 243989.37084688703
2468.0 247066.18698637883
2469.0 242628.1347061209
2470.0 244283.88561152812
2471.0 246382.22233531688
2472.0 246030.77988954404
2473.0 245001.5529459116
2474.0 241454.83297881094
2475.0 245955.36944559007
2476.0 245202.9939031504
2477.0 244010.31221597514
2478.0 244079.60195918445
2479.0 242299.7286675712
2480.0 241781.88539100104
2481.0 241381.41395446684
2482.0 244747.39029913952
2483.0 239344.2842036455
2484.0 242433.74178688473
2485.0 238426.19841015086
2486.0 245063.22738858938
2487.0 240425.98018515375
2488.0 244417.97121245597
2489.0 243173.97538078873
2490.0 244299.93399933696
2491.0 245234.490425987
2492.0 240438.20608513456
2493.0 244244.01416972873
2494.0 232495.82694556043
2495.0 245126.63955020276
2496.0 246137.6578760879
2497.0 243217.17335053548
2498.0 243894.78208927452
2499.0 244530.3708524463
2500.0 246063.69157390794
