WAVE FLUX
900.0 174010.404481616
901.0 173410.94641094105
902.0 166511.10221656685
903.0 181312.73303766517
904.0 162711.93031640834
905.0 174713.0195147427
906.0 166412.60028813186
907.0 180213.9033207307
908.0 180514.37364593343
909.0 194015.92930738354
910.0 179014.32165376018
911.0 181709.88458250882
912.0 771695.5911952064
913.0 684044.800381928
914.0 674999.2345761476
915.0 762307.5133665578
916.0 716445.5874251619
917.0 724943.8214782729
918.0 608043.5010897784
919.0 345660.1756239001
920.0 442818.8867867704
921.0 125384.09256956041
922.0 293364.9064198301
923.0 394848.0729063423
924.0 650882.0072933346
925.0 829431.3156287576
926.0 734897.7989899535
927.0 747298.2506391775
928.0 687242.4547176732
929.0 388034.46620246023
930.0 305971.66604645376
931.0 432903.5471196817
932.0 580328.1906782506
933.0 705968.270251774
934.0 917729.6172063643
935.0 825558.6823119748
936.0 778675.6429257003
937.0 541816.3730199351
938.0 229326.28079601008
939.0 663441.3003768695
940.0 662591.7697126707
941.0 624922.4433638781
942.0 567907.8907949101
943.0 560823.3176341787
944.0 671868.930178072
945.0 808394.3356804881
946.0 798248.7052774362
947.0 689299.9415031143
948.0 532649.0592141178
949.0 341730.0828429316
950.0 281100.57890259195
951.0 741698.4275691942
952.0 775035.9690466732
953.0 735719.0793652014
954.0 642639.5544129589
955.0 463491.59983659117
956.0 771892.4753338574
957.0 724516.3150540179
958.0 717910.0340600923
959.0 464643.4498163029
960.0 713620.8724396349
961.0 740033.4464703021
962.0 703775.9056382391
963.0 719262.3928964739
964.0 558015.2564351743
965.0 748477.04856377
966.0 734045.3424722102
967.0 591037.6819826994
968.0 638691.1497660291
969.0 705403.4426784901
970.0 622096.6474314622
971.0 425547.32038730534
972.0 128216.59352753361
973.0 101417.45181188239
974.0 160553.7188937632
975.0 282331.41412489244
976.0 480791.4920841386
977.0 874600.4476575125
978.0 884900.7145092912
979.0 756308.2413913554
980.0 689063.7797723407
981.0 556751.4141800108
982.0 647958.5272746903
983.0 660966.8657628621
984.0 546550.645768442
985.0 423172.31191843125
986.0 126996.49447602272
987.0 181281.93122473167
988.0 245170.32795481093
989.0 273565.7974402487
990.0 312014.8335471498
991.0 497211.2033076487
992.0 919025.2195586321
993.0 835946.1476468004
994.0 734109.5771854818
995.0 426325.34586129896
996.0 632477.2278098677
997.0 424512.5516301261
998.0 591508.6199496165
999.0 622381.6920467151
1000.0 691825.3139635365
1001.0 576114.3161919235
1002.0 547466.350124865
1003.0 620237.645790082
1004.0 669362.4389460654
1005.0 658150.3260370564
1006.0 306127.40402600024
1007.0 559068.9146318841
1008.0 514291.77975269186
1009.0 589753.0659532206
1010.0 358549.2020023364
1011.0 632052.5688381015
1012.0 607436.1349312158
1013.0 492486.53216769267
1014.0 664457.3562732683
1015.0 620752.76741835
1016.0 568827.2922736612
1017.0 608068.5928168708
1018.0 480945.0972880996
1019.0 628361.0558910611
1020.0 483269.0346242776
1021.0 583923.1606772582
1022.0 637716.6453001486
1023.0 540058.9240112104
1024.0 601414.5928254292
1025.0 466317.4343626119
1026.0 238196.30946546217
1027.0 568543.6551740492
1028.0 612795.5042453159
1029.0 618108.6788615929
1030.0 491983.12757354585
1031.0 368500.8441542638
1032.0 587919.9820384242
1033.0 597797.5442715979
1034.0 467451.58931791224
1035.0 447488.6017246244
1036.0 546062.85886422
1037.0 300632.5523682147
1038.0 374411.98510832794
1039.0 556038.0796851454
1040.0 572738.4929402381
1041.0 634971.6749425554
1042.0 629985.1478712244
1043.0 650878.3803684828
1044.0 647640.1393402498
1045.0 635819.9054058841
1046.0 628512.8420687712
1047.0 631737.7126438076
1048.0 632453.9388542016
1049.0 639289.2365489025
1050.0 629372.3385027384
1051.0 602589.9102992072
1052.0 627658.6939375474
1053.0 578395.8948157261
1054.0 628642.4764726899
1055.0 596754.7172775632
1056.0 588640.1227212675
1057.0 618243.8252205588
1058.0 612431.6197124833
1059.0 539968.4407525024
1060.0 507516.582058839
1061.0 450839.1367730796
1062.0 428311.70626832073
1063.0 409704.38008425955
1064.0 618570.4292674012
1065.0 611377.8856729516
1066.0 504317.3721164696
1067.0 596633.2585975208
1068.0 539320.0717511715
1069.0 378144.9592349094
1070.0 513192.54312709527
1071.0 500172.7308275413
1072.0 482398.38494725706
1073.0 500085.38490682485
1074.0 556205.0590745468
1075.0 565946.6316495972
1076.0 593019.8074431033
1077.0 581489.3001563919
1078.0 501623.63741527376
1079.0 575692.4602074841
1080.0 575340.142674847
1081.0 557825.4410107132
1082.0 571925.2317605792
1083.0 462530.50351558375
1084.0 528564.2253830996
1085.0 490309.6946888175
1086.0 529942.6049849715
1087.0 563443.6438420013
1088.0 495861.47754380037
1089.0 442115.68393414683
1090.0 472967.59335906105
1091.0 543365.425015231
1092.0 539254.6982172244
1093.0 528320.5722017293
1094.0 582715.1577706474
1095.0 574731.0856081626
1096.0 527497.1550282855
1097.0 505953.21216100804
1098.0 410841.0809979715
1099.0 569072.3305570768
1100.0 558271.8862882634
1101.0 569699.95440715
1102.0 565465.1784647171
1103.0 504614.3920826157
1104.0 465431.62614916026
1105.0 551340.3425631699
1106.0 556880.0854772684
1107.0 531267.5417263223
1108.0 360851.7635721454
1109.0 512043.95743132255
1110.0 498347.77743564476
1111.0 478931.7778804022
1112.0 419701.4049610931
1113.0 422680.9100024587
1114.0 389687.11864990904
1115.0 385024.6284020784
1116.0 387451.64870835387
1117.0 413372.09783619625
1118.0 575282.8136058656
1119.0 610415.1290406439
1120.0 569850.586061297
1121.0 466299.54683039384
1122.0 459878.0863929925
1123.0 484482.00289241323
1124.0 276599.1265668404
1125.0 256273.58140708218
1126.0 395407.225587003
1127.0 390905.3764102997
1128.0 365484.84568805766
1129.0 398431.3349849901
1130.0 462888.9221477045
1131.0 538638.3567793235
1132.0 546159.2387406423
1133.0 528480.6613648873
1134.0 501566.4553188866
1135.0 481367.52338246466
1136.0 532140.1879172786
1137.0 531513.4974938633
1138.0 520854.5699816335
1139.0 416714.7782379303
1140.0 346786.2395812855
1141.0 517030.02310426446
1142.0 446588.7652319192
1143.0 520740.5815619078
1144.0 447558.5333118676
1145.0 347245.026145608
1146.0 522306.3290658515
1147.0 513181.564994448
1148.0 515606.97607349535
1149.0 512108.32790602266
1150.0 496723.8433250776
1151.0 499947.60498510825
1152.0 506082.91951130494
1153.0 497962.3316893532
1154.0 486245.691266412
1155.0 471319.36884871783
1156.0 453880.5161238838
1157.0 461946.6667862643
1158.0 487639.6002061406
1159.0 405781.80792058737
1160.0 403356.43256122695
1161.0 487586.4291477433
1162.0 356663.454821711
1163.0 470243.21270741714
1164.0 428784.39933521743
1165.0 477925.9636442658
1166.0 467508.4706882069
1167.0 423022.3898289405
1168.0 476507.05511327594
1169.0 334961.7159552335
1170.0 355039.16145440657
1171.0 239524.4073957537
1172.0 204467.2091125916
1173.0 217207.22393890735
1174.0 265125.6375696075
1175.0 247709.44102643314
1176.0 320012.5981661683
1177.0 525663.3553935521
1178.0 519137.57435964636
1179.0 516531.08088261745
1180.0 492235.8076828704
1181.0 473410.2886772416
1182.0 485422.58884559735
1183.0 239877.97255977086
1184.0 367325.72062407894
1185.0 364182.97515912144
1186.0 474406.07051333576
1187.0 472450.27449640277
1188.0 474914.3458087272
1189.0 474083.233570489
1190.0 471199.57558902976
1191.0 311842.1250979658
1192.0 454382.9859707313
1193.0 436558.1319164955
1194.0 461336.69017329544
1195.0 468538.49465183704
1196.0 453533.0420074162
1197.0 276761.0954832726
1198.0 422049.5147725807
1199.0 449555.28004586865
1200.0 444503.5644170136
1201.0 352449.76265121554
1202.0 309634.51206892217
1203.0 324487.77368018107
1204.0 428142.50734107353
1205.0 460238.51878669526
1206.0 446549.78326222696
1207.0 453760.5505380318
1208.0 407096.28680974105
1209.0 321682.1508599761
1210.0 331045.7034054282
1211.0 418123.3138014727
1212.0 382148.861903536
1213.0 340866.07556710474
1214.0 337999.5748755576
1215.0 319341.17660751095
1216.0 362442.3972383203
1217.0 326156.4441432878
1218.0 273404.2504837702
1219.0 442293.3551978858
1220.0 304380.1886080528
1221.0 438416.97701272514
1222.0 434655.19296449755
1223.0 262366.6225342103
1224.0 426296.8431575566
1225.0 374526.1278428785
1226.0 393873.61807352427
1227.0 444263.0936143795
1228.0 326252.4753288596
1229.0 436264.66886131273
1230.0 402724.9868571634
1231.0 413859.34650482057
1232.0 428183.89206617646
1233.0 418535.11931869807
1234.0 426104.69924908737
1235.0 419610.9347041522
1236.0 407847.3247126029
1237.0 404754.67658406193
1238.0 403992.472000577
1239.0 415613.71032562613
1240.0 436131.7067778314
1241.0 429308.5073422886
1242.0 422029.0728372069
1243.0 447889.8807030194
1244.0 439367.4473955884
1245.0 421156.3572627968
1246.0 362883.9786274427
1247.0 232212.05116219947
1248.0 441579.8867029456
1249.0 440686.3090991797
1250.0 426585.53542572557
1251.0 431418.53413145134
1252.0 398417.63114659337
1253.0 421438.06662400556
1254.0 433323.5440014395
1255.0 425392.7079484081
1256.0 433815.06618811976
1257.0 442246.6939468259
1258.0 442061.9228434175
1259.0 428757.96006153576
1260.0 425213.1071352572
1261.0 436199.7730290723
1262.0 438681.12757529423
1263.0 438691.8668373747
1264.0 389428.03739403334
1265.0 430346.0306389129
1266.0 429176.6965811966
1267.0 419213.73482471675
1268.0 409123.4980076131
1269.0 408049.0238115619
1270.0 424851.04323840124
1271.0 433613.4703455968
1272.0 416250.3095673478
1273.0 392992.9575169463
1274.0 428843.01437276637
1275.0 432605.8153112147
1276.0 431255.8724486856
1277.0 430331.1605286292
1278.0 434331.37268523005
1279.0 430096.18793224025
1280.0 429856.04228122317
1281.0 424781.52398045256
1282.0 420664.2814124893
1283.0 428921.7222823064
1284.0 412480.56962829176
1285.0 429598.01150055666
1286.0 386235.12310672645
1287.0 370156.7927029989
1288.0 428879.83862099046
1289.0 409144.12960759463
1290.0 417605.33612676046
1291.0 401921.4231357064
1292.0 422154.5317552947
1293.0 424362.4953283923
1294.0 399783.4229781904
1295.0 395871.2259839648
1296.0 413780.50160400925
1297.0 402974.8834143148
1298.0 414119.345988253
1299.0 396175.451530863
1300.0 412374.26423933747
1301.0 379524.89857736975
1302.0 405230.65943594597
1303.0 308621.21353221056
1304.0 348414.21856554254
1305.0 417762.9106862892
1306.0 417901.94437342865
1307.0 415943.2943214688
1308.0 418841.12130679877
1309.0 402158.0233537305
1310.0 411223.2942875079
1311.0 409585.9560129553
1312.0 397107.9664453759
1313.0 396450.69477242517
1314.0 411566.60109105456
1315.0 398052.8022131351
1316.0 403365.09218446654
1317.0 408790.95326101215
1318.0 404696.17652486754
1319.0 395847.66232723754
1320.0 409731.46152830345
1321.0 387453.1207695457
1322.0 412997.15319772315
1323.0 356621.38601415633
1324.0 386913.0411028237
1325.0 344523.16146660055
1326.0 388041.370309861
1327.0 409649.2201009646
1328.0 408367.821237725
1329.0 406186.0710939948
1330.0 337954.1973307223
1331.0 394690.83611588145
1332.0 349069.81396704935
1333.0 383611.5819593627
1334.0 407035.90200595587
1335.0 366640.3522237472
1336.0 214089.9392873321
1337.0 399214.087539667
1338.0 404725.16379005276
1339.0 355663.94473294565
1340.0 405657.4171505037
1341.0 399988.8704592731
1342.0 382295.1998167561
1343.0 327764.86048520124
1344.0 358231.93230103987
1345.0 398356.6578362514
1346.0 398495.01453928027
1347.0 397498.27926450793
1348.0 397746.3300043784
1349.0 395155.0864524581
1350.0 330490.5787713461
1351.0 396214.817957891
1352.0 398780.92492808
1353.0 395918.0365345094
1354.0 391975.9739780906
1355.0 346965.04214243253
1356.0 296503.56532425666
1357.0 330155.1752281632
1358.0 368067.6460976422
1359.0 389344.4701478834
1360.0 391434.3231783503
1361.0 358310.1025769098
1362.0 374284.5805847995
1363.0 359227.34161831636
1364.0 361836.76286258886
1365.0 365589.0173597739
1366.0 357549.6360133816
1367.0 382972.596009168
1368.0 377602.85600494855
1369.0 359550.07158945664
1370.0 380030.1307232159
1371.0 368589.6928010297
1372.0 337474.66664765467
1373.0 355553.169710809
1374.0 349266.1514416185
1375.0 339781.1285822014
1376.0 380591.54584466084
1377.0 370977.61164821417
1378.0 330238.6140268995
1379.0 356437.4338667086
1380.0 378059.3048393104
1381.0 382075.0706265319
1382.0 384100.6810565716
1383.0 378844.41322178044
1384.0 351134.1284773641
1385.0 316394.76823252346
1386.0 284463.4641859434
1387.0 218166.15310224713
1388.0 160806.108035555
1389.0 170294.55520165237
1390.0 215050.41615369977
1391.0 243757.6630676619
1392.0 319564.5267130339
1393.0 375163.8106689702
1394.0 452164.07202032354
1395.0 412446.9033928205
1396.0 258718.1606217099
1397.0 190580.84374672757
1398.0 187813.008245732
1399.0 231698.91421596982
1400.0 257630.0297464368
1401.0 303648.3001302164
1402.0 375597.87134694634
1403.0 534679.8994655928
1404.0 475844.32888510183
1405.0 416311.41643698706
1406.0 392026.4163542115
1407.0 359074.62298507284
1408.0 361091.3319381226
1409.0 317487.0561806722
1410.0 349984.22445280483
1411.0 363341.9318222054
1412.0 365038.71348826314
1413.0 360517.16645278357
1414.0 346222.7287568459
1415.0 347506.06855639245
1416.0 359465.13592640427
1417.0 240595.80594938344
1418.0 293842.71902632574
1419.0 359519.863878055
1420.0 349734.7534431285
1421.0 350644.06564280525
1422.0 336764.81014064193
1423.0 316459.88463024277
1424.0 219416.00774233963
1425.0 296805.3526982292
1426.0 331599.73619568354
1427.0 359572.0376288962
1428.0 276216.39112242457
1429.0 293995.5873192814
1430.0 337553.65760307945
1431.0 315275.41585245106
1432.0 296825.34458257817
1433.0 308318.1507904129
1434.0 317535.5839212414
1435.0 337711.8081144845
1436.0 335681.1992979287
1437.0 318414.15455708926
1438.0 314641.98938723514
1439.0 265609.5219230736
1440.0 288295.4796809169
1441.0 315833.0984630414
1442.0 339021.6865159988
1443.0 343988.6056666296
1444.0 339021.2468878845
1445.0 282088.45678757277
1446.0 319500.98520655866
1447.0 345692.24493678065
1448.0 318359.0548150409
1449.0 296694.07889699837
1450.0 340172.72583102173
1451.0 325594.6663471728
1452.0 257670.22100743873
1453.0 302670.7605975914
1454.0 329095.1140085248
1455.0 325629.92424386897
1456.0 310288.6103851442
1457.0 344663.4390324206
1458.0 273205.9687086544
1459.0 304183.6295318078
1460.0 282813.05607945577
1461.0 306323.6679472179
1462.0 326811.79012879374
1463.0 322811.88387683907
1464.0 333224.7990251775
1465.0 322947.0985050263
1466.0 334641.985160939
1467.0 293769.42364451045
1468.0 274141.40233067406
1469.0 210732.77120614998
1470.0 235406.96591285712
1471.0 326546.6714133305
1472.0 287951.10305099824
1473.0 276296.1259303597
1474.0 300833.7621666508
1475.0 332953.6602420511
1476.0 316348.61364393175
1477.0 331436.38521626225
1478.0 289310.0192715794
1479.0 310445.0160668537
1480.0 319929.9538735865
1481.0 335509.0114642332
1482.0 332482.4337434304
1483.0 332113.9282217621
1484.0 317089.1795625654
1485.0 312951.1820445325
1486.0 335407.02522747987
1487.0 335435.1732018399
1488.0 331946.1713880185
1489.0 319359.7390720985
1490.0 323389.479123296
1491.0 330533.8268568298
1492.0 328104.10907062306
1493.0 328100.6761860114
1494.0 324925.8022210544
1495.0 320763.3585752573
1496.0 316580.09812542
1497.0 304527.76166446984
1498.0 235576.16343022123
1499.0 232680.6573258837
1500.0 275350.11444659036
1501.0 284725.8121690445
1502.0 266878.43733065785
1503.0 315003.2616711359
1504.0 282948.9864127528
1505.0 271551.0996914176
1506.0 300540.12343601615
1507.0 331987.8184534293
1508.0 331199.0947793941
1509.0 311917.1729698702
1510.0 328289.13058954634
1511.0 225487.14264766124
1512.0 269534.9485703823
1513.0 306131.7430668005
1514.0 323349.89441996143
1515.0 242122.5115413558
1516.0 304573.2691091066
1517.0 299150.1733118331
1518.0 239783.53238726343
1519.0 299078.0456644442
1520.0 291323.7954635808
1521.0 241550.7244104514
1522.0 273518.8876323119
1523.0 326686.5497458664
1524.0 284215.014197258
1525.0 274588.45812100085
1526.0 299756.4779808263
1527.0 283772.59642374696
1528.0 303935.1254298596
1529.0 341332.7777270967
1530.0 217522.07750429463
1531.0 186423.10836768753
1532.0 295182.6935584167
1533.0 244150.19577930047
1534.0 278309.75015461893
1535.0 311423.31292311475
1536.0 296555.9797499652
1537.0 274073.08121267625
1538.0 235944.4046448823
1539.0 160787.7539621958
1540.0 212335.0316680917
1541.0 124210.38464983646
1542.0 80661.92891382858
1543.0 75110.94230135166
1544.0 65546.53468394908
1545.0 85952.82514184077
1546.0 105315.94053154923
1547.0 135202.81926606596
1548.0 168679.60028566766
1549.0 202878.322896752
1550.0 248044.10392560667
1551.0 333320.97174753447
1552.0 414869.8893446091
1553.0 377325.25203241827
1554.0 362400.9146012934
1555.0 355096.10832382116
1556.0 271165.02157087455
1557.0 222848.55960760053
1558.0 276333.9021501858
1559.0 330774.35909036535
1560.0 281683.1264227783
1561.0 240258.79525372144
1562.0 221393.49457731086
1563.0 285134.267684515
1564.0 290166.23439506773
1565.0 269748.8535824926
1566.0 232581.16343762132
1567.0 272649.99734373536
1568.0 196008.60678229042
1569.0 186984.51331130203
1570.0 245168.27584241188
1571.0 183430.96961299973
1572.0 247214.47557639756
1573.0 305232.92768173455
1574.0 305920.9299562793
1575.0 198884.18033380507
1576.0 265829.2323733123
1577.0 205773.19348561828
1578.0 262755.6043337669
1579.0 281736.0170390432
1580.0 213690.34199717885
1581.0 270366.65212478064
1582.0 291219.9466042038
1583.0 258877.35214381845
1584.0 238506.50661256153
1585.0 207765.32221290303
1586.0 260225.7091824157
1587.0 287458.7163902763
1588.0 280947.8476379201
1589.0 285724.9675875827
1590.0 260922.93605470174
1591.0 259497.84412151706
1592.0 250841.63204291274
1593.0 277824.1385731311
1594.0 264509.13018940174
1595.0 265785.04276065226
1596.0 280425.71695636306
1597.0 279222.3550245474
1598.0 282119.53759271785
1599.0 288574.0963530013
1600.0 278829.67390617845
1601.0 191379.94072236243
1602.0 254996.48313615762
1603.0 183422.25385612273
1604.0 235594.3186639452
1605.0 289053.23050426197
1606.0 261008.73432185868
1607.0 283332.330858372
1608.0 286492.6081102528
1609.0 271744.2717371998
1610.0 188596.55417737763
1611.0 232099.72229167103
1612.0 272010.56636058993
1613.0 252327.71517488212
1614.0 260789.07501031642
1615.0 278199.9375787843
1616.0 282342.64606394456
1617.0 287970.952156481
1618.0 283521.6446624662
1619.0 265404.83492790285
1620.0 241161.411101467
1621.0 209527.4987241516
1622.0 220306.2349214645
1623.0 200817.71132666443
1624.0 202380.74337989636
1625.0 272605.9723192654
1626.0 273039.88376536744
1627.0 275433.01258680964
1628.0 286194.93292951304
1629.0 271760.23246537335
1630.0 254941.52468965948
1631.0 182897.49948532617
1632.0 206154.19883253585
1633.0 296135.8295697956
1634.0 279860.25114239746
1635.0 232842.08882952615
1636.0 223398.8455380583
1637.0 288216.09740249225
1638.0 268821.18052947917
1639.0 284748.9129406959
1640.0 187520.67445062997
1641.0 305445.89816644153
1642.0 298905.6229688356
1643.0 302872.6340624144
1644.0 292556.53888273594
1645.0 254319.29301976034
1646.0 282755.94675071526
1647.0 218995.2309133505
1648.0 271362.2197194647
1649.0 273201.2105702474
1650.0 271034.15103805397
1651.0 285780.71613218484
1652.0 284046.418998363
1653.0 207154.34809128923
1654.0 221874.6323533133
1655.0 278986.0622061224
1656.0 230761.0573934737
1657.0 197882.28250089832
1658.0 252085.6807027635
1659.0 268513.1839087911
1660.0 262607.73238062754
1661.0 233265.25963686945
1662.0 223556.74454413375
1663.0 266501.9199210644
1664.0 258947.8909582
1665.0 201571.95426190735
1666.0 256046.7583257255
1667.0 227786.03909850513
1668.0 165415.30543201254
1669.0 245592.0133829186
1670.0 245549.29725641568
1671.0 244739.3446203493
1672.0 200764.99748517165
1673.0 194201.68664543077
1674.0 242716.9617975605
1675.0 248342.8705823494
1676.0 202681.46543726008
1677.0 219526.77068055698
1678.0 264660.63178207574
1679.0 262814.60727401526
1680.0 264971.34189084143
1681.0 246222.81755214962
1682.0 216960.86659630097
1683.0 259868.0537269427
1684.0 258680.9032529756
1685.0 262864.59449964267
1686.0 244022.45831301284
1687.0 253796.54963732758
1688.0 258734.90009473218
1689.0 261244.68233204368
1690.0 191562.05576523519
1691.0 224877.63083756107
1692.0 255527.99168678137
1693.0 256054.08038608497
1694.0 240317.4625960468
1695.0 225641.34614604243
1696.0 237454.41285912614
1697.0 255739.5198837746
1698.0 235172.78380610349
1699.0 199602.26551588086
1700.0 244517.18735056918
1701.0 212320.33990651145
1702.0 243900.41118574885
1703.0 251797.07917036867
1704.0 211246.2630976248
1705.0 237724.85704742727
1706.0 233442.55467859437
1707.0 170188.0672944819
1708.0 202337.9916070847
1709.0 249137.5592966512
1710.0 248626.6922153327
1711.0 244813.40972315712
1712.0 205309.88324471744
1713.0 154527.96098862533
1714.0 229477.8188737248
1715.0 225228.72086547638
1716.0 182297.11628247894
1717.0 160046.8437232111
1718.0 163775.7712228628
1719.0 230835.79450972486
1720.0 250644.81555375044
1721.0 232049.46816564183
1722.0 200584.09805815548
1723.0 195365.85547886812
1724.0 198459.1310651855
1725.0 180240.4791707117
1726.0 203280.64783304426
1727.0 263273.2620998314
1728.0 258561.62119148675
1729.0 251909.78885366462
1730.0 249265.04509302825
1731.0 214424.7134429965
1732.0 240537.78358505815
1733.0 244538.44547999938
1734.0 241103.36987820733
1735.0 241523.03422896916
1736.0 240842.3658497584
1737.0 246482.35372200224
1738.0 222425.840197676
1739.0 191592.425099399
1740.0 231132.15675413364
1741.0 212106.5389820001
1742.0 221550.3870339988
1743.0 240913.73840567883
1744.0 214995.06106993437
1745.0 194568.51055172112
1746.0 225269.33836311082
1747.0 231172.47124487677
1748.0 235977.2731576533
1749.0 230707.85479652166
1750.0 235342.95182699893
1751.0 238255.40565641737
1752.0 234561.12380038924
1753.0 156250.65550526604
1754.0 222549.12456496293
1755.0 238282.08215119966
1756.0 239498.94419021698
1757.0 240013.60437340403
1758.0 215620.00732314913
1759.0 193522.89438789047
1760.0 203570.99599869584
1761.0 215075.2155511785
1762.0 236517.0045813357
1763.0 192744.77758092398
1764.0 222024.90478115866
1765.0 237442.22713920852
1766.0 234665.63496049264
1767.0 232172.95006297366
1768.0 228037.10312236514
1769.0 208530.035018842
1770.0 183630.20376531495
1771.0 232473.44311923027
1772.0 198601.6241560395
1773.0 216113.22187068287
1774.0 231669.78879516368
1775.0 210655.68947874696
1776.0 208234.48704034404
1777.0 231326.29143995736
1778.0 227547.53323192193
1779.0 221258.59749576397
1780.0 229391.78620165715
1781.0 222785.4253401366
1782.0 192582.08443297027
1783.0 174389.7732101094
1784.0 220617.3078551395
1785.0 210176.2569670638
1786.0 221169.91158738965
1787.0 229053.26319966937
1788.0 217869.19879574986
1789.0 202246.1403883645
1790.0 225111.62923011376
1791.0 195896.76970519658
1792.0 145638.67403161962
1793.0 199307.6724653951
1794.0 224409.7222929614
1795.0 224642.37038658475
1796.0 228355.64831507314
1797.0 223044.83404607407
1798.0 212237.6657412988
1799.0 207421.77957565902
1800.0 201486.57651221508
1801.0 222625.6019388352
1802.0 227023.2899947979
1803.0 222193.0395640423
1804.0 212034.51486917492
1805.0 199160.32284932633
1806.0 207904.51992679943
1807.0 220494.1925990486
1808.0 213485.1996949269
1809.0 224933.90861161173
1810.0 226693.41291988402
1811.0 218979.9315955094
1812.0 170995.9145113187
1813.0 169381.88406525843
1814.0 220161.43640821477
1815.0 219097.32372375144
1816.0 184942.21667550062
1817.0 212185.52957919333
1818.0 230852.89039177168
1819.0 223286.39558724905
1820.0 206458.81856326494
1821.0 179189.1273989064
1822.0 170204.13599356142
1823.0 229123.84714327363
1824.0 233361.12991309783
1825.0 222039.95755584256
1826.0 182548.11065263083
1827.0 172777.71666177554
1828.0 201818.6764730151
1829.0 233266.85041043803
1830.0 211740.21317151515
1831.0 210645.5992000563
1832.0 219142.49995536817
1833.0 212635.21451378005
1834.0 210758.9553144951
1835.0 209449.58585307584
1836.0 218879.71483951173
1837.0 214994.249403672
1838.0 206790.25826633058
1839.0 211660.32122687678
1840.0 153052.13398936056
1841.0 194226.1815607439
1842.0 207907.9354723149
1843.0 202811.66028263123
1844.0 198251.48193772798
1845.0 198579.90553564765
1846.0 212998.42150276114
1847.0 217861.08843845845
1848.0 205252.16112736083
1849.0 176312.53966187866
1850.0 151792.73760109438
1851.0 179308.9323603006
1852.0 220619.31479263215
1853.0 204113.92610981813
1854.0 168441.550854838
1855.0 191994.70882683047
1856.0 213248.1580287279
1857.0 214571.21458348611
1858.0 188812.43371833433
1859.0 174659.32647426362
1860.0 166544.91220543763
1861.0 211128.81886829383
1862.0 216836.62616629718
1863.0 199066.51682289116
1864.0 200331.13192767688
1865.0 204485.52031086796
1866.0 207884.4574960016
1867.0 201937.61452664135
1868.0 211276.96298837688
1869.0 212592.75500979478
1870.0 204830.2353410367
1871.0 204946.18409984148
1872.0 190673.29014374578
1873.0 166877.31397189942
1874.0 172604.6132398212
1875.0 203498.01675181946
1876.0 201501.36679010603
1877.0 201951.23486475673
1878.0 200756.08178591394
1879.0 214174.91175517495
1880.0 210150.71526865137
1881.0 194701.54784579074
1882.0 183912.74011334218
1883.0 191759.0001307605
1884.0 189788.18298106384
1885.0 173360.6864405855
1886.0 195892.7138717648
1887.0 181156.5155857351
1888.0 193473.80451604543
1889.0 180410.21245244355
1890.0 168733.58844301532
1891.0 170319.58217146478
1892.0 195227.0300025288
1893.0 185713.5266190252
1894.0 187240.0288341277
1895.0 169040.7287266385
1896.0 190949.56693082873
1897.0 218705.14637781848
1898.0 211650.55577319118
1899.0 179464.15503714644
1900.0 209966.4980199955
1901.0 178585.16871217598
1902.0 184343.1238600471
1903.0 191581.14782029702
1904.0 186851.07460795273
1905.0 209036.3819105624
1906.0 204171.96453384848
1907.0 200835.3075065787
1908.0 201479.584046868
1909.0 197532.2186453084
1910.0 194728.2036734695
1911.0 206513.20120341214
1912.0 208204.68642576752
1913.0 194544.22357386939
1914.0 186709.9163125343
1915.0 186543.31067873022
1916.0 185171.8218656133
1917.0 201688.36612683773
1918.0 186040.4121400991
1919.0 187818.83731682433
1920.0 192430.93270712142
1921.0 193795.00579298945
1922.0 180266.63283354402
1923.0 123159.35614716758
1924.0 168913.82074625138
1925.0 192105.51454937865
1926.0 187546.83202641527
1927.0 198173.24680220996
1928.0 190742.7366336615
1929.0 173947.69833908023
1930.0 167881.6438708731
1931.0 139073.25321589183
1932.0 157704.24297469863
1933.0 195289.65776273154
1934.0 202675.4088097096
1935.0 203651.32840600648
1936.0 181897.1706276144
1937.0 180632.03391933546
1938.0 174636.47245620925
1939.0 156054.49145476642
1940.0 158350.7434285709
1941.0 202861.55184792756
1942.0 208890.72423078542
1943.0 203737.52946422846
1944.0 199252.75530535245
1945.0 198580.5419406316
1946.0 194570.6194324017
1947.0 191996.39688195067
1948.0 189333.5167570577
1949.0 191330.78148037416
1950.0 180648.48776064717
1951.0 128864.34533787184
1952.0 180947.82158599314
1953.0 161608.67537156184
1954.0 146912.58951855116
1955.0 161888.70312106443
1956.0 154342.86317417864
1957.0 157959.1168402594
1958.0 177255.32522711213
1959.0 188298.79458691643
1960.0 183515.43977354356
1961.0 161815.08684130062
1962.0 188460.19099981195
1963.0 185796.907107722
1964.0 180571.76666684012
1965.0 190127.93720440782
1966.0 188019.85798713047
1967.0 192044.21825370254
1968.0 186631.2563232652
1969.0 190362.84208433176
1970.0 189802.2508726488
1971.0 191242.15324661927
1972.0 176161.88915699
1973.0 191320.50026961078
1974.0 193126.67644096405
1975.0 189041.6094802153
1976.0 180193.48155700872
1977.0 187237.8199314066
1978.0 191478.95975710673
1979.0 178349.04996713213
1980.0 182234.5391256088
1981.0 189814.15164980412
1982.0 182650.91744391754
1983.0 187168.9171964103
1984.0 176595.2196494203
1985.0 178493.0438165298
1986.0 187243.89605091859
1987.0 172537.9622315778
1988.0 190995.64465176122
1989.0 195928.02670985693
1990.0 188273.14744882414
1991.0 187679.29448463238
1992.0 151579.77518311056
1993.0 158318.76970060097
1994.0 174284.05980160204
1995.0 193055.3010713305
1996.0 192071.38559897512
1997.0 192176.1880441384
1998.0 188613.11898327374
1999.0 165451.12761997792
2000.0 154399.3918631015
2001.0 158702.86128395586
2002.0 153465.52340948046
2003.0 161519.73443867805
2004.0 175735.36544641436
2005.0 174170.3540498286
2006.0 161289.818200221
2007.0 182590.00459762933
2008.0 188521.33565704382
2009.0 188399.9623978751
2010.0 183780.8694928115
2011.0 166257.92223234125
2012.0 166212.1550483304
2013.0 155770.071054358
2014.0 166718.11126900688
2015.0 183246.4473003127
2016.0 180684.51392427183
2017.0 182203.25544510904
2018.0 178874.85748610387
2019.0 179383.47643361185
2020.0 182139.39712058567
2021.0 180711.17647381383
2022.0 180366.13840719228
2023.0 179240.56740517975
2024.0 176395.111899657
2025.0 180413.0172937719
2026.0 165891.8455144659
2027.0 176384.44941227898
2028.0 177346.8215604385
2029.0 177060.6833992004
2030.0 177242.0204931487
2031.0 178823.6063757095
2032.0 177914.35883711296
2033.0 168616.44746170196
2034.0 159951.57023291916
2035.0 152920.5456430533
2036.0 170954.04538107716
2037.0 173580.41027368428
2038.0 166862.22103504205
2039.0 170413.30539102337
2040.0 135903.9396746256
2041.0 140538.72716003566
2042.0 163119.79827780227
2043.0 179005.34974408604
2044.0 174059.55145792218
2045.0 168931.5432128146
2046.0 164648.22915431287
2047.0 163164.00254685042
2048.0 169049.80115272978
2049.0 177448.0530165036
2050.0 174177.41839410036
2051.0 176156.4756955734
2052.0 172429.5301873495
2053.0 172323.99729168182
2054.0 175348.585800257
2055.0 173490.80852066338
2056.0 164264.31935576224
2057.0 150759.70841748847
2058.0 168417.44655117506
2059.0 174853.78970716844
2060.0 177794.09857282706
2061.0 172222.9481018921
2062.0 143154.46775107406
2063.0 163992.23475148162
2064.0 171429.3880035135
2065.0 171791.1332365457
2066.0 171678.19222379779
2067.0 169950.3321177101
2068.0 169537.917436766
2069.0 170864.53778986633
2070.0 175664.9326760309
2071.0 135289.5754720855
2072.0 154179.6195750526
2073.0 172685.4319478859
2074.0 171368.96086864837
2075.0 171346.4650051625
2076.0 174642.72168686177
2077.0 161810.3801831395
2078.0 152345.1457460502
2079.0 172046.0965973258
2080.0 170754.6050380083
2081.0 172836.42213042855
2082.0 174289.4811347383
2083.0 168429.1242495464
2084.0 156872.17373850237
2085.0 141051.08297999183
2086.0 154393.54540343187
2087.0 168817.76824085004
2088.0 171220.27052937722
2089.0 173627.1258991641
2090.0 150537.60384197274
2091.0 118584.45767718744
2092.0 144313.8690311251
2093.0 164823.68818919596
2094.0 167076.8703666155
2095.0 166219.02828240028
2096.0 168422.71770783412
2097.0 169501.547407694
2098.0 166860.5732107674
2099.0 169559.6536269127
2100.0 147230.23492976776
2101.0 165022.24503531677
2102.0 177010.90654341417
2103.0 179012.65617411849
2104.0 173702.85958819417
2105.0 185653.1334946655
2106.0 189142.73133769596
2107.0 174829.8153464887
2108.0 135741.58371576006
2109.0 159513.49889685246
2110.0 176962.73847487854
2111.0 183235.53022727725
2112.0 183289.80474250246
2113.0 178086.89413261152
2114.0 163351.65508175886
2115.0 157630.08465872175
2116.0 173319.7288669207
2117.0 157336.52223262528
2118.0 160052.9792442524
2119.0 165662.41236984107
2120.0 169680.22880681162
2121.0 164705.13271171963
2122.0 165600.5736214476
2123.0 165745.0844626441
2124.0 162216.20582356793
2125.0 163872.63408259413
2126.0 164232.7711133779
2127.0 166052.4958939877
2128.0 165602.25567756247
2129.0 165638.49738270164
2130.0 164090.71760918305
2131.0 164037.47055925525
2132.0 163983.14539399353
2133.0 165233.9392617118
2134.0 165016.06992407737
2135.0 163600.74339463675
2136.0 162672.11426134547
2137.0 162152.18025648087
2138.0 161218.57069923583
2139.0 165472.36437255074
2140.0 163603.05453701917
2141.0 164327.47692607192
2142.0 162983.43354185898
2143.0 162837.77854724127
2144.0 162824.0412617848
2145.0 157557.13179447752
2146.0 164127.1427690202
2147.0 158860.05994047716
2148.0 161194.43168270384
2149.0 162018.3830479958
2150.0 163334.93134364023
2151.0 163022.8718004784
2152.0 163216.77453511307
2153.0 161022.31292369406
2154.0 162268.56968052723
2155.0 162328.51948275024
2156.0 162884.13115268634
2157.0 161718.81125440236
2158.0 160912.4805776186
2159.0 160105.64711347743
2160.0 162020.21287245047
2161.0 162691.47800136855
2162.0 156278.24580736904
2163.0 161190.16412191905
2164.0 162061.66157514948
2165.0 159856.65591038656
2166.0 160225.08855695714
2167.0 159059.21419384444
2168.0 160211.59256869022
2169.0 160029.67583776015
2170.0 160798.69140731698
2171.0 160783.6490452139
2172.0 160117.78162084243
2173.0 161192.07471840113
2174.0 160068.56129729445
2175.0 159377.39873088946
2176.0 157930.08424316027
2177.0 159717.44339069034
2178.0 157359.40699960937
2179.0 160881.41111671185
2180.0 155640.96747443842
2181.0 156708.70376291504
2182.0 158047.17208968085
2183.0 159353.37897783
2184.0 159159.65644471574
2185.0 159286.2985335936
2186.0 156389.89244728105
2187.0 159211.15884589878
2188.0 158014.19325931743
2189.0 159726.39822776406
2190.0 158442.92386646938
2191.0 159310.13571766726
2192.0 156582.022343069
2193.0 155173.7903834266
2194.0 157554.39876330883
2195.0 158466.3183480829
2196.0 158783.86285366066
2197.0 158811.77841147294
2198.0 158258.69033357996
2199.0 158250.83625033806
2200.0 158482.12879091414
2201.0 156862.42023675362
2202.0 154042.98462306033
2203.0 157115.22971748534
2204.0 155693.1150064549
2205.0 158132.74810564186
2206.0 157963.61362805133
2207.0 156712.01363050684
2208.0 157109.3230473158
2209.0 155698.1829457526
2210.0 156906.39072845245
2211.0 153517.21651527443
2212.0 155328.5802231796
2213.0 155865.94451250666
2214.0 156248.5719185746
2215.0 156182.1410874875
2216.0 155371.27053671042
2217.0 154490.62949420372
2218.0 156344.96995141119
2219.0 153954.6412145558
2220.0 156209.46885742192
2221.0 152358.5203823885
2222.0 154857.87438906694
2223.0 154927.80188863722
2224.0 155438.19506893074
2225.0 153222.5576433478
2226.0 155459.64037088616
2227.0 151917.39065186144
2228.0 151960.4633793749
2229.0 154653.98417346066
2230.0 154000.64642613684
2231.0 154978.26943722242
2232.0 154846.7353452236
2233.0 153909.95512319953
2234.0 155072.35737733444
2235.0 155097.4327109889
2236.0 155332.80004327162
2237.0 155059.0801714965
2238.0 154872.4452549133
2239.0 152014.68147788526
2240.0 154715.14553150762
2241.0 154263.8038955385
2242.0 152538.7246014253
2243.0 153922.11107261805
2244.0 152952.72877131146
2245.0 149976.1421123593
2246.0 153751.02353908352
2247.0 154879.1800716688
2248.0 153430.7240420889
2249.0 153616.98953712097
2250.0 151987.63359296558
2251.0 153152.66698974554
2252.0 153071.3827584033
2253.0 152490.48894178565
2254.0 153042.99838265742
2255.0 153915.31367330434
2256.0 153572.68151436892
2257.0 152906.6969536923
2258.0 152274.872559106
2259.0 153687.00266574626
2260.0 152784.60943978056
2261.0 151611.06810562348
2262.0 152896.16565371712
2263.0 152994.71385247403
2264.0 151652.74201587818
2265.0 150705.62958611612
2266.0 152299.05918920887
2267.0 151459.33329950063
2268.0 152098.3015803121
2269.0 151386.71706611002
2270.0 152508.35480556905
2271.0 148509.78333299383
2272.0 152511.0224119053
2273.0 151677.4407778081
2274.0 150460.3889969538
2275.0 152385.14736401712
2276.0 150962.06706826107
2277.0 149454.57318437457
2278.0 148782.74333692266
2279.0 149496.1051179603
2280.0 151671.31881543345
2281.0 151309.67860345033
2282.0 152008.12861094135
2283.0 150821.8319889948
2284.0 150504.62464134456
2285.0 150326.42017632586
2286.0 151486.7538796564
2287.0 149932.51070233659
2288.0 149881.9975415793
2289.0 150933.45703352787
2290.0 149155.71883574603
2291.0 150888.0705939667
2292.0 150105.86594198056
2293.0 149890.49453112207
2294.0 148781.98422691168
2295.0 150267.18323125396
2296.0 150956.8909117221
2297.0 149928.8811931577
2298.0 147974.8913260517
2299.0 147780.9105135708
2300.0 152011.69483693838
2301.0 150031.6652667036
2302.0 150976.07128287375
2303.0 150945.72691143453
2304.0 148671.69225030643
2305.0 150716.45018204348
2306.0 149491.19739903157
2307.0 150317.85649753409
2308.0 148630.3697339514
2309.0 149708.83797401105
2310.0 150939.63691338754
2311.0 150352.2106241911
2312.0 147450.54794780436
2313.0 147533.47781040016
2314.0 148690.43363699518
2315.0 150140.62687236269
2316.0 149654.5559159592
2317.0 149696.54316972417
2318.0 146979.17083990987
2319.0 147019.1923583585
2320.0 145374.89480817656
2321.0 148310.94975310075
2322.0 148970.23386871928
2323.0 145228.40099299158
2324.0 148448.98247024897
2325.0 146408.18366549307
2326.0 145847.37117866942
2327.0 145818.63954439372
2328.0 146285.78965276096
2329.0 148951.9906708925
2330.0 147369.0451542414
2331.0 147649.89802684193
2332.0 141658.5197928172
2333.0 147636.27527253414
2334.0 148513.23284329477
2335.0 144888.09007025478
2336.0 148479.99727885396
2337.0 147700.82444312432
2338.0 147635.17663873435
2339.0 148031.31078449087
2340.0 148349.5745743786
2341.0 147361.14312000395
2342.0 147420.53371450183
2343.0 148046.47031080237
2344.0 147022.3302361304
2345.0 145280.59904356505
2346.0 143868.4691404764
2347.0 148012.04014406816
2348.0 148980.5421612248
2349.0 142523.7226627234
2350.0 148296.94263424445
2351.0 147217.50997046672
2352.0 146414.2519046752
2353.0 146398.11820993017
2354.0 148012.40430674446
2355.0 147740.05993817476
2356.0 143839.92898531404
2357.0 146590.5132082919
2358.0 148556.57484681613
2359.0 149393.19432607872
2360.0 147532.25644667822
2361.0 143912.33844057922
2362.0 148865.53653038671
2363.0 148289.15247808697
2364.0 147753.6016900606
2365.0 147897.27828837236
2366.0 145189.9445030561
2367.0 146569.89167501914
2368.0 146176.3315701502
2369.0 146809.18020377128
2370.0 145069.16977560753
2371.0 146475.38514227266
2372.0 146725.83003960756
2373.0 146855.85793518447
2374.0 147005.33513019147
2375.0 144679.21725169613
2376.0 142544.42538437183
2377.0 146458.74859341182
2378.0 147656.3428014943
2379.0 147358.40420155704
2380.0 142358.0479517633
2381.0 146881.08431252124
2382.0 147676.8773738614
2383.0 144061.7573348004
2384.0 143491.54392172094
2385.0 145513.3891746207
2386.0 148811.660439398
2387.0 147120.11048264377
2388.0 146100.91887742153
2389.0 144491.67626136803
2390.0 146770.45400959623
2391.0 145812.79513852912
2392.0 145811.75369715132
2393.0 145949.1177388776
2394.0 146804.52940502972
2395.0 146247.51707097152
2396.0 145210.85103730566
2397.0 147095.0094563428
2398.0 147352.7530276279
2399.0 147401.52628354126
2400.0 141781.4337595691
2401.0 144145.13639771705
2402.0 145971.0210468729
2403.0 143691.96939465345
2404.0 147407.18081113586
2405.0 144091.49224602006
2406.0 145432.1965577572
2407.0 144592.26350117335
2408.0 144789.77501731963
2409.0 145506.049866248
2410.0 144186.0132408188
2411.0 142424.21874995527
2412.0 144842.50155947686
2413.0 145724.05590793391
2414.0 142094.12572911943
2415.0 145735.32851175312
2416.0 145152.8660485355
2417.0 143511.81614741133
2418.0 147197.44486572623
2419.0 145059.93512071352
2420.0 146943.80533777288
2421.0 146572.50693944382
2422.0 146918.69542631437
2423.0 147498.31127253553
2424.0 144790.24301176125
2425.0 142806.8933417698
2426.0 145713.079707309
2427.0 146666.42274851893
2428.0 143569.11390504913
2429.0 142727.2366642695
2430.0 143850.0725779058
2431.0 144461.43519236037
2432.0 144859.502436283
2433.0 142427.469342799
2434.0 145368.7626930665
2435.0 143241.49834925268
2436.0 145197.96255636573
2437.0 143842.0498948175
2438.0 141277.56724091814
2439.0 143042.43248789132
2440.0 141961.8919283202
2441.0 143378.23691328717
2442.0 144432.7128528902
2443.0 144602.09641065367
2444.0 144987.74546935453
2445.0 143146.13507046975
2446.0 143553.02539636687
2447.0 141903.94406579202
2448.0 139647.09936923083
2449.0 143627.30575104366
2450.0 142695.52091635804
2451.0 140308.99616466978
2452.0 140784.74714411845
2453.0 143151.49286313742
2454.0 143020.9224064374
2455.0 142955.27550427907
2456.0 143825.84437827815
2457.0 143978.32970538898
2458.0 143140.6270730244
2459.0 143907.7410339154
2460.0 142133.96933768617
2461.0 142724.14804700197
2462.0 140256.447160844
2463.0 143004.05555908405
2464.0 141497.07361868283
2465.0 143215.27995120076
2466.0 141800.20822092163
2467.0 143082.66885595818
2468.0 144658.28076316701
2469.0 141577.43600088268
2470.0 143198.8339734974
2471.0 144064.1392421797
2472.0 143743.12733461946
2473.0 142993.1530802465
2474.0 140901.19050504695
2475.0 143882.84035896097
2476.0 143198.67488235052
2477.0 142334.71305860224
2478.0 142415.2029173938
2479.0 141281.61224011044
2480.0 140935.01488375294
2481.0 140970.61833806027
2482.0 142938.5690586528
2483.0 139576.0567191967
2484.0 141838.97882154508
2485.0 138872.40528437492
2486.0 142946.25906293196
2487.0 140131.42493492333
2488.0 142902.39186170447
2489.0 141780.25992410586
2490.0 142311.95734326812
2491.0 143011.62490343774
2492.0 139803.5282654758
2493.0 142193.08699992643
2494.0 135663.41263740315
2495.0 142601.9215924077
2496.0 143264.19826309095
2497.0 142460.5384631132
2498.0 141860.62150367105
2499.0 142082.84999056777
2500.0 143179.37736384594
