WAVE FLUX
900.0 265300.6629252501
901.0 265000.6822631044
902.0 264400.7050725853
903.0 265400.73218561313
904.0 259000.73729347298
905.0 264700.7721453444
906.0 257400.7689628727
907.0 264400.8093083729
908.0 264000.83118324424
909.0 264300.8552532609
910.0 262700.83557221695
911.0 263400.6302383159
912.0 738236.889090497
913.0 728965.1643522292
914.0 677938.0159053552
915.0 738893.2780465039
916.0 715985.6509586475
917.0 727390.4404829992
918.0 722755.7713596197
919.0 654425.5089531103
920.0 681000.2840371549
921.0 182607.38307952127
922.0 530001.0467630818
923.0 454506.63416946196
924.0 498077.2448493947
925.0 719348.9465799795
926.0 669167.4648881563
927.0 704272.0366704629
928.0 697180.2288313807
929.0 558129.1338576131
930.0 459468.0018377731
931.0 403392.0300999037
932.0 550485.9573823403
933.0 646287.3601719678
934.0 873943.4596798356
935.0 783651.5363248346
936.0 738538.9531422762
937.0 622924.335044579
938.0 284075.43842139427
939.0 688992.9624577002
940.0 667712.2528559874
941.0 577715.2474646034
942.0 561024.1165308356
943.0 585911.6274607183
944.0 635503.7533499831
945.0 817579.7101323875
946.0 755544.397656675
947.0 720337.63074397
948.0 677903.7202877569
949.0 516746.67493170983
950.0 268114.94178475573
951.0 665561.0872257001
952.0 673864.878665364
953.0 680646.1799468466
954.0 684864.0878057273
955.0 670780.9289330057
956.0 702206.3241944553
957.0 698071.6310964944
958.0 694966.3450645603
959.0 454677.3331903017
960.0 693778.5476535299
961.0 696105.9056089337
962.0 691301.0811530009
963.0 688505.3688068248
964.0 673352.0844347929
965.0 686632.0227348971
966.0 682831.8080653055
967.0 665678.4942463983
968.0 655668.8446111856
969.0 655104.2231237106
970.0 648613.3159535498
971.0 644944.1606514369
972.0 564984.8921001763
973.0 623327.800945267
974.0 604605.1643336128
975.0 621465.3528095203
976.0 634504.8082885101
977.0 653576.1325684229
978.0 637572.2631384924
979.0 656542.2957510387
980.0 658741.1104988945
981.0 637535.9728282549
982.0 659442.8980012775
983.0 660595.6724709027
984.0 643894.0009696565
985.0 642668.7462825314
986.0 556647.9325486145
987.0 594189.9530522178
988.0 639677.8652879184
989.0 622395.9794029046
990.0 420118.99942364177
991.0 574145.7522210934
992.0 657720.1309323808
993.0 650290.2386765871
994.0 648636.5216223483
995.0 567868.8980943122
996.0 625216.0192096725
997.0 583068.1146019541
998.0 620740.4100938877
999.0 639712.7182164402
1000.0 644641.1696321609
1001.0 633898.4769270841
1002.0 632102.078650594
1003.0 637422.7734635078
1004.0 637732.2341321238
1005.0 628987.2418592161
1006.0 522097.6668722636
1007.0 617991.247703006
1008.0 575928.6934812283
1009.0 619576.0701011145
1010.0 516364.71540090506
1011.0 614851.4193962305
1012.0 616280.9656248095
1013.0 560071.9660420066
1014.0 618730.2054754146
1015.0 603053.387081654
1016.0 571280.5320099496
1017.0 600331.718652237
1018.0 556754.3874746197
1019.0 598576.3035478556
1020.0 574550.39956716
1021.0 562218.9406072625
1022.0 575639.5760592369
1023.0 565634.432149849
1024.0 567903.3582680008
1025.0 447383.08873370796
1026.0 269051.04852541984
1027.0 570276.7657603902
1028.0 571058.3620781028
1029.0 565592.0042931323
1030.0 555627.0868840273
1031.0 517959.71047125116
1032.0 574867.9668003066
1033.0 587102.0359477176
1034.0 556282.4863860456
1035.0 555770.8064862085
1036.0 561502.0248000312
1037.0 439477.1239745318
1038.0 566174.9864070218
1039.0 588627.804955774
1040.0 586618.7350432712
1041.0 589428.0541783648
1042.0 590633.6053811575
1043.0 591637.9465593403
1044.0 589934.4084809419
1045.0 587534.9319599023
1046.0 586141.410873396
1047.0 585653.3085528621
1048.0 584762.5702203776
1049.0 583469.324162058
1050.0 581672.9218666075
1051.0 579373.8648220372
1052.0 579188.2740976226
1053.0 575782.6367794152
1054.0 574892.4996074728
1055.0 569472.1546363825
1056.0 563649.015330767
1057.0 570304.4665767072
1058.0 571543.966074673
1059.0 568675.1763582302
1060.0 559061.7027293097
1061.0 548238.5188574594
1062.0 538664.2178208153
1063.0 370845.1631827122
1064.0 558771.241093817
1065.0 557671.3142880609
1066.0 540793.3537291951
1067.0 553411.1149981187
1068.0 546900.9768754616
1069.0 521032.39144972526
1070.0 547716.1007044368
1071.0 548423.7095938353
1072.0 544601.5212626873
1073.0 538062.9434999329
1074.0 538975.025771941
1075.0 545525.6357918066
1076.0 548361.172853102
1077.0 547575.6988262036
1078.0 523126.1346872902
1079.0 542783.1250539304
1080.0 538983.3184568479
1081.0 536492.3853011805
1082.0 534404.068915475
1083.0 524739.6500228135
1084.0 535099.1862342784
1085.0 503360.3960744491
1086.0 541112.9746168052
1087.0 541352.4618866886
1088.0 534041.5987235183
1089.0 522196.6370043858
1090.0 524943.9976014331
1091.0 529776.2553084099
1092.0 531787.8342971969
1093.0 529266.2750531295
1094.0 531003.4139068418
1095.0 528523.033532207
1096.0 525941.5346235282
1097.0 515197.0169504316
1098.0 503904.4683188302
1099.0 523847.62600528344
1100.0 523134.85179414053
1101.0 522937.85996359185
1102.0 521050.118575162
1103.0 518356.0287080266
1104.0 512336.1111724927
1105.0 519459.7565196995
1106.0 517424.135535825
1107.0 514072.2213887851
1108.0 382480.28824166255
1109.0 502107.064377077
1110.0 504200.68774663087
1111.0 502761.2216661195
1112.0 499612.5263114663
1113.0 498823.6491309805
1114.0 499647.78294202563
1115.0 496035.8804249277
1116.0 494323.1764496008
1117.0 498042.96887398907
1118.0 497125.0543197734
1119.0 503264.167805239
1120.0 503895.4651871883
1121.0 496063.4967649031
1122.0 493372.96817248594
1123.0 491789.1562054735
1124.0 345079.7586220957
1125.0 433430.2103656719
1126.0 490321.58101024653
1127.0 487219.27876186045
1128.0 397492.0313564126
1129.0 409426.17594161024
1130.0 469379.5513353448
1131.0 484714.4546474016
1132.0 488022.25417660095
1133.0 488404.5829069405
1134.0 488080.82877017406
1135.0 485063.5464113049
1136.0 489112.58235256793
1137.0 487513.0394322042
1138.0 484605.00102064223
1139.0 460657.29767616524
1140.0 458901.6851130837
1141.0 475814.8959162944
1142.0 456891.00903574075
1143.0 474668.664452074
1144.0 466205.0911421387
1145.0 441086.68916776124
1146.0 474798.1600601094
1147.0 474677.29101574863
1148.0 473849.9449076928
1149.0 472013.44394444907
1150.0 469388.61801235884
1151.0 468087.3174122193
1152.0 470621.1712535945
1153.0 471136.5603508609
1154.0 468639.5362003221
1155.0 465237.85815267876
1156.0 457293.08943751856
1157.0 461966.5679439742
1158.0 461880.9562492969
1159.0 456241.5697487921
1160.0 456356.7719555515
1161.0 460209.323311189
1162.0 445399.91679085075
1163.0 456944.69207318604
1164.0 450514.9982106543
1165.0 450901.2721700777
1166.0 455126.83092233195
1167.0 453794.8963725812
1168.0 457318.4818770305
1169.0 329086.21124028735
1170.0 449406.4716184795
1171.0 442492.5967789617
1172.0 445186.9367001807
1173.0 440829.729827321
1174.0 435618.3655930807
1175.0 226191.63755446885
1176.0 224041.85907080755
1177.0 405678.39358665736
1178.0 442276.7381469882
1179.0 446089.5273432612
1180.0 444634.5177246366
1181.0 444346.125544703
1182.0 444301.6945703468
1183.0 300556.4972750868
1184.0 371813.4550776185
1185.0 360545.2976298371
1186.0 438301.25435362285
1187.0 436882.15564120264
1188.0 434857.55743596464
1189.0 432794.07784393727
1190.0 430402.22532299673
1191.0 403844.05313832825
1192.0 426325.1999506378
1193.0 423546.1506031969
1194.0 422695.6817752156
1195.0 423058.89799090184
1196.0 421398.676906485
1197.0 378117.0953846798
1198.0 419815.3150856423
1199.0 420737.241714277
1200.0 418421.13336561114
1201.0 385351.7329210244
1202.0 401870.6450460272
1203.0 408270.7903311893
1204.0 406574.6197717496
1205.0 402201.22843808675
1206.0 395011.26507257216
1207.0 394502.4174589083
1208.0 383355.75149775174
1209.0 360372.9058518186
1210.0 375350.1812101116
1211.0 388401.3012437628
1212.0 388383.548571313
1213.0 385943.27744068176
1214.0 392979.80589047074
1215.0 310485.61489317694
1216.0 323483.86302794755
1217.0 389394.26855006075
1218.0 355049.8210132406
1219.0 395340.39202804724
1220.0 383672.6154410999
1221.0 395643.0613371984
1222.0 402214.9303243543
1223.0 374224.58606458036
1224.0 401494.8396665563
1225.0 399187.90734157036
1226.0 401214.7631887721
1227.0 405457.5984019761
1228.0 390697.85358002066
1229.0 406233.24988029484
1230.0 395614.3437324497
1231.0 399870.80542686005
1232.0 387265.1272921833
1233.0 373732.27452835295
1234.0 358352.7885808397
1235.0 341809.7037011543
1236.0 325078.82486684417
1237.0 320659.8222895024
1238.0 345544.9376025618
1239.0 407880.76992725366
1240.0 408176.03518455377
1241.0 392523.76322185254
1242.0 415634.14375476167
1243.0 498905.0605585835
1244.0 498296.936916694
1245.0 478664.6518713483
1246.0 456958.89198745025
1247.0 422686.12579653744
1248.0 431273.7571211378
1249.0 429014.1743794088
1250.0 416605.092752411
1251.0 422073.9622031842
1252.0 430410.5475157496
1253.0 421913.48495796433
1254.0 434743.8178442573
1255.0 433687.5697380615
1256.0 432964.91699161683
1257.0 432924.2094917979
1258.0 432937.4401063983
1259.0 431523.93682759086
1260.0 431838.225146541
1261.0 433196.0696889383
1262.0 433969.0143171511
1263.0 433562.76536316396
1264.0 427622.6684817912
1265.0 433193.83801569376
1266.0 434770.52922214434
1267.0 434675.5198044913
1268.0 430769.5744936598
1269.0 434225.41892514477
1270.0 434705.6747367159
1271.0 439737.80889790406
1272.0 439351.00211945886
1273.0 436669.8095441059
1274.0 438194.6566894566
1275.0 439873.9097216344
1276.0 440612.4385991584
1277.0 441835.48353286315
1278.0 439524.4127100122
1279.0 441462.32807257207
1280.0 439824.9879336309
1281.0 438174.7727635989
1282.0 438849.91824578226
1283.0 442608.42667394533
1284.0 442044.49667592935
1285.0 446555.81693695555
1286.0 446111.3397745782
1287.0 439176.097448072
1288.0 449607.418138261
1289.0 446565.84958057466
1290.0 444380.9346200358
1291.0 436885.18432767404
1292.0 441983.5012979989
1293.0 441876.8886892236
1294.0 440370.94874536
1295.0 437202.9490201804
1296.0 443208.3882393813
1297.0 429854.82611319545
1298.0 442538.5521026875
1299.0 440910.6251493077
1300.0 443641.8732968935
1301.0 431889.18924320675
1302.0 440806.2778422698
1303.0 422136.5013590945
1304.0 428720.39678306336
1305.0 442615.217046597
1306.0 443113.733696414
1307.0 443221.24750431697
1308.0 447502.4948697344
1309.0 448107.49034042656
1310.0 449136.1527404299
1311.0 450164.1398396429
1312.0 448166.8514084895
1313.0 442989.14756149997
1314.0 447885.0349736054
1315.0 446585.2414976119
1316.0 447796.5925806518
1317.0 445692.4073966603
1318.0 446846.46105616086
1319.0 449344.3548380216
1320.0 448245.6254813498
1321.0 446202.87097569415
1322.0 447497.8760200384
1323.0 398392.30411832687
1324.0 438829.0061515912
1325.0 442351.4203181397
1326.0 438721.6669943508
1327.0 446841.94980137417
1328.0 446722.4765011902
1329.0 446192.9965438625
1330.0 445387.65434658626
1331.0 442831.0522713121
1332.0 435499.4055850252
1333.0 449460.8519658706
1334.0 444336.53657989856
1335.0 432762.2830649723
1336.0 375313.8222510683
1337.0 450270.7898017095
1338.0 452474.2872138019
1339.0 448688.93115243665
1340.0 448217.6457430296
1341.0 447124.16311114747
1342.0 445597.0147244034
1343.0 420685.48763720324
1344.0 434247.8043351409
1345.0 446311.23146021937
1346.0 445826.63351773104
1347.0 445062.94756799674
1348.0 445276.56315433345
1349.0 445548.4071706367
1350.0 440260.56740642886
1351.0 445459.27955517307
1352.0 445060.1898154172
1353.0 443954.77795638965
1354.0 444033.94607355347
1355.0 440310.9649352832
1356.0 431736.0796225349
1357.0 437037.9452432095
1358.0 434833.8344401193
1359.0 442036.36574401153
1360.0 443394.70845521154
1361.0 423194.6579307357
1362.0 440829.3686640484
1363.0 435500.74886967504
1364.0 429542.29173574335
1365.0 423117.86874562805
1366.0 416512.6547653635
1367.0 436341.7394941253
1368.0 435009.52058771567
1369.0 429625.0843858687
1370.0 423365.5413041772
1371.0 428974.0238511323
1372.0 445720.16697766434
1373.0 440622.3787029131
1374.0 415248.03391521255
1375.0 437814.95103941613
1376.0 441562.5089206647
1377.0 440206.66097191063
1378.0 421095.04195521073
1379.0 422741.4729126664
1380.0 436662.6224657548
1381.0 436341.603156016
1382.0 436175.49712836166
1383.0 435712.81263151317
1384.0 434216.6516096599
1385.0 434481.2901850969
1386.0 433919.82950631896
1387.0 434569.4139576483
1388.0 430145.15433530376
1389.0 417447.4181896323
1390.0 423798.27698942163
1391.0 405089.8022510348
1392.0 434199.5849908504
1393.0 432726.7557044107
1394.0 425868.4924216894
1395.0 434482.54035684373
1396.0 424937.79920436844
1397.0 432481.5953915017
1398.0 425006.8738804708
1399.0 427599.1919679845
1400.0 422929.6018284567
1401.0 418348.65128313564
1402.0 424920.0342695861
1403.0 430137.2994765607
1404.0 430403.454943633
1405.0 428476.6682291296
1406.0 437352.6438065487
1407.0 427815.5810690369
1408.0 435952.9614519787
1409.0 376420.5500432323
1410.0 432593.3390879366
1411.0 437630.1972872148
1412.0 434182.778589606
1413.0 429834.5586929178
1414.0 432017.3373928977
1415.0 437823.76532951347
1416.0 440120.0786224014
1417.0 409450.83341740625
1418.0 379040.76592231443
1419.0 449170.2907484485
1420.0 442329.22864382295
1421.0 433640.4004631871
1422.0 428618.61915585946
1423.0 420861.82922656584
1424.0 360713.8879500544
1425.0 395636.52123771893
1426.0 424108.7721305264
1427.0 426695.2347556408
1428.0 414433.19475567556
1429.0 423079.4141249628
1430.0 402206.8735527604
1431.0 379191.1498118549
1432.0 416398.82518584136
1433.0 415096.4027628878
1434.0 420077.96822990326
1435.0 420973.4942045006
1436.0 423279.9356704909
1437.0 420725.659282579
1438.0 422295.8272301707
1439.0 415805.90354686533
1440.0 388476.1981707652
1441.0 377173.0045905326
1442.0 425133.336110389
1443.0 424749.12903261854
1444.0 423568.5919599633
1445.0 414303.06584137335
1446.0 420578.4736738816
1447.0 420838.77367985965
1448.0 414678.92380460986
1449.0 402933.31946763507
1450.0 419623.42077307444
1451.0 419474.6343502984
1452.0 410143.28786000336
1453.0 413462.1719352887
1454.0 414063.4465526082
1455.0 417397.6896222506
1456.0 409135.95452398993
1457.0 419563.5383941825
1458.0 410381.4156244915
1459.0 409428.78768263065
1460.0 383034.19183897
1461.0 408972.85401706013
1462.0 419036.26273195236
1463.0 417377.686221558
1464.0 416692.28923859634
1465.0 414875.68066898565
1466.0 414593.5007257745
1467.0 409358.9441914254
1468.0 405075.5891611737
1469.0 342615.4742218858
1470.0 402964.1103834127
1471.0 412421.95797235245
1472.0 408673.7001986748
1473.0 405245.46183242317
1474.0 407857.17737108766
1475.0 411617.29280763725
1476.0 410467.12855991576
1477.0 412083.3776762451
1478.0 406489.6653251563
1479.0 409908.7707988979
1480.0 410377.7920502749
1481.0 411238.4940275831
1482.0 410248.3769922035
1483.0 409419.4238445209
1484.0 408257.564483355
1485.0 407917.196320806
1486.0 410855.4408081847
1487.0 411776.2989138005
1488.0 410710.8709939267
1489.0 409476.58915661304
1490.0 409400.5472339142
1491.0 408619.7737029888
1492.0 407497.0430488843
1493.0 406534.72431852855
1494.0 405566.6443627946
1495.0 405764.0809411001
1496.0 406924.96367164067
1497.0 406601.5376155284
1498.0 394216.1354460357
1499.0 398897.7925791923
1500.0 407887.2945704346
1501.0 380778.11626114114
1502.0 349203.7863797017
1503.0 403341.38617907214
1504.0 396904.5192660609
1505.0 401890.24834885326
1506.0 402901.99750847387
1507.0 405675.1464887025
1508.0 406234.9020844971
1509.0 401140.8581612571
1510.0 406148.2436604367
1511.0 391346.50129619404
1512.0 396195.5897740347
1513.0 404670.97690518113
1514.0 405057.227320698
1515.0 399402.38717820385
1516.0 396463.4265461007
1517.0 395795.23415799433
1518.0 386102.5743263317
1519.0 399482.99897365225
1520.0 399505.17404535686
1521.0 392207.2086746674
1522.0 402881.6048042694
1523.0 407110.6633635102
1524.0 400519.171532305
1525.0 391649.46380562184
1526.0 397931.0060204834
1527.0 400056.13334476843
1528.0 408578.9407115302
1529.0 415565.9858234661
1530.0 380294.65266192483
1531.0 370440.2776503014
1532.0 402781.5256976388
1533.0 394067.7861100004
1534.0 401251.5522311981
1535.0 404363.08079239225
1536.0 393556.91009202204
1537.0 416174.40604231856
1538.0 436071.5392364801
1539.0 417732.5227682279
1540.0 420366.29900672764
1541.0 311350.3606592948
1542.0 284056.7047681179
1543.0 287906.03232759715
1544.0 278077.5449681296
1545.0 294211.9075040032
1546.0 318647.58346745017
1547.0 335784.024484052
1548.0 361455.0522648355
1549.0 404950.8281649997
1550.0 378412.5908054823
1551.0 387271.90504089685
1552.0 464343.2351228555
1553.0 444855.381783242
1554.0 435635.74655796605
1555.0 425085.2869265267
1556.0 399528.9853736746
1557.0 374867.16964407085
1558.0 390235.21091765433
1559.0 395188.7172207241
1560.0 398317.79281598586
1561.0 384645.0561743779
1562.0 381055.6564230888
1563.0 393980.074451003
1564.0 392110.5106554361
1565.0 393555.52305620397
1566.0 384896.8889531712
1567.0 388098.9474203077
1568.0 321122.26637950283
1569.0 352095.1002723235
1570.0 389114.6623524482
1571.0 349136.18372610013
1572.0 374451.6623542857
1573.0 390459.91222469386
1574.0 389595.9166517684
1575.0 356738.5906264626
1576.0 377781.84078762145
1577.0 363355.15686350036
1578.0 383427.673200608
1579.0 396574.8203760507
1580.0 382123.79576860165
1581.0 386873.9843267811
1582.0 388391.8097870698
1583.0 384795.3102727516
1584.0 381630.3903722851
1585.0 364919.4514436413
1586.0 375848.365293247
1587.0 383815.94422368275
1588.0 385290.6387843648
1589.0 386044.7245393721
1590.0 377306.3919725267
1591.0 381220.07186873263
1592.0 377866.90923461574
1593.0 384214.41749170516
1594.0 383107.5968073308
1595.0 380130.6866097703
1596.0 380143.1227498441
1597.0 380529.70326650236
1598.0 380165.7098249672
1599.0 384386.15490517166
1600.0 377530.2141201395
1601.0 364115.97443135915
1602.0 372903.1875487872
1603.0 331039.78743020684
1604.0 374160.64748143055
1605.0 388437.44758336386
1606.0 377037.1447702428
1607.0 384170.26756410924
1608.0 386862.97710089246
1609.0 382606.0922221433
1610.0 349042.7955169463
1611.0 362588.6952400907
1612.0 372247.84773373604
1613.0 372469.34850040445
1614.0 373072.01557296637
1615.0 378780.3709534617
1616.0 380743.4586140468
1617.0 381169.9796929547
1618.0 381400.24608178006
1619.0 373877.69487161835
1620.0 371748.8478959401
1621.0 367928.0304303668
1622.0 367521.180937535
1623.0 328582.81669918855
1624.0 330152.7804281881
1625.0 377312.8350171438
1626.0 374733.77471512486
1627.0 380697.1201880149
1628.0 388482.982992424
1629.0 386230.4350640115
1630.0 380924.7111006875
1631.0 345542.7031899215
1632.0 339822.22923826316
1633.0 383414.5467951435
1634.0 371110.6724825638
1635.0 373473.3598642211
1636.0 373689.4022352898
1637.0 391493.8478433079
1638.0 399541.02737572807
1639.0 403439.4932103806
1640.0 361804.2324262276
1641.0 408963.3888992337
1642.0 403743.7394439373
1643.0 403273.21355632576
1644.0 392916.5767056147
1645.0 383303.05277836334
1646.0 387918.1652776094
1647.0 371531.45261082007
1648.0 378903.13728708454
1649.0 377337.6643677652
1650.0 376504.8533826448
1651.0 380230.2925918943
1652.0 379125.0764044368
1653.0 353570.4897163371
1654.0 357173.96816565463
1655.0 374148.92794634704
1656.0 370643.2077329811
1657.0 337390.216647876
1658.0 357375.8039495355
1659.0 371849.9128328005
1660.0 373079.3785138835
1661.0 368464.0713166499
1662.0 366072.7986912335
1663.0 367300.03807923954
1664.0 364732.8933856714
1665.0 358010.2812509652
1666.0 361122.1779202059
1667.0 364848.50879536674
1668.0 336254.4083191763
1669.0 360795.73607721995
1670.0 361995.77470172005
1671.0 344050.3745640311
1672.0 353040.71333115787
1673.0 352109.02991631307
1674.0 357246.64985969296
1675.0 362811.99632228806
1676.0 348647.240463542
1677.0 351273.1634984046
1678.0 363035.85019241844
1679.0 363244.37191043363
1680.0 362842.2726229811
1681.0 358957.563344974
1682.0 355688.9827778546
1683.0 361815.65383155685
1684.0 358941.56372775865
1685.0 364479.2746982414
1686.0 355615.8385353369
1687.0 361798.6097926182
1688.0 357115.06968863675
1689.0 361287.4112180522
1690.0 348788.33985189704
1691.0 350080.7900875487
1692.0 360163.7882627738
1693.0 359692.9842178532
1694.0 350965.82178124576
1695.0 347582.77559804835
1696.0 355570.82642815966
1697.0 357570.5421840965
1698.0 351843.9562290351
1699.0 349029.7513406497
1700.0 355761.9148082229
1701.0 352116.7099088892
1702.0 337255.4171879306
1703.0 355206.67048303894
1704.0 354052.2344495496
1705.0 348772.11521458003
1706.0 351194.6382749971
1707.0 327498.38413419854
1708.0 340986.04189415154
1709.0 355808.42101856094
1710.0 348752.8996492143
1711.0 347349.98266101297
1712.0 325899.478506988
1713.0 289776.21421458136
1714.0 351350.0530973163
1715.0 346598.00339165516
1716.0 347429.94841620774
1717.0 335755.761105593
1718.0 293984.71704231057
1719.0 338692.0976221565
1720.0 350333.0720284922
1721.0 348051.2930067618
1722.0 347803.96523512376
1723.0 344960.6516136174
1724.0 348333.0682128277
1725.0 321797.3321537855
1726.0 342588.1550272263
1727.0 357002.63045814476
1728.0 358989.76265038317
1729.0 351880.1747707215
1730.0 354509.55798693455
1731.0 341193.22953154903
1732.0 348181.33207538666
1733.0 347014.194692204
1734.0 348857.2453957021
1735.0 347043.8866037385
1736.0 346951.00370779325
1737.0 350733.4771451061
1738.0 340517.63653798396
1739.0 341497.2763177284
1740.0 344848.34463126765
1741.0 344320.7633143874
1742.0 335596.92312685226
1743.0 346069.0584124501
1744.0 344217.79480994237
1745.0 338052.7635994895
1746.0 347503.909296698
1747.0 332360.0950769938
1748.0 346868.2445376587
1749.0 340178.68126971385
1750.0 343634.46197404765
1751.0 346928.33990344533
1752.0 336221.92683618166
1753.0 322484.3950556107
1754.0 342144.0468613911
1755.0 343109.8994538954
1756.0 343973.30936185276
1757.0 344833.41576054547
1758.0 340182.0889710381
1759.0 339466.88396698114
1760.0 336073.089869755
1761.0 336720.93429217226
1762.0 335083.67527629447
1763.0 335887.5556063906
1764.0 322536.23956205
1765.0 342327.09842519765
1766.0 340678.4529361174
1767.0 341354.1312690655
1768.0 335123.71454881964
1769.0 338364.4507607384
1770.0 331185.91861450573
1771.0 339097.591247382
1772.0 331418.2756345186
1773.0 338610.5325121963
1774.0 333228.0258080567
1775.0 337232.8638667662
1776.0 321146.0474435507
1777.0 336303.7806977214
1778.0 336953.98479381204
1779.0 337740.30166525586
1780.0 335762.4353502533
1781.0 337131.055681368
1782.0 332009.7629140047
1783.0 326872.69975106075
1784.0 336088.37382430315
1785.0 333573.4281981509
1786.0 334376.5152001525
1787.0 331351.20609782235
1788.0 326063.8233021627
1789.0 332502.58631116967
1790.0 335338.6847747798
1791.0 330539.6838273494
1792.0 307760.8377449493
1793.0 325458.04055082623
1794.0 332982.1769609723
1795.0 328065.1762830421
1796.0 334913.6006035054
1797.0 330974.9909855846
1798.0 328888.3582226304
1799.0 326346.0260699612
1800.0 330376.5505306888
1801.0 333049.9850049821
1802.0 333229.15588570124
1803.0 332508.153831515
1804.0 333095.7687288522
1805.0 328632.85026467714
1806.0 333564.70462605375
1807.0 331823.2747843739
1808.0 321941.0798443063
1809.0 334437.99057455536
1810.0 335619.5812919806
1811.0 333324.7557814582
1812.0 313697.10771627416
1813.0 314436.24629828904
1814.0 328314.1121326862
1815.0 331197.1953658019
1816.0 321235.73269732564
1817.0 320497.30988122686
1818.0 333247.399900982
1819.0 332994.8354858846
1820.0 330629.9636505799
1821.0 319268.20853007695
1822.0 311551.0080269376
1823.0 326419.7427266612
1824.0 327889.2014911143
1825.0 330782.6401962233
1826.0 327278.05636076204
1827.0 317278.1040247489
1828.0 327746.3270715924
1829.0 331553.1299786436
1830.0 317374.53333167004
1831.0 328267.5676640928
1832.0 324743.0661499207
1833.0 324236.63393938536
1834.0 326899.28681405017
1835.0 320604.979906933
1836.0 324918.4676090639
1837.0 326875.3806906171
1838.0 319161.5466888572
1839.0 325833.5156100944
1840.0 305357.67547771
1841.0 323243.1524651243
1842.0 322401.3828344518
1843.0 318436.87049926136
1844.0 321880.3730171973
1845.0 319236.8224266728
1846.0 321379.6031891623
1847.0 323042.83037454076
1848.0 318677.02666317107
1849.0 318167.47581427166
1850.0 304612.4820936278
1851.0 318112.3560851821
1852.0 326312.62556746084
1853.0 321445.24461317546
1854.0 316820.5229958593
1855.0 308330.5340662296
1856.0 318204.9102920195
1857.0 322762.296546019
1858.0 305859.58326144406
1859.0 320963.8817770797
1860.0 301933.4451798365
1861.0 320704.1978662274
1862.0 324944.1946091028
1863.0 312903.316589256
1864.0 321842.0272647818
1865.0 322869.1418147587
1866.0 320976.40264162945
1867.0 317135.89960655884
1868.0 319866.6966028461
1869.0 321381.0372203229
1870.0 313826.0641654416
1871.0 316379.48084174586
1872.0 315038.4206972943
1873.0 304457.59405160445
1874.0 314060.74550544046
1875.0 312235.92120827775
1876.0 317366.3066715319
1877.0 314133.1665976407
1878.0 307672.1211739279
1879.0 320348.3820639546
1880.0 314575.4922642336
1881.0 310975.68010426435
1882.0 310326.3556013602
1883.0 310685.391144748
1884.0 315741.818609086
1885.0 309841.9053645913
1886.0 307681.84695499315
1887.0 309494.40420656046
1888.0 313777.4072004408
1889.0 311404.0303039515
1890.0 309848.41470344295
1891.0 303757.8083684492
1892.0 299359.5021729197
1893.0 314366.9797290089
1894.0 305636.0547613571
1895.0 306585.1039561708
1896.0 310573.4044310079
1897.0 316076.7074184823
1898.0 319536.76388307346
1899.0 310058.773768538
1900.0 314022.8083710761
1901.0 307352.81790562475
1902.0 306516.18187309173
1903.0 308181.9621254646
1904.0 310593.2924198257
1905.0 311988.7329902863
1906.0 311372.2332049911
1907.0 310505.72880712966
1908.0 309493.0502315168
1909.0 311963.87799194484
1910.0 310895.7344485537
1911.0 313618.55241737585
1912.0 317633.2580387846
1913.0 312916.44787685014
1914.0 299316.52408009936
1915.0 305111.0518869912
1916.0 313947.8739904456
1917.0 312736.1494147549
1918.0 301312.02197512286
1919.0 305735.1829744727
1920.0 306064.93732181203
1921.0 307849.20797566354
1922.0 300273.8082673549
1923.0 262748.56468071503
1924.0 298569.24382534885
1925.0 311965.50906513544
1926.0 293994.46448685275
1927.0 308107.4904881839
1928.0 302518.0477131695
1929.0 301827.3851216492
1930.0 301136.7225301289
1931.0 275664.3696205431
1932.0 294912.4104851881
1933.0 305168.0966893552
1934.0 307265.53317845316
1935.0 307873.0565184861
1936.0 300669.6640814643
1937.0 303533.19987748814
1938.0 301142.7749660666
1939.0 294450.7869869094
1940.0 296922.5057470969
1941.0 310858.35587155866
1942.0 309677.1847185145
1943.0 308229.45753283415
1944.0 304963.577651362
1945.0 304809.57101123035
1946.0 303011.3701203877
1947.0 299985.7613087993
1948.0 299773.1765431299
1949.0 302404.1950962076
1950.0 297237.98014121933
1951.0 274526.5454761865
1952.0 299616.56820948806
1953.0 296106.2534078523
1954.0 288427.0431766028
1955.0 294657.72014796024
1956.0 294065.06961727253
1957.0 296619.8212115774
1958.0 295764.72569164797
1959.0 298321.9692671393
1960.0 301502.3434455702
1961.0 293932.9918063126
1962.0 300784.8830720893
1963.0 295836.35759674344
1964.0 289312.90972784295
1965.0 300363.8313101137
1966.0 294951.4847468308
1967.0 300359.2410470301
1968.0 294476.8523360892
1969.0 297261.4611245932
1970.0 296630.2475274472
1971.0 297839.9639046223
1972.0 296418.3063319919
1973.0 298679.1378067406
1974.0 298585.8264551723
1975.0 297433.43932799425
1976.0 293628.7587877947
1977.0 297236.0740188641
1978.0 299259.37956051616
1979.0 291730.90006401495
1980.0 291665.52630420955
1981.0 298801.70380681235
1982.0 293934.58583155967
1983.0 293867.93399883906
1984.0 288706.33720821474
1985.0 289970.6393830675
1986.0 299183.922934585
1987.0 294531.12418229674
1988.0 297431.38843590714
1989.0 298168.11720394954
1990.0 290167.94177148107
1991.0 299909.9476192745
1992.0 285832.94764805667
1993.0 291206.62015457114
1994.0 285354.5603020898
1995.0 295849.5926565831
1996.0 297055.07896580145
1997.0 294734.44697065535
1998.0 294038.25906046317
1999.0 289023.4743814545
2000.0 285117.4680027617
2001.0 281189.9469552844
2002.0 282390.05817308073
2003.0 290383.7134720684
2004.0 291332.4332721497
2005.0 287370.10908399173
2006.0 289735.38544809114
2007.0 290075.76680446335
2008.0 289323.4573184317
2009.0 291030.17753647745
2010.0 292464.3271015695
2011.0 286244.06381478725
2012.0 287383.169488954
2013.0 285360.7791925273
2014.0 284979.22345405584
2015.0 288694.77363144886
2016.0 286946.9625344643
2017.0 289567.1011935188
2018.0 285637.5979380674
2019.0 288406.1813701615
2020.0 289217.97899550584
2021.0 289210.71349863923
2022.0 288655.7308144437
2023.0 282348.21006802586
2024.0 283703.7046266475
2025.0 288627.90394276637
2026.0 280315.9616008486
2027.0 287893.7194350115
2028.0 287234.02110861917
2029.0 283823.1543518474
2030.0 283159.9944482706
2031.0 286901.2844817473
2032.0 285963.25948620046
2033.0 274728.9655431781
2034.0 278064.635955837
2035.0 276735.28324386396
2036.0 281768.08170861256
2037.0 280161.28884083615
2038.0 275331.610619282
2039.0 284160.60103420785
2040.0 272574.4015376213
2041.0 274519.8554372248
2042.0 283329.6200217277
2043.0 284538.45976055943
2044.0 279877.9263856293
2045.0 280523.55121335946
2046.0 281437.76735728735
2047.0 283096.0874615907
2048.0 281677.4412630961
2049.0 280818.87022352143
2050.0 279683.7086757486
2051.0 284925.64063721127
2052.0 284611.6329358782
2053.0 280808.97178980417
2054.0 279334.669208574
2055.0 279518.6873268899
2056.0 276545.6650075074
2057.0 279332.49242775235
2058.0 275717.1667863873
2059.0 281087.1996807481
2060.0 281496.1356621659
2061.0 282593.68008692935
2062.0 275464.299507421
2063.0 278590.6080725286
2064.0 280858.78670563985
2065.0 282516.3685914315
2066.0 279090.55912485113
2067.0 277837.5213652708
2068.0 275955.7051316686
2069.0 268380.67536133947
2070.0 280919.28139513964
2071.0 266348.5116394242
2072.0 276096.65945421805
2073.0 279675.7352849115
2074.0 278511.97704885073
2075.0 277216.92163741763
2076.0 279737.5102333958
2077.0 276748.0848636535
2078.0 274141.7099934576
2079.0 278359.70776315837
2080.0 277526.399903649
2081.0 274062.55506223574
2082.0 278039.0078897547
2083.0 277347.3775919542
2084.0 276712.3850991124
2085.0 263461.6151501721
2086.0 275725.42387197627
2087.0 277098.7558542931
2088.0 275301.6683702929
2089.0 278094.8310176211
2090.0 271369.9852039377
2091.0 256300.99856180447
2092.0 265319.8336389724
2093.0 277571.14441886137
2094.0 274915.2783724464
2095.0 277271.60973156436
2096.0 276213.824231433
2097.0 275380.50069124537
2098.0 270098.1631101877
2099.0 279133.8109144108
2100.0 269055.5718563569
2101.0 273081.75811964204
2102.0 280535.5158675334
2103.0 280395.2993764556
2104.0 274570.1248659627
2105.0 283767.4999091761
2106.0 284844.15627998667
2107.0 281445.83742400917
2108.0 267028.5323458119
2109.0 279433.83907983324
2110.0 283203.1779920791
2111.0 277910.3625833276
2112.0 279440.0987968747
2113.0 278024.63720857963
2114.0 270205.49042972433
2115.0 271542.2600711309
2116.0 275502.268585647
2117.0 274618.3570899216
2118.0 273499.6347489893
2119.0 270505.75364701636
2120.0 274951.4569821834
2121.0 272571.54764686374
2122.0 271186.86189008184
2123.0 272161.34186576353
2124.0 270788.8486790938
2125.0 271498.4819242225
2126.0 270711.9646083864
2127.0 272859.9685548392
2128.0 271867.84642975265
2129.0 271110.1285717645
2130.0 271675.32972373796
2131.0 266373.62440502434
2132.0 266218.47246209567
2133.0 271621.97263658594
2134.0 271889.0977823889
2135.0 267355.26506360737
2136.0 266152.1760099339
2137.0 271488.17231504247
2138.0 270422.49493371136
2139.0 273775.24615135614
2140.0 270366.7657356467
2141.0 272333.9422353683
2142.0 270759.85938083124
2143.0 267509.82211594254
2144.0 270188.7440435137
2145.0 262979.16052206035
2146.0 270382.79922724765
2147.0 264103.88881404797
2148.0 266117.3888697329
2149.0 269147.42756930465
2150.0 269723.1470638527
2151.0 268563.70424760075
2152.0 268931.14530863357
2153.0 262367.40912953165
2154.0 269035.34942285443
2155.0 267807.9523302438
2156.0 269166.8134394011
2157.0 267542.80174687784
2158.0 268462.40375010617
2159.0 266438.9692671387
2160.0 267893.61186524434
2161.0 270725.4361645357
2162.0 259881.0330565304
2163.0 270528.3433214863
2164.0 271067.0321984219
2165.0 264614.5625290958
2166.0 269157.32933968434
2167.0 268937.7805549663
2168.0 266867.92291070626
2169.0 267666.67348560767
2170.0 267447.72831843747
2171.0 267905.25408328406
2172.0 266118.7116270912
2173.0 268854.42898719566
2174.0 265054.4420920769
2175.0 267847.6337929559
2176.0 261861.0336833962
2177.0 265399.0432833925
2178.0 261835.06019642466
2179.0 269708.73866847134
2180.0 258171.02898410804
2181.0 263207.57000519976
2182.0 265441.4836462867
2183.0 266304.84795315773
2184.0 265235.69447125687
2185.0 266442.31186546193
2186.0 264125.22487129533
2187.0 266231.2337608967
2188.0 262623.20905872504
2189.0 268014.36779404536
2190.0 267122.8105508739
2191.0 267106.2701783606
2192.0 265801.6317371175
2193.0 255471.1814919317
2194.0 265273.8640392994
2195.0 266551.5436875151
2196.0 268180.3904375211
2197.0 268669.95279120107
2198.0 268264.2134865324
2199.0 268266.1097758131
2200.0 269802.8971000357
2201.0 263906.8362399751
2202.0 259835.093851497
2203.0 268300.39048566204
2204.0 267487.565358036
2205.0 269314.04898456146
2206.0 268276.12737321475
2207.0 264216.3782879183
2208.0 267231.02196762094
2209.0 262310.0065596421
2210.0 265774.83217126527
2211.0 254737.87705529356
2212.0 262448.9016619013
2213.0 263535.6823586641
2214.0 262627.1996159059
2215.0 262104.48163737188
2216.0 264609.5068692381
2217.0 258774.98025605
2218.0 264987.75747261307
2219.0 259394.42644140747
2220.0 265369.4237546864
2221.0 254771.89266733362
2222.0 263267.82287425286
2223.0 263334.61504058604
2224.0 263422.5201517447
2225.0 256728.32906767598
2226.0 265346.2923764712
2227.0 253244.2834583223
2228.0 255774.8526531756
2229.0 263452.6345795039
2230.0 264120.66192965757
2231.0 264170.662241888
2232.0 263136.2831898136
2233.0 263413.8929284463
2234.0 265041.5678236336
2235.0 264529.18093565985
2236.0 264906.05998725456
2237.0 264820.16804509884
2238.0 264733.16162042425
2239.0 262173.11988437135
2240.0 265148.9093548563
2241.0 261699.97204757767
2242.0 258664.3495384741
2243.0 262481.7344209883
2244.0 264836.5281629864
2245.0 259483.82028617535
2246.0 263598.5419996681
2247.0 267136.1824882689
2248.0 262369.10378995683
2249.0 261518.13218817607
2250.0 257865.42160055245
2251.0 261267.8126672964
2252.0 263826.1551654856
2253.0 264730.427726978
2254.0 261194.94449318387
2255.0 263308.6376545346
2256.0 264068.56221084873
2257.0 262812.98948868416
2258.0 266169.5584701808
2259.0 266483.2431241977
2260.0 266897.14763313887
2261.0 260414.68555507922
2262.0 266341.273983658
2263.0 265047.91992945963
2264.0 261065.5569762514
2265.0 258294.1389618994
2266.0 262588.2947860173
2267.0 259991.0162263702
2268.0 264210.0205744041
2269.0 262333.7258595366
2270.0 264321.0270682579
2271.0 253232.94834155188
2272.0 264817.6940005614
2273.0 261935.6288945669
2274.0 262924.61183897784
2275.0 264227.15797838534
2276.0 263613.8589296964
2277.0 257742.7845609016
2278.0 256306.6569771303
2279.0 258319.572223817
2280.0 264431.9500290114
2281.0 263555.26717948273
2282.0 265728.99239489506
2283.0 264143.3202472005
2284.0 261999.5552930078
2285.0 261779.10305639444
2286.0 265048.3154672085
2287.0 259610.12329216124
2288.0 261575.4237081541
2289.0 263929.6452147512
2290.0 262615.45258175133
2291.0 264123.96037776093
2292.0 264603.2821685321
2293.0 264719.4963377697
2294.0 264022.52640266553
2295.0 267493.9646006312
2296.0 270587.1517526475
2297.0 269589.23049780447
2298.0 264125.4862353602
2299.0 258205.5049329382
2300.0 271374.0409732787
2301.0 267618.91090846044
2302.0 266783.3708255146
2303.0 267558.74821953365
2304.0 261608.60399892298
2305.0 266568.79838591855
2306.0 262171.8764673984
2307.0 266267.26451087283
2308.0 260428.79997255362
2309.0 266438.6437284565
2310.0 267762.2965975807
2311.0 267039.0183006167
2312.0 258749.80699784565
2313.0 258878.83571702248
2314.0 262176.37042837805
2315.0 266650.5437699546
2316.0 266741.9998392858
2317.0 265652.1235083575
2318.0 259760.62961440062
2319.0 257559.23049607527
2320.0 260123.40536203957
2321.0 261654.1927443409
2322.0 264163.18551287276
2323.0 258775.8101472214
2324.0 265579.61140541517
2325.0 257197.7518152737
2326.0 256271.78111657634
2327.0 255527.54320848448
2328.0 254928.63922868719
2329.0 266121.23197916447
2330.0 262076.10681092888
2331.0 261609.30012938683
2332.0 247365.61044705397
2333.0 263418.5197022578
2334.0 264797.4397194804
2335.0 258917.96891369193
2336.0 265897.7832679249
2337.0 262654.0334006817
2338.0 265963.1928015725
2339.0 264378.4785220824
2340.0 267076.8389903159
2341.0 267993.26724959794
2342.0 267049.9097933662
2343.0 268754.4527856781
2344.0 266474.2174519909
2345.0 260005.0075179948
2346.0 256366.91379579087
2347.0 271180.0231528184
2348.0 271689.5972209416
2349.0 249480.53145628268
2350.0 271336.5802623701
2351.0 266940.7981568781
2352.0 263157.26251280727
2353.0 263302.4192786409
2354.0 267074.84078618075
2355.0 268841.83860740904
2356.0 257291.69338755868
2357.0 267185.7734621238
2358.0 274520.9436822173
2359.0 275047.25281652686
2360.0 269056.4797011526
2361.0 259014.5835056515
2362.0 275153.03138950845
2363.0 274260.9721337751
2364.0 271270.17410161823
2365.0 271345.6411021546
2366.0 266174.76854206534
2367.0 268161.49029557133
2368.0 263464.8132801449
2369.0 265618.0154870073
2370.0 262076.46056303513
2371.0 265948.24802997755
2372.0 268602.46653753327
2373.0 267536.6400560885
2374.0 267623.3139915994
2375.0 267864.74978388246
2376.0 254137.26922372778
2377.0 268105.78576659394
2378.0 271917.6360633895
2379.0 271815.39062182256
2380.0 253195.36622533013
2381.0 271145.25420127023
2382.0 271070.1764382417
2383.0 255931.35631940915
2384.0 256182.25115524972
2385.0 266563.3163482008
2386.0 276082.881290195
2387.0 269735.7602581389
2388.0 267989.1892343002
2389.0 258934.39418076735
2390.0 269922.09979981615
2391.0 264948.42833347834
2392.0 264645.09667767043
2393.0 267211.6878301813
2394.0 270034.4292603917
2395.0 268017.4667413677
2396.0 262682.7239496026
2397.0 272768.8544334826
2398.0 272927.95980978524
2399.0 276561.55165228987
2400.0 255796.03705627174
2401.0 265445.08816468745
2402.0 272119.48347210546
2403.0 265831.7975568383
2404.0 275526.8628009421
2405.0 261981.14181094628
2406.0 266868.0757592165
2407.0 265955.9283246729
2408.0 265541.981991897
2409.0 266966.6504328893
2410.0 266153.7720329445
2411.0 255333.5337956595
2412.0 262257.2372008748
2413.0 267404.64171327674
2414.0 253229.669848921
2415.0 268333.9170458266
2416.0 269092.81938042695
2417.0 261258.54376421994
2418.0 274286.0516136671
2419.0 268894.57467449555
2420.0 272671.3912574805
2421.0 274298.999327654
2422.0 275584.1198998289
2423.0 276045.6204715955
2424.0 268045.14097344724
2425.0 262041.66776281525
2426.0 271142.3095762012
2427.0 274524.1989612359
2428.0 265207.41868167394
2429.0 260784.97587136517
2430.0 264516.57761480036
2431.0 266936.57215646625
2432.0 272920.6923052001
2433.0 261939.73650989903
2434.0 272165.8188703148
2435.0 266607.75818341685
2436.0 271025.33694988297
2437.0 265779.3738848865
2438.0 256236.20406034344
2439.0 268856.71582798794
2440.0 260065.34694665033
2441.0 266876.84658014006
2442.0 268922.7493525633
2443.0 269958.68074042373
2444.0 269899.2859680023
2445.0 264288.16796573583
2446.0 265499.105490192
2447.0 258850.87133450885
2448.0 253607.6319811259
2449.0 267638.0137568136
2450.0 261041.90021005346
2451.0 254697.2192914604
2452.0 253017.34307537143
2453.0 265081.8958804239
2454.0 264285.3593892257
2455.0 263618.00592364767
2456.0 267737.3462658621
2457.0 267994.6958332146
2458.0 267207.1700082115
2459.0 269025.50852478325
2460.0 262845.81520992366
2461.0 266342.1055416304
2462.0 258476.9471392016
2463.0 267319.9752983927
2464.0 262860.077592303
2465.0 267919.85001939157
2466.0 263834.6376142803
2467.0 270535.1001220117
2468.0 274663.9537496114
2469.0 262257.7907136996
2470.0 271482.4011511704
2471.0 272915.00620243576
2472.0 273056.1425746969
2473.0 270085.38427134865
2474.0 262536.98776291683
2475.0 274406.7178743436
2476.0 271470.0947250841
2477.0 266879.0510728203
2478.0 265991.7645040931
2479.0 262297.9162263611
2480.0 261694.2685923014
2481.0 262237.8573602767
2482.0 268480.9635555267
2483.0 257962.3475167181
2484.0 265196.3064950242
2485.0 254030.43474560138
2486.0 267786.91793924995
2487.0 259216.3765943748
2488.0 270759.89115614974
2489.0 265732.63594923075
2490.0 266960.66713136033
2491.0 270327.171260242
2492.0 258346.43655017944
2493.0 266871.0129567353
2494.0 245969.06661271106
2495.0 267885.3814684206
2496.0 271392.9965977557
2497.0 271764.43829385925
2498.0 267012.7692958512
2499.0 268476.30640978407
2500.0 271925.0892545596
