WAVE FLUX
900.0 90070.20667993334
901.0 90010.21343187796
902.0 89720.22466299315
903.0 90290.23808478408
904.0 81900.22483028473
905.0 89970.24754894616
906.0 89080.24565961087
907.0 90080.25015165427
908.0 89960.25676045468
909.0 91070.2669562713
910.0 89630.25455936376
911.0 90140.16984570066
912.0 407575.7522229113
913.0 396666.2435554196
914.0 389211.6810495103
915.0 407261.2925319151
916.0 385707.67774147325
917.0 401983.37757257005
918.0 397017.0676826472
919.0 319336.3562618736
920.0 387198.9608307657
921.0 69929.98577632342
922.0 295328.0454562304
923.0 277446.8757117382
924.0 317795.43109006085
925.0 398335.90536994586
926.0 363208.98420880496
927.0 394257.53823935695
928.0 393718.15168421384
929.0 283604.41967826925
930.0 275677.2973521
931.0 260427.02520528832
932.0 352997.9984938412
933.0 376490.46936630603
934.0 427847.5837697113
935.0 407560.1849840372
936.0 396012.5415332405
937.0 338604.01933112193
938.0 112363.14522244035
939.0 386081.8587877446
940.0 389166.35436014395
941.0 377493.59796075185
942.0 365095.04715799284
943.0 369398.2566542595
944.0 379817.6545296732
945.0 416120.0488618136
946.0 399083.0927413181
947.0 390167.5986393322
948.0 359860.3308832294
949.0 193069.8689967864
950.0 101783.41729561695
951.0 366661.24796711793
952.0 373812.59644869494
953.0 378645.05268800864
954.0 380043.3842990442
955.0 361685.59878661577
956.0 392160.63570673467
957.0 389546.7753963107
958.0 381527.89590887376
959.0 255590.38820376815
960.0 387048.1826196119
961.0 393169.26365286496
962.0 388661.61827396526
963.0 387663.4935861233
964.0 372429.09807299625
965.0 387178.8088871156
966.0 383978.77243652503
967.0 364835.462980028
968.0 365850.92929675576
969.0 365763.25782795856
970.0 359281.05429772154
971.0 355471.0942071512
972.0 299873.5078509282
973.0 274556.45104492473
974.0 228722.04449451127
975.0 292276.2544308966
976.0 341152.848269862
977.0 396980.5714485706
978.0 397252.2993417025
979.0 388197.61311825487
980.0 376155.3375902374
981.0 341767.26302476897
982.0 372363.01069503697
983.0 373107.9733105542
984.0 360205.39478151273
985.0 351910.14605545695
986.0 259764.83277719273
987.0 342352.5759803605
988.0 352134.213933071
989.0 332305.26837074355
990.0 244539.12294790824
991.0 265454.8494189786
992.0 383955.3611650169
993.0 371678.5864995424
994.0 370598.1577795777
995.0 266907.2519616601
996.0 360209.38029174984
997.0 275441.27955760993
998.0 336619.5440652494
999.0 363692.25756119034
1000.0 367406.11797387345
1001.0 353972.2878783201
1002.0 354279.83902151295
1003.0 362055.6954863181
1004.0 364080.23545414093
1005.0 360685.197691722
1006.0 260677.83252823655
1007.0 351593.9684927646
1008.0 338986.32896754955
1009.0 350871.7340287401
1010.0 231013.0088632355
1011.0 351610.2382305607
1012.0 346666.40882921475
1013.0 330605.0552301134
1014.0 351707.2481685102
1015.0 345316.3887883717
1016.0 307711.6128377401
1017.0 340716.33746565075
1018.0 312901.5346406114
1019.0 338173.7429937946
1020.0 310279.1916129432
1021.0 308388.64550536184
1022.0 321852.903362647
1023.0 309384.4568370161
1024.0 319426.97361161775
1025.0 252303.4357124617
1026.0 109130.89709433343
1027.0 316921.6530150115
1028.0 320352.82761339546
1029.0 315737.9602646223
1030.0 302820.0102797062
1031.0 238067.17105383822
1032.0 321051.44738716603
1033.0 328760.6642994232
1034.0 301101.816692652
1035.0 305079.67478831165
1036.0 316901.2140346955
1037.0 159919.32032902478
1038.0 301482.1931892812
1039.0 331742.0291335151
1040.0 331863.3654502618
1041.0 336168.35694426566
1042.0 337367.7116795269
1043.0 338968.4154911854
1044.0 338165.27971157385
1045.0 336864.8733280259
1046.0 336467.56922360207
1047.0 336371.33091572224
1048.0 335774.6690652607
1049.0 334876.9296507661
1050.0 333778.45236902195
1051.0 331876.8375717325
1052.0 332483.8640903597
1053.0 329477.990971351
1054.0 330185.35032603855
1055.0 325171.63990677183
1056.0 324573.76625620533
1057.0 327087.16916066315
1058.0 328609.5153838246
1059.0 325727.95638687495
1060.0 319934.64171178045
1061.0 303799.4573132251
1062.0 292943.1702855366
1063.0 180595.71920074828
1064.0 320117.1967300786
1065.0 319511.8774029962
1066.0 301456.7597309543
1067.0 316729.40383860684
1068.0 314735.6146282148
1069.0 270364.29630238196
1070.0 316146.2931298876
1071.0 311027.8615691453
1072.0 308619.6754479912
1073.0 300588.3292653004
1074.0 301391.9010842556
1075.0 309624.8654326499
1076.0 315048.4524516672
1077.0 314750.034367703
1078.0 291560.49752944894
1079.0 313853.19961221615
1080.0 310450.9180455943
1081.0 309659.00103786046
1082.0 308666.201490101
1083.0 296217.6384459104
1084.0 306455.0127160917
1085.0 293095.80066669686
1086.0 309056.1693796658
1087.0 311084.4705993398
1088.0 303976.544505061
1089.0 289335.44734518864
1090.0 294669.540375768
1091.0 306208.111803245
1092.0 305493.9452662092
1093.0 303675.1915119761
1094.0 306298.0171400313
1095.0 304111.70374340494
1096.0 301121.5289874176
1097.0 287784.0111265039
1098.0 273005.63556992775
1099.0 301618.2498385487
1100.0 301504.01098565216
1101.0 301399.5116027068
1102.0 300911.32864767755
1103.0 296104.07753938576
1104.0 288986.0967822693
1105.0 299400.00449764903
1106.0 297784.7410920536
1107.0 295263.62221318437
1108.0 234112.24990505105
1109.0 284318.4576428251
1110.0 288261.55112766754
1111.0 288384.13168694056
1112.0 286320.902343053
1113.0 286123.10853703954
1114.0 285021.11925781943
1115.0 286229.8415979055
1116.0 286128.7058860403
1117.0 284316.9076277814
1118.0 287427.8953295088
1119.0 290538.80853180675
1120.0 290849.4231100306
1121.0 285837.21588545456
1122.0 285144.9972890873
1123.0 283447.69261096633
1124.0 181569.07033317725
1125.0 180670.51471239838
1126.0 279254.39558878104
1127.0 278162.97217071516
1128.0 190548.78757814263
1129.0 214384.4759380553
1130.0 255211.240363304
1131.0 279331.61790708377
1132.0 280920.34713128547
1133.0 281604.3422126067
1134.0 280680.3321721847
1135.0 278067.44805710437
1136.0 282392.39350908337
1137.0 281190.12646961113
1138.0 279286.2740640559
1139.0 252586.023136071
1140.0 252417.41411401494
1141.0 273562.7174785857
1142.0 250564.68846856512
1143.0 272791.02542434586
1144.0 263445.0431217379
1145.0 233485.22901123873
1146.0 273498.6973148348
1147.0 273376.47930242214
1148.0 273053.2071191666
1149.0 272327.8744067022
1150.0 270415.62386900774
1151.0 269319.32792961964
1152.0 269730.9541510918
1153.0 267327.5759533141
1154.0 265223.9922927166
1155.0 264024.7322471924
1156.0 264333.5856920422
1157.0 263838.0712642654
1158.0 264545.02549877786
1159.0 258112.66064801702
1160.0 259221.51196233873
1161.0 264453.5975402731
1162.0 247670.50723099863
1163.0 262160.38318656647
1164.0 257343.0640207493
1165.0 260178.078854291
1166.0 260738.4760858668
1167.0 258180.0071488774
1168.0 262363.12625888345
1169.0 213175.03906450895
1170.0 254408.20603097812
1171.0 246627.21588888986
1172.0 251323.88178547067
1173.0 247175.40756478484
1174.0 243783.19668113097
1175.0 104764.72195715374
1176.0 107387.04004480966
1177.0 224057.83759196568
1178.0 253587.7458633352
1179.0 257474.2672807378
1180.0 256723.5716490312
1181.0 255973.67497598394
1182.0 256281.11755836004
1183.0 153067.0584924624
1184.0 205718.69009238665
1185.0 198250.69354570712
1186.0 252762.49285823823
1187.0 251869.42384687523
1188.0 250473.7526621928
1189.0 249046.7289167332
1190.0 247450.6257806271
1191.0 217776.8299955723
1192.0 244257.87700810027
1193.0 242071.57033750866
1194.0 242306.53011858376
1195.0 242742.90866883556
1196.0 239856.45075880399
1197.0 193742.51716476443
1198.0 235930.3772944351
1199.0 239550.85147963927
1200.0 239445.58305044033
1201.0 209440.48244960542
1202.0 224346.10001592134
1203.0 231800.6770149829
1204.0 232609.4763417575
1205.0 228825.70898738553
1206.0 223241.55359527515
1207.0 222793.63846691442
1208.0 210351.31369369983
1209.0 188581.3569234778
1210.0 205494.81512687533
1211.0 218575.69343514458
1212.0 217648.0247546261
1213.0 215382.41372367472
1214.0 218795.7455090879
1215.0 151099.9444570321
1216.0 160847.41716464458
1217.0 213956.4008499385
1218.0 182428.1435378223
1219.0 222632.3545665262
1220.0 207155.64625157393
1221.0 223182.48428527938
1222.0 224533.65058863652
1223.0 191703.17724471603
1224.0 225708.4129758251
1225.0 220720.09887865558
1226.0 223146.39625323474
1227.0 227541.68099506802
1228.0 214580.33594319923
1229.0 228599.8368805594
1230.0 226358.3198778662
1231.0 228475.75780227227
1232.0 227263.85863666344
1233.0 223968.81970069502
1234.0 224245.53825077624
1235.0 224731.18293863803
1236.0 224585.9681653611
1237.0 222913.27637318117
1238.0 223764.7955886768
1239.0 231478.52431966347
1240.0 237305.11559423528
1241.0 240817.793016768
1242.0 244789.79961993644
1243.0 254599.71082394652
1244.0 255411.16646954368
1245.0 253461.84354105033
1246.0 246296.85265242797
1247.0 214655.21673663595
1248.0 236189.04825476
1249.0 236672.79254167862
1250.0 233809.4674089792
1251.0 233349.37598137543
1252.0 236560.62318434965
1253.0 236209.15649260549
1254.0 239438.66412723946
1255.0 238553.3979661019
1256.0 238425.32727855816
1257.0 238513.38164127542
1258.0 237960.53429103416
1259.0 236332.13203062396
1260.0 235682.45207616795
1261.0 236676.03469367026
1262.0 237117.43716654574
1263.0 236882.1117561542
1264.0 231896.06590148705
1265.0 235076.85084600115
1266.0 236605.18936678616
1267.0 236972.43792989416
1268.0 235894.52680943825
1269.0 235925.52476997543
1270.0 237516.63283790858
1271.0 238913.69755556664
1272.0 237748.03353867424
1273.0 235792.6433536764
1274.0 237646.0920069281
1275.0 237692.9000043311
1276.0 237728.0570717928
1277.0 238100.52667473842
1278.0 237682.22840750698
1279.0 237940.28761052128
1280.0 237178.0347715622
1281.0 236866.2383406344
1282.0 237120.68740145207
1283.0 237830.4337351611
1284.0 237540.16087892992
1285.0 238846.79051615117
1286.0 236380.75267957663
1287.0 235624.33477065098
1288.0 239916.55788578672
1289.0 237898.2239080041
1290.0 237253.9882197476
1291.0 234875.91769340195
1292.0 235831.59845726722
1293.0 235158.15047158021
1294.0 232974.654894844
1295.0 232292.36964894625
1296.0 234745.439481115
1297.0 231145.0126607372
1298.0 234063.42131473057
1299.0 232200.79834238833
1300.0 233957.7690220357
1301.0 231568.5052891401
1302.0 234030.4943382624
1303.0 209752.55849238433
1304.0 218309.48085879732
1305.0 233835.69422671833
1306.0 234249.70321850592
1307.0 234899.91027923327
1308.0 236022.51347784037
1309.0 234935.72587144637
1310.0 235475.28523208396
1311.0 235896.97239739637
1312.0 234776.7220550218
1313.0 234127.96049394782
1314.0 235218.26327215557
1315.0 234270.91198389957
1316.0 234155.2439842085
1317.0 234396.69627717583
1318.0 235019.49807808956
1319.0 234849.07795445574
1320.0 234677.40625533095
1321.0 233305.5848059672
1322.0 233970.16933737506
1323.0 222032.6841221989
1324.0 229563.64794318157
1325.0 228796.93838767687
1326.0 230803.6287854162
1327.0 232281.5696997644
1328.0 231784.03279104692
1329.0 231648.34546972325
1330.0 227875.6321728293
1331.0 232227.39852215067
1332.0 229412.07096635015
1333.0 233431.87191857203
1334.0 232346.9606953805
1335.0 221314.33632930365
1336.0 148686.03597955737
1337.0 234627.6521218661
1338.0 235875.64649740348
1339.0 230664.6974196154
1340.0 232014.04685574785
1341.0 231025.54933518133
1342.0 229539.4187572201
1343.0 220780.19938792643
1344.0 224815.2519680601
1345.0 228774.92628568262
1346.0 228544.0314534553
1347.0 228560.06044884343
1348.0 229070.04101515372
1349.0 229265.26079187656
1350.0 224557.76516588044
1351.0 228999.9794661515
1352.0 228742.26887405716
1353.0 228111.40634474333
1354.0 227972.25789503468
1355.0 224511.5935526993
1356.0 217546.7817330268
1357.0 222045.85501419575
1358.0 224616.54078219886
1359.0 225969.0363095051
1360.0 226070.88294604185
1361.0 221789.5371488077
1362.0 225648.1239040015
1363.0 224291.48982779973
1364.0 222752.51149483252
1365.0 221207.7351638557
1366.0 219027.04849741983
1367.0 222497.50912518005
1368.0 222446.73413316757
1369.0 221384.03780826685
1370.0 220572.14633443477
1371.0 220898.3801124502
1372.0 221455.0828832062
1373.0 222160.79579729543
1374.0 218307.5108098347
1375.0 221672.1426520956
1376.0 224786.0086730035
1377.0 223613.9879076407
1378.0 218120.54412715405
1379.0 219221.2551168534
1380.0 221597.876328216
1381.0 221156.46877526393
1382.0 221070.94405475614
1383.0 220600.7360745631
1384.0 219104.01953144744
1385.0 219013.0025141791
1386.0 218453.62277990574
1387.0 220052.56086242726
1388.0 217379.72554782828
1389.0 206483.78317803695
1390.0 208560.38332872494
1391.0 207833.90489297
1392.0 217353.34816714466
1393.0 217762.7100337292
1394.0 219842.32108455073
1395.0 220712.01698146193
1396.0 212350.6041723133
1397.0 218211.32263303283
1398.0 212124.59506072232
1399.0 211351.1353126828
1400.0 209312.32112000007
1401.0 211731.78224889055
1402.0 214663.34502084297
1403.0 219403.65474884538
1404.0 217719.4526395043
1405.0 216501.09498892786
1406.0 217491.95395297618
1407.0 215605.0051432549
1408.0 217117.33302704818
1409.0 203370.94368110033
1410.0 216202.7443084418
1411.0 217733.40477558898
1412.0 216902.2531049061
1413.0 215417.39669519625
1414.0 214855.31443955962
1415.0 216003.58651932355
1416.0 217279.79855132053
1417.0 175218.58879067758
1418.0 198545.55324295777
1419.0 218448.0838939865
1420.0 216300.43569133835
1421.0 213896.0226356056
1422.0 211903.43219131348
1423.0 208345.47402101083
1424.0 167988.28670129625
1425.0 191361.60805211743
1426.0 210246.03857063403
1427.0 212655.26838996916
1428.0 202447.74335693134
1429.0 208320.72404058807
1430.0 206989.9370189859
1431.0 201630.4555078908
1432.0 204442.25650655178
1433.0 204202.11709164185
1434.0 207508.4964651135
1435.0 209200.47883674255
1436.0 209817.94341069763
1437.0 208337.15151100815
1438.0 208234.51748989528
1439.0 202628.88593105704
1440.0 199962.77354027945
1441.0 199037.6874016395
1442.0 208375.15437391782
1443.0 208840.75288167916
1444.0 208767.56624561653
1445.0 202773.97167736795
1446.0 207545.13266157126
1447.0 208642.1136786417
1448.0 205403.72515825872
1449.0 202151.2951312621
1450.0 207955.81282913094
1451.0 207134.38434201994
1452.0 196989.28840801015
1453.0 200981.7849201361
1454.0 205519.7973440948
1455.0 205032.9655452392
1456.0 203730.36902705132
1457.0 205659.46757228073
1458.0 199175.55166591832
1459.0 202490.63397523502
1460.0 197628.05039651904
1461.0 202585.24676513116
1462.0 205159.97247519554
1463.0 204584.2433610802
1464.0 204963.89745669416
1465.0 204115.46519075416
1466.0 204250.7026038122
1467.0 200390.48761188617
1468.0 197610.20094545995
1469.0 178629.1942773431
1470.0 189678.23627263785
1471.0 202773.55546175374
1472.0 199514.96037480017
1473.0 197356.64799438659
1474.0 199467.7084935695
1475.0 201993.06138151413
1476.0 200668.97604793162
1477.0 201296.67210539986
1478.0 197373.20352518218
1479.0 199931.71731809882
1480.0 200559.67504564155
1481.0 201629.2930424062
1482.0 201094.03910233712
1483.0 200557.7181015294
1484.0 199466.64054506263
1485.0 199343.34583789404
1486.0 201157.43603401768
1487.0 201443.278400662
1488.0 201451.65068686462
1489.0 200487.2555569778
1490.0 200077.39505433838
1491.0 199581.9585919699
1492.0 198875.3611064819
1493.0 198166.13774328408
1494.0 197733.77086402173
1495.0 197579.38584485618
1496.0 197701.47037056356
1497.0 196711.74439856244
1498.0 188381.12848579022
1499.0 189050.26732166493
1500.0 194399.39385126924
1501.0 189539.79587025126
1502.0 180241.4128520236
1503.0 195918.83723136838
1504.0 191872.13201773737
1505.0 193215.28678659632
1506.0 194957.05998596147
1507.0 197137.27275419442
1508.0 197614.8037758251
1509.0 194233.39321049233
1510.0 197566.98770888904
1511.0 183342.50751183942
1512.0 189365.5913156997
1513.0 195531.98857542005
1514.0 196246.9350486384
1515.0 188641.55259908325
1516.0 192077.06708016884
1517.0 191414.01439856985
1518.0 184696.46783692375
1519.0 192097.68402724213
1520.0 192150.35352401013
1521.0 185556.31955921857
1522.0 192165.73867902096
1523.0 196601.79266922292
1524.0 191200.74331447718
1525.0 186091.58915382664
1526.0 191468.15364012856
1527.0 192719.13806260825
1528.0 197808.44187065167
1529.0 203265.92611709435
1530.0 171450.93872955858
1531.0 160705.9962545167
1532.0 191668.21938815154
1533.0 187144.41631788688
1534.0 193155.12318190138
1535.0 195092.63767233727
1536.0 188090.8626076505
1537.0 195133.62620539006
1538.0 200853.02471496913
1539.0 183416.76810732018
1540.0 192893.2206958814
1541.0 148807.83039919968
1542.0 106027.11743831322
1543.0 97525.95723834718
1544.0 97300.8507998195
1545.0 102755.80559482524
1546.0 115076.36019794448
1547.0 125353.88896596566
1548.0 140606.27463499634
1549.0 164859.22736872977
1550.0 175657.01573255475
1551.0 204089.07136451028
1552.0 232602.3054760667
1553.0 217890.33607982573
1554.0 210165.54255065543
1555.0 204592.25945133102
1556.0 184925.42265598016
1557.0 165326.75407390812
1558.0 179877.70570125876
1559.0 189842.9027171475
1560.0 188947.91403075197
1561.0 179024.9493123409
1562.0 173393.7019338754
1563.0 183813.5055584476
1564.0 185351.1658423437
1565.0 185663.6355058746
1566.0 176007.54978829576
1567.0 181351.49358471605
1568.0 138157.92646310054
1569.0 153236.41336134786
1570.0 179977.19421315368
1571.0 150298.24618620367
1572.0 173886.06403818668
1573.0 185989.6939439956
1574.0 185114.6361453635
1575.0 157358.74183600605
1576.0 181317.05638716996
1577.0 163606.00176418095
1578.0 179009.02056520176
1579.0 187539.67528599978
1580.0 175089.05101753486
1581.0 181840.69303857384
1582.0 184254.208550625
1583.0 180152.45583627353
1584.0 177845.42200727217
1585.0 166785.1233549087
1586.0 176856.18504158698
1587.0 181340.4516027713
1588.0 182053.7994284802
1589.0 182207.51496289732
1590.0 177828.63984700834
1591.0 179339.45815545446
1592.0 177069.04228035943
1593.0 181004.75611862133
1594.0 180356.710375415
1595.0 179084.0095227124
1596.0 179327.06596321028
1597.0 179114.90022373621
1598.0 179509.90363756294
1599.0 181200.2988479295
1600.0 177986.5815615551
1601.0 155770.9131898164
1602.0 170942.42730031992
1603.0 147231.48783696166
1604.0 172088.36160978503
1605.0 183308.1332604314
1606.0 177135.30810981506
1607.0 181769.6440962055
1608.0 182957.49233450845
1609.0 180389.59842578476
1610.0 151938.3771200272
1611.0 164392.63285643328
1612.0 174630.62747070313
1613.0 174900.95604186907
1614.0 174858.144460388
1615.0 178225.51243698774
1616.0 179187.57315330254
1617.0 178911.92924429657
1618.0 178942.90994249133
1619.0 175385.64256947106
1620.0 172743.9389424691
1621.0 166763.66658979264
1622.0 167773.06580186295
1623.0 149876.9085413634
1624.0 150082.19942093387
1625.0 176524.28546493273
1626.0 175629.69966715178
1627.0 179328.87954359764
1628.0 183857.38787996053
1629.0 183307.8386038283
1630.0 176908.55800683214
1631.0 147234.08535423764
1632.0 144522.35144484456
1633.0 182546.69151202467
1634.0 175850.64451284768
1635.0 173097.36449557537
1636.0 171426.65168360126
1637.0 185418.2166896718
1638.0 188241.53969971367
1639.0 190083.9145497386
1640.0 156273.45903052672
1641.0 193756.7121027876
1642.0 191725.12932702922
1643.0 191744.5188796719
1644.0 188976.61046750203
1645.0 180253.4871450929
1646.0 183434.4803714262
1647.0 169502.94952250004
1648.0 177029.47444764388
1649.0 177290.15437446843
1650.0 177055.7447861062
1651.0 179228.07822764158
1652.0 178807.91838223796
1653.0 156654.335677468
1654.0 160169.79889422772
1655.0 174912.87795514276
1656.0 169364.19672686656
1657.0 152040.23892030303
1658.0 166078.55508987236
1659.0 172197.5316812219
1660.0 172229.89371161762
1661.0 169066.06283307544
1662.0 167184.17062899997
1663.0 170410.82885003678
1664.0 168758.1174079502
1665.0 161685.22760085197
1666.0 167230.61400430393
1667.0 167022.78428966974
1668.0 143790.24954806422
1669.0 165637.54285376813
1670.0 168110.80469452738
1671.0 159278.03748109037
1672.0 159228.84554508535
1673.0 158183.46220251
1674.0 164302.00024940918
1675.0 167616.45260845873
1676.0 159803.16113144395
1677.0 161465.00780792072
1678.0 167877.63216055426
1679.0 168018.2093971431
1680.0 167997.56056792775
1681.0 164972.9607915558
1682.0 162176.73216570079
1683.0 166982.44118897477
1684.0 165476.23616588718
1685.0 167864.12958771054
1686.0 163422.63717818493
1687.0 166854.5095134376
1688.0 164214.08449488165
1689.0 166781.63837011775
1690.0 154999.8333915811
1691.0 159454.9028186855
1692.0 165901.9694178866
1693.0 165734.0749377148
1694.0 161230.87305045553
1695.0 158659.86980257698
1696.0 163104.2034867551
1697.0 164729.46802112262
1698.0 161184.4877493579
1699.0 157797.16729502706
1700.0 163224.8845047702
1701.0 159673.04241864875
1702.0 154794.43343339593
1703.0 163317.84071249721
1704.0 160885.81589761365
1705.0 159702.5228051947
1706.0 161228.66352944527
1707.0 140077.8428439814
1708.0 150010.14244257656
1709.0 163662.54076154812
1710.0 159916.25350763768
1711.0 159427.3809201737
1712.0 143503.02524692845
1713.0 120834.3388296351
1714.0 160727.95108957408
1715.0 158520.41972228023
1716.0 156423.389822315
1717.0 146146.7323073855
1718.0 122595.18739779388
1719.0 151106.04544699754
1720.0 159951.6442637031
1721.0 158003.8695598543
1722.0 153997.1368539717
1723.0 153247.1683616174
1724.0 156766.57205519677
1725.0 141482.2706719286
1726.0 152299.0794461218
1727.0 164552.6245289517
1728.0 164816.61522390184
1729.0 161553.8405757098
1730.0 162290.54564191442
1731.0 154503.7002981458
1732.0 158685.52582431547
1733.0 158378.52046601754
1734.0 159063.35472211245
1735.0 158218.01388157334
1736.0 158314.30351864698
1737.0 159841.08056488936
1738.0 154287.53135440726
1739.0 152221.71653002777
1740.0 157044.64689707637
1741.0 156056.82914314355
1742.0 152724.8639849271
1743.0 157637.43820708143
1744.0 154769.86951657856
1745.0 151186.16451527734
1746.0 156727.40463452946
1747.0 150853.94226539685
1748.0 157554.8782983075
1749.0 153977.34315164416
1750.0 155836.37435088266
1751.0 157468.51335290403
1752.0 152531.40081949864
1753.0 139229.04167506075
1754.0 154076.2045076626
1755.0 155851.6027279551
1756.0 156474.90188866286
1757.0 156942.30655891818
1758.0 153859.92135648406
1759.0 152624.63793204338
1760.0 150186.88208799937
1761.0 149165.24533594341
1762.0 152495.8418213198
1763.0 150602.5721565414
1764.0 145804.25443927504
1765.0 155678.10843522663
1766.0 154653.99992967868
1767.0 154462.37090266292
1768.0 151242.61551182476
1769.0 150528.30637652043
1770.0 144845.71743479127
1771.0 153607.36228655314
1772.0 148503.64184290156
1773.0 152445.76076707008
1774.0 150796.2084515368
1775.0 150776.86598886212
1776.0 143458.12585199633
1777.0 151895.29399564525
1778.0 152167.68463025545
1779.0 152230.2712558046
1780.0 151616.1294434393
1781.0 151882.81019739306
1782.0 147746.5701851087
1783.0 144189.22981998496
1784.0 151084.96652996686
1785.0 149844.90189420083
1786.0 150692.26606742383
1787.0 149467.24860655304
1788.0 146531.2345096118
1789.0 148651.42197653826
1790.0 151089.07848267266
1791.0 147462.32236649338
1792.0 128130.64058368967
1793.0 143412.79835059235
1794.0 149820.42810890035
1795.0 147586.60337005436
1796.0 150622.9019061964
1797.0 149083.90740038047
1798.0 147949.27999513483
1799.0 148263.31534602414
1800.0 147808.65376247285
1801.0 149608.91086064096
1802.0 149801.52725188987
1803.0 149301.38102654068
1804.0 148829.52453368116
1805.0 146377.52896192714
1806.0 148523.9016506746
1807.0 148818.12573934867
1808.0 143650.79659198594
1809.0 149975.62746968723
1810.0 150272.27473770303
1811.0 149200.71587426786
1812.0 135645.00867435866
1813.0 135583.3980913821
1814.0 147378.4030956181
1815.0 148074.516339152
1816.0 142036.47037104334
1817.0 143270.82786769778
1818.0 149633.68229006926
1819.0 149296.43136085104
1820.0 147618.20757331784
1821.0 139273.85570003177
1822.0 134015.97592984658
1823.0 146572.70837000833
1824.0 147904.4049542625
1825.0 149076.48555184263
1826.0 143597.98277587353
1827.0 138437.56180767002
1828.0 145286.60172185136
1829.0 148809.2668486907
1830.0 141506.6132535341
1831.0 146458.99576652978
1832.0 144939.16832748783
1833.0 144532.17126985357
1834.0 145305.33839492485
1835.0 142640.39983486367
1836.0 144818.13866754537
1837.0 145520.08193493364
1838.0 142275.41447276543
1839.0 144878.8161453249
1840.0 129762.44159492939
1841.0 142079.16418190207
1842.0 143347.49566354888
1843.0 141154.7363070479
1844.0 142240.24656713018
1845.0 141196.19347663125
1846.0 143550.45131982636
1847.0 144126.66274845644
1848.0 143060.0513985841
1849.0 136765.82743455633
1850.0 128195.27419524631
1851.0 138388.6479690519
1852.0 146084.48640014234
1853.0 143167.6037282049
1854.0 137582.30102120535
1855.0 136003.73463246116
1856.0 141367.6661869512
1857.0 143328.22114731694
1858.0 134584.9066401735
1859.0 139483.4961083271
1860.0 130039.11536132878
1861.0 142255.12141316666
1862.0 143930.53249927604
1863.0 138226.17003453177
1864.0 142049.70973236082
1865.0 142464.91582391222
1866.0 142160.03403218713
1867.0 140507.53033189953
1868.0 141624.22798451225
1869.0 142371.6025865999
1870.0 138648.05243121236
1871.0 139992.27885222956
1872.0 139029.68596771304
1873.0 134119.43832426978
1874.0 136607.34238964174
1875.0 138172.34006487805
1876.0 140219.61482442243
1877.0 139154.57686979265
1878.0 135640.36266431934
1879.0 141764.90268753245
1880.0 139161.3224891293
1881.0 136720.81420100117
1882.0 135598.10621702712
1883.0 136061.6127697799
1884.0 137247.60549538126
1885.0 133435.16830749263
1886.0 135750.88176162727
1887.0 135013.75411018595
1888.0 138112.18685928776
1889.0 135737.52523287744
1890.0 131272.74950636606
1891.0 128866.9616968213
1892.0 133209.13174139848
1893.0 138966.79159289345
1894.0 136082.82316816328
1895.0 126907.46283107309
1896.0 132312.0224743542
1897.0 141715.6131597978
1898.0 142271.72495380187
1899.0 135254.47986608229
1900.0 139241.46585180514
1901.0 133055.38647471837
1902.0 133827.8582165518
1903.0 135670.14835308632
1904.0 135936.02921272482
1905.0 137923.42941378985
1906.0 137095.95007178036
1907.0 136383.97484163876
1908.0 136446.69879470242
1909.0 137119.50981748756
1910.0 136439.3606992605
1911.0 138043.8577791155
1912.0 139195.66848792537
1913.0 136407.80926917045
1914.0 130033.18681943955
1915.0 132491.00361712708
1916.0 136088.82620435892
1917.0 136779.2624827359
1918.0 131291.49330746854
1919.0 133630.72017681252
1920.0 134181.7064733665
1921.0 134774.6614398971
1922.0 128900.26101616013
1923.0 104526.54888476113
1924.0 127400.74998864846
1925.0 135824.82607791378
1926.0 127946.8009369222
1927.0 134758.52000260315
1928.0 131923.72523495424
1929.0 130886.7209390849
1930.0 129564.52176602618
1931.0 109807.52154571498
1932.0 119565.17718251797
1933.0 133509.12630982787
1934.0 135046.29375665757
1935.0 135646.28133511724
1936.0 131541.03967030087
1937.0 133222.83229621468
1938.0 130454.15125853718
1939.0 124042.6381138046
1940.0 125993.822369232
1941.0 136693.542869615
1942.0 136861.3429892268
1943.0 135689.1942197027
1944.0 133990.72231764288
1945.0 133580.21735665808
1946.0 132427.35017016114
1947.0 131789.80342101352
1948.0 131602.09096292654
1949.0 133124.89345485266
1950.0 127767.14147999957
1951.0 104775.87614277996
1952.0 128804.39283636365
1953.0 124280.1582865465
1954.0 120271.25543920929
1955.0 127771.25123070566
1956.0 127206.4928313143
1957.0 126918.2247427152
1958.0 128061.03573407215
1959.0 129757.96639872053
1960.0 130713.91000357752
1961.0 126292.7498635612
1962.0 130846.40895415984
1963.0 128556.59870216054
1964.0 125465.23261706946
1965.0 130507.46900100831
1966.0 128428.39926317072
1967.0 130587.97079222888
1968.0 128342.82329633774
1969.0 129564.34248502633
1970.0 129257.07150443374
1971.0 129675.77429720157
1972.0 128443.98319274226
1973.0 129835.69808910391
1974.0 129949.22962259632
1975.0 129373.37604593254
1976.0 127278.75116629721
1977.0 129066.98503784997
1978.0 129732.47392530295
1979.0 126579.41327449676
1980.0 126563.53674184051
1981.0 129519.54168564624
1982.0 127026.19756536388
1983.0 127545.90179342816
1984.0 124683.30592256093
1985.0 125359.55201171228
1986.0 129632.97740564565
1987.0 127397.28907837393
1988.0 129705.8623273012
1989.0 130830.13742731813
1990.0 126854.16559843905
1991.0 130328.60756632457
1992.0 119976.98985754362
1993.0 122599.15497230958
1994.0 123096.97209582188
1995.0 129309.26508916235
1996.0 129427.64092597348
1997.0 128468.72954130339
1998.0 127773.33567143952
1999.0 123823.38547030716
2000.0 121187.02519368182
2001.0 120147.04069657961
2002.0 120189.12753539384
2003.0 124121.95543227921
2004.0 125321.30629076318
2005.0 123873.14023016152
2006.0 123102.41456965923
2007.0 125253.83990878594
2008.0 125461.34059986874
2009.0 125810.86591847305
2010.0 126282.29019674403
2011.0 122818.31844050957
2012.0 123310.4724724309
2013.0 121148.78083998362
2014.0 121745.3963980175
2015.0 124910.5395471014
2016.0 124006.1407534204
2017.0 125042.15853797754
2018.0 123129.9557804922
2019.0 124391.23484814118
2020.0 124792.45170173388
2021.0 124689.00616441637
2022.0 124544.79836141776
2023.0 122072.88964350887
2024.0 122128.61637870209
2025.0 124312.57215282033
2026.0 120454.31813490641
2027.0 123833.79956567839
2028.0 123705.01180637162
2029.0 122683.15703504004
2030.0 121985.53866283919
2031.0 123419.65112607389
2032.0 123067.11332512314
2033.0 118261.28185736793
2034.0 119078.70624737258
2035.0 118000.4741190411
2036.0 121209.98176055147
2037.0 120642.25116969329
2038.0 118616.61054912087
2039.0 121540.6030669825
2040.0 110922.95850524695
2041.0 114003.4214031949
2042.0 120832.65967988299
2043.0 122256.5984935661
2044.0 120509.50415706684
2045.0 120120.60304525189
2046.0 120527.48431174357
2047.0 120757.29498082666
2048.0 120945.09288468584
2049.0 121049.92612390588
2050.0 119861.1579435614
2051.0 122180.35935335199
2052.0 121811.42481066906
2053.0 120412.85008641121
2054.0 119890.8864103759
2055.0 120064.93726757233
2056.0 118230.66765630437
2057.0 117953.00905425088
2058.0 118167.34945042015
2059.0 120392.82271140286
2060.0 120869.28162850751
2061.0 120342.23481444374
2062.0 114292.23017011996
2063.0 118374.44855429146
2064.0 120381.21919545665
2065.0 120696.74700485542
2066.0 119355.26075176046
2067.0 118805.9005194806
2068.0 117889.89479885514
2069.0 114719.36362238598
2070.0 119431.73665387515
2071.0 106962.66750488027
2072.0 114524.67431838853
2073.0 119662.49506025558
2074.0 119156.5969039842
2075.0 118554.68357373319
2076.0 119463.17756308622
2077.0 117615.11925201562
2078.0 115949.18231584092
2079.0 118707.05882213035
2080.0 118578.01998191804
2081.0 117194.40299927366
2082.0 118739.43003210313
2083.0 118077.27148306987
2084.0 117081.49332691864
2085.0 110500.85301365226
2086.0 116505.883555232
2087.0 118239.96679021498
2088.0 117425.07575877121
2089.0 118572.19062758668
2090.0 110641.1541875907
2091.0 97704.5708819284
2092.0 110429.51265221817
2093.0 117767.26196227822
2094.0 117155.08206019014
2095.0 117799.72065628295
2096.0 117370.16184996002
2097.0 117023.20854943946
2098.0 114961.0023071033
2099.0 118294.94270175809
2100.0 113150.19563886726
2101.0 116131.78012418465
2102.0 119801.66636346665
2103.0 120676.2275609382
2104.0 118969.27830045945
2105.0 123150.63898239502
2106.0 124317.60937372029
2107.0 121214.55558142616
2108.0 108414.43622005382
2109.0 119175.10119601348
2110.0 122856.96025406176
2111.0 121077.02764896369
2112.0 120921.720067224
2113.0 119500.83580089419
2114.0 115397.65033020827
2115.0 114850.53210446052
2116.0 117117.10614645638
2117.0 115638.94838121363
2118.0 115491.2542309162
2119.0 114786.31598716963
2120.0 116438.90616572119
2121.0 115305.66633366214
2122.0 115072.53112212036
2123.0 115276.83433936117
2124.0 114715.42937132143
2125.0 114989.52126650911
2126.0 114770.64067451315
2127.0 115473.83473308587
2128.0 115169.0993482769
2129.0 114885.59680450748
2130.0 114891.68283119731
2131.0 112862.99075041822
2132.0 112833.01416704524
2133.0 114816.28041305744
2134.0 114701.36831972445
2135.0 113060.85059189014
2136.0 112829.44637431555
2137.0 114173.21223712292
2138.0 113804.52830549664
2139.0 115269.09557085023
2140.0 114245.75878635656
2141.0 114793.48468456736
2142.0 113988.6829704268
2143.0 113075.10850095155
2144.0 113887.97016509116
2145.0 110974.68284886383
2146.0 114035.25750017728
2147.0 111776.55883015199
2148.0 112613.24299015995
2149.0 113624.06158689801
2150.0 113806.63465935652
2151.0 113397.35192367
2152.0 113430.90692469121
2153.0 110952.07128113213
2154.0 113388.11695726271
2155.0 113026.94733516598
2156.0 113387.94892234604
2157.0 112828.05802630013
2158.0 112994.08277300363
2159.0 112354.72041743432
2160.0 112925.1779225461
2161.0 113652.03984322025
2162.0 109276.80535926588
2163.0 113466.06025647976
2164.0 113660.18650383253
2165.0 111142.44039325793
2166.0 113008.27563420049
2167.0 112795.40692530115
2168.0 111980.44021229178
2169.0 112548.56126718319
2170.0 112247.0268121582
2171.0 112413.26551473979
2172.0 111911.82746140046
2173.0 112663.16818696371
2174.0 111582.64896651628
2175.0 112218.75977675375
2176.0 109901.20711734486
2177.0 111432.37204748357
2178.0 109868.13556929555
2179.0 112865.73191368741
2180.0 108306.79948343225
2181.0 110136.68782249601
2182.0 111223.63293942699
2183.0 111499.9510881739
2184.0 111123.162994857
2185.0 111467.07394662722
2186.0 110617.22963309482
2187.0 111579.75684640114
2188.0 110222.75778444184
2189.0 111955.84896226651
2190.0 111613.06585474494
2191.0 111631.3273365041
2192.0 110992.7846201181
2193.0 106975.79852062727
2194.0 110941.41282312002
2195.0 111284.25571140458
2196.0 111718.6344324224
2197.0 111833.81705506191
2198.0 111696.18105836738
2199.0 111556.52337677893
2200.0 112036.50154042225
2201.0 110094.03690397227
2202.0 108234.8613770658
2203.0 111469.4531434326
2204.0 111054.63367584537
2205.0 111864.00546181199
2206.0 111518.47711206747
2207.0 110064.21627585425
2208.0 111104.58683685468
2209.0 109243.92424391727
2210.0 110611.91200392603
2211.0 106341.10547844761
2212.0 109512.26454959782
2213.0 109910.09886202782
2214.0 109406.04185835009
2215.0 109410.70909154743
2216.0 110109.6244960358
2217.0 108083.0435212599
2218.0 110300.94123714164
2219.0 107944.42793748871
2220.0 110307.88616241251
2221.0 106052.99793294596
2222.0 109331.19406791506
2223.0 109319.4209475799
2224.0 109463.371680122
2225.0 106762.26695105662
2226.0 110083.72871026388
2227.0 105457.83294333745
2228.0 106529.11265425783
2229.0 109502.07149598523
2230.0 109566.08273322202
2231.0 109549.98502614675
2232.0 109135.9897953331
2233.0 109168.05691515568
2234.0 109765.58692898834
2235.0 109632.69110380522
2236.0 109688.19224099354
2237.0 109625.27205963273
2238.0 109538.23784366678
2239.0 108544.34390169015
2240.0 109686.82416720099
2241.0 108546.78047264484
2242.0 107472.951889368
2243.0 108689.27816559939
2244.0 109310.66429297118
2245.0 107173.30917757134
2246.0 108773.87644348768
2247.0 109993.08032465303
2248.0 108183.66401767226
2249.0 108201.05291021314
2250.0 106560.1949502633
2251.0 107971.48035395223
2252.0 108829.91149300814
2253.0 109183.64641879243
2254.0 108065.08655504139
2255.0 108724.08803876933
2256.0 108804.35756141345
2257.0 108253.00741055819
2258.0 109302.40920633696
2259.0 109600.00713062611
2260.0 109506.7184768827
2261.0 107261.64963105925
2262.0 109535.05276733679
2263.0 108968.66047297644
2264.0 107375.03155419507
2265.0 106491.49557722942
2266.0 108151.41117681084
2267.0 107121.4260181465
2268.0 108609.22506884421
2269.0 107913.47512400334
2270.0 108678.35950926018
2271.0 104348.37606771273
2272.0 108691.44314110355
2273.0 107863.07661356824
2274.0 107966.63130430052
2275.0 108439.11016206178
2276.0 108204.61495496577
2277.0 106096.67104718374
2278.0 105216.65729872194
2279.0 105965.72108108364
2280.0 108375.85676709097
2281.0 108089.16743892312
2282.0 108645.68910132194
2283.0 108158.60862298854
2284.0 107438.97882036664
2285.0 107286.90043351722
2286.0 108405.60934297396
2287.0 106483.58322959104
2288.0 107203.7557609483
2289.0 107974.4262772562
2290.0 107522.46658798725
2291.0 108044.11476584175
2292.0 108150.23717581376
2293.0 108208.17993555608
2294.0 107931.30317557126
2295.0 109047.45231228655
2296.0 110015.65406453003
2297.0 109572.0394302669
2298.0 107410.44384510763
2299.0 105005.32469134207
2300.0 110101.05789256249
2301.0 108660.9311188666
2302.0 108489.08494711814
2303.0 108676.48685336845
2304.0 106785.29800982816
2305.0 108609.59069026173
2306.0 106929.40866772279
2307.0 108433.33559384775
2308.0 106393.26845734955
2309.0 108338.13604364352
2310.0 108802.04112348065
2311.0 108470.29550592009
2312.0 105381.5855450654
2313.0 105556.39460163668
2314.0 106687.36349561483
2315.0 108193.76775681968
2316.0 108179.31555248793
2317.0 107828.42991478306
2318.0 105768.82312379233
2319.0 105002.5015049034
2320.0 105815.7400482423
2321.0 106577.68845571064
2322.0 107280.11538224894
2323.0 105158.79587243802
2324.0 107581.33541071521
2325.0 104801.91218001526
2326.0 104256.7557884419
2327.0 103892.32732654575
2328.0 103840.2712619002
2329.0 107717.93788415568
2330.0 106299.43202181759
2331.0 106180.08804037634
2332.0 100692.57203034754
2333.0 106676.97796150426
2334.0 107321.5762705929
2335.0 105299.37218625435
2336.0 107503.79507190276
2337.0 106376.23912316735
2338.0 107368.57704172155
2339.0 106941.1519049634
2340.0 107524.07464588642
2341.0 107836.1550542356
2342.0 107219.86694513398
2343.0 107985.14929020892
2344.0 107376.6958444153
2345.0 104597.03880764764
2346.0 102944.8915246248
2347.0 108704.6397008912
2348.0 108989.73004209608
2349.0 100822.26647828432
2350.0 108758.19178609327
2351.0 107262.65172359627
2352.0 105854.85827030327
2353.0 106001.1628025922
2354.0 107383.4863853924
2355.0 107849.47557768764
2356.0 103554.64784792822
2357.0 107150.83765542484
2358.0 109580.51462760556
2359.0 109852.80408511407
2360.0 107660.07501006704
2361.0 103883.69987891208
2362.0 109772.33684473211
2363.0 109482.08225115278
2364.0 108440.34854748317
2365.0 108567.73925625434
2366.0 106867.69356801164
2367.0 107408.22828501789
2368.0 105800.73189760992
2369.0 106754.49687137302
2370.0 105390.24587489806
2371.0 106664.4855465644
2372.0 107474.03903046867
2373.0 107286.74908424355
2374.0 107458.31482153294
2375.0 107153.7075630779
2376.0 102191.0963980552
2377.0 107047.05300125033
2378.0 108427.19466645073
2379.0 108344.52311030227
2380.0 101561.6473718583
2381.0 108062.79791366607
2382.0 108402.36272568359
2383.0 103171.74012863822
2384.0 102733.39402581712
2385.0 106445.28360595167
2386.0 109844.02204143908
2387.0 107666.76173021084
2388.0 106913.21658878792
2389.0 103898.67026405866
2390.0 107840.49507161688
2391.0 106130.21094622042
2392.0 106057.3303116567
2393.0 106694.95691038016
2394.0 107622.83529438314
2395.0 106985.0047001602
2396.0 105327.36974513304
2397.0 108636.97081720746
2398.0 108435.3532533154
2399.0 109655.16361006953
2400.0 101979.5093138718
2401.0 105334.64368275397
2402.0 107845.82191095641
2403.0 105691.0783895712
2404.0 109139.61365466224
2405.0 104755.73150056449
2406.0 106588.02148341677
2407.0 106157.2961055164
2408.0 105899.26290835258
2409.0 106320.61798551674
2410.0 106054.94132010313
2411.0 102351.12344148364
2412.0 104905.65287864314
2413.0 106399.08016979948
2414.0 101348.54181585694
2415.0 106574.26529069962
2416.0 106674.61674440267
2417.0 103980.6272754065
2418.0 108433.06697834763
2419.0 106594.67152899245
2420.0 108056.17096285032
2421.0 108427.57235458837
2422.0 108769.9226282009
2423.0 108934.42407681295
2424.0 106001.14838620304
2425.0 103846.2265653816
2426.0 107246.1934587957
2427.0 108380.6320267894
2428.0 105180.38627675224
2429.0 103261.74558391995
2430.0 104754.73891874208
2431.0 105650.44512644871
2432.0 107777.68488174952
2433.0 103663.19265888538
2434.0 107534.09908299547
2435.0 105402.01059601497
2436.0 107290.43357544046
2437.0 105339.55672325949
2438.0 101950.9335625348
2439.0 106266.04233073929
2440.0 102939.03491059999
2441.0 105602.90164454581
2442.0 106221.75635816022
2443.0 106540.8424883595
2444.0 106650.24634754451
2445.0 104696.11772403572
2446.0 105045.22133971816
2447.0 102854.05629455313
2448.0 100813.87021685664
2449.0 105851.8957489468
2450.0 103927.67051477366
2451.0 101372.38985690003
2452.0 101087.94699990052
2453.0 105000.31274574468
2454.0 104658.56756326466
2455.0 104526.20752338223
2456.0 105836.99379147914
2457.0 105885.77036669754
2458.0 105552.57430342978
2459.0 106161.9085264714
2460.0 104162.11274754755
2461.0 105071.88157866066
2462.0 102046.21055740392
2463.0 105401.45537757695
2464.0 103584.27421362829
2465.0 105604.68260181589
2466.0 103902.71119504096
2467.0 106476.61067442385
2468.0 107603.47016321114
2469.0 103447.09680322024
2470.0 106596.14752544054
2471.0 106883.91327038672
2472.0 106952.53564290155
2473.0 105952.56734162878
2474.0 103199.12084101014
2475.0 107466.81634977198
2476.0 106267.57152782238
2477.0 104851.7471311204
2478.0 104690.26515293789
2479.0 103497.94272025116
2480.0 103306.69860901713
2481.0 103146.77222392739
2482.0 105510.33102122077
2483.0 101636.27361554836
2484.0 104775.5510352508
2485.0 100201.0000840776
2486.0 105287.31874196728
2487.0 102204.76243692776
2488.0 106114.25462910475
2489.0 104532.49931543805
2490.0 104834.86495287255
2491.0 105915.87398571789
2492.0 101978.95018872232
2493.0 104541.8500683989
2494.0 96668.7935541849
2495.0 105028.78062190926
2496.0 106113.32533982061
2497.0 106183.85726656858
2498.0 104600.46656750506
2499.0 105150.45005660232
2500.0 106244.38070268669
