WAVE FLUX
900.0 25100.291810580202
901.0 25170.82392295178
902.0 27031.32158934351
903.0 28501.618560475818
904.0 31202.613821514173
905.0 26501.481913374802
906.0 27592.754863427588
907.0 28413.85029418209
908.0 28304.029385766687
909.0 39800.05469237356
910.0 28613.656112233733
911.0 29638.05114234627
912.0 288035.1832387175
913.0 195246.4791230078
914.0 252276.21976900595
915.0 254680.24799293393
916.0 189805.16701579335
917.0 266474.6198840422
918.0 160224.44123763702
919.0 114215.64736334099
920.0 228801.16709868447
921.0 40188.688381764194
922.0 117423.2423429777
923.0 129549.4002189818
924.0 191496.87420414007
925.0 169915.96607921593
926.0 245471.2303892381
927.0 306047.4233126947
928.0 330326.0351422229
929.0 144694.46904211288
930.0 129419.45039044619
931.0 220587.56765340382
932.0 302108.3592914099
933.0 309911.69756763644
934.0 356289.00770362024
935.0 282819.80374667293
936.0 289221.7480679297
937.0 150838.63279467123
938.0 75442.49300822274
939.0 313266.8810539478
940.0 329579.0921338922
941.0 333108.94161551766
942.0 305748.47915113124
943.0 232443.29740320964
944.0 289084.0438644058
945.0 224193.8798654794
946.0 264103.7368623293
947.0 143300.9538146674
948.0 98147.56817217411
949.0 108164.04696116198
950.0 170657.31453979327
951.0 325940.63409781735
952.0 400274.55082783586
953.0 376189.03467708087
954.0 240492.37902068658
955.0 116743.7052357155
956.0 306752.666915206
957.0 252242.37234982132
958.0 313736.5260073861
959.0 233345.1006150412
960.0 312758.6090589473
961.0 325922.0344064869
962.0 247307.8763920459
963.0 295349.37294399686
964.0 163076.76264998395
965.0 338214.55132310744
966.0 301555.82381041616
967.0 158393.1687055835
968.0 253892.42103125356
969.0 308373.6211752646
970.0 254945.1893617008
971.0 243266.34317834539
972.0 89269.29781560496
973.0 24989.854415316535
974.0 24474.44002076062
975.0 33265.14793998626
976.0 93530.92688687572
977.0 290438.3375392153
978.0 264495.7822296873
979.0 173466.45112292684
980.0 195059.70173349013
981.0 149984.99863973566
982.0 262394.1280728655
983.0 275811.66087033745
984.0 211592.1554628976
985.0 150924.605792029
986.0 61950.10928909414
987.0 67488.84785398334
988.0 71860.14957355928
989.0 66391.01933169432
990.0 84597.42829513393
991.0 170387.35635098585
992.0 358390.6184382347
993.0 334258.17700350896
994.0 246348.03544740236
995.0 139674.80687057038
996.0 275780.99772985914
997.0 163445.89640989166
998.0 255342.81112998142
999.0 241114.8650228912
1000.0 319511.6148843145
1001.0 166591.04494304044
1002.0 234378.3155642785
1003.0 207954.0732544641
1004.0 313632.0653921203
1005.0 296572.4894681106
1006.0 148829.71585247602
1007.0 182122.3095705143
1008.0 253128.92785295742
1009.0 193807.0859907228
1010.0 148941.82561706798
1011.0 294120.66793911095
1012.0 260681.41903985362
1013.0 204716.94941056438
1014.0 299984.1694244058
1015.0 259501.39728435694
1016.0 195746.46118090497
1017.0 250890.9928699966
1018.0 202448.63182086108
1019.0 273428.9070827157
1020.0 148197.40117144256
1021.0 232738.734474473
1022.0 302749.90367167006
1023.0 177736.0049577425
1024.0 276602.96891210176
1025.0 196574.5134625975
1026.0 72559.95491393386
1027.0 166420.44540606986
1028.0 249166.36332301408
1029.0 274953.02283900836
1030.0 135835.53835339268
1031.0 140531.35992425727
1032.0 226062.94806188476
1033.0 210989.85029107222
1034.0 127693.88181854833
1035.0 173896.70498848922
1036.0 145650.2568059763
1037.0 134514.35960112594
1038.0 179121.77500477055
1039.0 235935.74375746114
1040.0 198849.88413674574
1041.0 280493.0422881672
1042.0 296946.72726955416
1043.0 316095.8010041824
1044.0 319756.0990842429
1045.0 292108.5123957815
1046.0 293110.7550370139
1047.0 317053.57514172175
1048.0 317883.6545681578
1049.0 316409.4400089782
1050.0 293191.1155705555
1051.0 242790.74472212887
1052.0 297579.6889141179
1053.0 271108.25961183844
1054.0 306853.5624572662
1055.0 266394.6590967176
1056.0 264805.7074564493
1057.0 291171.4499227569
1058.0 264090.245697924
1059.0 141385.50862677264
1060.0 141455.17420456128
1061.0 146944.94002933352
1062.0 192918.62146567166
1063.0 227708.796889242
1064.0 300342.7147586279
1065.0 300701.8066783602
1066.0 160883.99526719918
1067.0 264834.1013244334
1068.0 185987.11990145946
1069.0 99471.57998482678
1070.0 126011.1590839634
1071.0 140863.84659702217
1072.0 179271.95586155343
1073.0 239067.72517403454
1074.0 281373.98116325383
1075.0 295490.1789972981
1076.0 281740.51083989715
1077.0 207406.05769860937
1078.0 171542.58913352143
1079.0 292800.08898670826
1080.0 272394.3834219071
1081.0 277241.7091370917
1082.0 281889.8224503352
1083.0 163609.2636033575
1084.0 227666.7142703807
1085.0 175033.55554201902
1086.0 221245.31276263707
1087.0 253482.40676746666
1088.0 156158.70538358096
1089.0 147268.69944153333
1090.0 172162.58228945048
1091.0 266995.5191644561
1092.0 240045.9973565285
1093.0 218023.82193212
1094.0 285963.86061408225
1095.0 281058.4090732607
1096.0 211199.21718664913
1097.0 231451.47699239163
1098.0 136212.73909349585
1099.0 275508.65836633573
1100.0 259450.67313151807
1101.0 270777.3484293592
1102.0 282355.37220886635
1103.0 240202.8899267003
1104.0 173969.4875748431
1105.0 264045.7821366534
1106.0 258755.71419496438
1107.0 232100.17173357276
1108.0 175947.68459857523
1109.0 208916.90645828398
1110.0 206977.54003417995
1111.0 219576.997832901
1112.0 217147.9293243536
1113.0 238108.25377980727
1114.0 214354.26669838035
1115.0 208746.28343882933
1116.0 206733.3530534787
1117.0 186364.67841358454
1118.0 276766.1322759331
1119.0 240457.93117463693
1120.0 214084.25624524226
1121.0 162057.87051308004
1122.0 185900.53793975088
1123.0 271389.43868848536
1124.0 166644.0317567097
1125.0 137534.15258746193
1126.0 137802.75139067855
1127.0 137728.4540729874
1128.0 179534.03367146233
1129.0 181485.46998452404
1130.0 164279.7358487528
1131.0 253287.60682644436
1132.0 261672.68219718346
1133.0 256923.45886556004
1134.0 245660.72622743197
1135.0 214077.42600252698
1136.0 266585.2254221176
1137.0 256554.2529747131
1138.0 254844.04292983853
1139.0 178803.2686228127
1140.0 152161.5229647614
1141.0 239798.6396381918
1142.0 200022.15236241138
1143.0 247569.96924797588
1144.0 171279.90433012546
1145.0 122555.10879407832
1146.0 254632.17330257455
1147.0 239849.82185940078
1148.0 252441.9856952639
1149.0 239168.4704549108
1150.0 225223.3197498623
1151.0 231140.75362451762
1152.0 234051.29347079873
1153.0 230446.47560773382
1154.0 216719.84789835653
1155.0 188257.28970854363
1156.0 215630.32648634203
1157.0 215737.13784197986
1158.0 231574.86809803193
1159.0 189368.2454315113
1160.0 174730.34577545215
1161.0 223949.6991485357
1162.0 144255.2173056322
1163.0 230770.0666356585
1164.0 156086.8044699813
1165.0 235588.0413078364
1166.0 191990.38736807718
1167.0 171247.36544980368
1168.0 223396.59195281455
1169.0 188488.80501446052
1170.0 167747.1814871341
1171.0 104101.81864554291
1172.0 71367.01783806778
1173.0 66140.79590444507
1174.0 69054.3086534936
1175.0 72604.32638636502
1176.0 109339.4834353659
1177.0 221334.64872249123
1178.0 234918.0878159835
1179.0 240973.32817471548
1180.0 236398.44444058905
1181.0 204711.94699819913
1182.0 237227.51120245547
1183.0 124447.14736082908
1184.0 178824.63639066753
1185.0 181221.97795723446
1186.0 232530.31160848154
1187.0 222064.25352309644
1188.0 232350.944092264
1189.0 229850.40433722682
1190.0 222057.13952043484
1191.0 159518.4707620124
1192.0 195735.85759782192
1193.0 188017.9119307977
1194.0 206464.0075454238
1195.0 231828.00021244213
1196.0 224101.95195992457
1197.0 146716.11008913544
1198.0 202016.1770977475
1199.0 210386.707442443
1200.0 168586.31294411438
1201.0 111996.74206130914
1202.0 61699.320908739224
1203.0 70190.36219774788
1204.0 132173.064882278
1205.0 207306.5436501744
1206.0 183782.487774004
1207.0 210115.75696451106
1208.0 216482.67733068374
1209.0 175584.79910266987
1210.0 167495.20076304948
1211.0 190299.80286669204
1212.0 162142.72150329716
1213.0 145686.83223872323
1214.0 140555.6217610235
1215.0 146861.36456582043
1216.0 167710.07309515722
1217.0 143801.5413892854
1218.0 133869.48561041986
1219.0 210757.82752941392
1220.0 156303.92303850013
1221.0 218288.09596171067
1222.0 216269.19797268312
1223.0 145249.77288751176
1224.0 211621.22420143028
1225.0 191166.95384139675
1226.0 198352.33632330623
1227.0 221901.70292991644
1228.0 171937.83891219686
1229.0 215488.32159205017
1230.0 193822.98052737326
1231.0 204508.26921266507
1232.0 216516.00891108596
1233.0 212142.57774033572
1234.0 215476.1850051347
1235.0 221750.40541305573
1236.0 221341.17840406924
1237.0 219205.3038574527
1238.0 224461.02890041555
1239.0 220791.59222013433
1240.0 225950.25889568764
1241.0 227685.89311124414
1242.0 216595.3400374496
1243.0 217592.09694018375
1244.0 208162.56453129035
1245.0 164771.20628494764
1246.0 118351.92209932925
1247.0 111058.50802517743
1248.0 229933.08527246458
1249.0 221609.91527953677
1250.0 218912.10749185496
1251.0 214465.25877756553
1252.0 194478.41869390698
1253.0 212097.79245299305
1254.0 213621.6805147255
1255.0 205389.46091984017
1256.0 214042.85444744714
1257.0 219731.49299373745
1258.0 221357.75340534464
1259.0 196996.7905240376
1260.0 189938.2284049863
1261.0 214683.44296876746
1262.0 215128.01319053603
1263.0 213743.3501259202
1264.0 195285.65812691877
1265.0 204072.26137924276
1266.0 206692.29318770822
1267.0 209291.1419330909
1268.0 207564.1863917817
1269.0 204600.56861116213
1270.0 216370.02850991688
1271.0 216653.05424801615
1272.0 196740.63067692597
1273.0 197649.0361273368
1274.0 215586.25365727776
1275.0 217323.79447837913
1276.0 217198.9598058782
1277.0 217487.24726329808
1278.0 219326.06275416512
1279.0 216317.4933863106
1280.0 216334.37825355347
1281.0 217075.7691386484
1282.0 211706.93584837383
1283.0 212862.7610535977
1284.0 208087.3279660351
1285.0 212235.52531855417
1286.0 184336.38851587084
1287.0 183769.77485206907
1288.0 207806.0159858503
1289.0 193287.9554249128
1290.0 200560.02161387424
1291.0 191466.45080105288
1292.0 207683.7333085602
1293.0 203376.19859437348
1294.0 159896.25485544786
1295.0 166619.53168212966
1296.0 194892.6734320894
1297.0 181557.25871121243
1298.0 194906.02036758573
1299.0 182923.66001876225
1300.0 194605.0236633565
1301.0 183844.77999484396
1302.0 179716.08524185777
1303.0 120555.79364977544
1304.0 148239.20372570475
1305.0 199178.49094546275
1306.0 204299.86958903735
1307.0 210879.68089856172
1308.0 209672.97426542046
1309.0 197913.63312596767
1310.0 202017.57076893968
1311.0 201400.92637311827
1312.0 186179.07999419727
1313.0 191123.98577339
1314.0 203106.61635992155
1315.0 195282.21456493408
1316.0 197338.84386991887
1317.0 204121.98307691893
1318.0 202526.7936964442
1319.0 181335.73034490808
1320.0 199121.85758552558
1321.0 192321.5393893149
1322.0 205490.00569151016
1323.0 194187.42527709008
1324.0 166448.9657330695
1325.0 161529.15164545123
1326.0 193721.19640053785
1327.0 197392.1560586142
1328.0 196972.81935091264
1329.0 191474.33255986587
1330.0 158640.79865065505
1331.0 186668.23886881975
1332.0 176398.14542270638
1333.0 188510.89822358295
1334.0 195674.88086588276
1335.0 158447.70559788478
1336.0 102073.95898966413
1337.0 192576.48890194154
1338.0 196927.48936334538
1339.0 176455.62094760078
1340.0 199555.63627914296
1341.0 197328.78949325843
1342.0 175919.2351516383
1343.0 131757.06306818343
1344.0 155873.58199060697
1345.0 189545.00111261883
1346.0 189367.96546933317
1347.0 191107.51497783972
1348.0 189861.69383905685
1349.0 192452.09375621134
1350.0 164814.5139442189
1351.0 193885.54559605257
1352.0 194390.493987213
1353.0 190430.09490124614
1354.0 184049.4416170994
1355.0 150824.75375856025
1356.0 145695.19828897683
1357.0 156408.03908778098
1358.0 168777.82172262328
1359.0 190887.60310050368
1360.0 181979.47290696093
1361.0 174689.4958601686
1362.0 176298.0412748641
1363.0 170186.3362974543
1364.0 170067.85028259852
1365.0 180958.66270772857
1366.0 179871.19432569906
1367.0 185799.75569307388
1368.0 184255.80893502003
1369.0 174126.3066614615
1370.0 188987.33620875102
1371.0 179145.89983227872
1372.0 144819.86094152764
1373.0 158517.11497141616
1374.0 177873.4800432846
1375.0 110177.48749986116
1376.0 180121.9379608605
1377.0 175418.37376690138
1378.0 164498.62902288008
1379.0 174690.38721129534
1380.0 179310.13700793436
1381.0 180959.9367611368
1382.0 181447.10864761128
1383.0 171994.2109437573
1384.0 149468.96235877767
1385.0 154305.1902862703
1386.0 137873.85768842133
1387.0 129761.3358869161
1388.0 66756.42789888676
1389.0 63213.7573617945
1390.0 70924.40118031375
1391.0 79132.95886978878
1392.0 98966.69887462026
1393.0 128683.02401326851
1394.0 185512.20438460333
1395.0 183507.0020593664
1396.0 122059.3433868204
1397.0 64763.04052936415
1398.0 59118.67097163792
1399.0 69436.3897531683
1400.0 83096.5453014552
1401.0 103411.83520588558
1402.0 138568.12273743274
1403.0 246024.77327382765
1404.0 225684.4970530865
1405.0 196671.8372967567
1406.0 177740.9288845171
1407.0 174206.695619523
1408.0 167603.55517036386
1409.0 163232.95312379947
1410.0 161209.77487806804
1411.0 164170.41943151466
1412.0 169083.28919104062
1413.0 166192.73622637434
1414.0 159264.92659925573
1415.0 157823.80601993395
1416.0 166218.20121096083
1417.0 95642.49276997788
1418.0 148079.9044069115
1419.0 150727.59716289816
1420.0 136419.3953333811
1421.0 155362.8978576534
1422.0 144907.77020850102
1423.0 139023.71500276958
1424.0 110630.22281728112
1425.0 143925.24666899812
1426.0 150923.85083404588
1427.0 164269.18305230312
1428.0 125422.05166215835
1429.0 108549.02730467111
1430.0 158612.36227836192
1431.0 150369.08400990188
1432.0 138676.83431434954
1433.0 142017.67649046145
1434.0 129326.49405021105
1435.0 152167.22355881875
1436.0 141804.5533248701
1437.0 153729.6468631889
1438.0 146320.0116758468
1439.0 131128.8161594222
1440.0 144200.43617490304
1441.0 160676.11547404615
1442.0 147885.67044183423
1443.0 152406.23486353818
1444.0 160876.20918764302
1445.0 142476.9551626877
1446.0 146450.3761224175
1447.0 155978.59577693584
1448.0 152629.79336285195
1449.0 148473.70976053426
1450.0 162189.62351867813
1451.0 134799.0404430689
1452.0 113126.70266070805
1453.0 145955.73840130557
1454.0 143100.95594995632
1455.0 128344.58971174453
1456.0 148327.55767563294
1457.0 159939.4480454149
1458.0 133737.91565319165
1459.0 135238.7394189587
1460.0 137511.74882465525
1461.0 147167.47585244905
1462.0 150100.73502500696
1463.0 146972.01432954075
1464.0 152664.9296396474
1465.0 134967.20449991358
1466.0 145645.18521285127
1467.0 139316.7867319112
1468.0 134290.8036248706
1469.0 90147.25744861191
1470.0 90884.21210204036
1471.0 143521.11232532817
1472.0 132652.9756445472
1473.0 135488.43101189585
1474.0 142079.09685704389
1475.0 149636.61286037203
1476.0 144633.19049698833
1477.0 151039.31710186784
1478.0 131196.787028842
1479.0 142891.25973523545
1480.0 145431.24941510172
1481.0 155300.0284701394
1482.0 147359.94183499677
1483.0 147344.3077783173
1484.0 132551.56878473578
1485.0 142678.06138126427
1486.0 151462.11747557964
1487.0 151372.94632458317
1488.0 152940.1355722646
1489.0 147770.82242770295
1490.0 145471.9374529337
1491.0 149366.2008735883
1492.0 149845.8282561785
1493.0 150657.2789099863
1494.0 145941.04892239443
1495.0 148410.7258899142
1496.0 145156.00786945233
1497.0 124732.39704067368
1498.0 115893.50572325874
1499.0 99567.20601390758
1500.0 126917.05106509628
1501.0 139037.79001454794
1502.0 128973.68317788531
1503.0 141281.47263895592
1504.0 125176.27286724433
1505.0 127192.78051300043
1506.0 139882.20132042342
1507.0 152387.56417661728
1508.0 151203.7896621382
1509.0 121978.55832798629
1510.0 144576.58126630855
1511.0 95402.60122577393
1512.0 107828.17793881852
1513.0 122577.5922587239
1514.0 142011.5247619331
1515.0 96047.92435494142
1516.0 120102.74218130125
1517.0 137043.99114985496
1518.0 111566.73305749576
1519.0 109045.97384911354
1520.0 131314.02466508598
1521.0 118519.78772093459
1522.0 130522.40903002195
1523.0 152190.9504215286
1524.0 105858.55841112428
1525.0 97213.70275113943
1526.0 128903.40218050714
1527.0 116621.33237470816
1528.0 113505.3899183992
1529.0 138897.68740633753
1530.0 91763.14896335361
1531.0 84570.0244789052
1532.0 119776.15943343281
1533.0 106896.31441280291
1534.0 117398.23643085678
1535.0 138067.7222648199
1536.0 130839.15507089981
1537.0 119553.6232156709
1538.0 120279.96023995371
1539.0 87287.34266184106
1540.0 134685.32744608307
1541.0 83161.12797839702
1542.0 64010.15691471095
1543.0 68773.7590925511
1544.0 53556.50830531349
1545.0 63176.37924432666
1546.0 64234.97592122826
1547.0 62817.62118791792
1548.0 64270.88817806152
1549.0 73991.61916701343
1550.0 90353.30710593701
1551.0 129006.05455762266
1552.0 157511.6876436202
1553.0 131191.68215106192
1554.0 139464.1901157861
1555.0 144964.38746526666
1556.0 85413.51347990704
1557.0 81741.86161569774
1558.0 123966.14638379021
1559.0 135557.64571890672
1560.0 100712.23803995426
1561.0 93450.03785451777
1562.0 91603.23586805383
1563.0 126297.13117945912
1564.0 110693.28443972055
1565.0 109427.29223583172
1566.0 108908.23745807548
1567.0 115293.73890081707
1568.0 83830.00243162438
1569.0 84243.93731418843
1570.0 112310.84875066408
1571.0 84394.29330264435
1572.0 113389.81794731639
1573.0 133574.56434475974
1574.0 133855.05592910474
1575.0 85379.97822616428
1576.0 126853.06074300924
1577.0 98493.49282974622
1578.0 109192.87803224311
1579.0 125795.24541841216
1580.0 86940.24556135858
1581.0 103842.14005177046
1582.0 123684.03649009348
1583.0 93003.407550395
1584.0 100450.75590394334
1585.0 92449.10876458223
1586.0 115268.4551355851
1587.0 124402.6867648367
1588.0 121351.71181768175
1589.0 127963.8473928605
1590.0 116649.93164398895
1591.0 114921.5701757309
1592.0 104949.70963197044
1593.0 125315.6519919185
1594.0 100670.37181038536
1595.0 100665.72216961396
1596.0 116514.25503262243
1597.0 117393.15834699318
1598.0 122916.06634786738
1599.0 132233.85393058468
1600.0 116919.01004250547
1601.0 80808.99440915082
1602.0 102604.98998504148
1603.0 86390.35802656012
1604.0 113280.34587321023
1605.0 126220.67098330095
1606.0 107547.91259337107
1607.0 119373.91052644294
1608.0 128099.32919154395
1609.0 114502.21543555782
1610.0 84745.41294846588
1611.0 107045.65059101857
1612.0 113504.72150473756
1613.0 119022.14418279367
1614.0 112625.66454602627
1615.0 126185.66371533628
1616.0 132975.50293861146
1617.0 136366.56143371534
1618.0 130376.86959677697
1619.0 104666.83109265188
1620.0 81973.1184023836
1621.0 86118.19142334572
1622.0 94317.76142008415
1623.0 85847.63679864164
1624.0 95175.28429235752
1625.0 120489.93483507975
1626.0 123177.91581027395
1627.0 119569.77614301657
1628.0 125028.74322319117
1629.0 108223.62359472369
1630.0 112475.47143945584
1631.0 80920.63108453671
1632.0 88163.82570645247
1633.0 113285.61669000344
1634.0 117886.40188649153
1635.0 108519.9885025161
1636.0 110632.73710651745
1637.0 120210.75631637646
1638.0 96293.6673488163
1639.0 115255.41161627418
1640.0 70542.27448224048
1641.0 127188.22062592862
1642.0 127811.30064221294
1643.0 129183.16427314207
1644.0 131825.48721822136
1645.0 105512.91236893239
1646.0 124870.9648158124
1647.0 98835.488878348
1648.0 123994.95513357798
1649.0 119988.83073257304
1650.0 119724.34850217095
1651.0 129569.88926596408
1652.0 120839.46029194415
1653.0 94352.57645891974
1654.0 101623.02504245203
1655.0 124878.57098835835
1656.0 103637.31735096734
1657.0 85400.75960699323
1658.0 114330.8120239182
1659.0 117939.47208557345
1660.0 118021.53214141876
1661.0 97489.50570450143
1662.0 86224.97212510751
1663.0 119409.11422840314
1664.0 121507.96720595667
1665.0 95173.98894381885
1666.0 110825.27591245116
1667.0 101771.68227317839
1668.0 79339.62220041412
1669.0 112146.90123785398
1670.0 107969.17017147102
1671.0 99128.34005592899
1672.0 85473.50589350222
1673.0 78223.4208286797
1674.0 108799.73599697999
1675.0 116948.03905810551
1676.0 87856.51149768264
1677.0 96053.91277412449
1678.0 123858.92874035373
1679.0 120768.59101733108
1680.0 124895.7364047602
1681.0 117423.98700416264
1682.0 96764.44032174414
1683.0 117824.17962086962
1684.0 119986.55964544424
1685.0 122390.36292112934
1686.0 109132.02306688158
1687.0 110498.9178284735
1688.0 117354.6029126275
1689.0 119587.74614231613
1690.0 93086.75743724678
1691.0 100070.98005682546
1692.0 111055.5423066601
1693.0 113155.04951191453
1694.0 109064.58966052122
1695.0 91819.27556916955
1696.0 92353.7786419611
1697.0 115217.65530907836
1698.0 108038.17635637417
1699.0 89907.943208295
1700.0 111254.78407343075
1701.0 96026.51196655007
1702.0 105114.1255731592
1703.0 112053.09636409937
1704.0 89534.45497919756
1705.0 101683.96421264281
1706.0 90229.73300961581
1707.0 78215.85028148642
1708.0 94611.90122849966
1709.0 107103.32377758074
1710.0 108544.18549765614
1711.0 101225.20545950864
1712.0 90972.16192927204
1713.0 73960.56592702608
1714.0 98128.32013983987
1715.0 105572.17337571517
1716.0 72205.77509656288
1717.0 77982.164171564
1718.0 73662.22516218576
1719.0 94530.67215466073
1720.0 105088.90672848748
1721.0 93793.10970406131
1722.0 86464.96055351522
1723.0 83545.19520710551
1724.0 78651.84068736578
1725.0 81687.67083256744
1726.0 95175.72039915554
1727.0 113713.6866016309
1728.0 109811.15379035698
1729.0 107938.37717809323
1730.0 114265.70258051706
1731.0 99857.11384680864
1732.0 110870.80857452373
1733.0 105948.85423292893
1734.0 100168.95166962822
1735.0 103500.08330514109
1736.0 103821.21407658578
1737.0 115095.82004606217
1738.0 95945.82663235627
1739.0 73192.89958072196
1740.0 91301.15622785524
1741.0 77765.6864954155
1742.0 80328.49539923984
1743.0 106156.97726242126
1744.0 84449.30949506134
1745.0 84681.99285720992
1746.0 109617.23455326079
1747.0 96230.6462122092
1748.0 102810.19647158611
1749.0 100347.8686682898
1750.0 104391.78636944937
1751.0 107276.31276938228
1752.0 103413.1725355347
1753.0 60596.70329201282
1754.0 98284.98831676181
1755.0 108289.97022333558
1756.0 109052.30678411014
1757.0 107528.84698200473
1758.0 91964.8779287409
1759.0 81809.02507191942
1760.0 92440.81587954037
1761.0 82975.2944608154
1762.0 109727.16366474317
1763.0 89918.3558609134
1764.0 98561.26060244131
1765.0 105812.9202680662
1766.0 103880.1221770432
1767.0 104171.83730995786
1768.0 99084.21229636241
1769.0 91357.52553838333
1770.0 74148.37187598806
1771.0 102707.28212329309
1772.0 74700.67875710869
1773.0 84770.93333340448
1774.0 107009.35417066971
1775.0 83749.1695690356
1776.0 73959.5923869424
1777.0 101760.20532644283
1778.0 101545.7023854736
1779.0 93063.27726005929
1780.0 100911.69868260185
1781.0 99100.63035803559
1782.0 89943.77789195749
1783.0 71218.00741492872
1784.0 98354.38295921608
1785.0 91926.18116326208
1786.0 101071.98168841898
1787.0 99797.4298939176
1788.0 99764.82113699986
1789.0 88758.71401923087
1790.0 94565.87050944501
1791.0 67784.25049140293
1792.0 69628.56232000883
1793.0 87552.72398114117
1794.0 98814.51123654687
1795.0 100551.18323133125
1796.0 105380.27592684717
1797.0 95927.67760340747
1798.0 86315.47344380047
1799.0 94403.93295526026
1800.0 73796.47370316829
1801.0 99077.9116069762
1802.0 104942.5347627722
1803.0 96555.62624813797
1804.0 98003.53713516977
1805.0 95003.05062186545
1806.0 98911.35339147778
1807.0 95642.7944723555
1808.0 87251.10855971104
1809.0 101955.25361326752
1810.0 102619.8533994289
1811.0 98630.3750640868
1812.0 75142.78697161679
1813.0 72870.08039963062
1814.0 96450.82156633532
1815.0 95847.72948776295
1816.0 58770.49398388102
1817.0 93193.25571328208
1818.0 107503.19398835652
1819.0 91841.00531069814
1820.0 75384.0834746775
1821.0 73975.8984854184
1822.0 75443.38886539152
1823.0 93918.15869857169
1824.0 97603.95281273793
1825.0 83968.81126296033
1826.0 74227.10500663135
1827.0 76830.8208792981
1828.0 87108.46515027981
1829.0 102473.74994594103
1830.0 77497.09040536555
1831.0 82062.67511946724
1832.0 96895.79959842817
1833.0 89627.42411114817
1834.0 90573.91739123808
1835.0 88502.36353267792
1836.0 99181.19514294645
1837.0 92428.94303486009
1838.0 82772.79236969797
1839.0 96093.76229694951
1840.0 72865.02925518397
1841.0 87221.27288096386
1842.0 82098.59518055721
1843.0 72393.9249289305
1844.0 75338.01657976472
1845.0 85380.43704986532
1846.0 93371.6932878761
1847.0 89240.20669631097
1848.0 88013.1027561564
1849.0 69579.15723861857
1850.0 57023.47270784285
1851.0 79194.21943603536
1852.0 88119.19351357684
1853.0 75118.21400859936
1854.0 62674.75734016741
1855.0 74336.38588170147
1856.0 95130.32357666985
1857.0 97041.47002778313
1858.0 75583.68642892654
1859.0 67006.53697205802
1860.0 55829.75354215034
1861.0 93912.95486394207
1862.0 100362.68733044827
1863.0 77745.20116260134
1864.0 77639.78296844848
1865.0 84654.80152767246
1866.0 87020.00040688702
1867.0 80482.7629734102
1868.0 95671.5060358071
1869.0 97501.99506084727
1870.0 87405.81411345731
1871.0 88814.5739659671
1872.0 86110.42820948537
1873.0 81451.84146902015
1874.0 79762.59074373725
1875.0 90863.63137582703
1876.0 88471.68738392327
1877.0 91225.4358305114
1878.0 83328.18757680306
1879.0 97054.3384296027
1880.0 92076.84780789108
1881.0 75166.29645499054
1882.0 65205.67242803006
1883.0 68106.87354322072
1884.0 76623.98152529492
1885.0 60061.314667428676
1886.0 72308.76386581331
1887.0 61365.00598389269
1888.0 74253.7560673312
1889.0 68090.73770558066
1890.0 67316.51754495986
1891.0 65011.284732649314
1892.0 69217.2019581215
1893.0 64784.75876872111
1894.0 60165.38456140698
1895.0 68006.47580671722
1896.0 84277.46178302265
1897.0 92698.90617616974
1898.0 90280.89792052223
1899.0 65855.36696046921
1900.0 89975.36627318949
1901.0 67209.15808582093
1902.0 69589.78193634505
1903.0 71710.14308980199
1904.0 69395.66808512007
1905.0 96202.95836668805
1906.0 90275.72742694832
1907.0 88361.9789410121
1908.0 91758.17636914544
1909.0 84314.07825608685
1910.0 79605.32144723284
1911.0 94889.25467875539
1912.0 95903.13862220936
1913.0 76153.4436383444
1914.0 68829.4716194692
1915.0 70729.00387171344
1916.0 69235.81165737293
1917.0 85929.60242170666
1918.0 68904.28606598698
1919.0 71350.7722647635
1920.0 82547.72508211678
1921.0 85416.45601971637
1922.0 76913.68969294081
1923.0 46023.58330672337
1924.0 60488.46718764525
1925.0 79594.75708381848
1926.0 74663.82781979216
1927.0 84427.52718877087
1928.0 75101.24163055627
1929.0 58330.084208580716
1930.0 57006.62199409255
1931.0 51992.85039442628
1932.0 69015.62718387585
1933.0 85332.64377560173
1934.0 93262.66911688898
1935.0 91511.85407696545
1936.0 63228.30995483991
1937.0 67841.5983452934
1938.0 70891.50130853539
1939.0 52474.32064511068
1940.0 54885.04404430056
1941.0 88230.31514125536
1942.0 92879.55440962462
1943.0 88022.00137440812
1944.0 86401.70203150754
1945.0 89858.54275650128
1946.0 88112.67896366656
1947.0 82344.15365503676
1948.0 75829.2724395879
1949.0 76834.76766618599
1950.0 74017.5270046453
1951.0 46159.10631568964
1952.0 72526.21715998508
1953.0 64534.79324459539
1954.0 50404.28540898315
1955.0 55997.92968531596
1956.0 54551.228381424735
1957.0 54303.23972773006
1958.0 69694.64774337888
1959.0 78889.72147657488
1960.0 81459.01541084587
1961.0 68645.32380657834
1962.0 80957.58342572843
1963.0 76137.00830567552
1964.0 70878.79992179689
1965.0 83183.51226297724
1966.0 81531.82216836583
1967.0 86626.47489935668
1968.0 81585.53985124221
1969.0 82880.42459789099
1970.0 79403.0180267776
1971.0 85236.28472440052
1972.0 77337.0365483033
1973.0 84369.56141824715
1974.0 83949.52101120446
1975.0 81961.13738930419
1976.0 72795.28855944866
1977.0 80076.23684147677
1978.0 86425.806350881
1979.0 69414.45742092785
1980.0 75983.46953967951
1981.0 84304.8455528052
1982.0 74885.23906001764
1983.0 81878.8255470334
1984.0 67442.3836073347
1985.0 71162.06446614668
1986.0 81133.37419920984
1987.0 61696.49189587321
1988.0 81437.9987325899
1989.0 84847.96065889204
1990.0 73907.00482149313
1991.0 79779.34614451582
1992.0 51442.235327356015
1993.0 59067.39477229059
1994.0 67528.9240523614
1995.0 81828.91104903926
1996.0 81452.9096461474
1997.0 84877.59710925577
1998.0 81471.53185553142
1999.0 62122.66432110081
2000.0 51548.6797520457
2001.0 58540.21315359108
2002.0 47998.80184418345
2003.0 57391.317031435625
2004.0 70938.16810543199
2005.0 71869.89373964604
2006.0 59245.57380288879
2007.0 75392.43506744501
2008.0 84440.7639468986
2009.0 83208.5049086521
2010.0 82573.95980955743
2011.0 71152.5303988585
2012.0 60852.25564575095
2013.0 57311.70643076376
2014.0 67302.57995706647
2015.0 78901.00665321891
2016.0 76597.33097745418
2017.0 80021.18974842208
2018.0 76626.36682917943
2019.0 77895.10756924076
2020.0 81492.78419740095
2021.0 79535.21339843883
2022.0 79216.87668823887
2023.0 79146.74544272745
2024.0 74122.41224860902
2025.0 79028.6031592087
2026.0 61707.84846095497
2027.0 76051.50914201325
2028.0 76739.31776042712
2029.0 75562.84324177855
2030.0 77258.02303792305
2031.0 78473.54984450615
2032.0 77385.77048342685
2033.0 68681.53433949892
2034.0 57405.42522026635
2035.0 51148.96173475241
2036.0 69074.38237576939
2037.0 71029.00548631887
2038.0 61495.85402019068
2039.0 69345.92716432275
2040.0 53489.70521001928
2041.0 49409.482820281555
2042.0 64629.859454820486
2043.0 77177.63323866023
2044.0 70946.63872051204
2045.0 63745.35794473827
2046.0 62731.60664664563
2047.0 61999.015953274116
2048.0 65477.60610733713
2049.0 77376.68479341263
2050.0 71506.85288711413
2051.0 76855.32378924024
2052.0 76250.8309289806
2053.0 70241.77200677934
2054.0 75488.28814088245
2055.0 74574.95775804577
2056.0 66438.65459286931
2057.0 54241.491403002685
2058.0 70862.9825713972
2059.0 74603.6221033244
2060.0 77900.31787634782
2061.0 74650.47115453659
2062.0 56543.70286559074
2063.0 71300.40540601658
2064.0 75769.9485178572
2065.0 76686.74191062937
2066.0 68092.1709547949
2067.0 69788.1516768416
2068.0 65444.94760338291
2069.0 67216.10523373168
2070.0 76079.38482097324
2071.0 53085.11842522832
2072.0 64931.694407176816
2073.0 74652.53013258334
2074.0 73549.38057018195
2075.0 72630.5009069549
2076.0 75235.8546995682
2077.0 63313.1415441747
2078.0 55658.43951129533
2079.0 70283.2201439323
2080.0 71068.00259582949
2081.0 73949.95937401731
2082.0 73782.5010210118
2083.0 66647.18354205399
2084.0 58194.25041436453
2085.0 43471.873475057895
2086.0 58847.815459525424
2087.0 69724.13739880951
2088.0 73878.60894019442
2089.0 76817.79848971526
2090.0 64561.20065833501
2091.0 44262.82678981247
2092.0 49188.06933605928
2093.0 66486.27931648227
2094.0 68370.42637200373
2095.0 66573.08668013591
2096.0 69281.29804199164
2097.0 71494.84421279661
2098.0 67923.12623212849
2099.0 72015.77161297365
2100.0 47699.99558999201
2101.0 67664.96398083575
2102.0 77303.40989912079
2103.0 76933.52999751564
2104.0 66575.47895085193
2105.0 79314.33433497293
2106.0 80757.26484603721
2107.0 70354.43450457341
2108.0 47346.0393170613
2109.0 58549.58802577105
2110.0 70098.95728134598
2111.0 78563.89395228607
2112.0 81315.66327377659
2113.0 77150.07698591799
2114.0 62657.527171070426
2115.0 58325.729376208554
2116.0 77460.07116135136
2117.0 60735.57341242399
2118.0 63387.97273162602
2119.0 68873.90662667673
2120.0 74634.70201544522
2121.0 68480.7309865635
2122.0 70873.0016769785
2123.0 70668.81395958072
2124.0 66808.75920347191
2125.0 69151.62232930615
2126.0 69709.30485172175
2127.0 71746.00989911176
2128.0 70924.57106178835
2129.0 71935.88773474364
2130.0 69820.17215829012
2131.0 70900.14959110842
2132.0 71208.9185009651
2133.0 71658.20495791195
2134.0 71204.20881856563
2135.0 71003.48754942899
2136.0 69089.17626745794
2137.0 67180.79464233867
2138.0 66105.7194031006
2139.0 71800.29224099938
2140.0 69868.83560116046
2141.0 69929.62998763223
2142.0 68855.09692004678
2143.0 69795.99070650575
2144.0 68880.13921502749
2145.0 62883.737012721496
2146.0 70725.02598007685
2147.0 64680.63963468219
2148.0 67831.70084332295
2149.0 68409.95729973077
2150.0 70247.50766861864
2151.0 70050.29520957879
2152.0 70296.58140661006
2153.0 69011.66744231683
2154.0 68937.22372070377
2155.0 69553.3939278755
2156.0 69965.92647097926
2157.0 68788.23424076816
2158.0 67489.72725335919
2159.0 66722.93518465372
2160.0 69487.20260611693
2161.0 69760.19828656898
2162.0 63332.73471198261
2163.0 67905.9569082635
2164.0 69308.30806737725
2165.0 68197.0869343671
2166.0 67348.48251228443
2167.0 66153.0426545587
2168.0 68333.44022132909
2169.0 67651.34198649676
2170.0 68766.84173018346
2171.0 68572.64461425165
2172.0 68005.85074147786
2173.0 69001.21730742094
2174.0 68601.66753154434
2175.0 67184.48540112987
2176.0 66602.5131795025
2177.0 68340.1646704225
2178.0 65680.91941515151
2179.0 68814.6670117664
2180.0 64526.66059574609
2181.0 64699.2547951441
2182.0 66281.40021587837
2183.0 67800.3249451326
2184.0 67909.90555995054
2185.0 67773.5338332565
2186.0 64203.982089511206
2187.0 67590.53444190588
2188.0 67089.08668980488
2189.0 67573.06431843629
2190.0 66383.26502467162
2191.0 67620.37500878105
2192.0 64390.09417787111
2193.0 65484.4155145301
2194.0 65968.82086470776
2195.0 67318.57803090823
2196.0 67290.12193770059
2197.0 67313.6853747993
2198.0 66776.9596799243
2199.0 67191.29233493622
2200.0 67110.37088575422
2201.0 65998.30250123535
2202.0 63709.78247923738
2203.0 65547.36743415246
2204.0 64317.69542148396
2205.0 66794.58969046574
2206.0 66883.05514861988
2207.0 66214.62499769026
2208.0 66185.66436209848
2209.0 65376.749236626594
2210.0 66228.11153560014
2211.0 64280.854104447884
2212.0 64673.980947390155
2213.0 65054.75799625923
2214.0 65804.03882742158
2215.0 65884.27496049777
2216.0 63989.52573149093
2217.0 64528.20396837559
2218.0 65564.10458052588
2219.0 64113.889210512214
2220.0 65858.68594060391
2221.0 63240.44034596853
2222.0 64366.83505682108
2223.0 64744.0586237726
2224.0 65245.056746988615
2225.0 63970.82067662098
2226.0 65151.89388148967
2227.0 63206.4069317756
2228.0 62324.17999476862
2229.0 64505.4120701155
2230.0 63044.09416038586
2231.0 64914.67082996888
2232.0 64789.273146365136
2233.0 63306.04025227037
2234.0 64537.75300089126
2235.0 64820.80278219933
2236.0 64998.51990337176
2237.0 64898.851402913264
2238.0 64772.5245164039
2239.0 61482.48019136413
2240.0 64148.253558212855
2241.0 64458.342235032935
2242.0 63323.011099458774
2243.0 64256.6816432953
2244.0 62349.09465414164
2245.0 59907.09593319038
2246.0 64207.212089724664
2247.0 64605.80414519652
2248.0 64032.35181200663
2249.0 64311.27221929864
2250.0 63135.94001551883
2251.0 63734.95942535092
2252.0 63225.41774963032
2253.0 61818.65279324585
2254.0 63501.594369889084
2255.0 64033.87034572786
2256.0 63562.68729505808
2257.0 63171.816169040074
2258.0 61697.39655230132
2259.0 63701.12315362717
2260.0 62855.502331686665
2261.0 62499.17982206515
2262.0 62703.76988797722
2263.0 63444.14990836649
2264.0 62617.770350639286
2265.0 61924.58837477498
2266.0 63148.34907774561
2267.0 62696.18940396542
2268.0 62324.09760571385
2269.0 61903.24076436734
2270.0 62989.54820756655
2271.0 60648.041388561694
2272.0 62945.83372449531
2273.0 62486.286000248714
2274.0 60638.48811722055
2275.0 62967.32788248405
2276.0 61519.72039382691
2277.0 60725.984361790805
2278.0 60323.192098981766
2279.0 60919.08028529289
2280.0 62298.38366425665
2281.0 62030.715425757924
2282.0 62478.87617413814
2283.0 61657.09229279933
2284.0 61613.63903162986
2285.0 61281.37806242267
2286.0 61976.36246593289
2287.0 61225.00027506906
2288.0 60825.0110848404
2289.0 61790.559623003755
2290.0 59740.845013418315
2291.0 61883.003363680415
2292.0 61646.94005513236
2293.0 61687.222693445015
2294.0 59980.12229874128
2295.0 61614.48453480183
2296.0 61335.81108257751
2297.0 58837.395294999726
2298.0 56723.21636001177
2299.0 58783.93659409607
2300.0 61595.68972645523
2301.0 59583.84792446537
2302.0 61586.29482829507
2303.0 61464.280652415415
2304.0 59351.16210932271
2305.0 61165.661156415124
2306.0 60688.043581189195
2307.0 60327.36279429789
2308.0 59790.152441125654
2309.0 59731.82736050313
2310.0 61085.68832129493
2311.0 60822.20419638957
2312.0 59130.53172758298
2313.0 59263.783145185735
2314.0 59947.00149931281
2315.0 60680.25675331749
2316.0 60159.390386257895
2317.0 60229.81686176739
2318.0 58277.41893989038
2319.0 59035.60537455447
2320.0 55801.46880915696
2321.0 59795.688344306174
2322.0 60092.20688734027
2323.0 55942.81470152024
2324.0 58893.637854010165
2325.0 58023.12051551174
2326.0 58229.45242085233
2327.0 58297.65986047644
2328.0 58518.2844871778
2329.0 59779.21930442782
2330.0 58934.143809339876
2331.0 59345.77544334967
2332.0 54397.152693766526
2333.0 59211.339075159245
2334.0 59790.2843533539
2335.0 57116.206819451705
2336.0 59516.83845486506
2337.0 59247.7418969349
2338.0 59041.24680741407
2339.0 59305.10287441586
2340.0 59205.71907086702
2341.0 57787.26964335664
2342.0 58498.26684162069
2343.0 58986.42639895901
2344.0 58177.93673613746
2345.0 57280.73782653689
2346.0 56346.98933005126
2347.0 58652.69044700708
2348.0 59388.16488028258
2349.0 55336.24986996166
2350.0 59036.34909296758
2351.0 58331.64364793025
2352.0 57698.072201872965
2353.0 57967.05944449247
2354.0 59016.32043047766
2355.0 58457.38933967535
2356.0 56093.163373792726
2357.0 57785.15473735013
2358.0 58685.989293673745
2359.0 59576.02154981988
2360.0 58450.483548385426
2361.0 55497.338764142965
2362.0 59244.64592515853
2363.0 58275.60079076285
2364.0 58494.14121385372
2365.0 58512.14528972971
2366.0 56267.6855501306
2367.0 57694.816060392455
2368.0 57840.72235486547
2369.0 58075.09610445233
2370.0 56406.6453880145
2371.0 57703.11076427747
2372.0 57764.92664870384
2373.0 58011.99542026486
2374.0 58131.039703016184
2375.0 55776.006495075235
2376.0 55318.43042022563
2377.0 57359.700156286926
2378.0 58152.29774326805
2379.0 57983.39750302915
2380.0 55339.148932121985
2381.0 57471.30321047509
2382.0 58194.747033029766
2383.0 56003.9107975879
2384.0 55614.504096503246
2385.0 56128.69439315086
2386.0 57949.63425070261
2387.0 57458.24449709816
2388.0 56346.700268166416
2389.0 56130.64908391315
2390.0 56909.6615520062
2391.0 56967.29815022338
2392.0 56837.597029798715
2393.0 56820.6886345444
2394.0 57581.96742898286
2395.0 57231.25076749633
2396.0 56762.3519064852
2397.0 57526.8819822469
2398.0 57740.42202272475
2399.0 57399.33824291044
2400.0 54099.4788565836
2401.0 55671.53029177276
2402.0 56663.03885367146
2403.0 54729.40479557554
2404.0 57354.425095328574
2405.0 55817.74537662749
2406.0 56527.38846060377
2407.0 55722.222282487135
2408.0 56270.248730777465
2409.0 56560.26839159957
2410.0 55122.88782506914
2411.0 54730.593004527334
2412.0 56263.065843769626
2413.0 56499.10399934786
2414.0 54453.27452166491
2415.0 56474.3816010862
2416.0 55669.533146523114
2417.0 55284.370543443816
2418.0 57098.131337124236
2419.0 55471.07342923703
2420.0 56994.17106700961
2421.0 56366.31581855428
2422.0 56505.037623532335
2423.0 57161.56303440182
2424.0 55524.436698937534
2425.0 54269.5579660109
2426.0 56263.31144124971
2427.0 56686.5055998104
2428.0 54617.30212657452
2429.0 54431.54840741986
2430.0 55002.95704138264
2431.0 55188.56342513062
2432.0 55181.10090483936
2433.0 54522.02206615425
2434.0 55893.25986579336
2435.0 54229.35813605787
2436.0 55855.180132757654
2437.0 55292.069203877756
2438.0 54116.84807712117
2439.0 53656.414712164784
2440.0 54330.07596723146
2441.0 54508.35890532037
2442.0 55591.898495602574
2443.0 55794.15858306093
2444.0 56086.14074244687
2445.0 54853.661536522
2446.0 55040.94713239254
2447.0 54675.10450926063
2448.0 52768.999253399816
2449.0 54705.80711918245
2450.0 54922.68060300217
2451.0 53748.89316545162
2452.0 54234.76142978708
2453.0 55153.95222432464
2454.0 54802.578238445094
2455.0 54929.466823365816
2456.0 55190.784028260954
2457.0 55287.702228925235
2458.0 54837.88597855349
2459.0 55180.93125549159
2460.0 54385.11482316812
2461.0 54412.774110131024
2462.0 52771.47171430496
2463.0 54512.89583203099
2464.0 53590.54852181854
2465.0 54673.155983235
2466.0 53809.65567457044
2467.0 54109.711259906144
2468.0 55168.18696374247
2469.0 53710.012421488835
2470.0 53980.166051195214
2471.0 54783.47005640758
2472.0 54552.54951179082
2473.0 54290.2911890094
2474.0 53014.81097050207
2475.0 54445.40851796684
2476.0 54257.589562378635
2477.0 53978.379209676175
2478.0 54050.036554701306
2479.0 53481.49479768106
2480.0 53233.30465876951
2481.0 53152.81292049182
2482.0 54312.74554055755
2483.0 52463.29927656353
2484.0 53172.88397395728
2485.0 52036.98253472806
2486.0 54243.775019993736
2487.0 52678.963412528916
2488.0 53803.49978772838
2489.0 53307.29998446032
2490.0 53882.449879415675
2491.0 54029.51976848291
2492.0 52353.303294538164
2493.0 53638.77844351698
2494.0 49758.75142146933
2495.0 53907.967692050246
2496.0 54089.05296686462
2497.0 52140.94092480385
2498.0 53200.77776336175
2499.0 53531.94787785074
2500.0 53968.43558614021
