WAVE FLUX
900.0 37792.50543363778
901.0 38402.66224340655
902.0 39802.78887743489
903.0 41292.92396536131
904.0 41713.00999984234
905.0 37902.88171141136
906.0 39373.14583068044
907.0 40343.36082237751
908.0 40653.44143453211
909.0 55004.73043274985
910.0 40983.33882603729
911.0 43452.03094169076
912.0 384174.6125248168
913.0 286403.37198866624
914.0 349772.2668096851
915.0 365281.3664591671
916.0 310280.0029512169
917.0 367739.89013143955
918.0 276164.9840656564
919.0 157871.2172028605
920.0 309369.15878382913
921.0 40953.05701129139
922.0 187978.72827749
923.0 207897.7441099557
924.0 285096.57903747837
925.0 279099.7955443014
926.0 336374.9440483826
927.0 380312.81543529406
928.0 383983.05054498685
929.0 172757.29499814686
930.0 144270.78907779837
931.0 261240.3562689838
932.0 351638.17371492204
933.0 371144.66208765446
934.0 412279.06886574044
935.0 362685.76972622436
936.0 361936.3089464233
937.0 206160.56757719687
938.0 78180.40096484018
939.0 368657.60781612276
940.0 380029.12112428475
941.0 381549.9174270293
942.0 360089.45923567767
943.0 311436.53331677953
944.0 353410.3522869257
945.0 317026.8995319432
946.0 363000.33879123343
947.0 268088.84820744954
948.0 154743.3564010296
949.0 123258.39154783754
950.0 158312.47307584577
951.0 409055.90321970027
952.0 427734.97901731
953.0 402539.49603887787
954.0 310365.03543147945
955.0 145518.72286953306
956.0 365551.1645635541
957.0 327894.131172419
958.0 360126.27415442537
959.0 248952.4499667516
960.0 365500.7725730567
961.0 384750.3254289905
962.0 332098.2852438041
963.0 360666.4179002897
964.0 226869.97506159847
965.0 389457.05167889176
966.0 367741.1223408714
967.0 219079.77330205103
968.0 321031.6329416494
969.0 358866.479042507
970.0 319931.8891276926
971.0 289228.1757355121
972.0 127068.89764127205
973.0 26513.508937010567
974.0 24464.184940055093
975.0 46802.512054542014
976.0 138540.99997403176
977.0 397337.22887463676
978.0 401507.4417498427
979.0 302277.1916480448
980.0 272564.7432038355
981.0 185703.2736524143
982.0 328112.22672849434
983.0 334528.9231419893
984.0 279439.3237251344
985.0 232418.31024172468
986.0 49807.07005496815
987.0 56649.967227842724
988.0 60761.886419534414
989.0 64552.642411744164
990.0 112708.23610104753
991.0 244718.53963521819
992.0 501355.31021163205
993.0 441904.3029580891
994.0 350052.451394337
995.0 163836.54709194493
996.0 332927.4359628556
997.0 175877.31460554386
998.0 296164.7605344385
999.0 309483.34381619
1000.0 363184.67168675794
1001.0 219868.72551054246
1002.0 281290.62587519095
1003.0 282850.2633326154
1004.0 354128.43122643634
1005.0 342235.3193388378
1006.0 154577.38754888266
1007.0 244095.4556662263
1008.0 290257.5059402642
1009.0 260617.74634602928
1010.0 145624.35986063443
1011.0 337016.432652487
1012.0 290187.40436511167
1013.0 242981.1399228838
1014.0 342603.3241588192
1015.0 321783.98397422547
1016.0 226297.47134465026
1017.0 301948.7697976948
1018.0 223166.9684668314
1019.0 320652.94862113165
1020.0 183476.38148595503
1021.0 276386.61219059094
1022.0 326917.0819888648
1023.0 208894.28341476514
1024.0 313663.6501968891
1025.0 240508.47101605614
1026.0 82328.94475797839
1027.0 245015.51803602208
1028.0 306661.21825794113
1029.0 311263.9010905713
1030.0 186123.27028301274
1031.0 144212.2191892725
1032.0 283282.38124749454
1033.0 279043.197713125
1034.0 163860.73805360377
1035.0 219249.39694178634
1036.0 219215.9835821156
1037.0 139597.54912465432
1038.0 200207.0896404951
1039.0 282125.65002659464
1040.0 266807.5301328696
1041.0 324075.12024527777
1042.0 330646.5095682717
1043.0 345328.70590766496
1044.0 346110.1554201066
1045.0 331391.026139405
1046.0 330492.2536677846
1047.0 339909.1122498091
1048.0 340222.24724891083
1049.0 341136.3494847958
1050.0 328929.4009327073
1051.0 295777.2532556241
1052.0 327920.43005124666
1053.0 303673.9032480567
1054.0 332610.4996308965
1055.0 297760.40646841284
1056.0 308480.50009358267
1057.0 326111.68190330145
1058.0 321568.15355621756
1059.0 229794.23269436124
1060.0 215045.01160471144
1061.0 173907.41965294522
1062.0 184070.4857190314
1063.0 233306.49143259742
1064.0 328887.2441905924
1065.0 324529.115706119
1066.0 203161.7808372324
1067.0 308295.3334024445
1068.0 268057.9090207206
1069.0 124475.31172273323
1070.0 227331.79128760766
1071.0 205607.1788666695
1072.0 198190.86208336626
1073.0 259276.93439402393
1074.0 303799.5461102258
1075.0 307829.9881904923
1076.0 315829.83743381605
1077.0 281581.6089453582
1078.0 200850.1088989981
1079.0 307949.0451286408
1080.0 300160.0219019051
1081.0 299283.1730706759
1082.0 303215.94503346056
1083.0 196200.7157813781
1084.0 274847.55583232275
1085.0 233152.79465926386
1086.0 271112.91332150094
1087.0 290708.0991882333
1088.0 204271.95445468367
1089.0 166621.37920089762
1090.0 204434.88231527578
1091.0 294806.95762230485
1092.0 277404.6259329121
1093.0 257404.7787875918
1094.0 307893.40928302746
1095.0 301398.17775801447
1096.0 254118.9172032312
1097.0 246316.36336019434
1098.0 146994.34185157722
1099.0 300373.2459428445
1100.0 291729.33428102423
1101.0 297638.3418129581
1102.0 303396.7128229177
1103.0 264161.2864902104
1104.0 195045.2395126389
1105.0 292401.63589505584
1106.0 291227.19688074646
1107.0 272507.0021060186
1108.0 192317.6894290302
1109.0 251433.57771342545
1110.0 254697.2894226393
1111.0 262269.1944957461
1112.0 249616.7281362227
1113.0 261560.83621757326
1114.0 233317.56450390012
1115.0 225015.81853607576
1116.0 220795.78437863584
1117.0 213951.62481741075
1118.0 308710.093750047
1119.0 286227.1231203999
1120.0 275603.4963426874
1121.0 228718.93771724214
1122.0 240742.11186332366
1123.0 288440.0645434856
1124.0 159938.51050561006
1125.0 127701.44251985305
1126.0 189192.73882150187
1127.0 187909.16645420046
1128.0 194603.77292833378
1129.0 184354.9421463288
1130.0 195258.2246275596
1131.0 285440.81246697385
1132.0 290425.86817173
1133.0 282483.3264461053
1134.0 269331.92268382385
1135.0 243373.09140289616
1136.0 284246.90394626016
1137.0 280534.1921890195
1138.0 275521.2045833618
1139.0 189077.10824344607
1140.0 168553.4922025402
1141.0 266686.6927011994
1142.0 216798.7379308086
1143.0 273655.35225195705
1144.0 202704.55895202473
1145.0 131239.04856805882
1146.0 275906.33264269965
1147.0 265735.8423651709
1148.0 272907.3336740179
1149.0 265145.6763130262
1150.0 255713.09267640306
1151.0 258223.17597234904
1152.0 261334.587263341
1153.0 254525.63295010728
1154.0 244812.6141552191
1155.0 227082.57514200735
1156.0 239817.12033014963
1157.0 238120.8922395529
1158.0 251348.02657813116
1159.0 210156.1941988032
1160.0 203239.2259253904
1161.0 246931.75795994623
1162.0 162352.0048884054
1163.0 248943.407480623
1164.0 188915.15086131013
1165.0 251358.10175088776
1166.0 227617.94992936795
1167.0 206280.77760668544
1168.0 249595.50016239018
1169.0 203288.66178582827
1170.0 197873.51332678093
1171.0 126650.87415565959
1172.0 65396.43724971785
1173.0 61626.19332059084
1174.0 80343.06602248202
1175.0 98331.15239999909
1176.0 152806.8823987631
1177.0 273088.42509246315
1178.0 275763.4801593949
1179.0 269016.32643178245
1180.0 257660.6883713465
1181.0 236325.94134617905
1182.0 256214.62959607376
1183.0 117502.241574061
1184.0 188718.12436950952
1185.0 187405.8689695431
1186.0 252136.4546238879
1187.0 245576.88687946062
1188.0 250745.09721950005
1189.0 249037.05359591133
1190.0 244841.93539950292
1191.0 165575.90551004533
1192.0 228030.6653369423
1193.0 222729.98933899403
1194.0 238078.5336024703
1195.0 247112.96449295443
1196.0 238403.3965222956
1197.0 146675.7272286943
1198.0 219467.30160102708
1199.0 235213.4804654636
1200.0 230005.2514476176
1201.0 140769.1359026744
1202.0 67545.73238242925
1203.0 87636.196078483
1204.0 195600.83205109191
1205.0 250436.32365449893
1206.0 234992.55772391337
1207.0 246617.1207147652
1208.0 230773.0287904774
1209.0 185675.76669372318
1210.0 184093.7098306678
1211.0 211492.45355213212
1212.0 187547.7762638102
1213.0 169502.30375050308
1214.0 175822.18601210287
1215.0 169905.7293894123
1216.0 192775.06576583572
1217.0 177424.03594382186
1218.0 145936.27845826742
1219.0 229694.71664908776
1220.0 160771.25982086785
1221.0 227418.76028238545
1222.0 224910.93893108025
1223.0 140776.4330925163
1224.0 222307.30669819674
1225.0 196815.25585814638
1226.0 207147.58160649633
1227.0 231939.7621112788
1228.0 176602.4942902849
1229.0 228787.3421926479
1230.0 213382.0601079033
1231.0 221346.16000441083
1232.0 230226.60437013116
1233.0 226367.94152629265
1234.0 228621.3264024037
1235.0 229660.32174678013
1236.0 228164.04263688144
1237.0 229605.98351005476
1238.0 232861.42981346423
1239.0 227585.3658646114
1240.0 231960.8380584674
1241.0 235340.04882368672
1242.0 230532.89930053527
1243.0 234892.0797281815
1244.0 227715.06418831862
1245.0 194612.63958089027
1246.0 142258.78439854903
1247.0 105162.27240118344
1248.0 239779.5599560149
1249.0 230880.85247118212
1250.0 227188.8855388428
1251.0 224778.35532600418
1252.0 209567.29053000972
1253.0 225069.55605106606
1254.0 225796.71389584005
1255.0 218606.8132004778
1256.0 225258.98990675385
1257.0 229556.19378671
1258.0 230282.92385157922
1259.0 217683.19489378584
1260.0 212777.4594148595
1261.0 227099.15221395643
1262.0 226724.0656882558
1263.0 225844.52915928836
1264.0 206517.22888360074
1265.0 219853.4121869548
1266.0 221856.27566180442
1267.0 220605.38714619863
1268.0 216668.27981748272
1269.0 213864.3439668451
1270.0 223667.77045717966
1271.0 226050.07102258355
1272.0 213954.68639459112
1273.0 206091.08229760805
1274.0 223488.8923255262
1275.0 223488.53220172925
1276.0 224310.37081656925
1277.0 224718.03389799624
1278.0 226163.41155588496
1279.0 223468.5239871141
1280.0 223081.55743647946
1281.0 222797.89327202478
1282.0 218978.4724863398
1283.0 220670.15679894196
1284.0 215757.90377507766
1285.0 220846.42315601063
1286.0 198161.35261317616
1287.0 195916.3768489945
1288.0 219408.54849806314
1289.0 207876.53734187508
1290.0 213397.95940235083
1291.0 206366.72054725108
1292.0 217603.7481578824
1293.0 216379.8195799186
1294.0 188024.22176978967
1295.0 192649.44027538603
1296.0 210806.524465819
1297.0 202306.31776101157
1298.0 208600.14322096875
1299.0 199460.04536543798
1300.0 208911.0619849438
1301.0 198847.55346425125
1302.0 201041.23352428264
1303.0 124185.90465439874
1304.0 153875.86230590145
1305.0 210318.47628803097
1306.0 212481.33149127412
1307.0 215483.3550703257
1308.0 215416.1281760063
1309.0 206427.0646858348
1310.0 210341.1539225346
1311.0 209298.8405702222
1312.0 198645.06303666584
1313.0 201821.3382870516
1314.0 209450.57935071923
1315.0 204364.02515656533
1316.0 205829.20237654366
1317.0 210992.0839642496
1318.0 209629.9989965451
1319.0 195632.6737971591
1320.0 207951.71402556368
1321.0 199127.6654039368
1322.0 211031.49945069672
1323.0 196570.46870220875
1324.0 187601.4166699357
1325.0 175015.1263500397
1326.0 201448.58213336347
1327.0 206482.4642024667
1328.0 206535.94927386052
1329.0 204781.74689342227
1330.0 170144.8199104127
1331.0 200650.08855982372
1332.0 184617.6875444358
1333.0 195674.73272809442
1334.0 205013.91392079607
1335.0 175615.56291059047
1336.0 85388.57462861466
1337.0 203662.59760097807
1338.0 207438.1332285416
1339.0 183938.50300460495
1340.0 206336.59935220308
1341.0 204337.13948842374
1342.0 190223.5881907839
1343.0 149638.73987696928
1344.0 171162.72493000975
1345.0 197616.63033591566
1346.0 197410.3778463194
1347.0 198275.54381353597
1348.0 198387.91869727572
1349.0 199665.62018757002
1350.0 171832.24264780924
1351.0 200670.6774454117
1352.0 201280.69296453442
1353.0 198358.54900259318
1354.0 194671.68746930666
1355.0 165052.028030371
1356.0 152539.37010114818
1357.0 168323.26417953512
1358.0 183641.9169255309
1359.0 196092.9496718399
1360.0 192038.28142509353
1361.0 183566.86129133726
1362.0 186954.02015158502
1363.0 183653.37055693695
1364.0 185089.79405833356
1365.0 190076.88468035348
1366.0 187959.14322517393
1367.0 193546.96522685548
1368.0 191662.13690623725
1369.0 183288.03713372556
1370.0 193601.48125517083
1371.0 186605.1467272793
1372.0 157985.30653617566
1373.0 172616.8933689369
1374.0 184830.7164897004
1375.0 136202.01903256384
1376.0 190502.76510459126
1377.0 185576.35361375436
1378.0 173633.621605477
1379.0 183704.9712084076
1380.0 189246.05130525437
1381.0 190045.701396484
1382.0 190180.31891399345
1383.0 183569.8555085725
1384.0 168627.15662661067
1385.0 165298.0690723361
1386.0 161034.95564936593
1387.0 147803.69760153076
1388.0 60468.188379811945
1389.0 51594.551114631024
1390.0 65200.656246611325
1391.0 82993.3260450501
1392.0 118689.80920252258
1393.0 165768.2035418919
1394.0 238968.6930868878
1395.0 234081.94777290244
1396.0 162833.5233476722
1397.0 74648.17879621731
1398.0 50499.32582121882
1399.0 65966.0506411783
1400.0 86964.97217817784
1401.0 122463.71424787786
1402.0 173386.66037731417
1403.0 294295.9299371894
1404.0 258203.87194698726
1405.0 222372.34132856454
1406.0 198825.15808690662
1407.0 186520.0980332233
1408.0 179152.9456474284
1409.0 168764.94239445
1410.0 172902.51572778187
1411.0 177476.3162837354
1412.0 180192.8794749949
1413.0 177667.45121283078
1414.0 171675.31661326066
1415.0 170712.09362802852
1416.0 176482.01322680668
1417.0 92794.05215941217
1418.0 152756.64146293607
1419.0 168416.19572242573
1420.0 158779.46327135456
1421.0 169709.56274881065
1422.0 162318.41855208663
1423.0 152835.16265067642
1424.0 109454.63213582773
1425.0 146252.03296842068
1426.0 160936.24119796883
1427.0 174287.99064377256
1428.0 134944.90964763344
1429.0 125969.33178886262
1430.0 169279.324311445
1431.0 161553.65522010194
1432.0 147894.18154953973
1433.0 152411.55297589395
1434.0 146738.19885475605
1435.0 163503.0477143996
1436.0 154281.989570717
1437.0 159934.5507232117
1438.0 155792.13913120396
1439.0 137604.19192876905
1440.0 150389.85848743652
1441.0 165820.8816084407
1442.0 161264.90845408337
1443.0 164617.2497730823
1444.0 167418.1580301154
1445.0 147214.55779484712
1446.0 157093.07668070367
1447.0 166847.31087602093
1448.0 161081.60478002968
1449.0 155821.54612067135
1450.0 169481.25696607277
1451.0 147071.31260836523
1452.0 120364.36741746569
1453.0 151810.2363389414
1454.0 158993.93798588184
1455.0 147962.41122442446
1456.0 157655.32064193333
1457.0 168314.32543116104
1458.0 140452.994586349
1459.0 147909.92549946878
1460.0 145473.10613382538
1461.0 154394.38472298
1462.0 159223.3161307529
1463.0 157248.18012911957
1464.0 162727.3350774579
1465.0 151969.803409214
1466.0 159592.49257714298
1467.0 148204.90364248923
1468.0 141447.24729154407
1469.0 98277.87316728126
1470.0 95324.7395497243
1471.0 156407.29360628006
1472.0 143987.3487532739
1473.0 141926.21678114036
1474.0 150054.42441908753
1475.0 159714.98402764506
1476.0 153897.11495015968
1477.0 159049.39046153927
1478.0 141025.69516173724
1479.0 152191.16062663335
1480.0 154998.77473810766
1481.0 162853.8130026559
1482.0 159226.76571868203
1483.0 160272.3054730731
1484.0 149072.00352670785
1485.0 154235.65113005982
1486.0 162407.57874840702
1487.0 162224.0947625028
1488.0 162263.39209175407
1489.0 157397.93781762337
1490.0 156878.5545038538
1491.0 159396.96061912415
1492.0 158045.60900815274
1493.0 158144.33471561983
1494.0 156119.74252192967
1495.0 156552.61340591495
1496.0 153648.29252016766
1497.0 140663.70708368247
1498.0 121874.89008989073
1499.0 110427.27264352608
1500.0 136488.16072945084
1501.0 145726.5412980485
1502.0 136792.85095280467
1503.0 151639.8676821283
1504.0 138288.107676381
1505.0 135354.72542148957
1506.0 147672.2456958291
1507.0 160062.88595589888
1508.0 159273.79369240627
1509.0 140186.54691868077
1510.0 155346.76192580888
1511.0 101221.0403983573
1512.0 121877.52934176924
1513.0 139101.20591281855
1514.0 152369.97145227902
1515.0 109668.27648310302
1516.0 139135.87208119954
1517.0 145602.45601975976
1518.0 117367.16960264232
1519.0 130174.61321115532
1520.0 140101.28866417138
1521.0 120435.20325701663
1522.0 132771.38361658814
1523.0 156435.7593944077
1524.0 120509.3200147361
1525.0 114374.20055365867
1526.0 144170.93603106125
1527.0 130357.04816932572
1528.0 133932.42070786125
1529.0 154896.03525156243
1530.0 100415.73591371573
1531.0 81008.49970428023
1532.0 132804.13902459329
1533.0 118630.90086726757
1534.0 134168.088919712
1535.0 149574.36022374078
1536.0 144459.46732228663
1537.0 135743.32240442664
1538.0 131621.39625496708
1539.0 92783.66068727066
1540.0 137684.76334947738
1541.0 86579.91683999388
1542.0 48908.47191028831
1543.0 45186.8511398494
1544.0 38711.23332314984
1545.0 43398.60371106819
1546.0 47041.38139767176
1547.0 56420.48530146019
1548.0 69481.52853821343
1549.0 83524.30684576066
1550.0 110104.04743093398
1551.0 158862.01420260663
1552.0 190867.5245121015
1553.0 166112.1020622996
1554.0 160582.72622088293
1555.0 160349.3174372686
1556.0 103608.84836325994
1557.0 84956.66085763881
1558.0 124086.57099029697
1559.0 146112.00767740174
1560.0 116034.32844524986
1561.0 99726.48678163088
1562.0 97354.54814258346
1563.0 128269.14648295852
1564.0 123730.24834946812
1565.0 121381.49442485781
1566.0 108628.84102902444
1567.0 124828.27208222284
1568.0 85049.32405125335
1569.0 86073.4885612686
1570.0 116290.97806807137
1571.0 86071.16539492256
1572.0 118270.26442225186
1573.0 141597.24263549075
1574.0 141774.6095462159
1575.0 89948.45090978297
1576.0 128856.78310337325
1577.0 100911.25172116341
1578.0 122314.44745246359
1579.0 132976.17978854847
1580.0 95780.20194985511
1581.0 119842.57755589852
1582.0 136385.92664888463
1583.0 105652.69680580251
1584.0 111349.34416441305
1585.0 100507.91133440284
1586.0 124217.66760002956
1587.0 135248.48846770788
1588.0 131863.17942618285
1589.0 135713.76496212906
1590.0 127305.23960465699
1591.0 125481.37579949223
1592.0 119593.1027342547
1593.0 133200.8424866692
1594.0 113223.50250007279
1595.0 116041.842797277
1596.0 130513.38275600706
1597.0 129930.84992022281
1598.0 133956.8598634614
1599.0 137025.73402178715
1600.0 127221.03955294982
1601.0 79631.86841689805
1602.0 114281.83641340955
1603.0 88513.251021429
1604.0 112923.93298282562
1605.0 135191.50502185198
1606.0 121474.48949388602
1607.0 131487.7208934054
1608.0 135084.1894151104
1609.0 128747.91840850643
1610.0 91214.53964411511
1611.0 111695.53424176331
1612.0 127338.5439747344
1613.0 122802.97594674854
1614.0 124797.92794457151
1615.0 134185.70202427058
1616.0 135593.02654339484
1617.0 137949.88019449878
1618.0 136262.85821966667
1619.0 120513.021364537
1620.0 99906.24639818152
1621.0 94544.60700203457
1622.0 99891.80684134559
1623.0 89073.2935591947
1624.0 97762.02038924981
1625.0 129776.83766131026
1626.0 128101.1364914591
1627.0 127866.49827515286
1628.0 132276.91184769577
1629.0 123993.83986395373
1630.0 117629.8583591395
1631.0 82697.63673749208
1632.0 87586.90875072032
1633.0 129424.21779311018
1634.0 129449.87361985953
1635.0 109308.44142306107
1636.0 106110.01377584302
1637.0 129860.63213369712
1638.0 112374.74670041037
1639.0 133099.29515187582
1640.0 86742.55279216096
1641.0 145401.36684151983
1642.0 142896.98396954482
1643.0 143264.89079314645
1644.0 141049.54966677603
1645.0 119704.08987620292
1646.0 131445.156672115
1647.0 101594.69982589196
1648.0 125100.95286626788
1649.0 126699.07120232152
1650.0 126855.10362637209
1651.0 133162.67255428925
1652.0 130790.1647273072
1653.0 97659.9125903817
1654.0 104213.66204487656
1655.0 127881.44351649257
1656.0 106962.18182805004
1657.0 91303.46456860508
1658.0 119551.09795533001
1659.0 125779.76719312031
1660.0 123007.11766795366
1661.0 104096.44086054068
1662.0 89967.48942727987
1663.0 125721.84092491343
1664.0 123482.54729117104
1665.0 98183.37480621212
1666.0 119912.00656024528
1667.0 108383.35016118563
1668.0 79025.98071325257
1669.0 115613.27400049049
1670.0 115111.80032366971
1671.0 112285.12766277275
1672.0 93874.74890209697
1673.0 87030.66668151304
1674.0 112193.34173788401
1675.0 119135.44658317328
1676.0 93742.9844652034
1677.0 101180.55772933058
1678.0 125517.62527742055
1679.0 124266.40969499835
1680.0 125486.33128271282
1681.0 117775.40046481644
1682.0 104350.2059406965
1683.0 121951.22273428272
1684.0 122038.35576476007
1685.0 123901.8868436859
1686.0 114558.3830813086
1687.0 117638.89129842247
1688.0 121477.53555182087
1689.0 123582.71070687758
1690.0 94170.2745894602
1691.0 107507.13444835508
1692.0 118448.25989975604
1693.0 119223.26001453707
1694.0 114084.76567925082
1695.0 102168.81836420264
1696.0 105124.88960177252
1697.0 119549.79941058824
1698.0 112201.3670392013
1699.0 97503.26273277005
1700.0 116630.52093121316
1701.0 102864.23144500519
1702.0 112394.51508075776
1703.0 118014.41272279786
1704.0 96477.65274442403
1705.0 110005.05952014732
1706.0 101652.9914495275
1707.0 76214.20468717493
1708.0 93594.59266597383
1709.0 115989.02113396506
1710.0 115336.10611377284
1711.0 111937.08150883325
1712.0 93140.48630377726
1713.0 71561.30854851272
1714.0 106822.71910520553
1715.0 109194.58711361238
1716.0 77910.2169797169
1717.0 79951.06096451318
1718.0 73139.23268349175
1719.0 101739.3630276332
1720.0 113728.77157881852
1721.0 105868.47155147043
1722.0 90692.50517281739
1723.0 88125.6700198927
1724.0 90946.88205789696
1725.0 83246.93030617303
1726.0 95764.63460598627
1727.0 119944.00706881283
1728.0 115877.12590959379
1729.0 115411.15586559808
1730.0 117217.90467457262
1731.0 102201.26330137512
1732.0 113413.10945836293
1733.0 114072.62542423404
1734.0 110084.76325214893
1735.0 110345.2198607443
1736.0 112026.00293444686
1737.0 116046.59564623387
1738.0 98507.73330592967
1739.0 76374.65432545343
1740.0 103344.20209358908
1741.0 91535.38779306957
1742.0 96372.10871639689
1743.0 112257.42346012959
1744.0 86916.44448153902
1745.0 88234.49979461083
1746.0 109213.74028640187
1747.0 106474.63287509044
1748.0 109269.29395553365
1749.0 106413.86541898317
1750.0 109333.36154145379
1751.0 112127.82512858018
1752.0 109437.32046898242
1753.0 70194.35374285476
1754.0 104043.18328281159
1755.0 112023.10735936534
1756.0 112220.97389528956
1757.0 112381.9950480368
1758.0 98292.14120965365
1759.0 87948.64235436948
1760.0 93628.09620148905
1761.0 88805.26516579126
1762.0 110985.99239019652
1763.0 94060.07066915257
1764.0 102993.1862647973
1765.0 111156.79096477387
1766.0 108415.95238281832
1767.0 108181.37170608966
1768.0 106362.72390580982
1769.0 91071.70753578251
1770.0 74160.60613907328
1771.0 107269.16227439792
1772.0 86032.54648817587
1773.0 94900.52152690665
1774.0 108467.5468784885
1775.0 85034.98704695207
1776.0 87208.13103042656
1777.0 107098.72958053507
1778.0 105179.18636886535
1779.0 101071.14670548143
1780.0 106418.10244594667
1781.0 104134.97621077987
1782.0 92055.60236094233
1783.0 80186.95470117837
1784.0 102061.5193381382
1785.0 98836.88393616691
1786.0 104076.07602482825
1787.0 105847.65147096175
1788.0 101817.51369556904
1789.0 94558.46966771582
1790.0 101549.01274427155
1791.0 79899.58344729453
1792.0 69241.47401139294
1793.0 93677.71628202139
1794.0 104832.74722648985
1795.0 104615.1284413552
1796.0 106844.14668994167
1797.0 102763.97063828698
1798.0 95650.95349517874
1799.0 98695.57388860971
1800.0 83875.99542511783
1801.0 102437.91057698392
1802.0 106272.93185658404
1803.0 102154.70470259683
1804.0 99464.62194264268
1805.0 95614.60809994668
1806.0 99493.68948711353
1807.0 101883.17273035664
1808.0 94545.76540693652
1809.0 104240.99200979121
1810.0 106053.40398169239
1811.0 101914.21133634617
1812.0 80217.75725496975
1813.0 79398.3575501456
1814.0 101501.84027670755
1815.0 99035.15472806268
1816.0 71297.63124889713
1817.0 97083.45474277179
1818.0 107681.1150972659
1819.0 99065.54611413393
1820.0 86434.95466272923
1821.0 77465.356803671
1822.0 78637.623871897
1823.0 102992.39752586518
1824.0 103462.69422152592
1825.0 95254.46713934414
1826.0 79048.85796245818
1827.0 78976.94060828703
1828.0 93381.06438097991
1829.0 106045.83623289758
1830.0 92567.74343185432
1831.0 89998.0307565587
1832.0 101015.03499096908
1833.0 95240.6389100298
1834.0 96098.93447100374
1835.0 95674.67679086859
1836.0 100716.02020758968
1837.0 96787.77646359266
1838.0 90080.68423398824
1839.0 98629.20535590722
1840.0 73108.1708963825
1841.0 90230.4649685706
1842.0 92032.82535143553
1843.0 85414.58305081745
1844.0 84812.89769315731
1845.0 91803.87282982092
1846.0 98341.41527538751
1847.0 96983.66165020388
1848.0 94049.6736339076
1849.0 69064.04052735164
1850.0 60693.03656598361
1851.0 81618.33417679727
1852.0 97388.00313673477
1853.0 83703.8916926792
1854.0 66159.74951118114
1855.0 83952.14656372863
1856.0 98036.40676380627
1857.0 99399.3179019566
1858.0 80760.54118569201
1859.0 67782.77071609485
1860.0 61130.71252890902
1861.0 96297.98147550115
1862.0 101092.18689668724
1863.0 87596.90089952419
1864.0 85917.00366784717
1865.0 89339.36770243867
1866.0 93337.57361161616
1867.0 88748.79314240895
1868.0 97065.49146479175
1869.0 98203.8987472536
1870.0 93614.92347859734
1871.0 94255.77720837873
1872.0 89346.92801186575
1873.0 81767.81395296755
1874.0 82398.05134402897
1875.0 94314.21900335532
1876.0 92507.66643288264
1877.0 92853.00403920675
1878.0 91304.82456251307
1879.0 98828.73770704711
1880.0 95808.51675441623
1881.0 81159.3252004279
1882.0 73776.35930899926
1883.0 81107.16384844443
1884.0 78249.22754693532
1885.0 66614.42583744407
1886.0 84418.89517033241
1887.0 71056.13589850895
1888.0 80119.73966964181
1889.0 69865.72322975232
1890.0 63982.85331164646
1891.0 67930.77543474431
1892.0 84423.10160112646
1893.0 72614.17355576281
1894.0 75090.41032355894
1895.0 69510.35596450335
1896.0 84903.9872927346
1897.0 102408.56367036302
1898.0 95333.52316756459
1899.0 69819.08522795925
1900.0 96301.7333680955
1901.0 70673.56449419394
1902.0 75534.4124586885
1903.0 81076.27739445481
1904.0 76968.64004499822
1905.0 97141.39855363462
1906.0 94008.73141132337
1907.0 91375.5848442802
1908.0 91981.78674057343
1909.0 88008.11670815939
1910.0 84915.6973721048
1911.0 95084.8263036866
1912.0 96474.33494564175
1913.0 84291.2076411538
1914.0 81937.13328051844
1915.0 80337.51551866105
1916.0 75827.7081128884
1917.0 91999.58083304908
1918.0 80986.83323844067
1919.0 80835.80484849677
1920.0 86012.96150506867
1921.0 88450.83812638553
1922.0 79760.13987008465
1923.0 49442.556002273974
1924.0 68474.67373857166
1925.0 83965.38020720832
1926.0 84116.93109694257
1927.0 90764.26807221258
1928.0 85277.1412306103
1929.0 71135.88280334965
1930.0 65425.24670420378
1931.0 52298.75505758378
1932.0 64867.59074716929
1933.0 88115.26906231108
1934.0 93710.03532873519
1935.0 94309.90825597661
1936.0 74716.44604655725
1937.0 78236.77954737205
1938.0 75046.26349687179
1939.0 57305.768731584125
1940.0 58734.28443882909
1941.0 90487.49706157588
1942.0 96394.88967097166
1943.0 93503.70041094272
1944.0 91160.78937917364
1945.0 91208.57161126223
1946.0 89091.7580851602
1947.0 86584.9495345119
1948.0 83596.35117982351
1949.0 83902.98308649269
1950.0 77368.87062150943
1951.0 48312.08653198726
1952.0 76868.19268301927
1953.0 64456.89278824637
1954.0 56207.89756976597
1955.0 65849.0174932535
1956.0 63696.1766783455
1957.0 60027.850071178575
1958.0 75337.95340490607
1959.0 84987.74357005909
1960.0 84119.48477804761
1961.0 75321.8422452139
1962.0 85363.14369737446
1963.0 83682.86125807083
1964.0 80696.96206389036
1965.0 86497.30406082534
1966.0 85720.63199304829
1967.0 87813.35251276667
1968.0 84666.78993504426
1969.0 85126.22519864142
1970.0 83956.0654003729
1971.0 85920.06742976351
1972.0 80327.95128038114
1973.0 85851.42916039482
1974.0 86145.20001624005
1975.0 84347.37153305284
1976.0 79735.1895930496
1977.0 83656.86734983331
1978.0 86752.04324014722
1979.0 77421.70684413116
1980.0 80209.68179877994
1981.0 85941.71198334673
1982.0 80555.86655081087
1983.0 84640.19918356436
1984.0 75877.2131749467
1985.0 77546.95150007062
1986.0 83245.10417353407
1987.0 70741.27682254327
1988.0 86167.07478366456
1989.0 88724.1045809988
1990.0 84072.31285631533
1991.0 81984.73218319083
1992.0 55886.15706466799
1993.0 60008.24778694842
1994.0 73638.08282796119
1995.0 87516.95055835822
1996.0 86281.61974373
1997.0 88417.50703743404
1998.0 85435.88982610003
1999.0 66833.74537531844
2000.0 58288.0950594227
2001.0 61123.41414936847
2002.0 57898.17630638845
2003.0 63006.2162012708
2004.0 75137.05099812325
2005.0 74217.7592979241
2006.0 62759.379636959675
2007.0 81041.22792799742
2008.0 85974.6147733464
2009.0 85971.5078233748
2010.0 84853.79651102162
2011.0 75681.51305580698
2012.0 66662.05383732796
2013.0 59290.48524847329
2014.0 68546.689527773
2015.0 82645.59068850176
2016.0 80177.68933878178
2017.0 82162.45319269299
2018.0 80313.71641130518
2019.0 80677.86590803199
2020.0 82146.96327119472
2021.0 80936.38164078745
2022.0 81071.94356275302
2023.0 80803.7089380862
2024.0 79085.41041159113
2025.0 80706.63401167987
2026.0 69413.09886670565
2027.0 78452.28432782633
2028.0 79853.5757079808
2029.0 79154.38793510558
2030.0 79796.39938108272
2031.0 80254.68138879827
2032.0 79712.55557191536
2033.0 72361.98431791956
2034.0 64290.08351515534
2035.0 59264.95521941434
2036.0 74343.71215676918
2037.0 75956.2018418289
2038.0 71059.32561934681
2039.0 73233.49617523252
2040.0 51681.000265493
2041.0 52215.08692870783
2042.0 66683.40837944465
2043.0 80506.2337690922
2044.0 76403.68768952646
2045.0 71911.80313837522
2046.0 67561.77249162129
2047.0 66138.72108144435
2048.0 71761.59399832091
2049.0 79408.45293904733
2050.0 77103.59459270928
2051.0 78780.03568403271
2052.0 77478.96437025402
2053.0 74853.13599933153
2054.0 77474.66738491274
2055.0 76144.74080116842
2056.0 68087.60644976939
2057.0 56761.65946110619
2058.0 73363.47378142244
2059.0 78883.6306423644
2060.0 81041.94284098805
2061.0 75954.35558860554
2062.0 53924.80233314363
2063.0 69248.64183901362
2064.0 77558.79429663507
2065.0 78580.15728233768
2066.0 75754.85848927294
2067.0 77650.50531670911
2068.0 77608.78915741688
2069.0 78182.48740990821
2070.0 80366.15308110908
2071.0 54068.44244482176
2072.0 64251.497753072494
2073.0 76693.87127335714
2074.0 75848.30940711527
2075.0 75889.20472006738
2076.0 78425.31389886288
2077.0 70395.04642779188
2078.0 64343.462248461066
2079.0 76352.04315341503
2080.0 77383.3251980025
2081.0 78522.13080012704
2082.0 78132.75664151419
2083.0 73882.72312336814
2084.0 63537.01690481726
2085.0 52670.62235559225
2086.0 61213.907051598
2087.0 73792.13166494845
2088.0 76417.21535024479
2089.0 78039.00447278244
2090.0 63799.938329768986
2091.0 44432.40630982322
2092.0 56429.12377957233
2093.0 69805.44592536791
2094.0 72454.90529550162
2095.0 71753.67280522178
2096.0 74417.05308400416
2097.0 75655.93548220427
2098.0 74365.91714929776
2099.0 74279.46081074161
2100.0 57333.615983135234
2101.0 71086.22514676531
2102.0 79513.74534607076
2103.0 80515.18435189135
2104.0 76343.39616468758
2105.0 83678.38685180001
2106.0 85653.26524268762
2107.0 75239.86982824671
2108.0 49521.8723799616
2109.0 61872.25047996232
2110.0 74401.7003728324
2111.0 82425.95152731652
2112.0 82537.4213758981
2113.0 80011.07669620817
2114.0 68978.88575312165
2115.0 64724.52045342744
2116.0 77657.12234360796
2117.0 63528.32353991797
2118.0 66501.4807150867
2119.0 73132.30993192583
2120.0 75450.60266584507
2121.0 72623.46903340956
2122.0 73123.7152522049
2123.0 72857.98568583307
2124.0 70576.4713258278
2125.0 72204.00352067882
2126.0 72528.55130114034
2127.0 73318.61955516052
2128.0 73071.38807762731
2129.0 73143.34789260926
2130.0 72279.71881089463
2131.0 72238.17454168046
2132.0 72303.11045917634
2133.0 72768.72633710896
2134.0 72620.09529551447
2135.0 71962.31103957092
2136.0 71597.74446626886
2137.0 70956.26481351587
2138.0 70346.76584313379
2139.0 72819.54275761284
2140.0 71995.59099904561
2141.0 72230.25295932594
2142.0 71527.07486934194
2143.0 71761.73440732609
2144.0 71625.81991057593
2145.0 68800.26368196921
2146.0 72324.27358545356
2147.0 69632.61309622209
2148.0 70865.97312075022
2149.0 71295.58196147374
2150.0 71966.34013218296
2151.0 71797.30125741051
2152.0 71758.24889340259
2153.0 70738.7480150412
2154.0 71235.9876235096
2155.0 71303.53096461254
2156.0 71492.27046963082
2157.0 70912.9372528135
2158.0 70445.9166256804
2159.0 70025.3717638052
2160.0 71062.85794511328
2161.0 71236.64687466508
2162.0 67895.48403322148
2163.0 70434.8741341675
2164.0 70892.69980429906
2165.0 69844.8705041299
2166.0 70116.26086133934
2167.0 69426.22361038945
2168.0 70063.23290925189
2169.0 69914.84463438306
2170.0 70308.11895776121
2171.0 70376.39800719965
2172.0 70038.42280251706
2173.0 70518.9510183724
2174.0 70113.27370977547
2175.0 69584.72239716644
2176.0 68919.42670686365
2177.0 69857.0361661274
2178.0 68592.15661686198
2179.0 70225.16470795378
2180.0 67687.16063965726
2181.0 68051.20673392281
2182.0 68838.05835873027
2183.0 69434.532933717
2184.0 69335.72657810232
2185.0 69332.35342956054
2186.0 67841.09833683605
2187.0 69398.41766907934
2188.0 68821.83670698822
2189.0 69461.27828610287
2190.0 68788.26389575239
2191.0 69264.07766897674
2192.0 67823.30044244751
2193.0 67312.55852022051
2194.0 68405.6466531369
2195.0 68845.54778403437
2196.0 68887.87872435813
2197.0 68888.96113180018
2198.0 68642.39593190124
2199.0 68643.09848636294
2200.0 68698.81398086224
2201.0 67982.47139422654
2202.0 66491.35477693543
2203.0 67966.84024545581
2204.0 67276.69759823816
2205.0 68518.31182360972
2206.0 68435.3258768371
2207.0 67869.09999764757
2208.0 68034.49409048958
2209.0 67270.78452513882
2210.0 67879.43124481359
2211.0 66206.74683767583
2212.0 67050.65038371051
2213.0 67300.09954967952
2214.0 67466.66889898511
2215.0 67564.06837140927
2216.0 67009.47765318028
2217.0 66681.77351616418
2218.0 67505.58035537481
2219.0 66274.8054708869
2220.0 67307.27756278448
2221.0 65339.40074228817
2222.0 66719.59382380368
2223.0 66835.56630653613
2224.0 67080.03049497918
2225.0 65991.62200142677
2226.0 67059.3225426774
2227.0 65301.885878825415
2228.0 65353.498720977375
2229.0 66672.83512489911
2230.0 66195.38634184923
2231.0 66863.48810832214
2232.0 66779.47034836968
2233.0 66332.36708892121
2234.0 66932.21948927104
2235.0 66959.7424796624
2236.0 67029.20258504455
2237.0 66846.8148381921
2238.0 66664.14996852147
2239.0 65318.30241935391
2240.0 66682.5892812576
2241.0 66476.843388701
2242.0 65638.25672831149
2243.0 66246.7353587437
2244.0 65575.1208622734
2245.0 63972.17978547994
2246.0 65925.41573281461
2247.0 66427.4824400164
2248.0 65786.86067908518
2249.0 65893.94073998019
2250.0 64984.37374207687
2251.0 65529.1200272544
2252.0 65452.47957181966
2253.0 65262.68948247311
2254.0 65669.85669333184
2255.0 65970.05704452898
2256.0 65689.90974611553
2257.0 65395.139106201845
2258.0 64929.702938399576
2259.0 65726.71874620013
2260.0 65246.541808358226
2261.0 64733.79747481168
2262.0 65175.83334236829
2263.0 65333.754795161396
2264.0 64623.69295708554
2265.0 64240.41944284907
2266.0 64996.30395555143
2267.0 64555.792719237914
2268.0 64742.169967376
2269.0 64455.087640969046
2270.0 64901.01264175318
2271.0 62961.62590381815
2272.0 64865.27795309866
2273.0 64568.282691778186
2274.0 63784.005266808905
2275.0 64760.839271483885
2276.0 64074.65106202446
2277.0 63406.84740629016
2278.0 62924.86644301924
2279.0 63303.98915853611
2280.0 64358.83297768706
2281.0 64192.75821765786
2282.0 64429.23602875842
2283.0 63946.30409772912
2284.0 63777.89006452995
2285.0 63650.835053688555
2286.0 64157.85119449335
2287.0 63511.627565946656
2288.0 63456.303272569465
2289.0 63935.00883738336
2290.0 62998.77601402201
2291.0 63694.41200620478
2292.0 63335.79330654533
2293.0 63289.06312147136
2294.0 62762.4416748221
2295.0 63514.01853120092
2296.0 63743.10837120627
2297.0 63315.50767648903
2298.0 62300.87802049074
2299.0 61993.79859755266
2300.0 64031.89063497849
2301.0 62995.74915470584
2302.0 63524.90401646902
2303.0 63439.80857714367
2304.0 62435.104101088575
2305.0 63430.260782765436
2306.0 62966.18095206312
2307.0 63344.67331522578
2308.0 62495.50626128214
2309.0 62886.4083367884
2310.0 63453.34748054456
2311.0 63172.446499071135
2312.0 61777.84123655824
2313.0 61846.60298700461
2314.0 62428.90666170402
2315.0 63028.41985678671
2316.0 62831.32523822578
2317.0 62839.71537928852
2318.0 61569.6789646874
2319.0 61665.77725512458
2320.0 60732.563990127004
2321.0 62284.743475794916
2322.0 62518.505504382796
2323.0 60661.4240942027
2324.0 62147.78375483329
2325.0 61319.77198621511
2326.0 61021.90530528649
2327.0 60959.94954727065
2328.0 61104.96125419029
2329.0 62361.08222873091
2330.0 61627.110294909195
2331.0 61773.316517692896
2332.0 58683.394231167484
2333.0 61620.49282730672
2334.0 62064.134551693125
2335.0 60425.70738449504
2336.0 61955.70404056269
2337.0 61625.70979333514
2338.0 61560.36329468756
2339.0 61678.53199471037
2340.0 61646.78981336673
2341.0 61178.847745370105
2342.0 61159.79945868644
2343.0 61471.89729146726
2344.0 60923.28906304903
2345.0 59993.12820101657
2346.0 59270.50919875286
2347.0 61337.653672309236
2348.0 61798.84229877084
2349.0 58643.61169988936
2350.0 61449.68813083702
2351.0 60942.675490288406
2352.0 60541.81811632932
2353.0 60564.24446533898
2354.0 61296.396479128794
2355.0 61076.94335518476
2356.0 59230.78375226484
2357.0 60497.34203938431
2358.0 61326.002390758964
2359.0 61744.86465872505
2360.0 60802.79804991154
2361.0 59007.000935634824
2362.0 61458.000041660634
2363.0 61150.72889454859
2364.0 60950.914604918304
2365.0 61026.13577853407
2366.0 59850.692581432646
2367.0 60459.78559968485
2368.0 60306.636396243666
2369.0 60632.659475074186
2370.0 59778.564349198256
2371.0 60386.3065939492
2372.0 60430.25145013102
2373.0 60581.1751875582
2374.0 60655.656273253495
2375.0 59440.90125879045
2376.0 58375.99189333381
2377.0 60126.11592424632
2378.0 60698.825422697846
2379.0 60501.66667179922
2380.0 58098.046563379285
2381.0 60152.462692148445
2382.0 60603.12456704994
2383.0 58982.1760752204
2384.0 58565.737958730686
2385.0 59563.68754976936
2386.0 61113.45216773433
2387.0 60372.04435788201
2388.0 59832.11303620567
2389.0 59137.73409267122
2390.0 60144.85966975035
2391.0 59775.41364871998
2392.0 59746.21307918048
2393.0 59742.450121048765
2394.0 60043.38002884704
2395.0 59800.85572504148
2396.0 59307.057275367624
2397.0 60091.36097985412
2398.0 60142.64073111808
2399.0 60162.06744962119
2400.0 57363.84509939065
2401.0 58513.944913381776
2402.0 59387.2571680237
2403.0 58372.292024924966
2404.0 60060.60736724136
2405.0 58685.80818650374
2406.0 59304.42402301847
2407.0 58888.09027814455
2408.0 59004.43322050856
2409.0 59302.13182121057
2410.0 58682.4721797218
2411.0 57700.4701489444
2412.0 58772.98262114065
2413.0 59234.74775675576
2414.0 57572.687518560626
2415.0 59247.115038243464
2416.0 58890.2399184209
2417.0 58218.17603054844
2418.0 59792.3041824287
2419.0 58868.46170471249
2420.0 59685.97798701499
2421.0 59457.75169206843
2422.0 59530.72953570175
2423.0 59730.99773145325
2424.0 58465.946280911376
2425.0 57538.11603012309
2426.0 58855.346763440815
2427.0 59216.18468121716
2428.0 57803.572014246914
2429.0 57220.51481505205
2430.0 57804.840666888456
2431.0 58037.60519777221
2432.0 58495.00380808795
2433.0 57360.19468524709
2434.0 58791.617743993695
2435.0 57784.88543171491
2436.0 58687.68439646589
2437.0 58129.81730273163
2438.0 56993.26633470136
2439.0 57671.718412841794
2440.0 57112.883482604266
2441.0 57807.06793579415
2442.0 58286.998872569784
2443.0 58348.8761991454
2444.0 58507.3228047922
2445.0 57732.33400472616
2446.0 57858.500683604354
2447.0 57179.60027152572
2448.0 56097.722992500814
2449.0 57866.78842810665
2450.0 57583.79709311126
2451.0 56462.26839720974
2452.0 56759.20115143746
2453.0 57685.65265025521
2454.0 57595.86388491889
2455.0 57602.877217678426
2456.0 57916.82868151391
2457.0 57956.26301572844
2458.0 57620.242552963755
2459.0 57909.44013952117
2460.0 57209.483991558765
2461.0 57303.517843089576
2462.0 56112.33219129011
2463.0 57393.970587279706
2464.0 56656.0270760468
2465.0 57484.0703569826
2466.0 56708.52099328949
2467.0 57353.96131188388
2468.0 57935.26666302827
2469.0 56678.91845398219
2470.0 57309.793762180314
2471.0 57596.40850323034
2472.0 57488.00523506329
2473.0 57131.606350134476
2474.0 56213.816796987245
2475.0 57506.00492726742
2476.0 57113.9242914652
2477.0 56870.537841476136
2478.0 56907.747540476215
2479.0 56499.53802337415
2480.0 56371.87472634337
2481.0 56211.28319267299
2482.0 57162.831079299525
2483.0 55629.12947681023
2484.0 56537.12173920305
2485.0 55214.88976947832
2486.0 57033.974273301086
2487.0 55775.91548281626
2488.0 56935.52141385867
2489.0 56421.521513163185
2490.0 56686.93086757931
2491.0 56959.26703259604
2492.0 55552.88784370001
2493.0 56475.16377695715
2494.0 53314.729808319404
2495.0 56656.159538064494
2496.0 56880.39819112516
2497.0 56502.98866371593
2498.0 56292.08972152616
2499.0 56396.92023538461
2500.0 56818.63716347773
