WAVE FLUX
900.0 11546.803646835384
901.0 10856.706303696486
902.0 11777.003913330927
903.0 12367.070379808074
904.0 14258.022071853353
905.0 11787.206947236178
906.0 12208.059783013387
907.0 12338.664984061275
908.0 12338.814137569567
909.0 16822.220026197796
910.0 12508.593327611592
911.0 12584.819635572865
912.0 141853.6567998254
913.0 90543.49277916533
914.0 121679.50985091239
915.0 120941.85346862601
916.0 49709.50276430683
917.0 126241.53481955553
918.0 65562.45586900368
919.0 56769.92640361514
920.0 114250.67953830502
921.0 20221.618745450884
922.0 63723.30457158651
923.0 67218.1624439157
924.0 96293.39638301166
925.0 74897.35719126403
926.0 115115.99292561294
927.0 159651.1726633354
928.0 185309.85000758464
929.0 78010.0713669238
930.0 72661.96244085851
931.0 118193.27774553304
932.0 168880.70812881022
933.0 177993.1301031849
934.0 207047.8561951828
935.0 154776.63556399802
936.0 157163.41019966197
937.0 80825.15205915167
938.0 43550.42225663
939.0 177410.3141153751
940.0 191125.36395272522
941.0 200178.0146008349
942.0 184140.51753835464
943.0 137871.68610966147
944.0 173963.91307341045
945.0 129937.09651104873
946.0 164828.03558767957
947.0 105602.56327195447
948.0 59786.25611090104
949.0 59320.50223127845
950.0 91803.13440759789
951.0 163936.23491712174
952.0 233371.9418355513
953.0 229614.44088472414
954.0 143902.84576528522
955.0 88319.7310423131
956.0 188312.77019696537
957.0 150934.35284655396
958.0 196707.48205262254
959.0 159307.10646106172
960.0 194146.35190898433
961.0 199176.6442306697
962.0 144291.6579867671
963.0 182993.7251669191
964.0 108745.95838225556
965.0 209495.19519023795
966.0 180745.66777970843
967.0 104056.12406928453
968.0 158772.90369898942
969.0 185915.68759091038
970.0 151389.3078299838
971.0 143335.12095273033
972.0 57887.14602995733
973.0 22271.681235425163
974.0 18281.783158252507
975.0 20713.771475867557
976.0 44763.758000285045
977.0 144877.1596637764
978.0 128592.41840899202
979.0 92044.22971854995
980.0 106245.4501589936
981.0 94023.35179699695
982.0 163684.65826131066
983.0 172991.95659864732
984.0 135640.42211912552
985.0 109261.7716147868
986.0 65561.15856417877
987.0 69074.42601338615
988.0 71229.28400810051
989.0 62023.30171955433
990.0 67311.92171648708
991.0 113299.68071801777
992.0 204695.1263372916
993.0 194445.51501813534
994.0 140465.97501814802
995.0 97876.74071861582
996.0 168056.0419228983
997.0 109832.50861529296
998.0 162142.97871382532
999.0 150317.71652043035
1000.0 203343.18642859237
1001.0 116263.75418236901
1002.0 162583.3151818229
1003.0 129922.2612325799
1004.0 201333.86480248574
1005.0 188732.75560509064
1006.0 111331.98678670268
1007.0 120154.9075257088
1008.0 173206.7239879639
1009.0 122354.5023221873
1010.0 110705.00109984537
1011.0 188583.5055921717
1012.0 172308.8213206125
1013.0 143925.6972173831
1014.0 191243.51844649756
1015.0 160581.42880639416
1016.0 140140.74677745835
1017.0 158990.24018934526
1018.0 140848.7100402668
1019.0 171929.31820718167
1020.0 102060.8290458164
1021.0 148693.06440118092
1022.0 190119.26976496432
1023.0 112437.68252273837
1024.0 162489.0379212904
1025.0 112415.43921917456
1026.0 40964.70096235524
1027.0 82608.68300943339
1028.0 146434.3644227578
1029.0 167548.34050851193
1030.0 91519.88194627456
1031.0 97097.5200180757
1032.0 136089.7774929868
1033.0 131162.93766185467
1034.0 83779.56233850983
1035.0 109481.80008573535
1036.0 79789.28039375696
1037.0 86941.65475290973
1038.0 124540.71198388838
1039.0 155088.1224386542
1040.0 123741.00170146661
1041.0 178533.77103207263
1042.0 196413.51192616345
1043.0 210174.27519094996
1044.0 213544.79362745682
1045.0 190806.6215502253
1046.0 193108.84496825314
1047.0 215743.8949835958
1048.0 216869.07462722942
1049.0 212584.70250171068
1050.0 191767.70152262514
1051.0 156401.54022450664
1052.0 196162.66474386404
1053.0 184326.18210158282
1054.0 202843.34644469252
1055.0 175503.2856406575
1056.0 168897.85328677623
1057.0 192245.83666758976
1058.0 184872.55122071487
1059.0 107659.67778291876
1060.0 102487.84273268474
1061.0 105839.19027933449
1062.0 130470.41550955069
1063.0 144554.0887647239
1064.0 181974.80762087827
1065.0 189771.20292582444
1066.0 106237.13088660705
1067.0 167419.8845829662
1068.0 127354.51720357774
1069.0 87470.43392964691
1070.0 91817.47366197563
1071.0 100898.97672535722
1072.0 120850.16558842728
1073.0 148983.541922419
1074.0 166775.42055466236
1075.0 189164.61631177572
1076.0 178429.06688094334
1077.0 128237.22639744966
1078.0 128237.95329596194
1079.0 195667.6002893553
1080.0 182667.01250952008
1081.0 188503.33032538753
1082.0 185821.82825566683
1083.0 111662.35765642044
1084.0 138530.49099432904
1085.0 103149.8100534466
1086.0 137838.79974412266
1087.0 165831.52516163007
1088.0 105390.30096845016
1089.0 106208.73046320069
1090.0 117144.876479164
1091.0 178584.43658172755
1092.0 157992.00507860107
1093.0 144124.21982226975
1094.0 189211.143781262
1095.0 188309.12666632413
1096.0 141206.74766318055
1097.0 158243.5014069243
1098.0 104720.41227490606
1099.0 182672.435317557
1100.0 172239.8037246628
1101.0 180756.67680092642
1102.0 190699.8694870973
1103.0 170177.8683037136
1104.0 129503.55374048192
1105.0 178138.83363633693
1106.0 171041.44988257388
1107.0 150907.21428824827
1108.0 121241.40399199985
1109.0 128549.48782176182
1110.0 128336.1527587289
1111.0 137546.60462827448
1112.0 140039.2782703011
1113.0 155562.58763570388
1114.0 150537.0338814817
1115.0 162148.11930337493
1116.0 160942.39739382447
1117.0 130982.98635824188
1118.0 176587.34582067435
1119.0 152940.52709211092
1120.0 150229.31865369802
1121.0 112441.3774665058
1122.0 118649.3156295047
1123.0 172964.60799493908
1124.0 116587.20319915481
1125.0 109007.24718877206
1126.0 108644.78595354738
1127.0 95217.07550100982
1128.0 110649.99849474101
1129.0 114342.58676314457
1130.0 103191.94208048338
1131.0 162229.87771482003
1132.0 170519.9792307866
1133.0 171891.2225770004
1134.0 167650.21723944228
1135.0 149105.22650396777
1136.0 180366.64515419607
1137.0 169943.02984949242
1138.0 168839.72597208273
1139.0 123563.12754387343
1140.0 107441.40462389302
1141.0 153963.9973277994
1142.0 132927.71180549494
1143.0 157897.99575677564
1144.0 113392.07882252324
1145.0 90889.13549134308
1146.0 166734.1736933166
1147.0 159795.69868125094
1148.0 168195.0122447122
1149.0 159454.10979064985
1150.0 149427.82215308683
1151.0 153742.6563547898
1152.0 151142.1373426387
1153.0 148441.2055721027
1154.0 139120.91936071636
1155.0 121881.28175750059
1156.0 143330.93711438295
1157.0 145636.41581617444
1158.0 153754.3724782977
1159.0 133005.8100488191
1160.0 123082.30777283426
1161.0 149642.50315237007
1162.0 107346.07865238363
1163.0 156358.99442873689
1164.0 109150.99702437487
1165.0 157764.13684795014
1166.0 124290.42321221223
1167.0 116074.53823642172
1168.0 148154.64171781944
1169.0 136058.04891887883
1170.0 128729.27642209381
1171.0 98487.58107076217
1172.0 70966.23938110123
1173.0 61788.613123503615
1174.0 54903.2444625772
1175.0 47651.574000086155
1176.0 66435.6094176434
1177.0 127946.12290165234
1178.0 144254.1398664825
1179.0 152628.78812775065
1180.0 154581.8608515254
1181.0 132915.92829218475
1182.0 156386.1143492233
1183.0 95003.30744930354
1184.0 124630.6558164738
1185.0 126329.73533665884
1186.0 157090.8162582791
1187.0 147949.97957208636
1188.0 153343.97909975867
1189.0 151446.66141798854
1190.0 145350.86656046854
1191.0 116495.76236763793
1192.0 126637.32266283127
1193.0 119617.25216123095
1194.0 130537.4498906714
1195.0 153185.71022679342
1196.0 149967.53460867982
1197.0 110982.58932222342
1198.0 137772.24080507978
1199.0 139699.17853391636
1200.0 116852.06653601278
1201.0 92863.84021110859
1202.0 57274.30091320687
1203.0 56307.46265553958
1204.0 70372.5301268986
1205.0 109434.42530737892
1206.0 94319.94133722775
1207.0 114771.66047207621
1208.0 126463.21766903998
1209.0 109917.72281256878
1210.0 109535.84533947665
1211.0 118383.74576708603
1212.0 99851.18583440837
1213.0 90409.80795574612
1214.0 85376.74081600466
1215.0 85511.3626818476
1216.0 95969.22857455058
1217.0 89068.9472708159
1218.0 88902.48145566665
1219.0 130727.21671495959
1220.0 108989.11792186087
1221.0 140731.03260402344
1222.0 141394.16412260255
1223.0 106920.8988482292
1224.0 139095.98991066823
1225.0 129390.45448793168
1226.0 133699.6927240113
1227.0 146084.78104261152
1228.0 121033.32907745233
1229.0 140882.89353269577
1230.0 126073.40117775483
1231.0 137225.06549109964
1232.0 145957.23482064522
1233.0 144790.4943848266
1234.0 144543.54287011034
1235.0 149760.59246124604
1236.0 150527.58847721547
1237.0 149673.29862949776
1238.0 153471.6477763621
1239.0 150989.7165783855
1240.0 153777.29307877383
1241.0 155665.3547658901
1242.0 150522.44679714026
1243.0 151568.09193369967
1244.0 149967.36024247817
1245.0 123872.24871706365
1246.0 90750.53134001719
1247.0 84760.25714905332
1248.0 146886.86978459384
1249.0 145913.0758054475
1250.0 146160.37148650677
1251.0 144602.1223841695
1252.0 135084.10879075623
1253.0 143930.59493843798
1254.0 144902.0659022994
1255.0 141366.58482816277
1256.0 146411.54670541003
1257.0 148188.86444806145
1258.0 149478.88510903207
1259.0 129113.69709018935
1260.0 125511.56247239914
1261.0 143109.93845298854
1262.0 143202.500813994
1263.0 141552.3750206411
1264.0 134049.4213261199
1265.0 135266.7479118045
1266.0 138129.95327556325
1267.0 143364.56034001833
1268.0 142946.56769713844
1269.0 141398.25087970123
1270.0 147967.75877857627
1271.0 148630.56092238068
1272.0 134501.39365571865
1273.0 139494.75309644244
1274.0 146859.22257436605
1275.0 148043.52379967636
1276.0 148088.29521975332
1277.0 149163.19923120603
1278.0 150547.8591137166
1279.0 148129.43119630893
1280.0 148312.6569316507
1281.0 149734.32069874238
1282.0 146098.20247092913
1283.0 145144.87966791485
1284.0 143345.05416704854
1285.0 144957.61816720685
1286.0 128951.4870679669
1287.0 129409.10532126011
1288.0 140468.9756588354
1289.0 132807.78752054833
1290.0 136775.7608208611
1291.0 129734.70190382548
1292.0 139684.91560217476
1293.0 134331.96793415694
1294.0 104485.58534583519
1295.0 108465.22417718693
1296.0 126850.04994271538
1297.0 117385.69020453717
1298.0 125570.53791999379
1299.0 119025.88242256014
1300.0 125857.33456980961
1301.0 121570.69317598044
1302.0 115512.16245736634
1303.0 86987.05841632753
1304.0 102823.30551449016
1305.0 132099.2573303643
1306.0 137476.58715271993
1307.0 144094.80840823727
1308.0 143693.06260552222
1309.0 136742.4503121937
1310.0 138171.89301484908
1311.0 138244.34956936823
1312.0 129012.04743528116
1313.0 132217.70825812983
1314.0 139442.54792034472
1315.0 134091.13169533908
1316.0 136375.54102351048
1317.0 139705.08404594194
1318.0 138759.36049236087
1319.0 125600.67370247049
1320.0 136285.9118655239
1321.0 135571.72737019704
1322.0 140716.1629397642
1323.0 135598.15373584535
1324.0 112660.19486427524
1325.0 115485.39122931883
1326.0 132592.95529442801
1327.0 132403.8901328498
1328.0 131802.80834707874
1329.0 127409.52714424739
1330.0 112993.59030031199
1331.0 125500.07553512152
1332.0 123930.48026315786
1333.0 129795.76636693082
1334.0 128007.65878378379
1335.0 101872.26822546234
1336.0 78705.85616972645
1337.0 128790.72405969848
1338.0 132952.7050293869
1339.0 125866.48140841979
1340.0 135982.5819928708
1341.0 133671.69734573786
1342.0 118118.01541232251
1343.0 93140.95178147477
1344.0 107838.72664812148
1345.0 128171.22516578303
1346.0 127521.83422937855
1347.0 129309.746122507
1348.0 128130.45806970363
1349.0 131777.99926316098
1350.0 118426.5805952895
1351.0 131802.96407584762
1352.0 131762.493765113
1353.0 128547.89661942958
1354.0 124701.13644828537
1355.0 106764.34039095035
1356.0 107369.92923804263
1357.0 110852.07832135634
1358.0 115358.3587807847
1359.0 130346.85887772622
1360.0 124016.46500710337
1361.0 119074.94118681621
1362.0 120205.59105177326
1363.0 114717.78664697503
1364.0 113801.12686699294
1365.0 121920.5311770504
1366.0 122700.38137182433
1367.0 125534.76609605415
1368.0 125185.62982827229
1369.0 119615.7396007476
1370.0 127789.46011840636
1371.0 123167.53695015181
1372.0 102493.68594131166
1373.0 108535.60486169263
1374.0 120991.17094800009
1375.0 78931.145946857
1376.0 118984.4407834766
1377.0 118334.87381340383
1378.0 114164.44778293055
1379.0 117996.22780785152
1380.0 119800.50379152746
1381.0 120648.17007538945
1382.0 120580.53724760971
1383.0 112684.74087865061
1384.0 100693.6007064934
1385.0 107040.62979903191
1386.0 103488.26884559853
1387.0 99348.07075369162
1388.0 68753.90564494091
1389.0 58783.82457284255
1390.0 60357.52098526858
1391.0 59530.369690018706
1392.0 64446.551144119665
1393.0 76147.03264983401
1394.0 105803.33977642529
1395.0 115897.39552204573
1396.0 88767.8073223001
1397.0 61708.54848615993
1398.0 53713.856521260706
1399.0 58055.89422852307
1400.0 62684.711345282034
1401.0 68939.29466717747
1402.0 84616.76660629494
1403.0 140115.50404277732
1404.0 132063.4324392569
1405.0 120052.05137423474
1406.0 111715.78733944181
1407.0 113945.04971206503
1408.0 111670.52853275998
1409.0 112362.744104792
1410.0 110025.84100783468
1411.0 110056.73520044195
1412.0 113319.16450243423
1413.0 111734.74457761817
1414.0 107265.03002487544
1415.0 105613.33344437348
1416.0 109452.41261505288
1417.0 71338.26741047611
1418.0 102049.83070093286
1419.0 100393.91612193825
1420.0 91989.8187006225
1421.0 104101.37730822273
1422.0 97842.73819475494
1423.0 97032.52214836399
1424.0 83670.7931379887
1425.0 99400.945631171
1426.0 102255.34582197847
1427.0 107665.54327132512
1428.0 88504.85514555925
1429.0 77055.77106469712
1430.0 105434.12264085344
1431.0 101435.96378290337
1432.0 96568.16405327815
1433.0 97589.46806536944
1434.0 88881.57693787331
1435.0 103247.80763005803
1436.0 96751.22655347861
1437.0 107175.74916645586
1438.0 101853.96776292332
1439.0 95104.1562848204
1440.0 102205.96721254734
1441.0 110413.20483674617
1442.0 100734.36879055006
1443.0 103209.63517227536
1444.0 109765.77478826774
1445.0 100655.89855667627
1446.0 100172.5205668438
1447.0 104834.55058984748
1448.0 106559.24452903541
1449.0 104992.4014706318
1450.0 110252.39857493548
1451.0 92910.31125249024
1452.0 83342.1612209116
1453.0 101270.46026542135
1454.0 95948.13959393412
1455.0 85489.34923879412
1456.0 100714.7980444131
1457.0 107006.27992523708
1458.0 95060.16084894455
1459.0 93483.72057603595
1460.0 95474.34365320634
1461.0 101350.29630212163
1462.0 102280.49723944935
1463.0 100494.47332523926
1464.0 102230.34951351795
1465.0 89856.79332670732
1466.0 95965.34073843955
1467.0 95256.68294974486
1468.0 93928.94366850231
1469.0 66781.8810279163
1470.0 68379.38840294289
1471.0 94942.34838326027
1472.0 91014.26862873374
1473.0 94952.38365266591
1474.0 97292.89719161241
1475.0 99229.49651279002
1476.0 97653.0697028978
1477.0 100945.40894264342
1478.0 90416.78046611178
1479.0 97200.33203994365
1480.0 98376.77326025843
1481.0 102736.24227930114
1482.0 96691.77721374028
1483.0 95545.28390241602
1484.0 86578.78042730769
1485.0 94431.36208883938
1486.0 99419.27999547929
1487.0 100429.56099966457
1488.0 102087.63744600385
1489.0 99727.20601633834
1490.0 97256.97105936808
1491.0 98403.53152685106
1492.0 98359.06560214875
1493.0 98962.55057186513
1494.0 95546.17072724983
1495.0 98796.8047180567
1496.0 97065.9167222168
1497.0 82845.81251287318
1498.0 82774.273091443
1499.0 70945.86180933888
1500.0 86989.65240659901
1501.0 94076.6528718404
1502.0 88059.36930789858
1503.0 91900.36589084941
1504.0 81785.35562428152
1505.0 88273.40671055419
1506.0 94074.60444937262
1507.0 100803.34895391764
1508.0 99064.2409732506
1509.0 77178.21089312158
1510.0 94114.145108481
1511.0 68797.67840155304
1512.0 73975.71292029032
1513.0 81071.43511435633
1514.0 92280.64534970136
1515.0 66404.82103863294
1516.0 76468.26264549763
1517.0 89140.07107214647
1518.0 79859.20607273397
1519.0 68852.75335295488
1520.0 88438.70186952672
1521.0 87309.50560086204
1522.0 94394.40594355643
1523.0 102509.11694757109
1524.0 71762.29581352373
1525.0 64032.20563878294
1526.0 82882.7097778591
1527.0 79831.30703075785
1528.0 72461.06515867323
1529.0 88418.22422440228
1530.0 63442.724220151744
1531.0 66908.75724894663
1532.0 78512.20911781005
1533.0 73318.49793387996
1534.0 77179.09285737752
1535.0 90064.7333771843
1536.0 83010.02535433603
1537.0 78724.08183169637
1538.0 82224.67329303417
1539.0 60800.87199674339
1540.0 96831.60840822416
1541.0 62510.521863030604
1542.0 56046.498952478694
1543.0 65128.94824948688
1544.0 50223.58867031126
1545.0 59272.92774334226
1546.0 57440.34091174208
1547.0 54106.54283391417
1548.0 52172.38685811343
1549.0 54510.18700678014
1550.0 59535.43213221304
1551.0 78900.66523797276
1552.0 92234.52725134909
1553.0 75539.38161921037
1554.0 91595.45857518588
1555.0 97015.84183833843
1556.0 54620.27030282204
1557.0 57682.682439868404
1558.0 87781.29954284178
1559.0 87279.0204565549
1560.0 66180.7379109165
1561.0 66995.08427973863
1562.0 64029.25763415706
1563.0 88398.30056926276
1564.0 72086.11283082612
1565.0 72471.59988129835
1566.0 80791.6027306325
1567.0 76973.70150643155
1568.0 59900.5798085082
1569.0 61837.29231562835
1570.0 81794.80984147158
1571.0 62856.03405027829
1572.0 78226.87722548968
1573.0 87200.26461565489
1574.0 86620.77482159817
1575.0 60209.15529602297
1576.0 89696.80097897527
1577.0 71126.07395398329
1578.0 71166.0148041524
1579.0 86238.5514120873
1580.0 60548.9055408123
1581.0 66016.31936144024
1582.0 80023.9190341314
1583.0 64093.81817580704
1584.0 68478.66910161325
1585.0 62940.35475440416
1586.0 75790.72075274562
1587.0 78354.67557251558
1588.0 80704.39306614666
1589.0 85257.46578433269
1590.0 75901.81988451772
1591.0 77580.25320485953
1592.0 68434.75583651628
1593.0 84449.71721974139
1594.0 70412.26804264032
1595.0 68985.39435228278
1596.0 73407.59004927272
1597.0 74200.17007106094
1598.0 79807.40780755122
1599.0 88398.47576568548
1600.0 78388.66239350966
1601.0 58894.505456536535
1602.0 64879.8814047878
1603.0 60432.960073565155
1604.0 83442.79828719812
1605.0 84499.71448457935
1606.0 68479.84014367673
1607.0 77479.56592615062
1608.0 86360.95196634246
1609.0 74030.82321676107
1610.0 59142.835894092124
1611.0 75107.03862242894
1612.0 70597.85858609578
1613.0 82566.95824277803
1614.0 72993.01638394217
1615.0 84956.7454459804
1616.0 91340.44537697316
1617.0 93529.47483850578
1618.0 86322.24414355548
1619.0 68633.80654769715
1620.0 53917.51637263549
1621.0 61810.588366015305
1622.0 68129.42003846947
1623.0 61224.22009107381
1624.0 68518.91190984464
1625.0 80567.75488822053
1626.0 84413.43346438264
1627.0 81477.93672996026
1628.0 84397.99631885729
1629.0 69740.69664299011
1630.0 78303.69627478239
1631.0 58503.51443013389
1632.0 65126.97794443564
1633.0 75068.72090867368
1634.0 78040.53192848469
1635.0 77812.44900341055
1636.0 82312.60285198754
1637.0 79348.5554915427
1638.0 67754.97012373508
1639.0 77294.81038813807
1640.0 47293.512656770705
1641.0 84188.31790822388
1642.0 86360.21161254044
1643.0 85356.82088431095
1644.0 90312.66623107814
1645.0 70706.70132243002
1646.0 85158.45731561525
1647.0 71399.54824110169
1648.0 87943.60821521386
1649.0 83501.79248729625
1650.0 81788.94862692727
1651.0 88950.43885589074
1652.0 78494.50471101521
1653.0 66110.67119621555
1654.0 72178.684175965
1655.0 86210.4703085357
1656.0 74314.74317191272
1657.0 56576.92447244129
1658.0 76430.72781523486
1659.0 78144.83792710995
1660.0 81985.11305584818
1661.0 69364.24563453654
1662.0 63047.217411009435
1663.0 78344.98189181916
1664.0 83890.18755910624
1665.0 68428.62792071034
1666.0 71662.1253330534
1667.0 71326.98461826122
1668.0 59467.767578126855
1669.0 77792.05197765339
1670.0 75558.16691907599
1671.0 62802.26445309334
1672.0 60362.270616914786
1673.0 55103.50396331742
1674.0 76298.58103671912
1675.0 82393.7798955639
1676.0 61961.61887581104
1677.0 67658.47815020275
1678.0 85440.1875607282
1679.0 82447.09958542562
1680.0 86696.93438438755
1681.0 83135.56368194013
1682.0 66427.56042068628
1683.0 79127.57041273502
1684.0 82825.91606244516
1685.0 83997.76448896904
1686.0 75002.20931547685
1687.0 74297.80821403147
1688.0 78449.16066898954
1689.0 80745.09363708778
1690.0 67715.73656920315
1691.0 65621.09943894866
1692.0 76036.89586959037
1693.0 76876.25571716539
1694.0 75054.09052382021
1695.0 62367.59201264836
1696.0 60907.143474123826
1697.0 78946.13812341797
1698.0 73939.58225631605
1699.0 61872.89965541006
1700.0 74750.33262007647
1701.0 67384.85287192506
1702.0 67562.1260282048
1703.0 75792.62912453321
1704.0 63630.02806554159
1705.0 66565.21533393499
1706.0 60487.473005295884
1707.0 59387.712645183055
1708.0 67909.96120952183
1709.0 71315.07449350889
1710.0 72101.77963454463
1711.0 66091.31129069776
1712.0 65566.9425162953
1713.0 53264.68906958816
1714.0 66627.33698173314
1715.0 72432.92965003866
1716.0 53583.57628943619
1717.0 57850.94067754842
1718.0 54315.67228688866
1719.0 63387.95477623661
1720.0 67725.80543455422
1721.0 58257.608388297
1722.0 61860.880133887564
1723.0 61288.822740800824
1724.0 52832.011564307795
1725.0 56313.36557300139
1726.0 68490.95455355821
1727.0 76138.19174193447
1728.0 75035.46873392457
1729.0 69839.03565117819
1730.0 79050.59430146268
1731.0 71125.59991858089
1732.0 77113.00563485017
1733.0 69237.83476853055
1734.0 66115.55881087696
1735.0 69508.58277704728
1736.0 68002.30891261845
1737.0 80358.66254976245
1738.0 67939.74682576403
1739.0 53562.481315856065
1740.0 60677.05394357244
1741.0 52263.913580822315
1742.0 51331.33502566952
1743.0 71121.6629748656
1744.0 61912.788513437044
1745.0 59365.831747086915
1746.0 77696.5293029339
1747.0 61139.028723967975
1748.0 70418.12917517868
1749.0 66995.9211736581
1750.0 70076.73287339334
1751.0 72345.57794135132
1752.0 68208.8886811504
1753.0 40442.1119273936
1754.0 67196.92241691952
1755.0 73575.45572549717
1756.0 74213.22201258379
1757.0 72034.39385454233
1758.0 63086.968150716195
1759.0 57388.31972030762
1760.0 66900.2959826428
1761.0 58069.482829451714
1762.0 74077.08610328044
1763.0 63643.22737450723
1764.0 63470.46114259639
1765.0 71101.63549133585
1766.0 71880.20378394624
1767.0 71882.29856517921
1768.0 64711.3652560898
1769.0 65862.95608267143
1770.0 54078.64065517804
1771.0 68664.28236456387
1772.0 49518.17749452477
1773.0 57238.58009469339
1774.0 73560.69249760095
1775.0 62137.63620721285
1776.0 45146.76978388979
1777.0 67144.34058347612
1778.0 70578.40492500806
1779.0 63251.294100281564
1780.0 66651.77438876494
1781.0 67611.65680126382
1782.0 64742.02437077933
1783.0 48159.36631670037
1784.0 67073.75635396363
1785.0 61831.99318361732
1786.0 70140.40829213081
1787.0 64814.710434854256
1788.0 68827.80438923862
1789.0 60590.63817753426
1790.0 63953.56788328579
1791.0 45726.52997824148
1792.0 52463.89643187625
1793.0 59075.32620756065
1794.0 64783.960785989155
1795.0 67065.83831979307
1796.0 72870.3296447577
1797.0 64548.09957634349
1798.0 56066.94605019601
1799.0 65806.91756106805
1800.0 51527.66849053544
1801.0 68979.03264642283
1802.0 72988.56722207235
1803.0 64425.3019498878
1804.0 69551.01085248198
1805.0 68254.1132527528
1806.0 70617.92692848718
1807.0 62998.69377882878
1808.0 57891.96936274717
1809.0 70934.82341133697
1810.0 70609.41719912687
1811.0 68106.19303107982
1812.0 51893.84078883693
1813.0 49322.40096612729
1814.0 64254.98621997904
1815.0 66427.28577673207
1816.0 37885.121841606444
1817.0 63168.41134220979
1818.0 74738.6774359923
1819.0 62880.079796769955
1820.0 51103.89311443405
1821.0 53408.20155268209
1822.0 52219.41145777643
1823.0 59009.56344557839
1824.0 65265.29220369955
1825.0 56599.31658250436
1826.0 53276.49212782879
1827.0 56078.2875288142
1828.0 60130.75667744117
1829.0 69629.42415303615
1830.0 46433.17497833669
1831.0 57237.409671109264
1832.0 65377.144354335236
1833.0 61267.11726983278
1834.0 62136.96172531751
1835.0 57606.52269760446
1836.0 68559.7543239968
1837.0 63454.6676551223
1838.0 56417.73876488951
1839.0 67162.78372545697
1840.0 53787.03550185131
1841.0 62393.23770427977
1842.0 55063.57202965308
1843.0 47588.248264579095
1844.0 50855.216038215294
1845.0 57064.62079536542
1846.0 62407.487655008335
1847.0 57955.41087294932
1848.0 59514.826676116034
1849.0 50728.306415373205
1850.0 39679.76543688661
1851.0 56556.940569013896
1852.0 57976.54088739308
1853.0 51989.87582342403
1854.0 45929.46919435035
1855.0 46046.04354005529
1856.0 64131.84737922986
1857.0 66145.77561770676
1858.0 51347.49177107596
1859.0 51098.462841834276
1860.0 38570.875167049424
1861.0 64539.888135408284
1862.0 69725.05158199114
1863.0 49534.7992135301
1864.0 52804.30009310726
1865.0 59702.683502856926
1866.0 58487.3877320146
1867.0 53880.684283539806
1868.0 66915.82538911093
1869.0 68397.81736556067
1870.0 57187.432591738005
1871.0 60107.647902992394
1872.0 59976.21284817401
1873.0 59358.6110642835
1874.0 57970.921477847536
1875.0 62047.259652180925
1876.0 61509.46080327583
1877.0 64157.30966964121
1878.0 52868.565285853634
1879.0 65801.71113890312
1880.0 61541.98766541596
1881.0 51979.47132511783
1882.0 44150.24939175177
1883.0 42237.980086191914
1884.0 55043.85851308173
1885.0 40436.88417697243
1886.0 45788.187975368935
1887.0 41148.022321337645
1888.0 52878.68295331797
1889.0 49937.84224352651
1890.0 50544.27790328569
1891.0 43212.55641919129
1892.0 39396.632289088135
1893.0 45224.80043908127
1894.0 38358.399572707895
1895.0 48715.37774270494
1896.0 59516.71274376752
1897.0 59619.67968477304
1898.0 62289.284422939505
1899.0 48110.80770263802
1900.0 59737.677511457805
1901.0 47214.36875988387
1902.0 47675.298770754685
1903.0 47999.85271175228
1904.0 47590.5578065525
1905.0 66444.11663985463
1906.0 60339.68430336175
1907.0 59323.25590774583
1908.0 63255.37950559353
1909.0 57952.21692092437
1910.0 54725.93684064309
1911.0 66345.77237352046
1912.0 67081.76795637094
1913.0 52157.039446841874
1914.0 42565.842438626154
1915.0 47300.36546479851
1916.0 49672.64613909479
1917.0 57274.35140319634
1918.0 43765.67565488623
1919.0 46617.32555562231
1920.0 57166.36654572649
1921.0 57553.288135645256
1922.0 51912.292740548124
1923.0 32354.626709871976
1924.0 41866.22323507303
1925.0 57152.581438081994
1926.0 47096.50396997807
1927.0 56322.24400381082
1928.0 48476.470037734725
1929.0 38384.069910137594
1930.0 40053.71577397895
1931.0 37908.28762644481
1932.0 51515.10583799976
1933.0 58654.71343251203
1934.0 64442.781373472586
1935.0 61554.22859556558
1936.0 39991.26089589309
1937.0 44078.8612692881
1938.0 49326.046450760376
1939.0 35576.215766507
1940.0 37998.059791764244
1941.0 61814.18885861668
1942.0 63920.88600995937
1943.0 59494.35451347792
1944.0 58030.49634380365
1945.0 62108.706474671024
1946.0 61436.38745958337
1947.0 55523.63650091728
1948.0 49534.1156991754
1949.0 51704.513699446274
1950.0 52426.565093325895
1951.0 31487.544106033878
1952.0 50972.2800829921
1953.0 47563.4856442937
1954.0 33764.31196395247
1955.0 37283.96196581673
1956.0 36729.81753819714
1957.0 38352.37002159942
1958.0 47121.60023727633
1959.0 52112.07557838625
1960.0 57251.95714931465
1961.0 46619.347533435226
1962.0 55479.0936790559
1963.0 49570.70445821109
1964.0 44077.66730897682
1965.0 57174.08142458482
1966.0 54575.37730869194
1967.0 60625.52758059642
1968.0 56017.34741361392
1969.0 57846.810037784984
1970.0 53057.9001355404
1971.0 59286.11461092147
1972.0 53968.034820673056
1973.0 58250.762173807816
1974.0 57733.48384431884
1975.0 57163.79901128878
1976.0 47583.43324838953
1977.0 54231.60098251614
1978.0 60285.49530254804
1979.0 45101.125575720784
1980.0 52046.03232098863
1981.0 58462.81599711334
1982.0 49868.451640533276
1983.0 55768.62568068309
1984.0 44094.8822159585
1985.0 47797.22091581099
1986.0 57177.45262280945
1987.0 41602.65846193942
1988.0 54686.11558595967
1989.0 58316.3434332633
1990.0 46866.35070033485
1991.0 56532.02284081534
1992.0 35768.18984595922
1993.0 43320.41419857842
1994.0 44714.57296160019
1995.0 55373.52692622953
1996.0 56193.99268653337
1997.0 57614.23055480641
1998.0 56046.652861154784
1999.0 43478.218225619356
2000.0 35476.65954750093
2001.0 42248.43565648168
2002.0 30543.7198964859
2003.0 40185.537414388884
2004.0 49050.21463685567
2005.0 50367.61409893826
2006.0 41957.22500379983
2007.0 49881.316013374526
2008.0 57939.88323754561
2009.0 55905.87801002446
2010.0 57076.73217285807
2011.0 48635.92387063361
2012.0 42454.964288996714
2013.0 41835.379386437846
2014.0 48530.1482162994
2015.0 53135.027011045306
2016.0 52441.97596170716
2017.0 54794.86856018581
2018.0 51364.10057391471
2019.0 52636.37269061567
2020.0 57190.218732499234
2021.0 55723.572339105674
2022.0 55014.26527260331
2023.0 54708.62056591831
2024.0 48719.61367540767
2025.0 55215.36606995666
2026.0 41724.458968014376
2027.0 53553.9073898712
2028.0 52528.4468313617
2029.0 51420.568264698806
2030.0 52393.41712549274
2031.0 54533.457637630214
2032.0 53597.36944634675
2033.0 47793.96146033046
2034.0 39913.10870681331
2035.0 34702.11968306438
2036.0 46460.30289983537
2037.0 48268.82670605463
2038.0 39735.63890824231
2039.0 48366.56021345957
2040.0 40559.02375539002
2041.0 35660.583818894345
2042.0 46407.1744791079
2043.0 52356.55036423228
2044.0 47789.80211738305
2045.0 41896.02190634226
2046.0 44439.64507029997
2047.0 44762.928816766085
2048.0 44689.72375004607
2049.0 53713.689759585046
2050.0 46861.191642352096
2051.0 53628.924990097155
2052.0 53206.05937318
2053.0 47010.952285860614
2054.0 51605.525655992096
2055.0 51014.89304404575
2056.0 46595.74780615584
2057.0 38962.71187579393
2058.0 49177.172526741924
2059.0 50548.60637840983
2060.0 53858.9731327084
2061.0 52435.482980457804
2062.0 41505.576141083104
2063.0 50850.389911230624
2064.0 51260.41886908708
2065.0 53724.4598724426
2066.0 45551.17454721735
2067.0 46656.06548772009
2068.0 41394.44249908067
2069.0 42248.02175803909
2070.0 53486.574621252905
2071.0 40136.10041080083
2072.0 47319.40067595882
2073.0 50863.84687946968
2074.0 49595.60858821104
2075.0 49336.521696254946
2076.0 51769.947882563196
2077.0 43252.06464131999
2078.0 38357.843965794935
2079.0 47910.44412072093
2080.0 47268.226747003595
2081.0 50670.06152543597
2082.0 51296.47201466336
2083.0 45017.90800085325
2084.0 41296.188278319794
2085.0 27708.44327541986
2086.0 43087.15031899635
2087.0 47712.17480961924
2088.0 50351.37656865022
2089.0 53254.83969062164
2090.0 46470.3486643377
2091.0 31743.5382521389
2092.0 32332.779404216093
2093.0 46848.4569911002
2094.0 47120.871322564344
2095.0 45355.7402528828
2096.0 45890.552904251184
2097.0 47603.3678387839
2098.0 43703.773796714515
2099.0 50246.391008571925
2100.0 30991.436651687738
2101.0 47020.34588304521
2102.0 53260.02956542015
2103.0 52736.369582480576
2104.0 42461.80236273616
2105.0 54145.41605268758
2106.0 54569.54433281432
2107.0 47755.894297798666
2108.0 33186.43923210052
2109.0 42474.58737297371
2110.0 49261.4353219602
2111.0 52434.426608106
2112.0 56076.838959613546
2113.0 51890.76870740781
2114.0 41600.02161622958
2115.0 39279.46810357336
2116.0 53984.37089817281
2117.0 43665.96113110676
2118.0 44636.99184364753
2119.0 45637.51096018924
2120.0 52021.20778216563
2121.0 45492.484642621326
2122.0 48555.07862314727
2123.0 48658.05279490733
2124.0 45055.18730532048
2125.0 46636.08033304149
2126.0 47298.58516401944
2127.0 49581.116114205186
2128.0 48892.87776552244
2129.0 49972.591207571924
2130.0 47460.62021825535
2131.0 48978.13257640512
2132.0 49395.271254101026
2133.0 49813.75643898647
2134.0 49284.60660037273
2135.0 49240.73752713254
2136.0 47164.667711595735
2137.0 44944.31705117323
2138.0 43756.663738469724
2139.0 50133.376526828135
2140.0 47967.56294171799
2141.0 48155.31415151935
2142.0 46906.17473651707
2143.0 48142.826598369466
2144.0 47062.74864139999
2145.0 40614.38905897152
2146.0 49173.84584604723
2147.0 42470.44532218646
2148.0 46065.882769811586
2149.0 46672.30802405017
2150.0 48794.24251107387
2151.0 48631.762919066765
2152.0 48967.44854227519
2153.0 47756.6393638013
2154.0 47441.29920517192
2155.0 48289.19392237392
2156.0 48738.34014967676
2157.0 47492.17208412753
2158.0 45896.117259596045
2159.0 45138.81022923615
2160.0 48416.015812614285
2161.0 48637.55709328161
2162.0 41755.25230008737
2163.0 46558.62764277551
2164.0 48297.53219594396
2165.0 47180.877229764024
2166.0 46272.8207446397
2167.0 44737.92585688835
2168.0 47413.81759137632
2169.0 46442.730047511446
2170.0 47853.38077222257
2171.0 47709.630705432275
2172.0 47039.14050277726
2173.0 48152.97932382191
2174.0 47829.14573295794
2175.0 46222.48918182747
2176.0 45644.73482535129
2177.0 47634.669607270196
2178.0 44826.39187121395
2179.0 48117.96582642052
2180.0 43555.43365050465
2181.0 43717.67577131194
2182.0 45244.6065919269
2183.0 47152.388493613274
2184.0 47329.38850428304
2185.0 47139.55826823539
2186.0 43100.34833262691
2187.0 46999.04700469731
2188.0 46552.49503959759
2189.0 47043.837066583415
2190.0 45594.61944973318
2191.0 47101.319480795246
2192.0 43428.489429970614
2193.0 45075.30032112715
2194.0 45261.89976870844
2195.0 46934.683253409945
2196.0 46853.3365879199
2197.0 46899.171860745955
2198.0 46346.59792218251
2199.0 46889.003887031955
2200.0 46743.70655200527
2201.0 45705.82249863893
2202.0 43051.344304081824
2203.0 45129.71713000367
2204.0 43703.05535062957
2205.0 46544.373202452
2206.0 46684.42715231966
2207.0 46060.540898069565
2208.0 45946.08778736705
2209.0 45124.057062968175
2210.0 46103.91199620492
2211.0 44097.5170735817
2212.0 44233.920401098476
2213.0 44780.659786195225
2214.0 45701.23711510106
2215.0 45814.50427705937
2216.0 43648.24566239228
2217.0 44262.839661754624
2218.0 45490.80968103619
2219.0 43955.35945878395
2220.0 45899.36351480567
2221.0 43072.07418393917
2222.0 44244.726002743104
2223.0 44788.23777036278
2224.0 45366.51564327219
2225.0 44116.212747665944
2226.0 45283.371191706865
2227.0 43238.531944573326
2228.0 42293.43128637977
2229.0 44613.96481423336
2230.0 42976.72811699225
2231.0 45148.67443161925
2232.0 45018.877514137625
2233.0 43348.00179983497
2234.0 44719.91289320236
2235.0 45090.8463395875
2236.0 45307.86723894217
2237.0 45254.65903353457
2238.0 45136.84102003144
2239.0 41444.99330763168
2240.0 44513.98942878226
2241.0 44912.625680319834
2242.0 43707.899368541526
2243.0 44740.752846312054
2244.0 42678.649186979965
2245.0 39912.86547683883
2246.0 44503.176681243036
2247.0 44861.06449536753
2248.0 44387.25506074952
2249.0 44758.591707173306
2250.0 43553.70089444969
2251.0 44107.394639304424
2252.0 43499.87633774336
2253.0 41897.5008653896
2254.0 43945.43204270012
2255.0 44564.61088853988
2256.0 44007.89250004282
2257.0 43660.526006570915
2258.0 41956.664343096745
2259.0 44296.80800810734
2260.0 43350.18977026071
2261.0 43065.18578712374
2262.0 43163.42030033877
2263.0 44122.52761487724
2264.0 43307.91342598884
2265.0 42531.68763866978
2266.0 43909.72118871412
2267.0 43472.749890094055
2268.0 42969.99110588558
2269.0 42577.41078083026
2270.0 43731.68447718263
2271.0 41233.075979552596
2272.0 43751.04472563967
2273.0 43413.11807150759
2274.0 41211.01670583037
2275.0 43904.65394501082
2276.0 42196.03104705005
2277.0 41524.73459121239
2278.0 41063.71992022817
2279.0 41811.61349845075
2280.0 43229.59172700513
2281.0 42965.658522223
2282.0 43503.21805255997
2283.0 42595.49770236527
2284.0 42656.611344601406
2285.0 42280.944094249186
2286.0 43008.5325802724
2287.0 42304.68475075775
2288.0 41837.38984835859
2289.0 42958.400275278625
2290.0 40562.12151426651
2291.0 43047.450354572975
2292.0 42882.606362439525
2293.0 42880.332081046705
2294.0 40965.76473781041
2295.0 42845.07777283166
2296.0 42571.147853358605
2297.0 40266.36566472501
2298.0 38036.77545854637
2299.0 39937.210905156644
2300.0 42848.50755250884
2301.0 40635.823170881056
2302.0 42913.68613972521
2303.0 42757.9582232119
2304.0 40386.24875677163
2305.0 42447.26910598201
2306.0 42053.143110325196
2307.0 41839.427444135275
2308.0 41162.5709508824
2309.0 40950.13703463562
2310.0 42493.54209858928
2311.0 42255.00316351908
2312.0 40537.42686637764
2313.0 40750.45759752278
2314.0 41457.270249839145
2315.0 42170.71633533122
2316.0 41627.04913503177
2317.0 41777.13424655503
2318.0 39765.49435678599
2319.0 40609.403951768334
2320.0 37009.14658656352
2321.0 41456.743822174096
2322.0 41732.41248564044
2323.0 37177.287472837364
2324.0 40398.304270056746
2325.0 39541.65315375584
2326.0 39956.56063755773
2327.0 40009.9559541251
2328.0 40117.100356290175
2329.0 41474.6687195457
2330.0 40618.595998877245
2331.0 40823.78342218509
2332.0 35467.90888718785
2333.0 40790.08244675013
2334.0 41413.32472113188
2335.0 38410.39189206796
2336.0 41137.207400583924
2337.0 40965.224443788466
2338.0 40717.609197527985
2339.0 41047.197694317794
2340.0 40915.81151878302
2341.0 39310.96193136586
2342.0 40197.95026586878
2343.0 40773.97654658794
2344.0 39813.33626687164
2345.0 38888.20032858008
2346.0 38019.788086344015
2347.0 40567.05519462074
2348.0 41280.6240063861
2349.0 36760.69662290857
2350.0 40933.430427255014
2351.0 40218.966970685
2352.0 39519.60470355887
2353.0 39847.206104263896
2354.0 40995.00625582131
2355.0 40321.0050411696
2356.0 37820.83490227516
2357.0 39650.56037390555
2358.0 40546.651259262195
2359.0 41656.22239524173
2360.0 40397.802153990364
2361.0 37282.65811926064
2362.0 41352.031711646494
2363.0 40179.1894254922
2364.0 40552.75837570919
2365.0 40536.099488396256
2366.0 38172.77522508125
2367.0 39702.96198402555
2368.0 40029.999861225806
2369.0 40294.006631777534
2370.0 38398.547273427874
2371.0 39879.12995256705
2372.0 39945.62422401035
2373.0 40260.67102928988
2374.0 40396.74919709543
2375.0 37745.795108077895
2376.0 37390.43841027322
2377.0 39514.73794889041
2378.0 40440.653933612106
2379.0 40238.55964504127
2380.0 37521.39275940167
2381.0 39678.69810192566
2382.0 40496.815055243176
2383.0 38330.54192139795
2384.0 37801.23949736313
2385.0 38247.340264011
2386.0 40381.90260559192
2387.0 39723.607902180294
2388.0 38548.688275419394
2389.0 38438.81469710313
2390.0 39055.439160409696
2391.0 39349.76194784145
2392.0 39099.7553135466
2393.0 39198.37890344502
2394.0 39956.043336981114
2395.0 39651.101478838485
2396.0 39174.865827254565
2397.0 39894.74247960989
2398.0 40193.53204693943
2399.0 39741.13457550303
2400.0 36168.270194230565
2401.0 38055.42253479692
2402.0 39132.33299421982
2403.0 36927.63228943043
2404.0 39828.42350759892
2405.0 38209.7748897107
2406.0 39051.11748635718
2407.0 38101.29958983297
2408.0 38784.41638988319
2409.0 39050.61698592543
2410.0 37396.7359462304
2411.0 37146.06806076673
2412.0 38770.88570226615
2413.0 39100.59300580998
2414.0 36841.089455714085
2415.0 39039.591800092865
2416.0 38149.68546104048
2417.0 37808.42564151328
2418.0 39682.99674179874
2419.0 37912.48453892652
2420.0 39620.73197280254
2421.0 38845.787332280976
2422.0 38999.16981529385
2423.0 39826.639068509154
2424.0 38143.9197615627
2425.0 36729.98148099712
2426.0 38967.983038992534
2427.0 39366.82335340878
2428.0 37249.04795427766
2429.0 36971.49305338
2430.0 37657.89234042889
2431.0 37783.308394590174
2432.0 37750.414010353445
2433.0 37115.428459152135
2434.0 38592.2120462704
2435.0 36898.46356521885
2436.0 38564.32286344967
2437.0 38066.72312871386
2438.0 36976.32955139961
2439.0 36217.06295276691
2440.0 36931.865070840184
2441.0 37137.2258734488
2442.0 38387.32555932736
2443.0 38667.99606910601
2444.0 38962.99531758025
2445.0 37667.8871414802
2446.0 37934.06794571124
2447.0 37549.97297766081
2448.0 35490.46777496711
2449.0 37504.35603273859
2450.0 37795.80622669228
2451.0 36687.76824271261
2452.0 37195.29866660532
2453.0 38076.5106190887
2454.0 37862.734115062274
2455.0 37979.98101325014
2456.0 38197.621687279694
2457.0 38328.754797728776
2458.0 37896.78306970046
2459.0 38228.36738796702
2460.0 37479.24006532465
2461.0 37449.78024853613
2462.0 35727.69199091003
2463.0 37636.34157762546
2464.0 36619.87430523321
2465.0 37765.22035178547
2466.0 36862.69364553276
2467.0 37109.15469733668
2468.0 38275.87261631541
2469.0 36916.66964142011
2470.0 37002.7554982741
2471.0 37924.86217196876
2472.0 37762.71508437159
2473.0 37438.078269391546
2474.0 36122.51274263019
2475.0 37519.861156837025
2476.0 37430.600263216795
2477.0 37194.59485621609
2478.0 37296.38139228641
2479.0 36723.587599174476
2480.0 36547.1784199471
2481.0 36297.8270798694
2482.0 37561.94617601075
2483.0 35670.573461539316
2484.0 36222.62876548141
2485.0 35221.731081642334
2486.0 37460.94147819688
2487.0 35857.6581611201
2488.0 36910.62481934084
2489.0 36583.39867629283
2490.0 37152.88446404698
2491.0 37295.18352421923
2492.0 35671.46688386271
2493.0 36936.34759748347
2494.0 32427.58251610762
2495.0 37241.07240053278
2496.0 37401.21054396176
2497.0 35516.03240640263
2498.0 36505.43369398682
2499.0 36901.28334645138
2500.0 37296.624948460936
