WAVE FLUX
2.0 3.321e-38
3.0 3.321e-38
4.0 3.321e-38
5.0 3.321e-38
6.0 3.321e-38
7.0 3.321e-38
8.0 3.321e-38
9.0 3.321e-38
10.0 1.614e-11
11.0 2.381e-09
12.0 1.914e-19
13.0 1.593e-18
14.0 2.679e-06
15.0 2.187e-05
16.0 0.0001022
17.0 0.0003363
18.0 0.0008919
19.0 0.001982
20.0 0.003799
21.0 0.02418
22.0 0.033670000000000005
23.0 0.04145
24.0 0.04812
25.0 0.3371
26.0 0.5817
27.0 0.5391
28.0 0.5267
29.0 0.4828
30.0 0.4177000000000436
31.0 0.3506000000179602
32.0 0.2994
33.0 0.2347000000000001
34.0 0.18350000000000008
35.0 0.1475
36.0 0.11470000000000012
37.0 0.08891000000000002
38.0 0.07007000000000001
39.0 0.05368000000000001
40.0 0.042910000000000045
41.0 0.03415000000030012
42.0 0.027550000003412824
43.0 0.023030000006112543
44.0 0.01931000000116089
45.0 0.01628000000130771
46.0 0.014020000022719265
47.0 0.012150000737326921
48.0 0.01047000000969171
49.0 0.009136000009094227
50.0 0.008035000008422203
51.0 0.007101000004441786
52.0 0.006316000005204062
53.0 0.005645000000251272
54.0 0.44190000000686597
55.0 0.29400000000036247
56.0 0.19760000000204261
57.0 0.13410000000359965
58.0 0.09872000000311677
59.0 0.10020000000265858
60.0 0.10200000000226857
61.0 0.1041000000003039
62.0 0.03236000000193749
63.0 0.04791000000245583
64.0 0.07072000000150723
65.0 0.1040000000032059
66.0 0.05716000000065137
67.0 0.01957000000319929
68.0 0.007007000003115738
69.0 0.0026280000029048635
70.0 0.0028000000027837827
71.0 0.003584000002636121
72.0 0.004587000002450616
73.0 0.006042000000036386
74.0 0.009079000001902373
75.0 0.013750000001711234
76.0 0.01952000000019614
77.0 0.015650000001966702
78.0 0.013010000003121275
79.0 0.011250000010035559
80.0 0.012930000040489355
81.0 0.014890000001082461
82.0 0.017180000000961575
83.0 0.042110000001222045
84.0 0.002724000000648881
85.0 0.016860000000820833
86.0 0.019900000000652333
87.0 0.027020000000586315
88.0 0.04612000000054376
89.0 0.0622400000005054
90.0 0.06883000000046777
91.0 0.07816000000039475
92.0 0.02223000000019998
93.0 0.026590000000547398
94.0 0.03695000000061278
95.0 0.06245000000100374
96.0 0.09166000000150469
97.0 0.12300000000159313
98.0 0.17390000000358782
99.0 0.2557000000047834
100.0 3.0640000000130567
101.0 0.38080000000948305
102.0 1.727000000020734
103.0 2.073000000026612
104.0 2.5480000000020877
105.0 3.2250000000028063
106.0 7.386000000003819
107.0 14.500000000005004
108.0 28.590000000006697
109.0 37.890000000008484
110.0 32.90000000001023
111.0 29.630000000012735
112.0 22.18000000001594
113.0 10.820000000017952
114.0 5.704000000000229
115.0 3.1400000000002164
116.0 5.612000000000242
117.0 2.9750000000002834
118.0 2.1670000000003755
119.0 2.784000000000457
120.0 4.992
121.0 11.930000000000847
122.0 22.410000000000895
123.0 48.72000000000124
124.0 108.80000000000004
125.0 243.40000000000185
126.0 392.400000000001
127.0 48.6000000000006
128.0 170.00000000000105
129.0 242.60000000000144
130.0 165.40000000000165
131.0 209.600000000003
132.0 269.9000000000045
133.0 351.9000000000066
134.0 416.90000000001
135.0 474.50000000001256
136.0 540.3000000000156
137.0 615.3000000000244
138.0 120.3000000000296
139.0 189.70000000004396
140.0 329.4000000000607
141.0 692.3000000000982
142.0 460.90000000011275
143.0 522.0000000001629
144.0 630.9000000002342
145.0 444.20000000031195
146.0 319.50000000042695
147.0 234.7000000003429
148.0 224.4000000004605
149.0 216.9000000006118
150.0 210.700000000849
151.0 78.41000000097587
152.0 91.60000000132882
153.0 107.50000000172342
154.0 126.70000000222078
155.0 149.9000000002839
156.0 356.40000000012594
157.0 392.3000000000993
158.0 433.4000000001241
159.0 481.1000000001684
160.0 285.80000000016855
161.0 443.70000000007616
162.0 535.4000000000887
163.0 675.5000000001061
164.0 880.9000000000939
165.0 1149.0000000000368
166.0 505.4000000000139
167.0 319.7000000000462
168.0 272.60000000005965
169.0 272.30000000007226
170.0 264.6000000000906
171.0 253.30000000011205
172.0 257.1000000001418
173.0 262.7000000001944
174.0 382.2000000001641
175.0 247.00000000019568
176.0 174.40000000025168
177.0 153.80000000034553
178.0 142.50000000036488
179.0 391.70000000057144
180.0 412.60000000074035
181.0 337.70000000087003
182.0 462.2000000013344
183.0 196.00000000152022
184.0 163.60000000214154
185.0 123.40000000250667
186.0 324.40000000393457
187.0 267.000000004128
188.0 357.9000000055271
189.0 747.4000000085565
190.0 708.4000000099987
191.0 847.5000000149424
192.0 494.10000001648683
193.0 635.5000000246982
194.0 429.10000003220694
195.0 216.50000003532514
196.0 447.8000000608943
197.0 412.00000006964217
198.0 680.4000000971172
199.0 1195.0000001378764
200.0 1008.0000001728066
201.0 1054.000000240647
202.0 1078.0000003404841
203.0 869.6000004299639
204.0 986.3000005982448
205.0 1088.0000008690686
206.0 604.2000010397192
207.0 544.2000014106358
208.0 736.8000021628185
209.0 549.1000028848055
210.0 356.7000036463576
211.0 691.7000060066185
212.0 542.1000070007752
213.0 464.00000918920443
214.0 577.4000131085278
215.0 849.0000196173603
216.0 629.1000228082345
217.0 947.2000379002951
218.0 674.1000463389556
219.0 811.400068233525
220.0 1045.0000961430126
221.0 836.1001302033114
222.0 848.8001873616043
223.0 906.6002656355078
224.0 877.1003793057752
225.0 820.0005043795112
226.0 1115.0007762961236
227.0 987.2008968494496
228.0 2604.000727195086
229.0 23600.00061706837
230.0 1966.0003512787307
231.0 869.2004267571867
232.0 609.0003688016354
233.0 1825.0006282447494
234.0 1087.0005285221257
235.0 1105.000419521228
236.0 13940.00079423723
237.0 2807.0005399096503
238.0 3767.0007082324255
239.0 9760.001059256485
240.0 3215.000749974293
241.0 21330.001624107652
242.0 11050.000865781123
243.0 17460.001188918373
244.0 13530.001077651947
245.0 20510.001126832987
246.0 23360.001285204326
247.0 13400.001158626597
248.0 14240.001233323728
249.0 23620.001442620243
250.0 28490.00162564761
251.0 18520.001299329695
252.0 35070.001630718434
253.0 27900.001526367018
254.0 43660.002012096586
255.0 30810.002458617113
256.0 7184.001156312256
257.0 31760.002379773818
258.0 48400.002152951005
259.0 28140.00171182011
260.0 25250.000725286143
261.0 36740.00097791715
262.0 24070.00049095911
263.0 36330.00032540128
264.0 28430.000257430293
265.0 23840.000263822938
266.0 26810.000283553087
267.0 28940.00030707235
268.0 25340.00027763045
269.0 34990.000353100426
270.0 31080.000339067617
271.0 26300.000328598795
272.0 36500.00037384401
273.0 36840.000380191246
274.0 51840.00042174164
275.0 46490.00040851509
276.0 49140.00046038937
277.0 38790.00049210378
278.0 23790.000433438603
279.0 23940.00048341998
280.0 30470.000549198183
281.0 36730.00058463757
282.0 41410.0006307937
283.0 40330.000667290275
284.0 36600.00070830954
285.0 36010.00077754726
286.0 25800.000825338066
287.0 38870.000962908256
288.0 26230.00092558207
289.0 39620.001343017924
290.0 16970.000998144344
291.0 27170.001577878236
292.0 18460.001371810886
293.0 20990.00174733261
294.0 20360.001829687895
295.0 23860.002227842837
296.0 23850.002187282003
297.0 39580.00323502778
298.0 33780.00296538632
299.0 38760.00398592365
300.0 30820.003861831425
301.0 34560.00544935772
302.0 24150.0053089754
303.0 21740.00366220259
304.0 28520.000060970004
305.0 115100.00011010197
306.0 105500.00009447966
307.0 68680.0000888108
308.0 49480.00009094358
309.0 37920.00008144893
310.0 54380.00010205872
311.0 46350.00009500522
312.0 33960.00009488447
313.0 20840.00007826857
314.0 42990.00009261663
315.0 48400.0000871093
316.0 37800.000083023006
317.0 32420.000079395468
318.0 39180.000077948025
319.0 48570.00007927139
320.0 42290.000067947694
321.0 53280.00007513354
322.0 48660.00007338546
323.0 31350.00004768382
324.0 65240.00007843927
325.0 61400.00005645316
326.0 70100.00006166905
327.0 58220.00005126433
328.0 63390.00005308197
329.0 62380.00004989957
330.0 60780.00004812419
331.0 46360.00004483077
332.0 48100.00004464388
333.0 41410.00003887895
334.0 49460.00004322682
335.0 42150.000039419836
336.0 31530.00002858367
337.0 56660.000039549894
338.0 62800.00003363292
339.0 62930.00003171867
340.0 58480.000029911454
341.0 70800.00002989834
342.0 58200.00002622917
343.0 59080.000029420204
344.0 37830.00002193221
345.0 38540.00002245705
346.0 49570.00002367958
347.0 54380.00002238256
348.0 48440.000020842366
349.0 32880.00001898617
350.0 33390.00001725927
351.0 53370.00002160798
352.0 49920.000018523264
353.0 39330.00001318745
354.0 35210.00000598404
355.0 45150.000006266295
356.0 39990.00000594819
357.0 39380.000005560054
358.0 51760.000006606206
359.0 48460.00000554755
360.0 58560.000006309114
361.0 51110.00000597643
362.0 34330.00000547054
363.0 43230.000006979164
364.0 29480.00000484663
365.0 40370.00000673061
366.0 36700.00000594801
367.0 37150.00000607466
368.0 54430.00000664991
369.0 58620.00000629838
370.0 62240.000006584414
371.0 59020.000006713555
372.0 48580.00000651547
373.0 52130.000007205526
374.0 35120.00000639757
375.0 32820.00000608555
376.0 50780.000008967516
377.0 34350.00000730184
378.0 32400.000007633626
379.0 33040.000007418
380.0 44570.00000973124
381.0 36570.00000885914
382.0 28720.000008917945
383.0 37450.000010230455
384.0 32350.00000912551
385.0 36780.00001076734
386.0 37510.00001207738
387.0 22980.0000109438
388.0 35110.000013653764
389.0 37360.00001346564
390.0 35720.00001259424
391.0 50700.00001492481
392.0 47600.000015822785
393.0 43960.000019312334
394.0 27730.000014549765
395.0 36000.000019290645
396.0 45860.00002105756
397.0 52290.00002435923
398.0 44210.000021013315
399.0 56550.00002710106
400.0 50320.00002825542
401.0 42430.000027770795
402.0 46380.00003483458
403.0 40800.00003325369
404.0 60630.000041990534
405.0 46810.00003619693
406.0 55580.00004805219
407.0 52870.00004966014
408.0 42880.00005194238
409.0 40800.00005362964
410.0 48330.000063385356
411.0 55640.00006862201
412.0 58220.000073347896
413.0 65390.00008773596
414.0 59270.00009054891
415.0 51760.00009834519
416.0 39600.0000995553
417.0 38790.00011288638
418.0 41070.0001252219
419.0 51240.00015037477
420.0 41880.0001345497
421.0 48590.00017287666
422.0 47620.00018013051
423.0 56040.00020090685
424.0 63690.00023697608
425.0 56610.00024040283
426.0 50170.00026956896
427.0 40300.0002369209
428.0 55510.00033684886
429.0 57510.00035013658
430.0 56400.00037433472
431.0 57810.000448958795
432.0 47970.00045721128
433.0 38240.00044157462
434.0 47980.00057388014
435.0 54190.00061926562
436.0 50950.0006541022
437.0 53920.000718252464
438.0 61120.000873949764
439.0 47560.00088490453
440.0 43420.000894011915
441.0 51650.00111127595
442.0 57190.0012386156
443.0 50940.00133454096
444.0 45420.001449325
445.0 41930.00159781347
446.0 41380.001627484155
447.0 52070.00212661183
448.0 50200.00220135751
449.0 43900.00218332729
450.0 50160.00274289636
451.0 50950.00294967751
452.0 47560.00322315414
453.0 45700.003380387076
454.0 54350.00402579353
455.0 51870.00470914816
456.0 42470.00449554794
457.0 48200.005574397735
458.0 38980.00514110166
459.0 48580.00714415929
460.0 47230.00748749764
461.0 46140.008751715985
462.0 39540.00837228384
463.0 53010.01065816673
464.0 51900.01133492669
465.0 51430.01239696955
466.0 58320.01448823225
467.0 57660.016151041214
468.0 53550.01741432916
469.0 51150.019303399094
470.0 50750.02169320134
471.0 50960.02424413827
472.0 48260.02620590207
473.0 50380.030852860764
474.0 49750.03404503631
475.0 47140.03843969037
476.0 43510.041089474595
477.0 46670.04825067273
478.0 44400.05227183546
479.0 43710.05890356973
480.0 42330.064518962005
481.0 44090.07398163374
482.0 45600.08242751079
483.0 48300.092834839226
484.0 50810.10809324054
485.0 44050.11333405104
486.0 44790.130239717924
487.0 45710.14659563831
488.0 33670.13055567229
489.0 47350.21323132383
490.0 38770.1965329481
491.0 48490.252835678104
492.0 48280.2591585365
493.0 47370.28881383689
494.0 47670.32809317695
495.0 47310.365180319124
496.0 47300.42133189186
497.0 44820.45544322187
498.0 44390.50943762443
499.0 45830.587178853406
500.0 45890.649943284516
501.0 46190.7360771512
502.0 45880.81876204118
503.0 46050.92333710661
504.0 45760.62856570738
505.0 53560.06570553948
506.0 44510.00004360943
507.0 46740.00005103523
508.0 52090.00005614017
509.0 57150.00004478848
510.0 54190.000013190445
511.0 50970.000009105235
512.0 43870.00000883025
513.0 51680.00001035513
514.0 52250.00001051367
515.0 52560.00001074081
516.0 49320.00001131553
517.0 50130.000013181074
518.0 49000.00001491548
519.0 43090.000014501245
520.0 51420.00001776603
521.0 45370.00001697663
522.0 46330.00001938431
523.0 49140.00002164206
524.0 48320.00002230633
525.0 45800.00002397827
526.0 44670.00002576504
527.0 44570.00002733764
528.0 49730.00003199828
529.0 50630.00003387231
530.0 49800.000035344754
531.0 52830.00003880935
532.0 53550.000027670074
533.0 52700.00002021998
534.0 46720.000020787214
535.0 45870.00002337713
536.0 41700.00002407803
537.0 44650.00002773882
538.0 43480.00002857124
539.0 40410.00003150657
540.0 36290.00003283157
541.0 33820.000034699966
542.0 34160.000039441635
543.0 33490.00004338261
544.0 29690.00003818028
545.0 42150.00004903007
546.0 49620.00006150713
547.0 41580.00005732896
548.0 38160.000056862555
549.0 42340.00006837001
550.0 46290.00008551105
551.0 35250.00007360241
552.0 35320.00008294781
553.0 36180.00008980043
554.0 39530.0000975082
555.0 46430.000110314126
556.0 55260.00012372389
557.0 51810.00012788387
558.0 49670.00013930855
559.0 46600.000150493885
560.0 44740.00016385539
561.0 47850.00019633151
562.0 41490.00018546634
563.0 47230.00021438481
564.0 48910.000234114064
565.0 46990.000253809376
566.0 43670.00026623594
567.0 43430.00029925385
568.0 39870.000296967904
569.0 43460.00034008927
570.0 46990.000382457656
571.0 48220.000406140316
572.0 51200.00045382937
573.0 52930.00049487066
574.0 42970.00047635496
575.0 43470.00056499579
576.0 46600.00030143124
577.0 40880.00000149666
578.0 39320.00000137105
579.0 46220.00000155293
580.0 39150.000001387016
581.0 41390.00000152036
582.0 43270.00000155712
583.0 42430.00000129459
584.0 41130.000000503926
585.0 41010.000000233544
586.0 43090.00000099123
587.0 46520.00000155276
588.0 48040.00000156298
589.0 47600.00000152589
590.0 48270.000001547865
591.0 48040.00000154707
592.0 47690.000001549226
593.0 47780.000001601635
594.0 45620.00000161073
595.0 41380.00000149629
596.0 45740.00000165473
597.0 42170.00000157252
598.0 40570.00000159473
599.0 39960.0000015745
600.0 42220.00000160421
601.0 46640.00000176388
602.0 45530.00000175634
603.0 40300.000008791816
604.0 45340.00002417524
605.0 37880.00003951692
606.0 33650.000057379395
607.0 32970.00008358114
608.0 33130.00011605078
609.0 35630.000154325644
610.0 40920.000206080964
611.0 47040.00030319962
612.0 37780.00032305948
613.0 36850.00037043582
614.0 45750.00049743247
615.0 43040.000541860514
616.0 35780.00055441095
617.0 39010.00068890231
618.0 44340.00082610254
619.0 41010.00082774973
620.0 39960.00091601007
621.0 38840.00100224714
622.0 33650.00097828676
623.0 36680.00104890694
624.0 35020.0004667671
625.0 30110.00007994401
626.0 31550.00074335234
627.0 34010.00147494761
628.0 38840.0015684205
629.0 43790.001637531415
630.0 47260.001687651966
631.0 53800.00183360304
632.0 48580.0019231621
633.0 39830.001841169375
634.0 44150.002083736734
635.0 46450.00215472274
636.0 43900.002103140556
637.0 41470.00210127483
638.0 45280.00239284039
639.0 43030.0023457071
640.0 42890.00249934207
641.0 37870.00246181032
642.0 35310.002421904304
643.0 44550.002859671535
644.0 43560.00265530377
645.0 43920.00283502541
646.0 40500.00275968389
647.0 36300.002571447825
648.0 38260.002813534156
649.0 42450.00317134721
650.0 39710.00300242585
651.0 38420.0028413726
652.0 44190.003144565344
653.0 44170.00321636004
654.0 38000.00298255337
655.0 39100.00321310716
656.0 41920.00344717244
657.0 39330.00324504163
658.0 39450.00330767682
659.0 39390.003355300156
660.0 38820.00335634406
661.0 38200.00335151024
662.0 42270.003633618806
663.0 43530.00362942189
664.0 41420.00346767629
665.0 39670.00341610724
666.0 41580.00368233047
667.0 37940.00345616784
668.0 39310.003655661254
669.0 41970.00384380669
670.0 41370.00373047943
671.0 37270.00349557535
672.0 37400.00365568964
673.0 39520.00380448462
674.0 41440.003834288014
675.0 42640.00388098974
676.0 41960.0038627036
677.0 41430.003862746395
678.0 41520.00394060632
679.0 40320.003894176916
680.0 41770.004037827326
681.0 41670.00402943146
682.0 38570.00394582774
683.0 33990.003747050076
684.0 35200.00388234118
685.0 40380.00404409096
686.0 44430.00416050134
687.0 38470.00409139822
688.0 33360.00397198167
689.0 34390.00388867586
690.0 39710.004146358086
691.0 41230.004070677336
692.0 43220.00411340791
693.0 44550.00424225017
694.0 44880.00468419075
695.0 36110.00409915061
696.0 38070.00413581663
697.0 40960.00423631417
698.0 40000.00432153772
699.0 36470.00429132613
700.0 32010.004044824112
701.0 28730.003827766042
702.0 29740.004159521468
703.0 35620.004274354105
704.0 43860.00439190193
705.0 46180.00442826073
706.0 41410.00411231061
707.0 41100.00417981334
708.0 41300.00421104586
709.0 41040.00419535986
710.0 41390.00421136735
711.0 41610.004212986525
712.0 41630.00420096522
713.0 41910.00421941097
714.0 41940.00422173016
715.0 41500.00420515234
716.0 41350.004217565926
717.0 41110.0045354927
718.0 34610.00414837992
719.0 33150.003990191115
720.0 41370.00459435602
721.0 41260.00423217358
722.0 41220.004242280425
723.0 41130.00424719655
724.0 40640.004197378395
725.0 41010.0042302415
726.0 41200.004246979035
727.0 41200.00425071447
728.0 41160.00425031936
729.0 41080.00437845939
730.0 38040.00420091849
731.0 37600.00418049287
732.0 39820.00429608717
733.0 40770.00426436622
734.0 40760.00427824127
735.0 40720.004288949174
736.0 40270.00425279179
737.0 40220.00425598986
738.0 40460.004287449854
739.0 40650.00429363594
740.0 40890.004304955706
741.0 40830.00430964996
742.0 40740.00432440372
743.0 40420.00431604034
744.0 39420.00424076266
745.0 39780.00431128093
746.0 40320.00438571807
747.0 39750.00433293388
748.0 40000.004433584785
749.0 37950.00447853506
750.0 33810.00423244767
751.0 36810.00456846552
752.0 38500.004625901165
753.0 37540.00443245168
754.0 37280.00454320113
755.0 35170.00441950438
756.0 35600.00453690717
757.0 35160.00451788477
758.0 34870.00456120998
759.0 35130.004833927036
760.0 33770.004876255814
761.0 26170.00405706477
762.0 25240.004223513784
763.0 26350.00459364435
764.0 24550.003782354423
765.0 35720.004779440525
766.0 40560.00523525181
767.0 38260.00511715485
768.0 34640.00478009458
769.0 33680.00461111975
770.0 33180.00450670568
771.0 40220.00541171648
772.0 37600.00500464184
773.0 38340.00504751783
774.0 39910.005233950134
775.0 39880.005211749914
776.0 39870.005250475726
777.0 38470.005198083
778.0 39190.00542981282
779.0 36170.00517555876
780.0 34160.00505293791
781.0 37300.00582299585
782.0 35170.00624875969
783.0 31810.006337618473
784.0 22750.004671882067
785.0 22900.00460725832
786.0 30650.006038760657
787.0 30640.005964426604
788.0 31490.006056033846
789.0 34180.00627341285
790.0 45530.00746490424
791.0 49300.00711749007
792.0 43570.00652214869
793.0 41300.006750565284
794.0 39920.00703658328
795.0 39280.007133405874
796.0 39290.00734490883
797.0 39490.00760965337
798.0 39170.00779222343
799.0 38840.00796875126
800.0 37700.008415410746
801.0 31950.00779434628
802.0 32750.008511841817
803.0 39340.00980994763
804.0 39320.00939051249
805.0 39300.009309060246
806.0 39290.00959126669
807.0 39240.00986327397
808.0 38920.010152204675
809.0 38000.01029381026
810.0 38410.010775642426
811.0 39360.01130431442
812.0 39290.011545900474
813.0 39160.011987269776
814.0 38990.01271721946
815.0 36390.01259902986
816.0 35720.01266660845
817.0 37640.01348455748
818.0 38550.01395098136
819.0 38600.014705862195
820.0 36790.014720806255
821.0 37090.0154385202
822.0 38820.016468777525
823.0 38780.01676164236
824.0 38710.017246888856
825.0 38580.01787923951
826.0 38390.018478058766
827.0 38730.02084528229
828.0 38490.02329077184
829.0 30540.020584555325
830.0 25670.020195042707
831.0 23530.021163255085
832.0 23310.02270425436
833.0 24540.023364061497
834.0 26060.024239657007
835.0 29580.02621814114
836.0 34410.02827764776
837.0 38230.0289486969
838.0 38610.02967519047
839.0 37950.03064336314
840.0 37290.031560216135
841.0 37340.032892420466
842.0 37430.03425543623
843.0 37420.035488624315
844.0 38270.03732361362
845.0 38950.03903393981
846.0 38660.040592948215
847.0 37080.04220991565
848.0 34750.04262767971
849.0 35020.045305940934
850.0 35710.04790003984
851.0 35060.04869861939
852.0 35980.052307845806
853.0 37760.057622469794
854.0 34760.055554621125
855.0 33480.05498004165
856.0 34410.05786484341
857.0 36330.0625516018
858.0 38790.06970571989
859.0 36770.06884237348
860.0 36130.07081663299
861.0 37570.079344844446
862.0 35450.08025134846
863.0 32330.07669653566
864.0 35080.08349491953
865.0 36770.08780511633
866.0 37160.090039952614
867.0 38230.09537176391
868.0 38310.09831623526
869.0 38290.10223923829
870.0 38170.106905080334
871.0 37690.11048426838
872.0 37440.114412081304
873.0 37400.11882277416
874.0 37800.12467501448
875.0 37910.130761302695
876.0 37460.13523645525
877.0 37390.14099979916
878.0 36880.14649608297
879.0 36480.15252821242
880.0 36090.158437114704
881.0 37150.167983484076
882.0 38010.176612771065
883.0 37590.179349437814
884.0 37570.186076340484
885.0 37960.19493172797
886.0 38040.202355506095
887.0 38030.210895600365
888.0 38040.21954660477
889.0 38030.22819677438
890.0 38010.23787115999
891.0 37980.24747008042
892.0 37950.25724894964
893.0 37910.268203174084
894.0 37840.27891258487
895.0 37750.28959265537
896.0 37730.30161962722
897.0 37790.31429904504
898.0 37710.32612703378
899.0 37570.33877447681
900.0 37570.35263268051
901.0 37610.36860242205
902.0 37630.39155638893
903.0 37930.41761740696
904.0 35110.405276062
905.0 37030.43609870553
906.0 37290.44788151574
907.0 37860.46501656859
908.0 37810.48107493371
909.0 41460.545797626386
910.0 37690.47915786316
911.0 38560.29614372855
912.0 269145.76767742704
913.0 238715.4065283492
914.0 258732.35172183134
915.0 266144.1789671472
916.0 240188.01786195236
917.0 264578.13830716175
918.0 248300.21133006422
919.0 151300.84450566
920.0 251415.6904634826
921.0 31023.774905137652
922.0 143759.83788807978
923.0 166009.41881662078
924.0 202745.18623038655
925.0 242058.94812785165
926.0 235432.12266201866
927.0 261475.00971725956
928.0 263063.59180417395
929.0 120260.46452658661
930.0 109799.2943219681
931.0 176432.9928398035
932.0 244143.3910167455
933.0 257943.65568388058
934.0 276349.8182463637
935.0 264195.30662188615
936.0 259428.4749402707
937.0 198477.72516355172
938.0 56166.27810265976
939.0 258211.00877921423
940.0 261690.69855871276
941.0 262748.6229988645
942.0 258598.65146220033
943.0 252889.0005815978
944.0 260104.35029472213
945.0 262423.89326639747
946.0 263945.9300499145
947.0 256649.3085392575
948.0 199216.3659146799
949.0 88830.28356077523
950.0 50850.49273406485
951.0 244670.5475458253
952.0 255529.13616667493
953.0 259354.02928426964
954.0 250001.15783259986
955.0 191480.36045950008
956.0 266724.9728197655
957.0 259806.85734902546
958.0 257900.53995655666
959.0 180448.40080570139
960.0 264708.41880747234
961.0 272028.9164702517
962.0 261916.2726830937
963.0 264528.51000099146
964.0 231069.83966037256
965.0 269057.5471852934
966.0 264257.87993753754
967.0 218163.87303857316
968.0 247724.47378423976
969.0 250427.92003528393
970.0 241176.44545164556
971.0 231401.10370033165
972.0 162436.07902470411
973.0 90471.0309346456
974.0 61810.89819198597
975.0 85430.88255847494
976.0 156074.2391075348
977.0 299189.02328460664
978.0 315743.67479000875
979.0 278677.7707681739
980.0 251591.22790644702
981.0 177250.55505775352
982.0 254910.58318379545
983.0 255157.26761642282
984.0 242182.29101711765
985.0 233204.48666933825
986.0 125211.02952761095
987.0 165764.98563561236
988.0 149486.57027721446
989.0 127790.22458177239
990.0 155624.40914483203
991.0 199042.90877462106
992.0 341411.7257580684
993.0 289004.07744020154
994.0 263298.71881603636
995.0 133673.22845061152
996.0 248943.06927879943
997.0 132885.67850083474
998.0 216759.11991443785
999.0 249320.1850742432
1000.0 257539.7511917024
1001.0 217160.23122285755
1002.0 238711.519145443
1003.0 246064.47606151854
1004.0 255471.57247129513
1005.0 250642.72228806835
1006.0 155809.43312407008
1007.0 228817.9358627751
1008.0 234304.2119052572
1009.0 230763.0907853516
1010.0 111706.19114899801
1011.0 244337.33885732156
1012.0 223854.21852240618
1013.0 220538.4830355777
1014.0 244437.38867153478
1015.0 241469.6968345416
1016.0 177822.65814350572
1017.0 233665.65982088677
1018.0 189018.8236713214
1019.0 232614.30150992994
1020.0 174659.4298813128
1021.0 207659.3322840564
1022.0 221009.22902938005
1023.0 184856.46959682764
1024.0 215820.0446626221
1025.0 172852.8707808238
1026.0 54276.86129984213
1027.0 201837.3644728336
1028.0 216756.64551105467
1029.0 214274.801057867
1030.0 186710.43982991084
1031.0 107686.25227754776
1032.0 217561.86290559403
1033.0 223159.43136031134
1034.0 170298.75704970138
1035.0 197374.61874305285
1036.0 204298.13642534154
1037.0 91161.40139840376
1038.0 191259.99943203866
1039.0 226264.45987264585
1040.0 225746.75305290287
1041.0 235557.71574499836
1042.0 238154.31519330226
1043.0 241051.39298305087
1044.0 240646.438978616
1045.0 238242.55876817796
1046.0 238444.59850982085
1047.0 239348.30432855617
1048.0 239152.24679321746
1049.0 238254.54879432314
1050.0 236354.46616348796
1051.0 230843.760825988
1052.0 235454.99101471296
1053.0 231345.66676640685
1054.0 234152.6866956079
1055.0 223429.29375206525
1056.0 227641.22597220753
1057.0 231051.31718627462
1058.0 233181.81061392385
1059.0 223805.25520766035
1060.0 216932.04987546193
1061.0 178457.26816381968
1062.0 164284.96282533626
1063.0 128756.57999772781
1064.0 225182.50112478365
1065.0 225567.3831447478
1066.0 188287.92253463488
1067.0 222092.39959293473
1068.0 218098.31726120465
1069.0 128553.93652830679
1070.0 220908.2076763176
1071.0 205565.96724787712
1072.0 204861.32693990672
1073.0 197633.11757867766
1074.0 205345.18847348768
1075.0 216365.24463416004
1076.0 222983.08530202726
1077.0 222987.3601240325
1078.0 167243.72620952837
1079.0 222495.25285740037
1080.0 220498.9478589153
1081.0 220106.90194382498
1082.0 218912.5781641468
1083.0 186622.7772913737
1084.0 210784.2637416721
1085.0 197341.20036727408
1086.0 212175.6456625868
1087.0 216517.18372496503
1088.0 194884.74514874557
1089.0 167226.82822292333
1090.0 182787.31267453844
1091.0 216665.6829967038
1092.0 213826.86790642282
1093.0 209183.80803743025
1094.0 218416.91823164534
1095.0 215033.05589043454
1096.0 207034.2410582795
1097.0 183683.77260705686
1098.0 147852.37483500096
1099.0 214731.54906305403
1100.0 214004.03769521977
1101.0 214796.8399310864
1102.0 215118.10454259865
1103.0 207716.50459114197
1104.0 181856.9687675732
1105.0 213186.5287591898
1106.0 211821.79298273535
1107.0 207345.34568121168
1108.0 157094.09761647263
1109.0 192185.75907412573
1110.0 200371.34079509747
1111.0 201932.58642931833
1112.0 199895.95852730502
1113.0 201100.363005364
1114.0 199295.78205341403
1115.0 200700.794352771
1116.0 199696.2773180477
1117.0 192170.738108111
1118.0 206008.5461423256
1119.0 204801.71072632945
1120.0 207814.49646383087
1121.0 200497.79586251092
1122.0 200703.34803833324
1123.0 199805.99015512527
1124.0 115856.11555080286
1125.0 92698.72430617883
1126.0 191905.56322247584
1127.0 190716.0666176446
1128.0 117093.46855810368
1129.0 106471.61508182956
1130.0 149541.372504036
1131.0 197706.71552707674
1132.0 200285.22829456063
1133.0 200756.05316529906
1134.0 199722.037286755
1135.0 193197.24434173165
1136.0 202325.80222916047
1137.0 201122.41622240396
1138.0 199118.29898484822
1139.0 156408.87505443857
1140.0 161248.52816874784
1141.0 193286.16122521946
1142.0 161794.60611907698
1143.0 193623.0733028982
1144.0 171751.5913041408
1145.0 126186.21524780086
1146.0 195043.2065146382
1147.0 194207.5046271913
1148.0 195278.6992060832
1149.0 193841.22523517124
1150.0 192328.40629798497
1151.0 190228.6180109005
1152.0 191239.06659409305
1153.0 186831.28216519163
1154.0 184125.68832326675
1155.0 180917.41132182145
1156.0 184833.4574724235
1157.0 184234.07649063683
1158.0 186342.43682988783
1159.0 177312.25759998252
1160.0 177112.52016843978
1161.0 184940.7964793321
1162.0 157749.65820293373
1163.0 185951.54930996845
1164.0 171403.91788911933
1165.0 184255.31532827587
1166.0 181160.25227680343
1167.0 177060.89302537974
1168.0 185910.2810495816
1169.0 158623.31205956612
1170.0 176521.11261230762
1171.0 164798.86431290625
1172.0 159400.76364031844
1173.0 135810.88890054903
1174.0 129083.81255712213
1175.0 93907.03232003767
1176.0 114724.52597783344
1177.0 177893.6061670541
1178.0 184477.48881768933
1179.0 185435.77973092088
1180.0 184084.98287512115
1181.0 180582.32884087937
1182.0 183646.6094171157
1183.0 99834.50763011741
1184.0 141858.06891667296
1185.0 136827.23548251178
1186.0 181284.74492721414
1187.0 180133.7426766165
1188.0 179485.22339770183
1189.0 178271.56304118963
1190.0 176673.6454896374
1191.0 145059.75527858152
1192.0 172373.0548506429
1193.0 171182.33022196486
1194.0 173307.40837831495
1195.0 174227.85810021154
1196.0 170930.45634947208
1197.0 127548.34269543615
1198.0 165712.37364794838
1199.0 170231.76083657896
1200.0 171135.6048900883
1201.0 129955.31825875015
1202.0 125632.57408146362
1203.0 143603.87298879164
1204.0 166394.04922461213
1205.0 163502.82220827957
1206.0 156702.9053909019
1207.0 156732.3447836981
1208.0 146310.998564728
1209.0 128427.52391265909
1210.0 139777.57133080775
1211.0 152935.43287040456
1212.0 149312.22835292987
1213.0 143118.81983154276
1214.0 143577.0095684439
1215.0 91088.38091211142
1216.0 99737.31403513608
1217.0 139390.0602061551
1218.0 115763.39155213954
1219.0 154776.31130703117
1220.0 136163.98816399768
1221.0 156862.4089685438
1222.0 157434.764865523
1223.0 122816.21809200449
1224.0 158277.48927186796
1225.0 152569.06118898434
1226.0 155718.80365594156
1227.0 160914.38607181664
1228.0 145000.40201185725
1229.0 160186.8317314885
1230.0 158502.79911900265
1231.0 160500.12184089367
1232.0 161886.28296877685
1233.0 159899.35324020483
1234.0 160392.11014586678
1235.0 161091.18248530527
1236.0 161688.51883058334
1237.0 161039.1271351877
1238.0 162196.46113310126
1239.0 163974.57142615615
1240.0 166581.46005794904
1241.0 168882.71927586145
1242.0 170782.50204714388
1243.0 175894.60203800167
1244.0 176766.79639003146
1245.0 174321.76189357985
1246.0 163161.9475680048
1247.0 117545.14878366566
1248.0 162321.56327900113
1249.0 164872.14042557083
1250.0 163801.4154598456
1251.0 161764.56538081117
1252.0 163491.50511460222
1253.0 165221.48787770196
1254.0 167271.0895549299
1255.0 166281.41706324
1256.0 166970.73393116845
1257.0 167240.35520200463
1258.0 166468.82677443002
1259.0 163708.887811225
1260.0 161891.9823569208
1261.0 164402.41014445826
1262.0 165225.15415127148
1263.0 164988.24000736844
1264.0 159767.57223644122
1265.0 162070.40443110006
1266.0 163634.22512077293
1267.0 164729.76215526945
1268.0 163698.2018951577
1269.0 162984.24109051557
1270.0 164827.61491888048
1271.0 165732.13881269004
1272.0 163865.97574023018
1273.0 161888.88488599658
1274.0 164724.07714444204
1275.0 164453.35059368223
1276.0 164178.26344935535
1277.0 164117.04684204079
1278.0 164055.42930516688
1279.0 164530.7797523811
1280.0 164144.8326703532
1281.0 163973.36151206488
1282.0 163909.1283156463
1283.0 164060.96064932147
1284.0 163190.9258935394
1285.0 163941.29995898606
1286.0 159492.2267274323
1287.0 159153.82632150885
1288.0 164292.12480375127
1289.0 162134.94537851025
1290.0 162475.5970132018
1291.0 160422.21734904783
1292.0 161778.8157711583
1293.0 160896.25638183908
1294.0 154658.99196224878
1295.0 154420.1270131921
1296.0 158003.10331907595
1297.0 154947.30065269655
1298.0 157808.52477538362
1299.0 156174.22826808065
1300.0 158161.7658316821
1301.0 155893.093976221
1302.0 156874.33714274413
1303.0 114353.39830122156
1304.0 130207.03124569892
1305.0 159309.70882583363
1306.0 159749.32006826284
1307.0 160408.59884406673
1308.0 160512.24682834087
1309.0 158438.95586189308
1310.0 158766.97620112752
1311.0 159427.20423335716
1312.0 157984.66776560596
1313.0 158201.82796680226
1314.0 159846.79759034526
1315.0 158715.73074856697
1316.0 158471.09980095708
1317.0 158892.3138104941
1318.0 159212.67222509603
1319.0 157327.94729288653
1320.0 158889.57613490388
1321.0 157335.56032851717
1322.0 158564.85241065238
1323.0 152238.91742825057
1324.0 152265.65328002212
1325.0 151621.78792267802
1326.0 155897.2190775718
1327.0 156581.99750165342
1328.0 155797.76381953448
1329.0 155236.4196309096
1330.0 149178.08188056274
1331.0 156324.70304239856
1332.0 153304.30818420651
1333.0 156382.1672717327
1334.0 156579.2060793373
1335.0 142371.8812356989
1336.0 68120.80436665978
1337.0 157182.03783314474
1338.0 158525.71630401144
1339.0 152867.96089222928
1340.0 156039.4837468755
1341.0 155214.49064010987
1342.0 152119.7081567039
1343.0 139024.5993192213
1344.0 145890.38389931474
1345.0 152375.56438320156
1346.0 152162.91705761707
1347.0 152745.37484653154
1348.0 153099.9631000779
1349.0 153276.48129081077
1350.0 147243.66269580115
1351.0 153130.89304110032
1352.0 153000.93839576817
1353.0 152415.72246233356
1354.0 151904.88159123852
1355.0 144918.37180479587
1356.0 140424.94907824966
1357.0 145178.87554835185
1358.0 148995.23619047162
1359.0 150986.82795348886
1360.0 149887.95644389733
1361.0 147528.43679440624
1362.0 148948.44549465275
1363.0 148104.41215461213
1364.0 147156.42432164942
1365.0 147584.4106869472
1366.0 146749.6847720299
1367.0 148223.31232977027
1368.0 147809.27046854363
1369.0 146587.91900887206
1370.0 147092.71685631017
1371.0 146675.05355855633
1372.0 142434.6569872897
1373.0 144915.82408638872
1374.0 145434.30006492353
1375.0 136268.2730642697
1376.0 148545.9927075685
1377.0 147283.5512713772
1378.0 143710.24766523708
1379.0 145329.49817426124
1380.0 146488.72687248234
1381.0 146402.46430010672
1382.0 146351.11247141517
1383.0 145139.00630545797
1384.0 142297.223552377
1385.0 143053.43698445283
1386.0 144943.5952797368
1387.0 146374.17427793052
1388.0 136780.3562272058
1389.0 80360.69132548037
1390.0 86012.4816861919
1391.0 102897.7909481962
1392.0 129650.19916995357
1393.0 150293.13803543258
1394.0 172180.93183493413
1395.0 168870.4722389934
1396.0 152402.40248233394
1397.0 137864.88690810377
1398.0 97781.31009202029
1399.0 95914.46283615171
1400.0 107655.01216675527
1401.0 129287.91850365704
1402.0 150222.37856840205
1403.0 177105.43968811637
1404.0 161255.86228651236
1405.0 152290.63172136992
1406.0 146109.66495943285
1407.0 142763.99693143825
1408.0 141600.18404055835
1409.0 136083.9410972633
1410.0 140896.19462526485
1411.0 141941.204310594
1412.0 141926.84411152272
1413.0 140971.1075680902
1414.0 140170.04171761672
1415.0 140445.0881884598
1416.0 141670.83613643478
1417.0 86969.5906620245
1418.0 127619.09677834019
1419.0 141125.03493308765
1420.0 137942.11754060056
1421.0 137771.92605351232
1422.0 136168.12978083058
1423.0 133849.495212343
1424.0 100321.69603315837
1425.0 120162.10585163784
1426.0 135827.32381950313
1427.0 138514.1850381534
1428.0 126374.7135723312
1429.0 127154.95063755813
1430.0 135716.05172407444
1431.0 133155.10911449225
1432.0 130106.1339012825
1433.0 130954.6576496871
1434.0 132115.71474244658
1435.0 135427.0524663049
1436.0 134786.84538449836
1437.0 135006.2062841377
1438.0 134024.39772260527
1439.0 127901.15217676199
1440.0 130022.85211207773
1441.0 132506.45149713487
1442.0 133888.98959239462
1443.0 134611.9768211064
1444.0 135694.30796038243
1445.0 130069.6211114762
1446.0 133547.34122149766
1447.0 135024.1398656049
1448.0 133187.48071623244
1449.0 131581.35719331462
1450.0 136126.03521197673
1451.0 131247.06694745633
1452.0 120672.9830382956
1453.0 128204.06703676589
1454.0 132407.53552570147
1455.0 129843.45647827286
1456.0 131383.06220698118
1457.0 133359.3295850292
1458.0 126817.38978386356
1459.0 129563.72196721926
1460.0 127722.10351674909
1461.0 130230.87029947019
1462.0 131931.39867499654
1463.0 131208.9605720208
1464.0 132058.61427693674
1465.0 130005.852061097
1466.0 130995.1360173305
1467.0 128234.98678476787
1468.0 125948.1907062071
1469.0 107878.12946265395
1470.0 105440.52327235689
1471.0 130443.57258702487
1472.0 127278.91083158791
1473.0 125704.60431337594
1474.0 127665.58769403631
1475.0 129988.08096619624
1476.0 128449.75429538162
1477.0 128952.68959558742
1478.0 124467.3221419829
1479.0 127525.24328739397
1480.0 128271.64010759711
1481.0 129771.87650615296
1482.0 128882.52796621622
1483.0 128479.48899265505
1484.0 126246.15626687114
1485.0 127061.2087209491
1486.0 128836.98615270745
1487.0 129244.45248252735
1488.0 129407.75578395594
1489.0 128348.76757404531
1490.0 128022.73467121899
1491.0 127969.38988689105
1492.0 127462.11886441459
1493.0 127076.386922423
1494.0 126689.8523879843
1495.0 126670.74416856522
1496.0 126225.68880919369
1497.0 123512.90935669774
1498.0 116692.58011372249
1499.0 113776.21025472217
1500.0 121771.6128334325
1501.0 122091.78897605062
1502.0 117303.61880170924
1503.0 124218.48750385788
1504.0 120298.26170685845
1505.0 121634.32572045607
1506.0 123919.87578295848
1507.0 126722.33785607222
1508.0 126790.4841217378
1509.0 121686.4130445224
1510.0 126541.1963220169
1511.0 106589.43526164479
1512.0 116484.55685993764
1513.0 122876.03782419687
1514.0 125143.18042918088
1515.0 113251.65807555133
1516.0 120462.03527215718
1517.0 120731.51747590785
1518.0 112835.50062981794
1519.0 118375.66406510306
1520.0 120873.730018433
1521.0 114748.41766638777
1522.0 120229.87970580871
1523.0 125914.13890260852
1524.0 114582.3866055441
1525.0 109967.6178728857
1526.0 120475.97986838096
1527.0 119469.9004969889
1528.0 122656.80319133407
1529.0 129284.83732441909
1530.0 101150.53674593614
1531.0 88387.73825740733
1532.0 116873.64981883822
1533.0 113272.43025492603
1534.0 119787.97354982569
1535.0 123531.36155097261
1536.0 118065.62266066144
1537.0 119589.11292341749
1538.0 120676.91867257252
1539.0 103599.04952812075
1540.0 116267.46648518553
1541.0 100139.1449747086
1542.0 72244.80039632466
1543.0 59354.47299869745
1544.0 55710.78349409197
1545.0 56998.587619627346
1546.0 61883.18062541572
1547.0 68125.86872866019
1548.0 77843.58899125272
1549.0 91539.46938194243
1550.0 104956.87011512509
1551.0 133229.37586908598
1552.0 150025.8998632653
1553.0 137317.31979030732
1554.0 133633.67471967105
1555.0 131102.0087460908
1556.0 101069.17617063712
1557.0 88093.56481370579
1558.0 111546.5983514275
1559.0 120512.97641353321
1560.0 113994.2131280081
1561.0 104773.58791786469
1562.0 100750.21008397319
1563.0 112897.75450150041
1564.0 113071.62441098674
1565.0 113578.78275031106
1566.0 105446.02750678462
1567.0 110704.81700896712
1568.0 80944.69261448082
1569.0 88652.6081045081
1570.0 109292.79527989637
1571.0 87517.84441596213
1572.0 106153.75782868669
1573.0 116280.9244344099
1574.0 115965.30062473893
1575.0 90918.44617699659
1576.0 112185.42838561005
1577.0 97355.11901150712
1578.0 108730.21775305268
1579.0 116537.74281477259
1580.0 101159.16218337575
1581.0 110154.5676887547
1582.0 115160.84775149814
1583.0 106069.78533769699
1584.0 107159.6232115628
1585.0 98505.05378241935
1586.0 108894.97922930786
1587.0 112645.50037073126
1588.0 113118.11707707986
1589.0 113911.8293428197
1590.0 110053.83614592631
1591.0 110988.25811847903
1592.0 108208.4099572971
1593.0 112913.21988887753
1594.0 108559.30249447995
1595.0 108508.53969441772
1596.0 110775.59199475903
1597.0 110840.53654408682
1598.0 111720.60440100639
1599.0 113403.06214364646
1600.0 111168.69981701115
1601.0 76956.49237131591
1602.0 98013.73093212846
1603.0 86395.74198089681
1604.0 104430.98552117664
1605.0 113874.20078777797
1606.0 107734.59126039663
1607.0 112189.35476462108
1608.0 113466.66891773621
1609.0 110851.32450420734
1610.0 88766.10264683247
1611.0 99756.25842106031
1612.0 107173.68309932419
1613.0 107898.15376319896
1614.0 107503.20213551396
1615.0 110981.67891088601
1616.0 111960.17408106315
1617.0 112202.52865993204
1618.0 112016.56623334887
1619.0 107724.16639836536
1620.0 101331.10691044254
1621.0 97402.15565578047
1622.0 99013.69877710789
1623.0 88382.36055252013
1624.0 90499.94230207906
1625.0 109364.58392270825
1626.0 108889.13724094129
1627.0 110667.82270139817
1628.0 113743.85974979149
1629.0 111612.42902297965
1630.0 106958.9286161376
1631.0 81309.38941583566
1632.0 77092.27908845678
1633.0 112080.52878170005
1634.0 108523.03420005608
1635.0 103923.42784446088
1636.0 101619.86517676036
1637.0 112206.01510473076
1638.0 109190.20518274752
1639.0 114139.79260125243
1640.0 84957.55510148303
1641.0 117995.85462618391
1642.0 117135.83593734576
1643.0 116950.66309741761
1644.0 115659.47855099583
1645.0 107493.74753217105
1646.0 111980.19061959007
1647.0 99085.33460400709
1648.0 108221.59902822501
1649.0 109352.74619445507
1650.0 108980.90193627078
1651.0 110853.96484053017
1652.0 109725.01763236105
1653.0 92041.88244461505
1654.0 95526.51117085665
1655.0 107699.65844169253
1656.0 100444.1045870799
1657.0 88337.89554228804
1658.0 101568.2571518826
1659.0 105709.1756678738
1660.0 105761.87007919884
1661.0 99883.01847712538
1662.0 93931.35665158434
1663.0 104742.29403259672
1664.0 103721.51088581687
1665.0 95711.55390743275
1666.0 101754.05960357357
1667.0 100993.90295956335
1668.0 81924.327397573
1669.0 100758.33785567537
1670.0 103079.48691039036
1671.0 97293.16210343568
1672.0 92951.82497310768
1673.0 90039.7503312482
1674.0 98858.29098377127
1675.0 102797.7733659034
1676.0 93505.67378719905
1677.0 95547.16834260104
1678.0 103650.52292701908
1679.0 103410.8142183886
1680.0 103695.3473783208
1681.0 101177.545724824
1682.0 97177.88300461622
1683.0 102355.55563320796
1684.0 101926.31791193891
1685.0 103376.09904430447
1686.0 99803.34710995351
1687.0 102113.02807083858
1688.0 100539.12504057473
1689.0 102461.04945949661
1690.0 91253.73674110493
1691.0 95641.67414210764
1692.0 101641.06350234516
1693.0 101480.64555539258
1694.0 98471.25214806132
1695.0 94630.50459847417
1696.0 97643.56954888573
1697.0 100904.50309335854
1698.0 97737.14618279536
1699.0 93228.96984809986
1700.0 99200.45361536508
1701.0 95507.54022742253
1702.0 94002.93504154064
1703.0 100002.45542316408
1704.0 95261.16101829534
1705.0 96427.98055419646
1706.0 96163.12149304857
1707.0 76788.445349481
1708.0 86364.54675461318
1709.0 99763.1221988123
1710.0 97465.79695918826
1711.0 96666.27167826463
1712.0 84902.69502177229
1713.0 69431.55760845123
1714.0 96921.4172737723
1715.0 95833.28447014341
1716.0 86689.82551786922
1717.0 82968.43062429404
1718.0 70412.29382679895
1719.0 90060.4816803304
1720.0 96787.60708726593
1721.0 93562.57631351317
1722.0 88675.6176440375
1723.0 87985.78152570143
1724.0 90603.91993746434
1725.0 81124.17889705765
1726.0 89453.02455917545
1727.0 100144.88735189213
1728.0 99864.97641658958
1729.0 97845.07255015589
1730.0 98979.588909284
1731.0 92653.07288350358
1732.0 96339.51826778975
1733.0 95833.54907379068
1734.0 95839.94214659154
1735.0 95721.16280416123
1736.0 95810.55014754021
1737.0 97820.44124563503
1738.0 90003.07037703057
1739.0 81568.80685861212
1740.0 93949.72403235352
1741.0 91380.07712309199
1742.0 90272.90613206977
1743.0 95890.55416439332
1744.0 87697.71823367183
1745.0 87368.04098679853
1746.0 94993.56069207333
1747.0 90610.74606686806
1748.0 95126.70143834718
1749.0 92362.97435697723
1750.0 93834.2973121776
1751.0 95267.80532705983
1752.0 91908.60297116946
1753.0 75561.88399589858
1754.0 91801.8531879599
1755.0 94468.65827858502
1756.0 95110.97122987716
1757.0 95440.82897576792
1758.0 91520.19353675038
1759.0 89336.48235299041
1760.0 88222.36882834267
1761.0 83782.44197430105
1762.0 93318.80254835356
1763.0 89830.69490492276
1764.0 87947.65171621421
1765.0 94583.9709919695
1766.0 93562.98866525658
1767.0 93300.57822640058
1768.0 90769.96698219705
1769.0 84790.08885447637
1770.0 75733.21581813467
1771.0 92428.04871696612
1772.0 85866.39941515183
1773.0 89926.91214351864
1774.0 91397.7717987016
1775.0 84842.0737813774
1776.0 81478.03562470537
1777.0 91293.21649838329
1778.0 91614.74283422323
1779.0 90902.72116362832
1780.0 91035.4820121723
1781.0 91111.70786179553
1782.0 87235.4972909759
1783.0 82442.49067822075
1784.0 90204.10293309078
1785.0 89124.4770751072
1786.0 90696.05341520021
1787.0 89604.59329931876
1788.0 88051.77993370238
1789.0 88082.11378968519
1790.0 90362.90059868687
1791.0 83757.10511627117
1792.0 72275.80727415107
1793.0 84507.84953973356
1794.0 89782.74093945076
1795.0 88380.36696810086
1796.0 90702.65976695025
1797.0 89140.5242966389
1798.0 87408.6154641736
1799.0 88530.01504756075
1800.0 85063.67470174027
1801.0 89481.77816931438
1802.0 90178.4168404075
1803.0 89138.56260866413
1804.0 88824.15398542395
1805.0 86946.9407849242
1806.0 88603.14186454949
1807.0 88439.71933454508
1808.0 84784.3134414769
1809.0 89668.14361788196
1810.0 90153.15176645956
1811.0 89139.29385975841
1812.0 77708.37241905805
1813.0 77296.23419265776
1814.0 87931.83863649638
1815.0 87833.25420752115
1816.0 77452.65786159705
1817.0 85275.40009585729
1818.0 90452.34667567574
1819.0 88965.05014666665
1820.0 85320.02039172924
1821.0 79100.67925131053
1822.0 76635.59931118063
1823.0 87512.43186916084
1824.0 88913.44892359735
1825.0 88183.91125944862
1826.0 81253.0245959863
1827.0 78996.78934528849
1828.0 85169.1751889602
1829.0 89394.45553581532
1830.0 82293.00198646307
1831.0 85543.12858274484
1832.0 86438.08290632255
1833.0 85426.27515814609
1834.0 85959.03588618133
1835.0 84181.56132398907
1836.0 86531.21000618798
1837.0 86090.52701246049
1838.0 83264.36463941
1839.0 86141.02621999399
1840.0 73155.31965233591
1841.0 83027.95762858193
1842.0 83870.6657580377
1843.0 81040.28951391461
1844.0 81599.97561249086
1845.0 82755.33529808544
1846.0 85081.31005966767
1847.0 84907.04056837522
1848.0 84476.99459532596
1849.0 69826.67690148157
1850.0 64791.65620027985
1851.0 79345.64293829158
1852.0 86203.16932666261
1853.0 81660.01721272593
1854.0 72540.02282607622
1855.0 77272.79095677224
1856.0 84091.41548053482
1857.0 85227.8510888653
1858.0 76482.48207395597
1859.0 74402.38815807292
1860.0 66641.96106310874
1861.0 83751.73538467681
1862.0 85862.66789321128
1863.0 80359.27770679229
1864.0 82228.01529044229
1865.0 83165.27388531936
1866.0 83595.29782383527
1867.0 81813.4246372437
1868.0 84051.79613913885
1869.0 84582.5172229065
1870.0 81247.00549480204
1871.0 82488.58593398318
1872.0 81570.63351217927
1873.0 78050.84102543419
1874.0 79011.43798413288
1875.0 81671.29690656165
1876.0 82670.48410376934
1877.0 82261.52738934678
1878.0 79429.61710563149
1879.0 84527.36019244525
1880.0 82676.77651854097
1881.0 78904.39076259252
1882.0 75954.02951339597
1883.0 77711.20338497701
1884.0 75625.10306150031
1885.0 69901.8476070647
1886.0 78870.14421603124
1887.0 74499.89337771152
1888.0 79288.53896942105
1889.0 73909.459647019
1890.0 66795.79271906242
1891.0 66241.3587949673
1892.0 78018.5185308803
1893.0 77934.70446201804
1894.0 77990.66112389634
1895.0 63724.716974469804
1896.0 72026.25274256394
1897.0 86460.72350987169
1898.0 84769.81922194952
1899.0 72847.98834872137
1900.0 83235.8472614845
1901.0 72110.96596263736
1902.0 74922.64356510712
1903.0 78394.08803129381
1904.0 77163.1544787977
1905.0 82580.9389044259
1906.0 81300.21554794272
1907.0 80542.29592714003
1908.0 80750.55403632075
1909.0 80399.1509483895
1910.0 79173.98730639718
1911.0 81693.28635031405
1912.0 82344.13716447049
1913.0 78324.85201871453
1914.0 74172.68579946706
1915.0 74735.39943763074
1916.0 75538.2486362386
1917.0 79946.13165114661
1918.0 75032.27027506272
1919.0 76504.46624319212
1920.0 78267.53151929087
1921.0 78760.5022371359
1922.0 72753.49105872892
1923.0 51294.52611940249
1924.0 69391.61883466483
1925.0 78223.16659724426
1926.0 73683.78245404585
1927.0 78472.45879911403
1928.0 75591.22224043371
1929.0 72017.45350890502
1930.0 69033.9252937372
1931.0 51464.45667177672
1932.0 60060.01225897511
1933.0 78051.33511202622
1934.0 80322.81142856837
1935.0 81238.43120310274
1936.0 74796.63446381081
1937.0 77695.7002600218
1938.0 73387.88969146526
1939.0 62047.2319307731
1940.0 64234.4996610848
1941.0 81492.42096768267
1942.0 83517.57848380513
1943.0 81746.91025691222
1944.0 79732.31348300763
1945.0 79159.41473527772
1946.0 77646.63502889554
1947.0 77137.23981951147
1948.0 76629.01321608476
1949.0 78007.19481942852
1950.0 72065.23848078943
1951.0 47103.24950967762
1952.0 72423.95379113239
1953.0 63525.59224953698
1954.0 59448.06737738721
1955.0 70874.91506494711
1956.0 69764.66904421448
1957.0 66636.75181473311
1958.0 71575.45510090837
1959.0 75088.81297839424
1960.0 75918.55810995011
1961.0 71834.89797767429
1962.0 76124.11914777603
1963.0 74127.72700805559
1964.0 71654.9920216238
1965.0 76076.83150953232
1966.0 74458.89964128836
1967.0 76346.827452768
1968.0 74885.38855543293
1969.0 75493.34746787985
1970.0 74910.51198132998
1971.0 75658.75858211906
1972.0 74268.5386018981
1973.0 75787.23907918693
1974.0 75894.6841729635
1975.0 75380.50910714737
1976.0 73356.59317414818
1977.0 75034.35372841147
1978.0 75951.29807402984
1979.0 72235.12918231952
1980.0 73075.66019415125
1981.0 75653.4643330716
1982.0 73197.00603410025
1983.0 74119.59908276815
1984.0 70697.29420728273
1985.0 71650.03520373238
1986.0 75486.16478090806
1987.0 71822.53158982121
1988.0 76709.14378387087
1989.0 78419.51472574433
1990.0 75400.96891716121
1991.0 76039.07398895777
1992.0 60463.550495179355
1993.0 62850.65260918364
1994.0 68913.4627375118
1995.0 77432.67817149876
1996.0 77020.71614796313
1997.0 76367.79890800575
1998.0 75210.80200718965
1999.0 67622.6362221207
2000.0 63797.986840603684
2001.0 64842.560778618026
2002.0 63666.86262375037
2003.0 67584.56428258285
2004.0 71405.6396948687
2005.0 69928.61412221307
2006.0 65933.93685767255
2007.0 72665.0263532825
2008.0 73999.30925473757
2009.0 73866.62676985604
2010.0 74201.81703382658
2011.0 70549.6551963209
2012.0 68543.04097555636
2013.0 63788.49507725281
2014.0 66872.88360520777
2015.0 72602.86436288238
2016.0 71890.84665487414
2017.0 72641.84186930473
2018.0 70966.58233967981
2019.0 71904.01930786202
2020.0 72465.15711113886
2021.0 72220.59639016881
2022.0 72228.73263244233
2023.0 70921.33125778427
2024.0 70150.58223815208
2025.0 71982.43607871466
2026.0 67767.31210153551
2027.0 71350.36887327665
2028.0 71550.48098347898
2029.0 70798.43700735096
2030.0 70490.98294739376
2031.0 71436.42001389286
2032.0 71113.07931451015
2033.0 67498.1544765636
2034.0 65860.5362474937
2035.0 63652.85671644307
2036.0 68966.01728251154
2037.0 69437.2423731701
2038.0 67072.3550723376
2039.0 68573.15628815991
2040.0 53390.620650311546
2041.0 56981.980487276174
2042.0 66462.2401148924
2043.0 70946.43996121116
2044.0 69480.33633610648
2045.0 68239.1233234597
2046.0 67416.59972440265
2047.0 67208.80105839367
2048.0 68941.42266166321
2049.0 70294.08130038592
2050.0 68614.31972697633
2051.0 70425.30965173768
2052.0 70080.87727088615
2053.0 68555.77976207816
2054.0 68939.82745464177
2055.0 68971.97908685153
2056.0 66284.9138429931
2057.0 62558.13300001766
2058.0 67100.99220002197
2059.0 68972.6230589302
2060.0 69495.73999348104
2061.0 67497.75283233818
2062.0 56558.78865997443
2063.0 64622.76951511091
2064.0 69054.08970662054
2065.0 69365.66410309344
2066.0 67736.55926047408
2067.0 67691.92421557437
2068.0 66681.23492610411
2069.0 65059.43119844115
2070.0 67438.31164897946
2071.0 50652.22022930618
2072.0 60005.250298005114
2073.0 68614.71861952594
2074.0 68206.13916680968
2075.0 67834.22982887736
2076.0 68557.16320161831
2077.0 65748.1254370726
2078.0 63578.55959879359
2079.0 67791.63790770683
2080.0 67626.67160789389
2081.0 67198.55046790084
2082.0 67949.51671900308
2083.0 66788.54623692275
2084.0 64070.43839150875
2085.0 57523.23287113272
2086.0 62895.44442211526
2087.0 67313.68758131283
2088.0 67218.71792792022
2089.0 68131.57513300418
2090.0 58043.01705000346
2091.0 44251.92882748787
2092.0 58191.64738820823
2093.0 66314.52455301113
2094.0 66545.7905713238
2095.0 66883.99518918732
2096.0 66747.28839330123
2097.0 66691.7696924673
2098.0 65268.94348199979
2099.0 67271.54129865434
2100.0 60422.68931839937
2101.0 65462.504679466314
2102.0 69799.68944488106
2103.0 71034.03722883301
2104.0 70042.0377919627
2105.0 74278.88412726998
2106.0 75898.87172211689
2107.0 70331.96935556227
2108.0 52744.45653001938
2109.0 65947.86625674479
2110.0 72779.49375064057
2111.0 72963.83417175488
2112.0 72383.7776569099
2113.0 70538.7646285019
2114.0 65514.39296632446
2115.0 63767.73353188093
2116.0 67476.51151506651
2117.0 63554.935821756415
2118.0 64221.77011140669
2119.0 65284.11625069091
2120.0 66639.51214163902
2121.0 65404.00193008014
2122.0 65412.83253191332
2123.0 65577.39235164582
2124.0 64811.82343116312
2125.0 65087.25511770786
2126.0 65098.283649000536
2127.0 65687.98813923437
2128.0 65467.605098316024
2129.0 65362.91804160896
2130.0 65211.53064710621
2131.0 64280.32402832287
2132.0 64226.48605959718
2133.0 65171.996102766425
2134.0 65135.39316761926
2135.0 64160.977951220106
2136.0 63852.88368453675
2137.0 64245.33716954618
2138.0 63896.869768408105
2139.0 65392.95535721833
2140.0 64608.521290326884
2141.0 65031.16459337494
2142.0 64414.68418677994
2143.0 64066.50983147118
2144.0 64374.111135267805
2145.0 62020.10291752718
2146.0 64707.37602829779
2147.0 62839.55883501851
2148.0 63533.71143254529
2149.0 64194.18481317423
2150.0 64486.26061414522
2151.0 64274.124994249556
2152.0 64333.12855731045
2153.0 62949.64101269957
2154.0 64216.09637643352
2155.0 63989.21861178583
2156.0 64283.21537330437
2157.0 63803.2494796068
2158.0 63842.23086638155
2159.0 63310.44378903159
2160.0 63808.07196656266
2161.0 64290.09227596136
2162.0 61260.65729187309
2163.0 63932.0600949004
2164.0 64058.06417451734
2165.0 62672.6688038362
2166.0 63432.40527543458
2167.0 63169.10064933575
2168.0 63076.32060124166
2169.0 63324.13763524921
2170.0 63333.454274778895
2171.0 63444.82771305811
2172.0 63096.899019944474
2173.0 63632.18249410981
2174.0 62870.975997658796
2175.0 63114.52514708303
2176.0 61923.55149281445
2177.0 62781.9074253938
2178.0 61827.161170304695
2179.0 63561.28376422164
2180.0 60977.89543728961
2181.0 61648.52474724837
2182.0 62508.34739211847
2183.0 62767.78839704338
2184.0 62546.513298271035
2185.0 62754.56427956391
2186.0 61931.681453251695
2187.0 62732.16359100418
2188.0 61950.73929882385
2189.0 63027.46694131853
2190.0 62710.179494414195
2191.0 62806.146955702345
2192.0 62125.830129409944
2193.0 60339.561764929844
2194.0 62249.973256815145
2195.0 62500.381047747425
2196.0 62733.94654137531
2197.0 62776.871849703995
2198.0 62593.32862591887
2199.0 62513.32469576398
2200.0 62764.447070764865
2201.0 61633.98180112176
2202.0 60406.16137607446
2203.0 62278.54811293462
2204.0 61875.427163081295
2205.0 62645.04805739815
2206.0 62434.467786160385
2207.0 61628.78219134821
2208.0 62170.8455876207
2209.0 61148.764455604345
2210.0 61915.657715167654
2211.0 59616.60497205645
2212.0 61207.48362953039
2213.0 61396.60439539289
2214.0 61287.52203257246
2215.0 61213.41604598455
2216.0 61402.7337076445
2217.0 60319.33663641855
2218.0 61610.69006807159
2219.0 60314.27382374259
2220.0 61607.920424733464
2221.0 59214.13188295629
2222.0 61021.49128936966
2223.0 60992.581164386014
2224.0 61064.457285964876
2225.0 59720.97825387273
2226.0 61352.12005505151
2227.0 58873.94070234547
2228.0 59336.13333388412
2229.0 60986.43078574602
2230.0 60953.022067738544
2231.0 61084.87417886158
2232.0 60873.53382531313
2233.0 60750.58262537157
2234.0 61178.792616074425
2235.0 61091.30895101711
2236.0 61163.96458726595
2237.0 61076.113338043775
2238.0 61023.713641785616
2239.0 60106.82798928156
2240.0 61024.787410781886
2241.0 60456.77343602165
2242.0 59689.09801319779
2243.0 60429.92880132298
2244.0 60524.1127256278
2245.0 59048.248478291
2246.0 60422.097938885614
2247.0 61158.508057557454
2248.0 60214.09110763721
2249.0 60155.21128325255
2250.0 59228.22142195538
2251.0 60001.17679283238
2252.0 60267.86648413889
2253.0 60353.69857242914
2254.0 59884.910584232755
2255.0 60305.9609220713
2256.0 60309.97743288547
2257.0 59967.810243613516
2258.0 60244.21881312899
2259.0 60557.72311208567
2260.0 60414.64183280583
2261.0 59332.54972883345
2262.0 60408.48714516665
2263.0 60202.578502801945
2264.0 59392.521940237515
2265.0 58875.49836763719
2266.0 59804.70099305756
2267.0 59306.02677324395
2268.0 60015.421911801626
2269.0 59663.30769856317
2270.0 60097.71237297222
2271.0 57616.177154187055
2272.0 60123.947646029854
2273.0 59585.764432269905
2274.0 59432.77446366239
2275.0 59960.40004541561
2276.0 59661.891082579896
2277.0 58437.93198474753
2278.0 58078.75603050832
2279.0 58494.86549631412
2280.0 59781.37408910159
2281.0 59551.71519417024
2282.0 59951.88245065329
2283.0 59517.39598737979
2284.0 59166.52866526643
2285.0 59086.88334813516
2286.0 59732.00920899312
2287.0 58704.39855036919
2288.0 58940.66397439479
2289.0 59437.393357145396
2290.0 58985.65785978465
2291.0 59519.81938780788
2292.0 59461.244995964975
2293.0 59444.840654549495
2294.0 59143.827612299705
2295.0 59745.86318013281
2296.0 60198.962444102704
2297.0 59795.99386114173
2298.0 58507.38290110639
2299.0 57356.98678930365
2300.0 60147.08804189645
2301.0 59313.0026099229
2302.0 59416.76510759352
2303.0 59538.82690408674
2304.0 58385.84827033944
2305.0 59419.79050782597
2306.0 58573.60194827497
2307.0 59276.145762288965
2308.0 58144.874752191805
2309.0 59157.58146554496
2310.0 59544.905808853175
2311.0 59304.21316218072
2312.0 57612.28975374978
2313.0 57654.412658804365
2314.0 58289.65939733864
2315.0 59159.04673124725
2316.0 59082.47630284655
2317.0 58910.05507240996
2318.0 57664.32839973526
2319.0 57357.11993827807
2320.0 57375.69864292106
2321.0 58142.39794133244
2322.0 58590.20350380052
2323.0 57216.964848074764
2324.0 58687.23815368924
2325.0 57214.33827150508
2326.0 56856.115755907675
2327.0 56670.63466981236
2328.0 56639.170022700135
2329.0 58716.237963822794
2330.0 57814.87486400178
2331.0 57880.37959676729
2332.0 54548.72193165399
2333.0 57972.52045991152
2334.0 58349.281236648705
2335.0 56954.22890967268
2336.0 58480.90515193431
2337.0 57902.488478494735
2338.0 58243.59888826295
2339.0 58049.44353900056
2340.0 58365.00011041147
2341.0 58284.18173002229
2342.0 58001.09410919506
2343.0 58353.908593906366
2344.0 57762.64057945207
2345.0 56376.58225719576
2346.0 55629.86676641274
2347.0 58549.680222686424
2348.0 58865.0292249958
2349.0 54462.98989376252
2350.0 58669.838889314604
2351.0 57942.38011364591
2352.0 57316.985814510896
2353.0 57350.876343749944
2354.0 58170.064937567964
2355.0 58254.47737810081
2356.0 55902.26089014037
2357.0 57774.34277294936
2358.0 59029.69903721425
2359.0 59173.588035924375
2360.0 57908.63197906567
2361.0 55791.39062268579
2362.0 59018.19542947235
2363.0 58888.40771118753
2364.0 58392.92562775906
2365.0 58486.710131957
2366.0 57366.84563085972
2367.0 57904.658352318416
2368.0 57252.87212455464
2369.0 57640.294253025444
2370.0 56902.21884962721
2371.0 57552.00774983818
2372.0 57900.902674927245
2373.0 57784.33217006424
2374.0 57829.095077058126
2375.0 57363.71611175096
2376.0 54994.65755011399
2377.0 57534.01798089532
2378.0 58308.23129732819
2379.0 58242.127997374744
2380.0 54696.47102161443
2381.0 57963.91831545451
2382.0 58123.117328705
2383.0 55468.742114505076
2384.0 55167.72032514916
2385.0 56910.160123248934
2386.0 58794.72198804654
2387.0 57676.09371848078
2388.0 57282.94624649663
2389.0 55839.45559545106
2390.0 57775.4688142753
2391.0 56930.99986897907
2392.0 56991.748011355274
2393.0 57313.18876071621
2394.0 57747.42824135936
2395.0 57312.0188591473
2396.0 56432.42693273446
2397.0 58012.626889962296
2398.0 58027.57494598485
2399.0 58462.77918052214
2400.0 54378.590352628875
2401.0 56227.31689800823
2402.0 57478.3099800179
2403.0 56396.726679461186
2404.0 58313.75162241544
2405.0 56056.58503129262
2406.0 56956.183025964245
2407.0 56720.79822591555
2408.0 56673.590299643554
2409.0 57025.70978252115
2410.0 56700.78944021803
2411.0 54844.423925644405
2412.0 56128.43254583679
2413.0 56912.723132045154
2414.0 54261.2734927409
2415.0 56946.801698560645
2416.0 56910.038447351115
2417.0 55518.55499673719
2418.0 57928.484302194614
2419.0 56851.39650630092
2420.0 57627.35713331283
2421.0 57806.95518747796
2422.0 57986.83201144116
2423.0 58102.6435923648
2424.0 56499.89682542098
2425.0 55282.61480447205
2426.0 57086.23430127174
2427.0 57686.03125905593
2428.0 55893.92492281326
2429.0 55026.81059278401
2430.0 55798.94824439437
2431.0 56226.49441423897
2432.0 57216.58653619229
2433.0 55168.574262050664
2434.0 57194.88914931885
2435.0 56020.78599722881
2436.0 57073.689041120524
2437.0 56116.02928808532
2438.0 54380.48835797784
2439.0 56297.66858521554
2440.0 54800.19978578842
2441.0 56175.236158192514
2442.0 56610.8925157848
2443.0 56743.97032972039
2444.0 56833.78127907436
2445.0 55758.29575498606
2446.0 55977.76943693505
2447.0 54838.52786351792
2448.0 53743.11838539672
2449.0 56376.67201198223
2450.0 55360.29599300157
2451.0 53997.66677934388
2452.0 53972.04466516125
2453.0 55869.89562350307
2454.0 55737.335148807986
2455.0 55669.45745561273
2456.0 56337.865898115284
2457.0 56378.58605670929
2458.0 56085.462796496206
2459.0 56440.29155878921
2460.0 55290.05740149465
2461.0 55730.8704700929
2462.0 54155.23504008773
2463.0 55891.379716926145
2464.0 54968.404402199216
2465.0 55962.453748448825
2466.0 55086.15873941561
2467.0 56237.666427638076
2468.0 56993.178008856674
2469.0 54855.87025589855
2470.0 56302.55667047378
2471.0 56547.08146351093
2472.0 56478.48628760444
2473.0 55937.805196773355
2474.0 54570.008632750025
2475.0 56695.802045288074
2476.0 56149.0672033211
2477.0 55468.84711996633
2478.0 55416.49200533879
2479.0 54760.40841896279
2480.0 54619.26754544616
2481.0 54589.8859506954
2482.0 55868.447805055395
2483.0 53794.783685168615
2484.0 55270.785955988715
2485.0 53146.053069731555
2486.0 55700.50661517342
2487.0 53997.06424808811
2488.0 56041.799600570215
2489.0 55166.637579193586
2490.0 55392.92908861323
2491.0 55928.699291842146
2492.0 53822.77865752335
2493.0 55305.73083550001
2494.0 50976.86678478562
2495.0 55472.27689200267
2496.0 56009.139542264034
2497.0 55956.82868699444
2498.0 55222.51070012304
2499.0 55388.78036713793
2500.0 56024.53694521761
