WAVE FLUX
900.0 6794.591
901.0 6772.171
902.0 6796.208
903.0 6821.759
904.0 7517.496
905.0 6669.521
906.0 6721.375
907.0 6822.146
908.0 6791.956
909.0 8965.182
910.0 6769.018
911.0 7190.17
912.0 98623.01
913.0 70717.61
914.0 95593.75
915.0 95585.53
916.0 30087.2
917.0 90212.3
918.0 71267.39
919.0 37555.0
920.0 92452.83
921.0 7063.193
922.0 38919.08
923.0 40167.32
924.0 72316.78
925.0 63634.58
926.0 81524.68
927.0 99461.47
928.0 103898.7
929.0 40447.41
930.0 32889.89
931.0 61611.76
932.0 95921.79
933.0 105246.3
934.0 113456.6
935.0 102873.4
936.0 98429.68
937.0 56910.46
938.0 15746.59
939.0 101865.7
940.0 108239.0
941.0 114555.0
942.0 115537.1
943.0 106057.2
944.0 112884.1
945.0 102233.5
946.0 110739.6
947.0 100912.7
948.0 53350.24
949.0 31844.63
950.0 17958.84
951.0 93212.77
952.0 108905.8
953.0 114981.4
954.0 104814.2
955.0 59788.33
956.0 119854.8
957.0 112949.1
958.0 120862.0
959.0 95767.64
960.0 124961.5
961.0 128577.9
962.0 117004.3
963.0 123797.7
964.0 93866.24
965.0 127082.4
966.0 121044.2
967.0 78838.41
968.0 111075.4
969.0 109911.3
970.0 100954.5
971.0 90527.74
972.0 63183.04
973.0 39470.41
974.0 18634.19
975.0 25747.5
976.0 49742.32
977.0 116042.4
978.0 122837.9
979.0 113137.6
980.0 104372.8
981.0 65716.41
982.0 123260.5
983.0 123204.3
984.0 114315.5
985.0 111418.7
986.0 80087.91
987.0 86556.03
988.0 76388.62
989.0 64135.51
990.0 77648.51
991.0 108396.5
992.0 163056.9
993.0 135408.1
994.0 118374.0
995.0 67967.5
996.0 118738.7
997.0 71610.28
998.0 109090.6
999.0 119121.9
1000.0 127970.6
1001.0 88703.03
1002.0 120977.2
1003.0 111983.7
1004.0 127300.3
1005.0 122655.7
1006.0 87769.98
1007.0 102014.0
1008.0 121061.0
1009.0 103576.4
1010.0 59391.72
1011.0 118556.2
1012.0 100021.2
1013.0 101890.0
1014.0 117640.8
1015.0 115619.3
1016.0 62124.71
1017.0 106928.2
1018.0 81067.92
1019.0 107364.1
1020.0 62546.29
1021.0 88760.0
1022.0 97324.48
1023.0 60941.01
1024.0 88116.55
1025.0 69503.69
1026.0 13856.27
1027.0 68555.87
1028.0 88815.46
1029.0 92101.08
1030.0 68681.11
1031.0 51705.79
1032.0 95674.78
1033.0 95790.7
1034.0 63908.13
1035.0 92579.44
1036.0 73378.37
1037.0 49863.77
1038.0 95995.61
1039.0 109732.9
1040.0 101060.8
1041.0 114489.5
1042.0 119836.1
1043.0 123165.7
1044.0 123238.8
1045.0 120312.2
1046.0 121302.4
1047.0 123999.3
1048.0 123758.2
1049.0 122615.5
1050.0 120123.8
1051.0 113292.6
1052.0 119581.3
1053.0 117869.1
1054.0 119134.8
1055.0 108963.0
1056.0 112980.2
1057.0 116923.6
1058.0 119117.7
1059.0 105276.4
1060.0 98245.53
1061.0 75276.99
1062.0 76859.46
1063.0 70087.43
1064.0 110355.5
1065.0 112094.7
1066.0 78903.08
1067.0 108187.7
1068.0 104663.0
1069.0 58422.94
1070.0 107470.2
1071.0 96280.18
1072.0 94535.61
1073.0 98049.73
1074.0 99603.81
1075.0 110299.3
1076.0 113878.9
1077.0 112164.6
1078.0 63629.6
1079.0 114909.3
1080.0 114287.9
1081.0 115233.1
1082.0 112537.7
1083.0 82452.68
1084.0 97670.0
1085.0 84911.56
1086.0 99939.81
1087.0 106866.8
1088.0 84924.84
1089.0 69268.99
1090.0 81943.99
1091.0 111253.9
1092.0 107708.4
1093.0 102593.5
1094.0 112229.2
1095.0 110114.2
1096.0 100192.6
1097.0 91295.09
1098.0 64607.12
1099.0 109907.3
1100.0 109119.0
1101.0 110040.1
1102.0 111343.2
1103.0 108961.3
1104.0 83142.41
1105.0 110035.6
1106.0 108274.9
1107.0 104227.3
1108.0 83310.2
1109.0 92528.21
1110.0 98602.95
1111.0 99754.08
1112.0 99140.27
1113.0 100724.5
1114.0 102096.3
1115.0 105619.2
1116.0 105965.5
1117.0 96127.17
1118.0 105256.9
1119.0 99736.04
1120.0 105944.4
1121.0 100742.9
1122.0 98994.69
1123.0 100596.2
1124.0 69096.93
1125.0 59653.4
1126.0 96899.02
1127.0 94091.02
1128.0 64368.86
1129.0 54029.27
1130.0 69012.13
1131.0 98708.6
1132.0 101747.3
1133.0 103283.0
1134.0 103853.3
1135.0 99597.36
1136.0 105588.0
1137.0 103886.4
1138.0 102114.9
1139.0 74759.44
1140.0 80483.97
1141.0 96113.51
1142.0 79063.9
1143.0 96326.11
1144.0 79814.73
1145.0 57965.44
1146.0 98986.81
1147.0 99023.65
1148.0 100579.3
1149.0 99442.47
1150.0 98357.86
1151.0 97296.24
1152.0 97866.28
1153.0 93968.57
1154.0 91688.53
1155.0 88621.78
1156.0 92782.86
1157.0 93125.28
1158.0 94382.44
1159.0 91583.17
1160.0 90827.15
1161.0 93108.58
1162.0 78042.18
1163.0 96634.92
1164.0 81575.26
1165.0 95604.45
1166.0 90163.13
1167.0 88914.54
1168.0 95188.85
1169.0 89903.26
1170.0 93074.05
1171.0 90059.81
1172.0 86762.82
1173.0 67394.17
1174.0 52711.24
1175.0 47342.88
1176.0 62127.92
1177.0 87729.9
1178.0 91576.34
1179.0 94096.56
1180.0 94710.21
1181.0 90514.24
1182.0 94256.21
1183.0 62755.72
1184.0 77716.26
1185.0 75995.63
1186.0 93434.74
1187.0 91798.53
1188.0 91173.84
1189.0 89868.48
1190.0 88226.36
1191.0 77889.69
1192.0 84534.12
1193.0 83886.71
1194.0 84908.95
1195.0 86870.18
1196.0 86226.37
1197.0 71802.57
1198.0 83738.0
1199.0 84639.26
1200.0 84147.81
1201.0 50667.31
1202.0 39785.7
1203.0 47330.0
1204.0 78260.21
1205.0 78004.4
1206.0 69107.8
1207.0 70460.06
1208.0 70160.02
1209.0 66716.67
1210.0 68852.26
1211.0 69449.56
1212.0 65234.77
1213.0 60291.35
1214.0 57474.9
1215.0 32292.08
1216.0 35233.71
1217.0 55803.14
1218.0 51147.96
1219.0 66306.66
1220.0 63182.98
1221.0 71728.6
1222.0 73396.29
1223.0 63623.82
1224.0 75535.93
1225.0 74642.16
1226.0 76244.19
1227.0 77864.36
1228.0 73327.86
1229.0 77562.39
1230.0 76678.16
1231.0 79042.1
1232.0 80634.54
1233.0 80751.07
1234.0 80812.47
1235.0 81492.35
1236.0 81960.82
1237.0 81978.91
1238.0 82666.05
1239.0 83027.39
1240.0 84089.42
1241.0 85007.74
1242.0 85342.54
1243.0 86246.97
1244.0 86667.02
1245.0 84872.69
1246.0 76929.48
1247.0 56968.78
1248.0 79608.32
1249.0 81540.22
1250.0 81473.72
1251.0 80393.48
1252.0 81426.82
1253.0 82092.29
1254.0 82698.02
1255.0 82856.25
1256.0 83538.67
1257.0 83332.14
1258.0 82595.29
1259.0 78774.24
1260.0 76835.18
1261.0 79053.02
1262.0 79995.33
1263.0 80123.95
1264.0 77771.14
1265.0 77161.13
1266.0 78473.13
1267.0 80747.01
1268.0 81112.78
1269.0 80951.32
1270.0 81671.0
1271.0 81915.57
1272.0 80213.56
1273.0 80479.25
1274.0 80923.17
1275.0 80560.18
1276.0 80119.49
1277.0 79867.33
1278.0 79899.54
1279.0 80102.6
1280.0 80132.82
1281.0 80582.66
1282.0 80702.72
1283.0 80449.84
1284.0 79821.03
1285.0 79704.98
1286.0 77747.12
1287.0 77810.59
1288.0 79263.14
1289.0 78418.05
1290.0 78545.72
1291.0 77079.09
1292.0 77816.74
1293.0 76848.63
1294.0 70238.89
1295.0 70678.31
1296.0 73470.54
1297.0 71434.35
1298.0 73194.52
1299.0 72818.79
1300.0 73907.4
1301.0 72978.74
1302.0 71472.06
1303.0 48835.2
1304.0 56843.35
1305.0 74004.4
1306.0 75119.43
1307.0 76390.57
1308.0 76512.59
1309.0 75145.07
1310.0 74961.14
1311.0 75296.87
1312.0 74638.73
1313.0 75310.54
1314.0 76432.45
1315.0 75789.48
1316.0 75653.9
1317.0 75648.91
1318.0 75775.01
1319.0 74428.19
1320.0 75651.84
1321.0 75529.8
1322.0 75333.28
1323.0 73335.74
1324.0 69437.2
1325.0 71329.37
1326.0 73588.05
1327.0 73365.54
1328.0 72761.3
1329.0 71957.22
1330.0 70911.54
1331.0 73255.46
1332.0 72379.4
1333.0 71587.23
1334.0 68407.08
1335.0 59730.95
1336.0 33971.12
1337.0 69850.46
1338.0 72061.89
1339.0 72137.12
1340.0 73248.75
1341.0 72366.49
1342.0 69282.08
1343.0 60842.79
1344.0 65861.44
1345.0 70413.86
1346.0 70394.29
1347.0 71010.02
1348.0 71150.22
1349.0 71440.17
1350.0 69551.56
1351.0 71017.81
1352.0 70913.3
1353.0 70444.5
1354.0 70043.91
1355.0 66409.72
1356.0 66912.07
1357.0 67715.6
1358.0 68536.42
1359.0 69986.65
1360.0 68744.32
1361.0 67557.88
1362.0 67664.49
1363.0 66790.83
1364.0 66344.99
1365.0 67558.41
1366.0 67745.99
1367.0 68220.86
1368.0 68074.24
1369.0 67484.54
1370.0 67919.32
1371.0 67636.63
1372.0 64195.99
1373.0 65250.89
1374.0 66857.93
1375.0 53739.52
1376.0 67195.86
1377.0 66953.04
1378.0 66172.94
1379.0 66146.87
1380.0 66241.83
1381.0 66175.87
1382.0 66107.27
1383.0 64734.9
1384.0 63095.76
1385.0 64492.71
1386.0 64681.23
1387.0 64736.0
1388.0 62881.59
1389.0 39802.19
1390.0 35333.2
1391.0 37479.04
1392.0 44526.3
1393.0 55671.04
1394.0 73513.52
1395.0 73800.12
1396.0 67862.18
1397.0 62696.31
1398.0 43937.21
1399.0 36740.92
1400.0 38703.57
1401.0 46262.99
1402.0 58998.76
1403.0 81561.76
1404.0 74405.47
1405.0 69452.03
1406.0 65494.58
1407.0 64436.35
1408.0 63611.49
1409.0 62704.76
1410.0 62964.35
1411.0 62798.62
1412.0 63148.79
1413.0 62922.29
1414.0 62305.14
1415.0 61818.64
1416.0 61758.66
1417.0 38866.99
1418.0 56672.69
1419.0 60768.99
1420.0 59165.93
1421.0 60170.65
1422.0 59628.69
1423.0 59629.39
1424.0 52335.1
1425.0 57077.56
1426.0 60293.1
1427.0 60877.67
1428.0 57132.18
1429.0 53799.38
1430.0 59959.18
1431.0 59197.96
1432.0 58142.47
1433.0 58325.29
1434.0 57139.65
1435.0 59580.63
1436.0 58983.24
1437.0 60499.76
1438.0 59762.55
1439.0 58310.18
1440.0 59181.35
1441.0 59959.73
1442.0 58885.95
1443.0 59236.46
1444.0 60188.86
1445.0 58809.59
1446.0 58938.0
1447.0 59147.66
1448.0 59346.81
1449.0 59095.45
1450.0 59913.67
1451.0 56218.78
1452.0 53905.21
1453.0 57704.87
1454.0 57569.0
1455.0 54890.71
1456.0 57692.31
1457.0 58495.2
1458.0 57132.11
1459.0 57122.98
1460.0 56926.58
1461.0 57682.15
1462.0 57737.38
1463.0 57234.03
1464.0 57215.81
1465.0 55416.78
1466.0 56049.92
1467.0 55911.28
1468.0 55426.62
1469.0 45698.13
1470.0 43344.42
1471.0 55488.95
1472.0 55082.77
1473.0 55374.94
1474.0 55733.84
1475.0 55933.97
1476.0 55578.18
1477.0 55621.29
1478.0 54228.83
1479.0 55350.69
1480.0 55549.06
1481.0 55845.96
1482.0 55034.49
1483.0 54515.85
1484.0 53242.65
1485.0 54129.97
1486.0 54805.02
1487.0 55260.44
1488.0 55686.62
1489.0 55452.1
1490.0 55057.68
1491.0 54779.05
1492.0 54397.39
1493.0 54163.43
1494.0 53824.63
1495.0 54273.2
1496.0 54163.78
1497.0 52046.62
1498.0 51550.69
1499.0 48261.18
1500.0 51976.59
1501.0 52278.31
1502.0 50765.38
1503.0 51978.65
1504.0 49979.89
1505.0 52931.64
1506.0 53064.8
1507.0 53610.34
1508.0 53306.28
1509.0 49159.01
1510.0 52739.68
1511.0 44125.5
1512.0 47347.82
1513.0 50769.19
1514.0 52083.33
1515.0 47377.54
1516.0 48151.48
1517.0 49981.53
1518.0 49557.54
1519.0 47308.16
1520.0 51215.16
1521.0 50850.99
1522.0 52411.54
1523.0 53379.09
1524.0 45819.47
1525.0 41764.26
1526.0 48489.2
1527.0 47742.23
1528.0 48026.45
1529.0 50852.45
1530.0 42848.09
1531.0 37549.4
1532.0 45579.08
1533.0 46570.83
1534.0 48258.8
1535.0 50907.11
1536.0 47457.54
1537.0 48377.37
1538.0 48844.98
1539.0 43829.75
1540.0 50120.63
1541.0 43442.95
1542.0 39295.19
1543.0 43765.75
1544.0 39764.97
1545.0 38507.89
1546.0 35259.01
1547.0 33926.53
1548.0 38886.46
1549.0 41425.44
1550.0 39236.54
1551.0 48691.3
1552.0 51472.95
1553.0 47586.83
1554.0 50236.47
1555.0 50561.74
1556.0 36146.85
1557.0 34227.72
1558.0 46701.44
1559.0 45825.91
1560.0 43869.59
1561.0 41272.21
1562.0 42157.41
1563.0 46996.13
1564.0 44241.79
1565.0 46193.02
1566.0 46172.73
1567.0 45930.65
1568.0 36645.75
1569.0 40982.15
1570.0 47139.67
1571.0 39280.72
1572.0 45225.26
1573.0 46039.12
1574.0 45451.64
1575.0 37510.27
1576.0 47166.5
1577.0 41612.73
1578.0 42746.55
1579.0 47607.44
1580.0 41126.49
1581.0 43150.49
1582.0 46013.42
1583.0 41072.71
1584.0 43550.08
1585.0 39788.72
1586.0 43885.57
1587.0 45250.49
1588.0 46445.64
1589.0 47062.85
1590.0 44378.46
1591.0 45815.08
1592.0 43698.69
1593.0 46717.85
1594.0 44227.48
1595.0 43686.04
1596.0 44294.88
1597.0 44583.32
1598.0 45313.15
1599.0 46776.09
1600.0 44596.72
1601.0 32285.32
1602.0 37498.38
1603.0 38125.68
1604.0 44856.99
1605.0 45981.7
1606.0 41420.9
1607.0 44472.31
1608.0 45554.65
1609.0 43480.75
1610.0 38819.73
1611.0 41835.98
1612.0 41063.28
1613.0 44305.42
1614.0 42802.42
1615.0 45240.2
1616.0 46068.03
1617.0 45569.08
1618.0 45102.94
1619.0 41092.48
1620.0 36399.32
1621.0 38923.27
1622.0 40082.16
1623.0 37042.86
1624.0 39936.4
1625.0 44368.36
1626.0 43747.63
1627.0 43690.23
1628.0 44567.66
1629.0 41677.15
1630.0 41936.79
1631.0 32574.89
1632.0 30821.17
1633.0 42444.59
1634.0 41705.27
1635.0 42702.95
1636.0 42862.17
1637.0 43417.04
1638.0 40645.25
1639.0 43894.55
1640.0 33409.28
1641.0 44649.43
1642.0 45077.06
1643.0 45143.08
1644.0 45116.15
1645.0 41234.7
1646.0 44112.86
1647.0 40664.7
1648.0 43617.63
1649.0 43450.57
1650.0 42935.85
1651.0 43867.81
1652.0 42426.18
1653.0 38172.23
1654.0 39446.94
1655.0 41965.03
1656.0 40609.49
1657.0 32395.74
1658.0 39023.06
1659.0 41792.95
1660.0 42542.53
1661.0 39560.43
1662.0 35668.9
1663.0 41822.91
1664.0 41959.01
1665.0 40010.28
1666.0 39483.11
1667.0 41193.61
1668.0 36303.75
1669.0 40594.75
1670.0 41226.76
1671.0 35811.71
1672.0 37727.15
1673.0 35809.78
1674.0 39429.33
1675.0 42067.8
1676.0 37373.54
1677.0 38129.33
1678.0 41902.72
1679.0 41739.14
1680.0 42049.99
1681.0 41053.25
1682.0 39386.4
1683.0 40790.86
1684.0 40531.11
1685.0 41655.5
1686.0 39195.07
1687.0 40580.21
1688.0 39141.96
1689.0 40940.98
1690.0 38637.03
1691.0 38120.19
1692.0 40492.23
1693.0 40430.35
1694.0 38734.97
1695.0 35714.2
1696.0 37669.68
1697.0 39984.41
1698.0 38843.75
1699.0 37581.58
1700.0 39206.58
1701.0 38589.21
1702.0 34872.99
1703.0 39660.33
1704.0 37961.18
1705.0 36882.53
1706.0 36643.39
1707.0 30906.33
1708.0 34629.4
1709.0 38957.89
1710.0 37279.89
1711.0 37358.52
1712.0 35115.53
1713.0 30200.68
1714.0 37878.2
1715.0 36853.9
1716.0 31093.62
1717.0 34697.16
1718.0 31363.53
1719.0 34944.63
1720.0 36071.32
1721.0 33729.49
1722.0 35532.87
1723.0 34865.08
1724.0 34312.95
1725.0 29808.89
1726.0 35806.88
1727.0 38123.19
1728.0 38442.34
1729.0 37221.76
1730.0 38844.89
1731.0 35952.98
1732.0 37680.3
1733.0 36568.42
1734.0 36783.32
1735.0 36725.13
1736.0 36671.63
1737.0 38527.19
1738.0 33762.22
1739.0 30195.97
1740.0 35529.96
1741.0 34181.89
1742.0 32560.6
1743.0 37083.84
1744.0 32241.89
1745.0 33049.76
1746.0 37846.57
1747.0 32632.9
1748.0 36689.06
1749.0 34553.77
1750.0 35701.74
1751.0 36940.16
1752.0 34587.11
1753.0 27919.44
1754.0 35911.73
1755.0 36935.0
1756.0 36904.84
1757.0 36603.58
1758.0 34230.96
1759.0 33437.12
1760.0 32510.45
1761.0 29090.27
1762.0 34158.43
1763.0 34731.3
1764.0 31300.3
1765.0 36351.42
1766.0 36307.39
1767.0 36522.14
1768.0 34104.74
1769.0 32079.76
1770.0 27366.98
1771.0 35082.78
1772.0 30667.76
1773.0 33230.66
1774.0 34162.43
1775.0 30812.83
1776.0 26867.96
1777.0 34500.02
1778.0 35285.01
1779.0 34882.58
1780.0 34684.86
1781.0 35248.49
1782.0 34289.8
1783.0 31534.46
1784.0 34861.59
1785.0 34091.05
1786.0 34951.91
1787.0 33226.33
1788.0 32858.69
1789.0 33634.75
1790.0 33900.21
1791.0 29715.18
1792.0 30068.23
1793.0 32473.12
1794.0 33978.45
1795.0 32919.94
1796.0 35105.11
1797.0 33805.8
1798.0 32853.68
1799.0 34395.14
1800.0 31215.36
1801.0 34421.3
1802.0 34939.58
1803.0 34039.75
1804.0 34523.5
1805.0 33641.77
1806.0 34545.67
1807.0 33067.39
1808.0 30314.55
1809.0 33921.73
1810.0 34346.66
1811.0 33943.92
1812.0 29792.84
1813.0 29907.93
1814.0 33197.48
1815.0 33142.65
1816.0 25975.45
1817.0 30971.2
1818.0 34270.82
1819.0 32811.83
1820.0 30369.35
1821.0 29158.96
1822.0 29100.46
1823.0 30835.52
1824.0 31924.08
1825.0 31561.06
1826.0 29984.42
1827.0 29407.69
1828.0 32045.16
1829.0 33072.0
1830.0 27732.64
1831.0 31233.12
1832.0 32009.89
1833.0 31643.87
1834.0 32132.08
1835.0 30607.11
1836.0 32535.46
1837.0 32316.93
1838.0 30307.88
1839.0 32855.33
1840.0 28780.67
1841.0 31920.84
1842.0 30403.46
1843.0 28146.05
1844.0 28929.44
1845.0 29784.12
1846.0 30855.07
1847.0 30371.21
1848.0 30625.21
1849.0 25042.16
1850.0 22389.3
1851.0 30150.65
1852.0 31207.92
1853.0 28638.51
1854.0 24695.78
1855.0 25714.73
1856.0 30615.65
1857.0 31656.14
1858.0 26029.12
1859.0 26364.41
1860.0 20722.77
1861.0 30605.41
1862.0 31990.58
1863.0 27922.82
1864.0 29565.23
1865.0 30398.35
1866.0 30596.12
1867.0 29445.76
1868.0 31125.99
1869.0 31677.96
1870.0 29059.75
1871.0 30220.23
1872.0 30896.47
1873.0 30461.73
1874.0 30616.18
1875.0 30231.47
1876.0 31052.46
1877.0 30368.41
1878.0 27413.07
1879.0 31043.39
1880.0 29259.29
1881.0 26789.26
1882.0 24674.29
1883.0 25263.87
1884.0 25797.79
1885.0 22778.62
1886.0 26193.27
1887.0 24030.43
1888.0 27487.12
1889.0 24740.62
1890.0 23062.09
1891.0 21852.23
1892.0 23308.09
1893.0 24254.53
1894.0 22817.12
1895.0 22294.98
1896.0 25156.62
1897.0 28393.28
1898.0 28500.32
1899.0 22881.2
1900.0 27859.31
1901.0 22956.65
1902.0 24346.82
1903.0 26155.85
1904.0 26132.47
1905.0 29824.43
1906.0 29362.28
1907.0 29315.37
1908.0 29662.99
1909.0 29297.26
1910.0 28213.84
1911.0 29671.47
1912.0 29904.15
1913.0 26917.77
1914.0 23758.57
1915.0 24690.82
1916.0 25933.12
1917.0 28534.77
1918.0 25192.46
1919.0 26642.66
1920.0 28245.74
1921.0 28543.61
1922.0 26156.97
1923.0 17862.67
1924.0 23781.76
1925.0 28229.5
1926.0 24350.06
1927.0 27877.41
1928.0 25927.03
1929.0 24182.35
1930.0 22880.83
1931.0 17634.21
1932.0 23104.05
1933.0 28536.38
1934.0 29071.62
1935.0 28633.61
1936.0 23460.54
1937.0 24941.29
1938.0 23232.29
1939.0 17950.34
1940.0 18597.04
1941.0 26807.59
1942.0 28235.94
1943.0 28159.7
1944.0 27911.09
1945.0 28664.31
1946.0 28664.52
1947.0 27630.92
1948.0 26655.39
1949.0 27202.26
1950.0 25127.67
1951.0 16352.31
1952.0 24904.97
1953.0 22051.27
1954.0 19369.29
1955.0 22699.19
1956.0 22844.64
1957.0 21887.61
1958.0 24104.76
1959.0 26295.78
1960.0 27586.64
1961.0 25499.62
1962.0 27458.55
1963.0 25858.39
1964.0 24006.31
1965.0 27504.35
1966.0 26288.4
1967.0 27795.03
1968.0 26761.08
1969.0 27140.98
1970.0 26660.92
1971.0 27367.45
1972.0 26974.28
1973.0 27428.59
1974.0 27345.23
1975.0 27050.53
1976.0 25588.93
1977.0 26736.37
1978.0 27411.69
1979.0 24797.3
1980.0 25350.71
1981.0 27148.92
1982.0 25274.15
1983.0 25913.31
1984.0 23467.3
1985.0 24167.87
1986.0 26513.33
1987.0 23582.4
1988.0 25806.51
1989.0 26308.33
1990.0 23330.91
1991.0 24558.06
1992.0 17478.37
1993.0 19234.44
1994.0 20869.28
1995.0 25712.94
1996.0 26167.47
1997.0 26399.37
1998.0 26317.93
1999.0 22479.65
2000.0 20270.08
2001.0 20849.71
2002.0 19555.91
2003.0 22252.34
2004.0 24102.8
2005.0 23282.71
2006.0 21413.72
2007.0 24517.99
2008.0 25454.2
2009.0 25324.53
2010.0 26068.84
2011.0 24309.08
2012.0 22594.71
2013.0 20891.3
2014.0 22379.47
2015.0 25213.0
2016.0 24980.8
2017.0 25703.3
2018.0 24626.95
2019.0 25509.36
2020.0 25909.86
2021.0 25783.52
2022.0 25713.26
2023.0 24731.62
2024.0 24127.77
2025.0 25541.09
2026.0 22826.64
2027.0 25281.05
2028.0 25362.87
2029.0 24816.87
2030.0 24672.89
2031.0 25368.97
2032.0 25210.26
2033.0 22693.07
2034.0 21696.8
2035.0 20477.16
2036.0 23479.37
2037.0 23601.8
2038.0 21771.47
2039.0 23608.9
2040.0 18354.51
2041.0 18337.49
2042.0 22272.71
2043.0 24375.69
2044.0 23436.75
2045.0 22508.59
2046.0 22517.03
2047.0 22582.17
2048.0 23333.57
2049.0 24409.12
2050.0 23120.92
2051.0 24719.66
2052.0 24758.71
2053.0 23544.46
2054.0 23803.99
2055.0 23798.0
2056.0 22352.2
2057.0 20603.58
2058.0 22788.26
2059.0 23968.58
2060.0 24400.49
2061.0 23462.15
2062.0 18555.62
2063.0 21947.39
2064.0 24007.85
2065.0 24226.69
2066.0 22921.97
2067.0 23041.14
2068.0 22299.67
2069.0 21135.59
2070.0 23642.89
2071.0 17526.34
2072.0 21095.72
2073.0 24052.11
2074.0 23768.79
2075.0 23440.77
2076.0 23983.16
2077.0 22381.37
2078.0 21183.67
2079.0 23360.72
2080.0 23318.36
2081.0 22989.06
2082.0 23535.48
2083.0 22814.32
2084.0 21533.58
2085.0 17301.15
2086.0 21011.15
2087.0 23257.12
2088.0 23120.91
2089.0 23731.51
2090.0 20609.53
2091.0 15377.61
2092.0 18530.11
2093.0 22613.74
2094.0 22555.17
2095.0 22673.53
2096.0 22594.2
2097.0 22488.67
2098.0 21360.38
2099.0 22928.63
2100.0 18734.54
2101.0 21650.28
2102.0 23288.49
2103.0 23052.81
2104.0 21283.41
2105.0 23033.44
2106.0 23074.92
2107.0 20756.33
2108.0 14726.1
2109.0 19023.08
2110.0 21581.26
2111.0 22232.2
2112.0 22867.12
2113.0 22668.12
2114.0 20615.95
2115.0 20592.32
2116.0 22816.37
2117.0 20751.44
2118.0 21166.05
2119.0 21701.44
2120.0 22812.59
2121.0 22104.32
2122.0 22291.67
2123.0 22413.28
2124.0 21939.06
2125.0 22127.67
2126.0 22122.68
2127.0 22547.95
2128.0 22442.03
2129.0 22426.13
2130.0 22273.68
2131.0 21579.56
2132.0 21494.82
2133.0 22126.11
2134.0 22013.31
2135.0 21270.72
2136.0 20948.95
2137.0 21215.62
2138.0 21055.6
2139.0 22139.45
2140.0 21666.61
2141.0 21973.84
2142.0 21594.94
2143.0 21391.12
2144.0 21668.68
2145.0 20076.36
2146.0 22003.44
2147.0 20768.04
2148.0 21306.48
2149.0 21732.0
2150.0 21921.28
2151.0 21804.01
2152.0 21846.83
2153.0 20919.16
2154.0 21765.42
2155.0 21627.68
2156.0 21805.95
2157.0 21476.72
2158.0 21495.59
2159.0 21127.48
2160.0 21443.67
2161.0 21689.28
2162.0 19609.45
2163.0 21386.66
2164.0 21421.51
2165.0 20442.87
2166.0 20967.81
2167.0 20795.08
2168.0 20750.93
2169.0 21044.84
2170.0 21097.3
2171.0 21189.82
2172.0 21074.95
2173.0 21381.82
2174.0 20879.34
2175.0 21004.23
2176.0 20241.79
2177.0 20732.21
2178.0 20101.93
2179.0 21231.49
2180.0 19534.75
2181.0 19976.94
2182.0 20592.5
2183.0 20786.9
2184.0 20678.15
2185.0 20813.4
2186.0 20286.97
2187.0 20782.52
2188.0 20214.97
2189.0 20915.75
2190.0 20730.56
2191.0 20829.27
2192.0 20390.89
2193.0 19208.26
2194.0 20496.0
2195.0 20608.59
2196.0 20719.17
2197.0 20706.15
2198.0 20556.97
2199.0 20438.47
2200.0 20556.17
2201.0 19800.71
2202.0 19086.56
2203.0 20230.4
2204.0 19992.16
2205.0 20528.56
2206.0 20432.28
2207.0 19942.87
2208.0 20316.31
2209.0 19724.88
2210.0 20224.8
2211.0 18774.5
2212.0 19818.13
2213.0 19911.34
2214.0 19810.38
2215.0 19703.38
2216.0 19802.68
2217.0 19164.29
2218.0 19956.51
2219.0 19138.56
2220.0 19946.54
2221.0 18476.63
2222.0 19577.89
2223.0 19521.04
2224.0 19623.25
2225.0 18751.39
2226.0 19828.12
2227.0 18339.63
2228.0 18544.37
2229.0 19680.94
2230.0 19648.83
2231.0 19717.33
2232.0 19590.17
2233.0 19490.78
2234.0 19764.37
2235.0 19718.62
2236.0 19732.08
2237.0 19674.55
2238.0 19620.89
2239.0 19012.72
2240.0 19591.5
2241.0 19159.88
2242.0 18668.44
2243.0 19075.3
2244.0 19120.21
2245.0 18131.08
2246.0 19037.09
2247.0 19508.85
2248.0 18936.4
2249.0 18936.94
2250.0 18414.9
2251.0 18859.68
2252.0 19006.45
2253.0 19022.58
2254.0 18679.42
2255.0 18877.45
2256.0 18889.62
2257.0 18662.94
2258.0 18814.08
2259.0 19009.73
2260.0 18871.51
2261.0 18220.14
2262.0 18952.66
2263.0 18805.29
2264.0 18355.64
2265.0 18073.88
2266.0 18656.05
2267.0 18367.09
2268.0 18859.89
2269.0 18636.9
2270.0 18926.12
2271.0 17438.81
2272.0 18903.94
2273.0 18577.06
2274.0 18487.36
2275.0 18784.54
2276.0 18634.06
2277.0 17824.7
2278.0 17644.75
2279.0 17868.98
2280.0 18629.85
2281.0 18480.15
2282.0 18685.95
2283.0 18431.34
2284.0 18188.53
2285.0 18151.37
2286.0 18580.53
2287.0 18000.73
2288.0 18177.05
2289.0 18442.02
2290.0 18196.99
2291.0 18529.59
2292.0 18380.56
2293.0 18243.53
2294.0 17922.46
2295.0 18178.1
2296.0 18335.46
2297.0 17973.04
2298.0 17133.1
2299.0 16443.27
2300.0 18107.57
2301.0 17704.75
2302.0 17852.33
2303.0 18005.86
2304.0 17417.55
2305.0 18084.28
2306.0 17578.83
2307.0 17947.77
2308.0 17236.63
2309.0 17830.33
2310.0 18070.48
2311.0 17926.88
2312.0 16928.39
2313.0 16962.53
2314.0 17299.27
2315.0 17853.71
2316.0 17812.77
2317.0 17767.42
2318.0 16995.32
2319.0 16842.09
2320.0 16838.92
2321.0 17365.17
2322.0 17634.49
2323.0 16771.79
2324.0 17627.19
2325.0 16714.75
2326.0 16532.1
2327.0 16394.53
2328.0 16484.97
2329.0 17584.34
2330.0 17040.31
2331.0 17055.56
2332.0 15184.31
2333.0 17113.4
2334.0 17343.02
2335.0 16522.34
2336.0 17345.29
2337.0 16971.58
2338.0 17089.82
2339.0 16894.66
2340.0 16930.6
2341.0 16740.53
2342.0 16478.89
2343.0 16548.66
2344.0 16175.18
2345.0 15298.39
2346.0 14900.59
2347.0 16538.08
2348.0 16819.74
2349.0 14522.4
2350.0 16856.11
2351.0 16522.94
2352.0 16297.56
2353.0 16378.15
2354.0 16740.24
2355.0 16702.39
2356.0 15310.64
2357.0 16237.96
2358.0 16851.37
2359.0 16840.75
2360.0 16135.15
2361.0 14891.79
2362.0 16693.44
2363.0 16771.94
2364.0 16548.16
2365.0 16735.2
2366.0 16214.47
2367.0 16608.31
2368.0 16335.75
2369.0 16646.41
2370.0 16127.39
2371.0 16459.5
2372.0 16565.94
2373.0 16442.69
2374.0 16451.06
2375.0 16102.4
2376.0 14795.95
2377.0 16107.01
2378.0 16481.27
2379.0 16442.81
2380.0 14524.69
2381.0 16245.67
2382.0 16337.2
2383.0 14766.7
2384.0 14608.53
2385.0 15474.62
2386.0 16450.04
2387.0 15876.85
2388.0 15734.27
2389.0 15096.75
2390.0 16251.16
2391.0 15830.84
2392.0 15977.44
2393.0 16123.93
2394.0 16260.69
2395.0 15937.45
2396.0 15406.57
2397.0 16123.48
2398.0 15951.4
2399.0 16077.3
2400.0 13861.55
2401.0 14770.68
2402.0 15493.72
2403.0 14996.91
2404.0 16167.31
2405.0 15104.28
2406.0 15696.56
2407.0 15632.1
2408.0 15710.04
2409.0 15909.94
2410.0 15694.93
2411.0 14643.5
2412.0 15346.98
2413.0 15643.53
2414.0 14269.78
2415.0 15558.95
2416.0 15485.66
2417.0 14735.95
2418.0 15946.99
2419.0 15336.01
2420.0 15763.68
2421.0 15794.88
2422.0 15871.58
2423.0 15891.47
2424.0 15047.36
2425.0 14401.64
2426.0 15308.65
2427.0 15607.78
2428.0 14671.72
2429.0 14269.34
2430.0 14637.92
2431.0 14851.36
2432.0 15363.33
2433.0 14360.04
2434.0 15395.18
2435.0 14793.8
2436.0 15403.33
2437.0 14911.47
2438.0 13989.54
2439.0 15047.71
2440.0 14320.54
2441.0 15034.91
2442.0 15247.2
2443.0 15336.7
2444.0 15438.53
2445.0 14910.77
2446.0 15063.75
2447.0 14488.19
2448.0 13954.73
2449.0 15323.99
2450.0 14793.54
2451.0 14101.4
2452.0 14086.26
2453.0 15057.82
2454.0 14996.36
2455.0 14941.91
2456.0 15294.89
2457.0 15313.98
2458.0 15096.76
2459.0 15248.56
2460.0 14597.88
2461.0 14791.33
2462.0 13971.8
2463.0 14776.45
2464.0 14274.74
2465.0 14706.16
2466.0 14253.17
2467.0 14779.6
2468.0 15086.63
2469.0 13980.85
2470.0 14683.49
2471.0 14768.53
2472.0 14670.68
2473.0 14404.25
2474.0 13716.96
2475.0 14807.08
2476.0 14566.16
2477.0 14265.23
2478.0 14309.45
2479.0 14004.89
2480.0 13955.35
2481.0 14042.01
2482.0 14686.25
2483.0 13661.66
2484.0 14417.67
2485.0 13307.86
2486.0 14534.47
2487.0 13703.0
2488.0 14696.2
2489.0 14252.22
2490.0 14327.5
2491.0 14571.41
2492.0 13534.53
2493.0 14222.54
2494.0 12159.89
2495.0 14280.79
2496.0 14520.11
2497.0 14468.92
2498.0 14090.7
2499.0 14166.6
2500.0 14454.54
