WAVE FLUX
1000.04 2.7773777343938203e+39
1000.53 2.774307657731702e+39
1001.02 2.77041404763187e+39
1001.51 2.767161386449679e+39
1002.01 2.7366257071092906e+39
1002.5 2.759900793675316e+39
1002.99 2.755521987862901e+39
1003.48 2.75266682618245e+39
1003.97 2.746596580279888e+39
1004.46 2.729048739206534e+39
1004.96 2.739580649306504e+39
1005.45 2.7286485649296986e+39
1005.94 2.4578297379472763e+39
1006.43 2.7108966370662876e+39
1006.93 2.7194851951323603e+39
1007.42 2.7171054998120872e+39
1007.92 2.517514997950812e+39
1008.41 2.712408610154912e+39
1008.91 2.7064846835279673e+39
1009.4 2.703372068633935e+39
1009.9 2.627600663465544e+39
1010.39 2.23036203079022e+39
1010.89 2.690458424962267e+39
1011.38 2.573544875776671e+39
1011.88 2.6866732949551646e+39
1012.37 2.6774914940510947e+39
1012.87 2.3382309825355427e+39
1013.37 2.677281946520692e+39
1013.86 2.666356768422108e+39
1014.36 2.670878622025097e+39
1014.86 2.5804536142600976e+39
1015.36 2.6486876594089408e+39
1015.85 2.6574537691584674e+39
1016.35 2.655185955825139e+39
1016.85 2.6319899430108517e+39
1017.35 2.55998919714475e+39
1017.85 2.4109987245906774e+39
1018.35 2.6260430448281418e+39
1018.85 2.522506573060698e+39
1019.35 2.6312731929978656e+39
1019.85 2.6282443660344322e+39
1020.35 2.5827149488678008e+39
1020.85 2.59942063970504e+39
1021.35 2.387146324644216e+39
1021.85 1.9113283041367972e+39
1022.35 1.8125034117257374e+39
1022.85 1.794838279533559e+39
1023.35 1.714474539052251e+39
1023.85 1.5389046114970655e+39
1024.35 1.464201915789665e+39
1024.86 1.4061211504026174e+39
1025.36 5.388151243792408e+38
1025.86 5.072788240966728e+38
1026.37 1.4765036552687932e+39
1026.87 1.5168162819830004e+39
1027.37 1.512473695362785e+39
1027.88 1.456899040389086e+39
1028.38 1.440370728179637e+39
1028.89 1.4414847775336782e+39
1029.39 1.415406795929095e+39
1029.9 1.370616286611931e+39
1030.4 1.3374114623480145e+39
1030.91 1.3599767311486374e+39
1031.41 1.4278215329034805e+39
1031.92 1.5415928660610976e+39
1032.42 1.8310804770034574e+39
1032.93 1.8202299222971793e+39
1033.44 1.835140951147801e+39
1033.94 1.8559155801286806e+39
1034.45 1.9363413770259685e+39
1034.96 2.0181826648530867e+39
1035.46 1.9354412807230583e+39
1035.97 2.2716648838306207e+39
1036.48 2.3973195939709814e+39
1036.99 2.2174637336872856e+39
1037.5 2.833867324639473e+39
1038.01 3.6034470890040627e+39
1038.51 3.538543150975926e+39
1039.02 3.386219516587395e+39
1039.53 3.2515777179387554e+39
1040.04 3.1646135086842275e+39
1040.55 3.0684007520406994e+39
1041.06 2.984976086838072e+39
1041.57 2.901558873991976e+39
1042.08 2.842064535250405e+39
1042.59 2.7782376034857085e+39
1043.11 2.716028886889718e+39
1043.62 2.673268679793566e+39
1044.13 2.6302172446679445e+39
1044.64 2.5907146208959264e+39
1045.15 2.554268783832032e+39
1045.67 2.5223236783145187e+39
1046.18 2.4966814273484426e+39
1046.69 2.479369457599306e+39
1047.2 2.4672136331919133e+39
1047.72 2.4600768210543947e+39
1048.23 2.448747139028897e+39
1048.75 2.4527304441497925e+39
1049.26 2.4493496460950708e+39
1049.78 2.444172076636383e+39
1050.29 2.4426529941853712e+39
1050.81 2.439280468101146e+39
1051.32 2.4353589644338235e+39
1051.83 2.43362154446658e+39
1052.35 2.4304290283084627e+39
1052.87 2.4222873541624593e+39
1053.38 2.424786036812922e+39
1053.9 2.421438849086166e+39
1054.42 2.4184857881789418e+39
1054.93 2.4145997496966316e+39
1055.45 2.3327684675571727e+39
1055.97 2.3819401656564515e+39
1056.49 2.4057782532711732e+39
1057.01 2.4016873188872873e+39
1057.52 2.3984896374942527e+39
1058.04 2.3812031519522665e+39
1058.56 2.3930303632139228e+39
1059.08 2.386988661927294e+39
1059.6 2.3867074948524165e+39
1060.12 2.3551385979747938e+39
1060.64 2.3272445862003413e+39
1061.16 2.3644407779353402e+39
1061.68 2.3702481041813574e+39
1062.2 2.2983505186654563e+39
1062.72 1.6989980837605902e+39
1063.24 2.3433994938418276e+39
1063.76 2.3657123009185107e+39
1064.28 2.3594705160928143e+39
1064.81 2.3551314794692155e+39
1065.33 2.3522634062958214e+39
1065.85 2.3450891826595312e+39
1066.37 2.3462689462879742e+39
1066.9 2.3428691083081038e+39
1067.42 2.3400166101177835e+39
1067.94 2.2636321707986297e+39
1068.47 2.3344245329141405e+39
1068.99 2.3289623502836287e+39
1069.52 2.328312252693369e+39
1070.04 2.2958350752349106e+39
1070.56 2.322435006844881e+39
1071.09 2.317687778690327e+39
1071.61 2.3142299391530233e+39
1072.14 2.300400890932068e+39
1072.67 2.300867830638881e+39
1073.19 2.2951690607016696e+39
1073.72 2.2886914917873952e+39
1074.24 2.2925789203816468e+39
1074.77 2.2919400086927297e+39
1075.3 2.286836164359901e+39
1075.82 2.273073576148083e+39
1076.35 2.2889280588573248e+39
1076.88 2.2862441451701242e+39
1077.41 2.283668351991044e+39
1077.94 2.2790026158342218e+39
1078.47 2.2735116467694387e+39
1078.99 2.2160258375066915e+39
1079.52 2.2692828966319837e+39
1080.05 2.266831022174009e+39
1080.58 2.2339816251726794e+39
1081.11 2.2523531459338866e+39
1081.64 2.1919268669123322e+39
1082.17 2.250121648107021e+39
1082.7 2.251976944096789e+39
1083.23 2.244492387724231e+39
1083.77 2.241087133728369e+39
1084.3 2.2034002950995525e+39
1084.83 1.8589251743628164e+39
1085.36 2.2385075731281455e+39
1085.89 2.2310686868595193e+39
1086.43 2.2309068467259848e+39
1086.96 2.229521552076485e+39
1087.49 2.2245100476325255e+39
1088.02 2.2248641790842358e+39
1088.56 2.1756334404588834e+39
1089.09 2.2184807664282293e+39
1089.63 2.2107995651328242e+39
1090.16 2.2126753446969512e+39
1090.69 2.2068930000772892e+39
1091.23 2.1731683674200327e+39
1091.77 2.2039450883549174e+39
1092.3 2.1969254548731465e+39
1092.84 2.1955588093161917e+39
1093.37 2.1667311160063332e+39
1093.91 2.1927829950453397e+39
1094.44 2.1889616510466793e+39
1094.98 2.1835886410179024e+39
1095.52 2.1864913491718847e+39
1096.06 2.179773887803717e+39
1096.59 2.1792736053700907e+39
1097.13 2.1758714211050822e+39
1097.67 2.1736219213856292e+39
1098.21 2.1704782975567308e+39
1098.74 2.1675429802802656e+39
1099.28 2.1651535167245285e+39
1099.82 2.1587511006645737e+39
1100.36 2.159094561290269e+39
1100.9 2.1558736169184762e+39
1101.44 2.1531513659653685e+39
1101.98 2.1455536980525027e+39
1102.52 2.1474712712620185e+39
1103.06 2.138176330586638e+39
1103.6 2.141806787981116e+39
1104.15 2.13919664358853e+39
1104.69 2.1363983174328663e+39
1105.23 2.130326576503266e+39
1105.77 2.130617536881408e+39
1106.31 2.1276844335238525e+39
1106.85 2.1195459571787055e+39
1107.4 2.1218262620102115e+39
1107.94 1.462551553659325e+39
1108.48 1.966001416194131e+39
1109.03 2.1136506854199064e+39
1109.57 2.111466346397916e+39
1110.11 2.1075913959719947e+39
1110.66 2.0855070488981702e+39
1111.2 2.10043695195259e+39
1111.75 2.0943668937775407e+39
1112.29 2.0705736647359032e+39
1112.84 2.0932535112717773e+39
1113.39 2.091183264335729e+39
1113.93 2.0882571728110734e+39
1114.48 2.085139517147402e+39
1115.02 2.050604252933442e+39
1115.57 2.079113837475929e+39
1116.12 2.032469501109154e+39
1116.67 2.0716279324371425e+39
1117.21 2.0648422427571134e+39
1117.76 2.059727699752977e+39
1118.31 2.0608097141136064e+39
1118.86 2.0640220387805507e+39
1119.41 2.06160394868924e+39
1119.95 2.0594294694216186e+39
1120.5 2.055366196972545e+39
1121.05 2.0454844420993093e+39
1121.6 2.0490025612406766e+39
1122.15 2.0451479935219895e+39
1122.7 2.0437372413099925e+39
1123.25 2.041531726805515e+39
1123.8 1.6032606862535875e+39
1124.36 2.0364235150174856e+39
1124.91 2.0328271117536763e+39
1125.46 2.032265103535652e+39
1126.01 2.0290486569473508e+39
1126.56 2.0259768692489198e+39
1127.11 2.0235129735990087e+39
1127.67 2.019379692397414e+39
1128.22 1.6645676097216735e+39
1128.77 1.7459712828159324e+39
1129.33 1.9974871390753895e+39
1129.88 2.010862911223342e+39
1130.44 1.9994967846396824e+39
1130.99 1.9924458542783838e+39
1131.54 1.996059089678664e+39
1132.1 2.0008218604939085e+39
1132.65 1.997703405095768e+39
1133.21 1.9815897998878116e+39
1133.77 1.99334691322589e+39
1134.32 1.9849521042045798e+39
1134.88 1.9854031474247227e+39
1135.43 1.9854031312313445e+39
1135.99 1.9827141804027664e+39
1136.55 1.9802561061357466e+39
1137.1 1.9773064091731354e+39
1137.66 1.9736780065982524e+39
1138.22 1.969243386725123e+39
1138.78 1.9699179074792717e+39
1139.34 1.9397866971458375e+39
1139.9 1.9092862318961335e+39
1140.45 1.9616177267812318e+39
1141.01 1.9587828454920854e+39
1141.57 1.899064642578865e+39
1142.13 1.9503061854894617e+39
1142.69 1.9517364915368755e+39
1143.25 1.9489170433698272e+39
1143.81 1.9451201434421975e+39
1144.38 1.9289004977709314e+39
1144.94 1.9165969903825872e+39
1145.5 1.9386997974579155e+39
1146.06 1.93612222235879e+39
1146.62 1.9335925943492327e+39
1147.18 1.9314650368111812e+39
1147.75 1.9291147910882383e+39
1148.31 1.9254021743868122e+39
1148.87 1.8997008215237555e+39
1149.44 1.9096121548414814e+39
1150.0 1.8878417241722697e+39
1150.0 1.8878417241722697e+39
1150.3 1.9108968582782887e+39
1150.6 1.91573762749181e+39
1150.89 1.9147017300643686e+39
1151.19 1.911425678267176e+39
1151.49 1.9121414967951665e+39
1151.79 1.910709358394757e+39
1152.09 1.909409691956958e+39
1152.39 1.9074109597341526e+39
1152.69 1.8775252179773437e+39
1152.98 1.905651222994834e+39
1153.28 1.904398917620909e+39
1153.58 1.9029732007499946e+39
1153.88 1.9015485932514265e+39
1154.18 1.8999508084983303e+39
1154.48 1.8977015327940868e+39
1154.78 1.8928054140763955e+39
1155.08 1.8955134696070876e+39
1155.38 1.894051223096389e+39
1155.68 1.893154428441988e+39
1155.98 1.8428852807483294e+39
1156.28 1.8902349075144922e+39
1156.57 1.888650792591266e+39
1156.88 1.8869738619986063e+39
1157.18 1.88525902257673e+39
1157.47 1.8801405332414253e+39
1157.78 1.8721070608637905e+39
1158.07 1.859760883015986e+39
1158.38 1.871922751351437e+39
1158.68 1.857230441585016e+39
1158.97 1.8448137088359334e+39
1159.28 1.878892180545335e+39
1159.58 1.8648718674554352e+39
1159.88 1.8759094541983993e+39
1160.18 1.8735605080535612e+39
1160.48 1.782517611006074e+39
1160.78 1.8722171369542503e+39
1161.08 1.8708166451592698e+39
1161.38 1.869460270220064e+39
1161.68 1.8679764179787852e+39
1161.98 1.8034750512724123e+39
1162.28 1.865996207695994e+39
1162.58 1.864600734304312e+39
1162.89 1.8632880535145575e+39
1163.19 1.832291683702186e+39
1163.49 1.8603317745338748e+39
1163.79 1.8586849763294948e+39
1164.09 1.846255838243798e+39
1164.39 1.8313051202316032e+39
1164.7 1.8543450289928648e+39
1165.0 1.8373475378956367e+39
1165.3 1.851318427060779e+39
1165.6 1.797463285711309e+39
1165.9 1.801728550959432e+39
1166.21 1.8475890787698417e+39
1166.51 1.8474358360000275e+39
1166.81 1.8385780959878318e+39
1167.11 1.8445478452930295e+39
1167.42 1.8324624759697738e+39
1167.72 1.6088576420716235e+39
1168.02 1.8400310980033758e+39
1168.32 1.8396677849608817e+39
1168.63 1.7935771809955154e+39
1168.93 1.3302009284935482e+39
1169.23 1.8351635624542558e+39
1169.54 1.82665483720817e+39
1169.84 1.8325019948690346e+39
1170.14 1.830586861933058e+39
1170.44 1.8172637521346654e+39
1170.75 1.8277226474885044e+39
1171.05 1.7590058836396728e+39
1171.35 1.8259129801510442e+39
1171.66 1.8187397945742777e+39
1171.96 1.7931284745766398e+39
1172.27 1.822066617259219e+39
1172.57 1.7997060526075045e+39
1172.87 1.8188864622550612e+39
1173.18 1.8169825791257355e+39
1173.48 1.8142522601812953e+39
1173.79 1.797292238469727e+39
1174.09 1.8160304889250247e+39
1174.4 1.8128408943532565e+39
1174.7 1.8092042361265964e+39
1175.0 1.2776455744013254e+39
1175.31 1.2682177160924737e+39
1175.61 1.2688398193011584e+39
1175.92 1.2802539534702185e+39
1176.22 1.7507327336946482e+39
1176.53 1.7811467302882038e+39
1176.83 1.7989734464209485e+39
1177.14 1.7996469977156203e+39
1177.44 1.7984268470160307e+39
1177.75 1.7976572820686597e+39
1178.05 1.7968504366932693e+39
1178.36 1.791558102261595e+39
1178.66 1.7965106733762325e+39
1178.97 1.790028993964955e+39
1179.27 1.7942368411086307e+39
1179.58 1.7928526764570566e+39
1179.89 1.788679141210703e+39
1180.19 1.790091199882824e+39
1180.5 1.782733657782697e+39
1180.8 1.7881946716012825e+39
1181.11 1.7869791278111682e+39
1181.42 1.779552893496266e+39
1181.72 1.7799782272359317e+39
1182.03 1.78342296478493e+39
1182.33 1.7820100635432693e+39
1182.64 1.751608811909605e+39
1182.95 1.5456202530934674e+39
1183.25 1.777282359720087e+39
1183.56 1.7769704835285838e+39
1183.87 1.7758443424184006e+39
1184.17 1.7735023834178866e+39
1184.48 1.3872574433927938e+39
1184.79 1.764730947771276e+39
1185.09 1.7712738106939133e+39
1185.4 1.7569329299745168e+39
1185.71 1.7685440049550795e+39
1186.02 1.766532724627178e+39
1186.32 1.7659839351133925e+39
1186.63 1.754418731266477e+39
1186.94 1.7586609738767503e+39
1187.25 1.7617420422635316e+39
1187.56 1.7601017885401317e+39
1187.86 1.758547149376449e+39
1188.17 1.7571516041492454e+39
1188.48 1.74880866899241e+39
1188.79 1.7547260049344084e+39
1189.09 1.7516499460792008e+39
1189.4 1.7486561041203545e+39
1189.71 1.750917017973441e+39
1190.02 1.7494877303861443e+39
1190.33 1.7438176561985487e+39
1190.64 1.7465126797538083e+39
1190.94 1.7448105282376344e+39
1191.25 1.69387669628744e+39
1191.56 1.74404091648011e+39
1191.87 1.7425775411758008e+39
1192.18 1.7409558130790664e+39
1192.49 1.7325716740492083e+39
1192.8 1.7386335616682273e+39
1193.11 1.731411246207405e+39
1193.42 1.7359962707007022e+39
1193.73 1.731600606414434e+39
1194.04 1.7330850642868537e+39
1194.34 1.7320316336424473e+39
1194.65 1.73042019636076e+39
1194.96 1.7290876904786453e+39
1195.27 1.726726974473044e+39
1195.58 1.7228288923421965e+39
1195.89 1.7224100838968746e+39
1196.2 1.6417605680727282e+39
1196.51 1.717710341601592e+39
1196.82 1.7166631162694083e+39
1197.13 1.7119245201321424e+39
1197.44 1.7134315049045153e+39
1197.75 1.679660846199711e+39
1198.06 1.7052747484778743e+39
1198.38 1.7009933798067832e+39
1198.69 1.7079229053720512e+39
1199.0 1.709779136858446e+39
1199.31 1.7102258119104737e+39
1199.62 1.7062872855864992e+39
1199.93 1.704465975033741e+39
1200.24 1.6938509212237536e+39
1200.55 1.7051228553852534e+39
1200.86 1.69994964577001e+39
1201.17 1.7024219981596864e+39
1201.48 1.7011901917254792e+39
1201.8 1.6994886355810256e+39
1202.11 1.6066138910682823e+39
1202.42 1.697224827047633e+39
1202.73 1.6959969415153123e+39
1203.04 1.6946923082557673e+39
1203.35 1.6903257689820283e+39
1203.67 1.6921992821239664e+39
1203.98 1.6896968907926977e+39
1204.29 1.683452039466046e+39
1204.6 1.6890331162778162e+39
1204.92 1.6878084393010156e+39
1205.23 1.685699182297862e+39
1205.54 1.671675144606787e+39
1205.85 1.6824908644526974e+39
1206.16 1.681813759600755e+39
1206.48 1.334369587415341e+39
1206.79 1.67953334160325e+39
1207.1 1.678165192214166e+39
1207.42 1.675604306659524e+39
1207.73 1.675505973763259e+39
1208.04 1.6731440965627607e+39
1208.35 1.6722409515406413e+39
1208.67 1.66854119296397e+39
1208.98 1.6697048422600656e+39
1209.29 1.668497224896333e+39
1209.61 1.6651874225210026e+39
1209.92 1.6653181947753687e+39
1210.23 1.6625131206265292e+39
1210.55 1.642872728042377e+39
1210.86 1.6615905608353535e+39
1211.18 1.6593589830313444e+39
1211.49 1.4259791106453292e+39
1211.8 1.657643710411607e+39
1212.12 1.6561004665108904e+39
1212.43 1.654378525329276e+39
1212.75 1.6463932721800882e+39
1213.06 1.5784308970732153e+39
1213.38 1.6507270140518595e+39
1213.69 1.6450599514064077e+39
1214.0 1.6443780636168004e+39
1214.32 1.6450879054825947e+39
1214.63 1.6427869024676628e+39
1214.95 1.6362078035855805e+39
1215.26 9.699251946294379e+38
1215.58 9.903824772436243e+38
1215.89 1.0654090317491908e+39
1216.21 1.6472090090679103e+39
1216.52 1.6447593212872814e+39
1216.84 1.6215846829077433e+39
1217.15 1.6128864884760076e+39
1217.47 1.6422439055204212e+39
1217.79 1.5679173955563876e+39
1218.1 1.6411181589484553e+39
1218.42 1.6103380238720966e+39
1218.73 1.577551740902766e+39
1219.05 1.631046215246307e+39
1219.36 1.6396262356486727e+39
1219.68 1.6390022010881523e+39
1220.0 1.618442089853104e+39
1220.31 1.5922171128349266e+39
1220.63 1.6370945784596323e+39
1220.94 1.4863866821949914e+39
1221.26 1.5554061942293058e+39
1221.58 1.6365300220219098e+39
1221.9 1.6341773560533243e+39
1222.21 1.6298123889136136e+39
1222.53 1.6339245709839225e+39
1222.84 1.4674223605118117e+39
1223.16 1.587183844963082e+39
1223.48 1.632924728165947e+39
1223.8 1.5731489670345218e+39
1224.11 1.6329722035468884e+39
1224.43 1.6325592006507378e+39
1224.75 1.632171550386768e+39
1225.06 1.6319516292982452e+39
1225.38 1.6310810016322394e+39
1225.7 1.608751727095987e+39
1226.02 1.6238919824869487e+39
1226.34 1.619910252415504e+39
1226.65 1.6025282717309548e+39
1226.97 1.569278988215705e+39
1227.29 1.5155903774333308e+39
1227.61 1.4559409925523576e+39
1227.93 1.359504429016014e+39
1228.24 1.346750347558731e+39
1228.56 1.2234273619292703e+39
1228.88 1.2915428805144815e+39
1229.2 1.2881012461521386e+39
1229.52 1.2817358390271004e+39
1229.84 1.2712404298077359e+39
1230.16 1.2884941085529651e+39
1230.47 1.1626187524718237e+39
1230.79 1.2672595608377817e+39
1231.11 1.2720489241159525e+39
1231.43 1.250847482908235e+39
1231.75 1.2486642734890568e+39
1232.07 1.240515771235091e+39
1232.39 1.232539683045459e+39
1232.71 1.235295983142388e+39
1233.03 1.238897272159752e+39
1233.35 1.2453909221854522e+39
1233.67 1.2545402858576937e+39
1233.99 1.2623719080344215e+39
1234.31 1.271040238414155e+39
1234.63 1.2671401668146731e+39
1234.95 1.2905219520397998e+39
1235.27 1.2976900277490277e+39
1235.59 1.3019914581837744e+39
1235.91 1.3061007562076975e+39
1236.23 1.3154491591423195e+39
1236.55 1.325065557740372e+39
1236.87 1.3383717925140126e+39
1237.19 1.3558601999976833e+39
1237.51 1.3806501434741818e+39
1237.83 1.4086466496105976e+39
1238.15 1.445458588717517e+39
1238.47 1.4781570090851782e+39
1238.79 1.2493023474320714e+39
1239.11 1.7349983629265982e+39
1239.44 1.723084206522358e+39
1239.76 1.7044536611763477e+39
1240.08 1.605678807343956e+39
1240.4 1.6749365661457966e+39
1240.72 1.6570593394182452e+39
1241.04 1.6391641621009162e+39
1241.36 1.6223680931040687e+39
1241.69 1.6065953883932434e+39
1242.01 1.6078880292929994e+39
1242.33 1.6334334488571066e+39
1242.65 1.613810373729263e+39
1242.97 1.9902607863110444e+39
1243.3 1.9618989846498576e+39
1243.62 1.926791242750675e+39
1243.94 1.8925596696997876e+39
1244.26 1.8541656412991883e+39
1244.58 1.8348364604677998e+39
1244.91 1.811735401638928e+39
1245.23 1.787254396626026e+39
1245.55 1.774734909006723e+39
1245.88 1.7588774480783232e+39
1246.2 1.7428540420233698e+39
1246.52 1.732988459299374e+39
1246.84 1.651438099031201e+39
1247.17 1.7091658683751502e+39
1247.49 1.4343369926124957e+39
1247.81 1.67296417096282e+39
1248.14 1.5746987305493568e+39
1248.46 1.6517777935004673e+39
1248.79 1.6571133900232827e+39
1249.11 1.6492211077706e+39
1249.43 1.635996323345147e+39
1249.76 1.6362588371552407e+39
1250.08 1.6274926333372835e+39
1250.4 1.5551534068773273e+39
1250.73 1.570762379817618e+39
1251.05 1.5995865833842988e+39
1251.38 1.6126106211285386e+39
1251.7 1.6087795352532476e+39
1252.03 1.60599815884299e+39
1252.35 1.6017643687381215e+39
1252.68 1.5855328698078004e+39
1253.0 1.5442683193507745e+39
1253.32 1.5896148723878147e+39
1253.65 1.3660857518668175e+39
1253.97 1.5641038824537996e+39
1254.3 1.5904705842379412e+39
1254.62 1.5893839472148637e+39
1254.95 1.582213286374232e+39
1255.27 1.566034246882358e+39
1255.6 1.5861550657947135e+39
1255.93 1.5863388908447517e+39
1256.25 1.5858504191782073e+39
1256.58 1.556193417309357e+39
1256.9 1.584225691920541e+39
1257.23 1.5817372630308422e+39
1257.55 1.576960773717856e+39
1257.88 1.574886425018687e+39
1258.2 1.582341800743808e+39
1258.53 1.5811232539617618e+39
1258.86 1.4528398370788164e+39
1259.18 1.5795108754219998e+39
1259.51 1.5785732384376582e+39
1259.84 1.577464340955228e+39
1260.16 1.5712193746621257e+39
1260.49 1.5756543205527447e+39
1260.82 1.50670016200758e+39
1261.14 1.560772192886908e+39
1261.47 1.5758764142271733e+39
1261.8 1.5528596971201767e+39
1262.12 1.5748776698255913e+39
1262.45 1.573996242046628e+39
1262.78 1.5735621731810076e+39
1263.11 1.5726826578489094e+39
1263.43 1.5675853612378093e+39
1263.76 1.571533765168668e+39
1264.09 1.5708625141469135e+39
1264.42 1.5640140236480442e+39
1264.74 1.5677023136765163e+39
1265.07 1.5687414472582124e+39
1265.4 1.5676640676520966e+39
1265.73 1.5480951655020778e+39
1266.06 1.398009348579159e+39
1266.38 1.5228911767128447e+39
1266.71 1.5664786754653652e+39
1267.04 1.5650446819292725e+39
1267.37 1.55609094001371e+39
1267.7 1.5646283620201285e+39
1268.03 1.5641149090534715e+39
1268.35 1.5635250031966258e+39
1268.68 1.5628092487870756e+39
1269.01 1.5607732409697327e+39
1269.34 1.557761282448777e+39
1269.67 1.5612763709955184e+39
1270.0 1.5569484948660833e+39
1270.33 1.5385040452768454e+39
1270.66 1.521407866677188e+39
1270.99 1.554511592160099e+39
1271.32 1.5575591200337593e+39
1271.65 1.5553841557837737e+39
1271.97 1.4746101531545456e+39
1272.31 1.5574020009204218e+39
1272.63 1.5526666214254205e+39
1272.96 1.5554720680092882e+39
1273.29 1.5400025057245602e+39
1273.62 1.5396566022303957e+39
1273.95 1.552062880964037e+39
1274.28 1.5467934635810403e+39
1274.61 1.5528929411741317e+39
1274.94 1.5523876905562574e+39
1275.28 1.5514222285489633e+39
1275.61 1.5509183244360628e+39
1275.94 1.5500471496415308e+39
1276.27 1.5489432232640488e+39
1276.6 1.5463401227097624e+39
1276.93 1.336024809504735e+39
1277.26 1.5203246903480196e+39
1277.59 1.547306042053776e+39
1277.92 1.5462067781830313e+39
1278.25 1.3849372664086868e+39
1278.58 1.5460077858950642e+39
1278.92 1.5245740824625035e+39
1279.25 1.544519662907504e+39
1279.58 1.543934558572705e+39
1279.91 1.5435491703906653e+39
1280.24 1.5427993402020383e+39
1280.57 1.5406923775188087e+39
1280.91 1.541408978146611e+39
1281.24 1.5311633740503326e+39
1281.57 1.5388573637146437e+39
1281.9 1.5103545644606977e+39
1282.23 1.522860450001388e+39
1282.57 1.5372260715159175e+39
1282.9 1.5342111395451838e+39
1283.23 1.5361582389978263e+39
1283.56 1.535631887467202e+39
1283.9 1.5162872141980967e+39
1284.23 1.4849960708809473e+39
1284.56 1.5316332469433637e+39
1284.9 1.532068573995818e+39
1285.23 1.5207336558007004e+39
1285.56 1.5308922935614035e+39
1285.9 1.4936584567776515e+39
1286.23 1.4351992502262352e+39
1286.56 1.530219068731905e+39
1286.9 1.5272869007662112e+39
1287.23 1.5297410655556774e+39
1287.56 1.5180652848922913e+39
1287.9 1.527845297832572e+39
1288.23 1.4871314050030992e+39
1288.56 1.526857522343983e+39
1288.9 1.5214740181234032e+39
1289.23 1.5252591227674153e+39
1289.57 1.5236187437563302e+39
1289.9 1.5222020606275627e+39
1290.23 1.5234172649477344e+39
1290.57 1.5225597800530935e+39
1290.9 1.5216969610814397e+39
1291.24 1.5143406710960912e+39
1291.57 1.51587297930836e+39
1291.91 1.5200802559127088e+39
1292.24 1.5186854302338725e+39
1292.58 1.5186237174769095e+39
1292.91 1.5179098289012435e+39
1293.25 1.5141378606959666e+39
1293.58 1.5162964029645776e+39
1293.92 1.5140437502125106e+39
1294.25 1.5146864403672477e+39
1294.59 1.3137358497715806e+39
1294.92 1.512854782107344e+39
1295.26 1.4559463686923517e+39
1295.59 1.5077241823091056e+39
1295.93 1.510676514063784e+39
1296.27 1.435561092979519e+39
1296.6 1.4430430882041276e+39
1296.94 1.422601473387607e+39
1297.28 1.5083679306101613e+39
1297.61 1.437887742321706e+39
1297.95 1.507597981351442e+39
1298.28 1.507162921731109e+39
1298.62 1.5065097995490496e+39
1298.96 1.2792105389635954e+39
1299.29 1.504976878172111e+39
1299.63 1.5043257894983677e+39
1299.97 1.5035797534587166e+39
1300.3 1.5028229540233634e+39
1300.64 1.4834153862430358e+39
1300.98 1.4589458071494987e+39
1301.32 1.5002100102720445e+39
1301.65 1.49071106919502e+39
1301.99 1.499218613776717e+39
1302.33 1.4984246706363394e+39
1302.67 1.494878461872013e+39
1303.0 1.496549715173732e+39
1303.34 1.3193201055266611e+39
1303.68 1.4956948243118026e+39
1304.02 1.4949045567350718e+39
1304.35 1.494173580458754e+39
1304.69 1.4933150630216532e+39
1305.03 1.4928902772190895e+39
1305.37 1.4902616207727298e+39
1305.71 1.470417094001834e+39
1306.05 1.40032463856695e+39
1306.38 1.4898691999671332e+39
1306.72 1.4828323539200764e+39
1307.06 1.4882395573135654e+39
1307.4 1.41197826342768e+39
1307.74 1.486519163051835e+39
1308.08 1.4854724195977337e+39
1308.42 1.4823638273067397e+39
1308.76 1.4618345772584304e+39
1309.09 1.4835733336370786e+39
1309.43 1.4815422246096816e+39
1309.77 1.4757198871099264e+39
1310.11 1.4656944453862032e+39
1310.45 1.4806348313029543e+39
1310.79 1.4796683334958846e+39
1311.13 1.450045711171553e+39
1311.47 1.478826877256099e+39
1311.81 1.3998273332135107e+39
1312.15 1.477520538631365e+39
1312.49 1.4759990770320716e+39
1312.83 1.4760613343309015e+39
1313.17 1.475286232905992e+39
1313.51 1.4736929104407195e+39
1313.85 1.4740768203168868e+39
1314.19 1.4733462127476e+39
1314.53 1.447615914570526e+39
1314.88 1.470561778132231e+39
1315.22 1.470945216622556e+39
1315.56 1.4621261723782427e+39
1315.9 1.4620789621797916e+39
1316.24 1.4689484782541936e+39
1316.58 1.4682840298607698e+39
1316.92 1.4658667649905195e+39
1317.26 1.4665569848043237e+39
1317.6 1.4632847360306252e+39
1317.94 1.4638378381735785e+39
1318.29 1.4388592634959567e+39
1318.63 1.459183555321756e+39
1318.97 1.46288610308013e+39
1319.31 1.4452599247866323e+39
1319.65 1.4599457409711972e+39
1320.0 1.460406384099087e+39
1320.34 1.421514409586411e+39
1320.68 1.4032506438498806e+39
1321.02 1.4581750470518098e+39
1321.36 1.3407171251319447e+39
1321.71 1.4565309299627124e+39
1322.05 1.4559522816939462e+39
1322.39 1.4552376521230376e+39
1322.74 1.4542217932278605e+39
1323.08 1.4505947686126037e+39
1323.42 1.452674463365726e+39
1323.76 1.451325455396629e+39
1324.11 1.4488298169760977e+39
1324.45 1.435208537129603e+39
1324.79 1.4482586862152475e+39
1325.14 1.4489133253663446e+39
1325.48 1.4479323595032143e+39
1325.82 1.4231869808515758e+39
1326.17 1.446428507364334e+39
1326.51 1.424888962096713e+39
1326.85 1.4406677896946318e+39
1327.2 1.442089367763241e+39
1327.54 1.4431790949899207e+39
1327.89 1.4375712165551833e+39
1328.23 1.4407885892040698e+39
1328.58 1.4395664138530062e+39
1328.92 1.437504653274832e+39
1329.27 1.4158594659033625e+39
1329.61 1.4385697730467664e+39
1329.95 1.43692951882394e+39
1330.3 1.432814962672383e+39
1330.64 1.4353311920785574e+39
1330.99 1.3225182404188435e+39
1331.33 1.4041233904305795e+39
1331.68 1.3591539807679216e+39
1332.02 1.4297128817114166e+39
1332.37 1.387634477595391e+39
1332.71 1.4319348953551862e+39
1333.06 1.4308284092371776e+39
1333.41 1.4296041935871964e+39
1333.75 1.429419874088915e+39
1334.1 1.4276927339551074e+39
1334.44 1.3897312175393104e+39
1334.79 1.4268522993038925e+39
1335.13 1.426075976898911e+39
1335.48 1.425297370570765e+39
1335.83 1.4081336683798367e+39
1336.17 1.398718266011746e+39
1336.52 1.4225915168878844e+39
1336.86 1.3277928550296476e+39
1337.21 1.4199361839946528e+39
1337.56 1.4163316167974872e+39
1337.91 1.41737703298087e+39
1338.25 1.418657347330652e+39
1338.6 7.721655497290656e+38
1338.94 1.4177468120939064e+39
1339.29 1.4169692442444726e+39
1339.64 1.3825699652046768e+39
1339.99 1.415261758756922e+39
1340.33 1.394741506211805e+39
1340.68 1.4139478069112734e+39
1341.03 1.4092701017219065e+39
1341.38 1.4119634858983144e+39
1341.72 1.411176529117897e+39
1342.07 1.4098360671843254e+39
1342.42 1.4015142973645933e+39
1342.77 1.4061405867720974e+39
1343.11 1.3302228359069479e+39
1343.46 7.748931177349159e+38
1343.81 1.4039714129733413e+39
1344.16 1.4054008210973182e+39
1344.51 1.4053423969751237e+39
1344.86 1.4041482784613826e+39
1345.21 1.4033910239264955e+39
1345.55 1.362514044230492e+39
1345.9 1.4018775635702374e+39
1346.25 1.399326674449843e+39
1346.6 1.3995277529523778e+39
1346.95 1.3999025312701915e+39
1347.3 1.3796884196830633e+39
1347.65 1.396691146733865e+39
1348.0 1.3858260788188724e+39
1348.35 1.3972374124368688e+39
1348.7 1.3964569387421195e+39
1349.05 1.3944856072774964e+39
1349.4 1.394444518115701e+39
1349.74 1.3938558719434797e+39
1350.09 1.3469588261195753e+39
1350.44 1.3905256933929842e+39
1350.8 1.3915194615886327e+39
1351.15 1.341958908094467e+39
1351.49 1.2996036703959544e+39
1351.84 1.3882706625785877e+39
1352.2 1.388431509964556e+39
1352.55 1.3876753878132245e+39
1352.9 1.3789061855908356e+39
1353.25 1.3861649420059663e+39
1353.6 1.3853161197568508e+39
1353.95 1.384553666700749e+39
1354.3 1.3838203427090694e+39
1354.65 1.3830305534768078e+39
1355.0 1.380675362732597e+39
1355.35 1.3716126749169696e+39
1355.7 1.377993467699787e+39
1356.06 1.3591009643954042e+39
1356.41 1.377274425381354e+39
1356.76 1.3783054301207678e+39
1357.11 1.3295933912720336e+39
1357.46 1.3765085876443268e+39
1357.81 1.3609702769706036e+39
1358.17 1.3741424395125734e+39
1358.52 1.3451606945751807e+39
1358.87 1.3721996310746732e+39
1359.22 1.358667980658425e+39
1359.57 1.3718119973153614e+39
1359.93 1.3694191586220224e+39
1360.28 1.370071244344258e+39
1360.63 1.3687232870218444e+39
1360.98 1.3680801603332995e+39
1361.34 1.347498151299342e+39
1361.69 1.284735217263597e+39
1362.04 1.3653113329546692e+39
1362.4 1.363798278394415e+39
1362.75 1.3609644226001108e+39
1363.1 1.2240073302870433e+39
1363.46 1.348546167946772e+39
1363.81 1.3344289643184341e+39
1364.16 1.345523088960454e+39
1364.52 1.3396811076902792e+39
1364.87 1.3020281688530387e+39
1365.22 1.3249886594900824e+39
1365.58 1.1738260165605451e+39
1365.93 1.3007978065947512e+39
1366.29 1.291378211153267e+39
1366.64 1.275965280465214e+39
1366.99 1.2588648361991657e+39
1367.35 1.244647438303237e+39
1367.7 1.2270531827782514e+39
1368.06 1.2097919681942696e+39
1368.41 1.1979957617487391e+39
1368.77 1.1910539563397837e+39
1369.12 1.1875051720314375e+39
1369.48 1.1907427384239146e+39
1369.83 1.200659223038285e+39
1370.19 1.2120155137913056e+39
1370.54 1.2318458281217288e+39
1370.9 1.2078577131216926e+39
1371.25 1.08318083532427e+39
1371.61 1.4543204982843738e+39
1371.96 1.370106789630354e+39
1372.32 1.42243843169698e+39
1372.67 1.3827437239327633e+39
1373.03 1.392542874871651e+39
1373.39 1.3834786356326556e+39
1373.74 1.2657642039183876e+39
1374.1 1.2443047179359333e+39
1374.45 1.3544630436374346e+39
1374.81 1.2957893602459525e+39
1375.17 1.3483144560678186e+39
1375.52 1.3446331193132266e+39
1375.88 1.341072870838416e+39
1376.23 1.3236979828008959e+39
1376.59 1.3376918118600332e+39
1376.95 1.3362772513649645e+39
1377.31 1.3346188194115586e+39
1377.66 1.3145185842838652e+39
1378.02 1.322010648101797e+39
1378.38 1.3313725061033725e+39
1378.73 1.3233249847846156e+39
1379.09 1.2854646655841517e+39
1379.45 1.325343922262516e+39
1379.81 1.3278731044520797e+39
1380.16 1.2434731396888878e+39
1380.52 1.3263448941932995e+39
1380.88 1.3255641542353839e+39
1381.24 1.323971814972693e+39
1381.6 1.2966653596794456e+39
1381.95 1.3232780067833635e+39
1382.31 1.3219859704718133e+39
1382.67 1.3217743636614983e+39
1383.03 1.3207537605827207e+39
1383.39 1.3200843622764927e+39
1383.75 1.3181774453562726e+39
1384.1 1.28190833517064e+39
1384.46 1.314722638478364e+39
1384.82 1.3162836725975987e+39
1385.18 1.3154562584558781e+39
1385.54 1.3146526574909192e+39
1385.9 1.3139031739707988e+39
1386.26 1.303156742065979e+39
1386.62 1.3122988650788661e+39
1386.98 1.310028161889622e+39
1387.34 1.2909899068069225e+39
1387.7 1.309977255233277e+39
1388.06 1.2835081505778355e+39
1388.42 1.3038825058114285e+39
1388.78 1.3078741575333092e+39
1389.14 1.3070498576561799e+39
1389.49 1.3062269258518747e+39
1389.85 1.3053491511410266e+39
1390.21 1.304512122338186e+39
1390.58 1.3045775675202762e+39
1390.94 1.27731638251757e+39
1391.3 1.3031177373081374e+39
1391.66 1.3022295273941813e+39
1392.02 1.3013685568567691e+39
1392.38 1.2964655964434467e+39
1392.74 1.2990934437591379e+39
1393.1 1.2311217522132604e+39
1393.46 1.2910598988514609e+39
1393.82 8.551735713808694e+38
1394.18 1.2837091860895224e+39
1394.55 1.287377543340454e+39
1394.91 1.2936301026606336e+39
1395.27 1.2945598575606342e+39
1395.63 1.2938053033667856e+39
1395.99 1.2818537792005628e+39
1396.35 1.2924817727217506e+39
1396.72 1.2917800459830348e+39
1397.08 1.250890489394057e+39
1397.44 1.2833730412606545e+39
1397.8 1.2773507561867059e+39
1398.16 1.198243871602056e+39
1398.53 1.2879955470248355e+39
1398.89 1.2763660727447225e+39
1399.25 1.2864445392540696e+39
1399.61 1.2856443029603443e+39
1399.98 1.2655674441624072e+39
1400.34 1.2726025175236906e+39
1400.7 1.2630251047182603e+39
1401.07 1.270635253266721e+39
1401.43 1.2819883573307003e+39
1401.79 1.2811395628985499e+39
1402.16 1.2804722241062543e+39
1402.52 1.2781971031494966e+39
1402.88 9.788834028231626e+38
1403.25 1.240272647282119e+39
1403.61 1.277525618787327e+39
1403.97 1.2753559954765232e+39
1404.34 1.2688043794427493e+39
1404.7 1.2732907427451554e+39
1405.06 1.2744037059521075e+39
1405.43 1.27063680926138e+39
1405.79 1.2725210562947613e+39
1406.16 1.2701245266573475e+39
1406.52 1.2673492411494386e+39
1406.89 1.1802233638247891e+39
1407.25 1.0935320456383844e+39
1407.62 1.2687151922910002e+39
1407.98 1.2678177596453112e+39
1408.35 1.2672792105154296e+39
1408.71 1.2361602662491193e+39
1409.08 1.15251235104238e+39
1409.44 1.0361843473776867e+39
1409.81 1.1945644681830912e+39
1410.17 1.2618203027564988e+39
1410.54 1.2630205970025533e+39
1410.9 1.262227914729803e+39
1411.27 1.2606428340789563e+39
1411.64 1.2264647094900729e+39
1412.0 1.2594681231037704e+39
1412.37 1.2592884041986658e+39
1412.73 1.2584985743762572e+39
1413.1 1.257758852666958e+39
1413.46 1.2572498173202852e+39
1413.83 1.2564598494719104e+39
1414.2 1.253309993214151e+39
1414.56 1.23955334036281e+39
1414.93 1.2527764240622714e+39
1415.3 1.2410292552793963e+39
1415.67 1.2521151747151258e+39
1416.03 1.2518367787292408e+39
1416.4 1.251025649252075e+39
1416.77 1.2502910030690106e+39
1417.13 1.2483209697116465e+39
1417.5 1.2487237028555305e+39
1417.87 1.2474862489236664e+39
1418.23 1.2369146348018549e+39
1418.6 1.2465386571851038e+39
1418.97 1.2453719725613009e+39
1419.34 1.2448352714374293e+39
1419.71 1.24696727278964e+39
1420.07 1.189304788496867e+39
1420.44 1.1582316408277825e+39
1420.81 1.2389335882651508e+39
1421.18 1.205985145037002e+39
1421.55 1.239668159071159e+39
1421.92 1.2389342765475139e+39
1422.28 1.2384775376828605e+39
1422.65 1.233255646610911e+39
1423.02 1.2371137712686963e+39
1423.39 1.23683276069603e+39
1423.76 1.2361525137732879e+39
1424.13 1.2354976601328319e+39
1424.5 1.2205823104725528e+39
1424.87 1.2335916009713204e+39
1425.23 1.2334624775664962e+39
1425.6 1.2326601176306745e+39
1425.97 1.2297478940469178e+39
1426.34 1.2068701688661584e+39
1426.71 1.2267633621959957e+39
1427.08 1.2299281905660523e+39
1427.45 1.191715270320773e+39
1427.82 1.16629682720357e+39
1428.19 1.1879188153420705e+39
1428.56 1.2058948135554261e+39
1428.93 1.1789709840212899e+39
1429.3 1.2194684163600195e+39
1429.68 1.223294452408393e+39
1430.05 1.221853733860481e+39
1430.42 1.20370372085846e+39
1430.79 1.1879816446791282e+39
1431.16 1.2212281013813309e+39
1431.53 1.2194708319969078e+39
1431.9 1.2072221080762112e+39
1432.27 1.2194954377183314e+39
1432.64 1.2187678773573954e+39
1433.01 1.2111446439231786e+39
1433.38 1.2171181699695898e+39
1433.76 1.2160721383632583e+39
1434.13 1.2157141180898871e+39
1434.5 1.2072623924632292e+39
1434.87 1.2140692567439168e+39
1435.24 1.1929049415346546e+39
1435.61 1.2126466673342408e+39
1435.99 1.211922187176205e+39
1436.36 1.2111755662928609e+39
1436.73 1.2106974704344481e+39
1437.1 1.2078843561373407e+39
1437.48 1.2042292819373544e+39
1437.85 1.2076590249813299e+39
1438.22 1.2076930234484464e+39
1438.59 1.2054698383999632e+39
1438.97 1.2007847676792146e+39
1439.34 1.2056330626239751e+39
1439.71 1.2003215087190009e+39
1440.09 1.2043664481203624e+39
1440.46 1.089771755566706e+39
1440.83 1.1484305728258948e+39
1441.21 1.1951824886169946e+39
1441.58 1.2014531557977944e+39
1441.95 1.2008069445803082e+39
1442.33 1.1938321082600453e+39
1442.7 1.1945314022526751e+39
1443.07 1.1959997960226808e+39
1443.45 1.183937872733271e+39
1443.82 1.1973038202143979e+39
1444.2 1.1954789489584946e+39
1444.57 1.1957709929216924e+39
1444.95 1.1821217203342915e+39
1445.32 1.1942884164709736e+39
1445.69 1.181370711342823e+39
1446.07 1.1930475555861524e+39
1446.44 1.1866257422117293e+39
1446.82 1.1675418810104038e+39
1447.19 1.1895431947281766e+39
1447.57 1.1849714863450962e+39
1447.94 1.1871186354830546e+39
1448.32 1.1885763521174039e+39
1448.69 1.1877706219853272e+39
1449.07 1.1740382849067985e+39
1449.45 1.184017368590484e+39
1449.82 1.1692119541672624e+39
1450.2 1.1802794805924066e+39
1450.57 1.184078639413372e+39
1450.95 1.1813536931242339e+39
1451.33 1.1802204387617721e+39
1451.7 1.1823775110202849e+39
1452.08 1.1803388629515596e+39
1452.45 1.1734040160406878e+39
1452.83 1.1749324263032568e+39
1453.21 1.1792969619247143e+39
1453.58 1.0701440473626774e+39
1453.96 1.170068747135344e+39
1454.34 1.1716626722868956e+39
1454.71 1.0641153656259236e+39
1455.09 1.1758730468849405e+39
1455.47 1.1333638765377254e+39
1455.85 1.1735875861147583e+39
1456.22 1.0703880523835138e+39
1456.6 1.17191714382454e+39
1456.98 1.172336985737446e+39
1457.36 1.1622600092354763e+39
1457.73 1.0777403685509985e+39
1458.11 1.1700543324341298e+39
1458.49 1.1594195556001268e+39
1458.87 1.168526306015002e+39
1459.24 1.0761515295600647e+39
1459.62 1.1671894500355594e+39
1460.0 1.166555759454581e+39
1460.38 1.1621941982324024e+39
1460.76 1.0597930892948052e+39
1461.14 1.1629324693268376e+39
1461.52 1.1621822648311599e+39
1461.9 1.1631540229769641e+39
1462.27 1.1567217069557502e+39
1462.65 1.0111971071932554e+39
1463.03 1.1605581714138763e+39
1463.41 1.1603436068550015e+39
1463.79 1.1554044943895783e+39
1464.17 1.1391954293403541e+39
1464.55 1.157776059290283e+39
1464.93 1.1317330708077123e+39
1465.31 1.118083119624294e+39
1465.69 1.1561394956717855e+39
1466.07 1.1554402528220145e+39
1466.45 1.1530106176583567e+39
1466.83 1.1481979368361448e+39
1467.21 1.1523990899717221e+39
1467.59 1.1523238291868606e+39
1467.97 1.150890341992803e+39
1468.35 1.1502862445386699e+39
1468.73 1.1500042576210192e+39
1469.11 1.1452971198739005e+39
1469.49 1.1483843174486486e+39
1469.87 1.1451475987047496e+39
1470.25 1.140622490183048e+39
1470.64 1.1451791802354468e+39
1471.02 1.1429849996058484e+39
1471.4 1.1398673338091052e+39
1471.78 1.1425378538876662e+39
1472.16 1.0873922439948453e+39
1472.54 1.0328564265726953e+39
1472.92 1.1429398386807525e+39
1473.31 1.1421670876999146e+39
1473.69 1.14182973590131e+39
1474.07 1.1411506764141423e+39
1474.45 1.1404265521423465e+39
1474.83 1.1397712226705721e+39
1475.21 1.1387753166721144e+39
1475.6 1.063223088143072e+39
1475.98 1.1384644782497807e+39
1476.36 1.13463559967176e+39
1476.74 1.1364748057715572e+39
1477.13 1.1368627466954399e+39
1477.51 1.1217381319100885e+39
1477.89 1.1209827870869403e+39
1478.28 1.1022614010762021e+39
1478.66 1.1340001064639513e+39
1479.04 1.1331901113793637e+39
1479.43 1.0353061159801193e+39
1479.81 1.1302399505062451e+39
1480.19 1.1293880269227287e+39
1480.58 1.1295705790540891e+39
1480.96 1.128988724544277e+39
1481.34 1.1272380739766521e+39
1481.73 1.1262516857499413e+39
1482.11 1.1270634023170927e+39
1482.5 1.1264363258932084e+39
1482.88 1.1257889054077693e+39
1483.27 1.0964918294391725e+39
1483.65 1.124448880841259e+39
1484.03 1.120338655460127e+39
1484.42 1.1186463231264663e+39
1484.8 1.1223761000019446e+39
1485.19 1.1169158552277488e+39
1485.57 1.1207729380583092e+39
1485.96 1.1120627662191988e+39
1486.34 1.1189682457291381e+39
1486.73 1.1184558239861131e+39
1487.11 1.1185464856657083e+39
1487.5 1.1178785090718372e+39
1487.89 1.1112029274768077e+39
1488.27 1.116590107093371e+39
1488.66 1.1159456983022133e+39
1489.04 1.114061261589295e+39
1489.43 1.1138616905937062e+39
1489.81 1.0958817871476791e+39
1490.2 1.0658338498966615e+39
1490.59 1.11034565604547e+39
1490.97 1.1119827492978763e+39
1491.36 1.1113192590489566e+39
1491.75 1.110656228718464e+39
1492.13 1.1094656973836128e+39
1492.52 1.1092891257747952e+39
1492.91 1.1085613714310474e+39
1493.29 1.1080781848443738e+39
1493.68 1.0736595732738451e+39
1494.07 1.1062291789868623e+39
1494.45 1.0981291515992437e+39
1494.84 1.1019742468075665e+39
1495.23 1.0969305128230015e+39
1495.62 1.0895987728949074e+39
1496.01 1.103421029598794e+39
1496.39 1.1027220448679466e+39
1496.78 1.1020438033753912e+39
1497.17 1.1013222898639983e+39
1497.56 1.0912904520854539e+39
1497.94 1.0586858821989535e+39
1498.33 1.0993591798764891e+39
1498.72 1.080981721380894e+39
1499.11 1.0880963632783123e+39
1499.5 1.0959179997890536e+39
1499.89 1.0951793934772677e+39
1500.28 1.0895667297815318e+39
1500.66 1.0951594548124355e+39
1501.05 1.0948082278282202e+39
1501.44 1.0906633700878196e+39
1501.83 8.459115453014665e+38
1502.22 1.0896833000019355e+39
1502.61 1.091843632622556e+39
1503.0 1.091082277988887e+39
1503.39 1.0899322988265665e+39
1503.78 1.088071395956596e+39
1504.17 1.0878090613567459e+39
1504.56 1.0735910947665791e+39
1504.95 1.0870259487096156e+39
1505.34 1.0858162856794629e+39
1505.73 1.0784374992907241e+39
1506.12 1.0844986907200411e+39
1506.51 1.0838945191368079e+39
1506.9 1.08170336992777e+39
1507.29 1.0829233832449086e+39
1507.68 1.082191552307467e+39
1508.07 1.0814174359568742e+39
1508.46 1.0807081866816237e+39
1508.85 1.0765186704091887e+39
1509.24 1.0791844074480084e+39
1509.64 1.0784110608392047e+39
1510.03 1.0776827386355088e+39
1510.42 1.0769763086443968e+39
1510.81 1.076186032248082e+39
1511.2 1.0669831773184901e+39
1511.59 1.0747360873932569e+39
1511.98 1.073395660609123e+39
1512.38 1.0731592937187072e+39
1512.77 1.0572817652109786e+39
1513.16 1.0713324188246386e+39
1513.55 1.0673758745781923e+39
1513.94 1.0654982037155072e+39
1514.34 1.0696757250775034e+39
1514.73 1.0689555393047557e+39
1515.12 1.0671379289917885e+39
1515.52 1.0674307577466199e+39
1515.91 1.0665832743966203e+39
1516.3 1.0628327345680035e+39
1516.69 1.0432760561504666e+39
1517.09 1.0646729958700502e+39
1517.48 1.0639535561424995e+39
1517.87 1.0599832084421775e+39
1518.27 1.0624936294391478e+39
1518.66 1.0617339152756146e+39
1519.05 1.0047582662934823e+39
1519.45 1.0602774793215266e+39
1519.84 1.0595405121864219e+39
1520.23 1.0588250469866183e+39
1520.63 1.0252385483685721e+39
1521.02 1.0569989945411865e+39
1521.42 1.0557226049833131e+39
1521.81 1.0558870523880583e+39
1522.21 1.0551536702905206e+39
1522.6 1.054422535513397e+39
1522.99 1.0537127833508088e+39
1523.39 1.0529811412259248e+39
1523.79 1.0521462603042934e+39
1524.18 1.0490761468751465e+39
1524.57 1.0508344994807512e+39
1524.97 1.0438290449182644e+39
1525.36 1.0314662369558207e+39
1525.76 1.04864989027021e+39
1526.16 1.0444775528915847e+39
1526.55 1.0466192404228438e+39
1526.95 1.0443069818429792e+39
1527.34 1.0429061605479669e+39
1527.74 1.0297433877082745e+39
1528.14 1.0422206768875378e+39
1528.53 1.0367312814392244e+39
1528.93 1.039733180805441e+39
1529.32 1.0419047781177981e+39
1529.72 1.0411622486118223e+39
1530.12 9.99317272293549e+38
1530.51 1.0296405371048648e+39
1530.91 1.039021445009297e+39
1531.31 1.03442291626781e+39
1531.7 1.0371924812585901e+39
1532.1 1.0321563587438599e+39
1532.5 1.0234408332738114e+39
1532.9 9.91265217674812e+38
1533.29 9.957859072880982e+38
1533.69 1.0326642257390892e+39
1534.09 1.0313590928859377e+39
1534.48 1.029753631297159e+39
1534.88 1.0205598355996393e+39
1535.28 1.026628796851974e+39
1535.68 1.0181867010996512e+39
1536.08 1.0245422954521588e+39
1536.47 1.021967515329467e+39
1536.87 1.0211822051591077e+39
1537.27 1.0016035281429362e+39
1537.67 1.0213976728683461e+39
1538.07 1.0173911891317401e+39
1538.47 1.0204499151563428e+39
1538.86 1.0089005070607132e+39
1539.26 1.019624895950149e+39
1539.66 1.0196623806605757e+39
1540.06 1.0154444091901242e+39
1540.46 1.015401964992194e+39
1540.86 1.0189940951835816e+39
1541.26 1.0186872489213152e+39
1541.66 1.0182359081359354e+39
1542.06 1.01028290933731e+39
1542.46 1.013705976478956e+39
1542.86 1.013455957250966e+39
1543.26 1.015714690773984e+39
1543.66 1.0151851181046024e+39
1544.06 1.0121699884441289e+39
1544.46 9.775822780364534e+38
1544.86 9.741085191249679e+38
1545.26 1.0133085308229487e+39
1545.66 1.0103194860777774e+39
1546.06 1.0121532109913701e+39
1546.46 1.0004565973728697e+39
1546.86 1.0102370787067901e+39
1547.26 1.0071983891920112e+39
1547.66 1.0036786621924134e+39
1548.06 6.733937593577998e+38
1548.47 1.0128067085795915e+39
1548.87 1.0094025588622698e+39
1549.27 1.0088165249849099e+39
1549.67 1.0081122870719861e+39
1550.07 1.006204656971477e+39
1550.47 9.999239531599849e+38
1550.88 6.983874595645407e+38
1551.28 1.0073909434005837e+39
1551.68 1.0060526245142966e+39
1552.08 1.0041247425007232e+39
1552.48 1.004127264207387e+39
1552.89 1.0034399930181683e+39
1553.29 9.753293111866632e+38
1553.69 1.0017362989898291e+39
1554.09 9.987224624779758e+38
1554.5 1.0000933412922731e+39
1554.9 9.869788638393017e+38
1555.3 9.953138080340427e+38
1555.71 9.975378995562574e+38
1556.11 9.926342456203547e+38
1556.51 9.959433955093572e+38
1556.92 9.950572397106931e+38
1557.32 9.60492798440067e+38
1557.72 9.93499165319435e+38
1558.13 9.81349220024105e+38
1558.53 9.919803181428229e+38
1558.93 9.893929955740735e+38
1559.34 9.85115845409109e+38
1559.74 9.897368610747115e+38
1560.15 9.79012732940467e+38
1560.55 9.799767031960165e+38
1560.96 9.873422380516282e+38
1561.36 9.682129591416632e+38
1561.77 9.856984255720475e+38
1562.17 9.843354730741035e+38
1562.57 9.831666724307943e+38
1562.98 9.832256659724018e+38
1563.39 9.823821582433252e+38
1563.79 9.739073948024201e+38
1564.19 9.742716461938968e+38
1564.6 9.658193493527477e+38
1565.01 9.793455601087179e+38
1565.41 9.784505856512405e+38
1565.82 9.748482546592044e+38
1566.22 9.582586561243687e+38
1566.63 9.61921401215748e+38
1567.04 9.684466809630238e+38
1567.44 9.754444219811923e+38
1567.85 9.746818808488089e+38
1568.25 9.097359938191722e+38
1568.66 9.599350114752257e+38
1569.07 9.729318948822471e+38
1569.47 9.715668525891928e+38
1569.88 9.716793149939545e+38
1570.29 9.491414033756509e+38
1570.69 9.683103576309787e+38
1571.1 9.695375352088389e+38
1571.51 9.689310412090826e+38
1571.92 9.547988951132033e+38
1572.32 9.582430112169538e+38
1572.73 9.610990292669689e+38
1573.14 9.660918609380127e+38
1573.55 9.65485522664422e+38
1573.95 9.648255089456797e+38
1574.36 9.640883796872368e+38
1574.77 9.352947894920627e+38
1575.18 9.353439850566322e+38
1575.59 9.420063256871236e+38
1575.99 9.554536445073921e+38
1576.4 9.368016609422957e+38
1576.81 9.525109238641324e+38
1577.22 9.37264262397687e+38
1577.63 9.569286552594587e+38
1578.04 9.346971046550898e+38
1578.45 9.572056217271405e+38
1578.86 9.561603856733296e+38
1579.27 9.539264952135169e+38
1579.68 9.019953488320811e+38
1580.08 9.545019908967825e+38
1580.49 9.538313996493974e+38
1580.9 9.427400124653634e+38
1581.31 9.485316202162074e+38
1581.72 9.513222483654726e+38
1582.13 9.510428201041647e+38
1582.54 9.489696133458648e+38
1582.95 9.484672885445186e+38
1583.36 9.490163960223483e+38
1583.77 9.435058004538384e+38
1584.18 9.460370685040764e+38
1584.59 9.392854799400163e+38
1585.01 9.203027830889056e+38
1585.42 9.45375294721043e+38
1585.83 9.127879937605049e+38
1586.24 9.399372843894763e+38
1586.65 9.43558804736927e+38
1587.06 9.429296366992416e+38
1587.47 9.360193599449051e+38
1587.88 9.41580997316894e+38
1588.3 9.408805934468705e+38
1588.71 9.402572073672838e+38
1589.12 9.389218210882658e+38
1589.53 9.387926017041226e+38
1589.94 9.330787779400992e+38
1590.35 9.375309110057305e+38
1590.77 9.366343686736108e+38
1591.18 9.358319642187842e+38
1591.59 9.328340758933893e+38
1592.0 9.00819826970744e+38
1592.42 9.338986973037846e+38
1592.83 9.334978274281607e+38
1593.24 9.322089862111864e+38
1593.66 9.273250322391332e+38
1594.07 9.298435395776576e+38
1594.48 9.308496931862276e+38
1594.89 9.231041385266104e+38
1595.31 9.258405754382636e+38
1595.72 9.275438152297873e+38
1596.14 9.28057926754687e+38
1596.55 9.273670165778419e+38
1596.96 9.266766388434243e+38
1597.38 9.237039166444621e+38
1597.79 9.25277166943038e+38
1598.2 9.2457044640077e+38
1598.62 9.180362151215832e+38
1599.03 9.23285733942536e+38
1599.45 9.226359017464217e+38
1599.86 9.177941599993649e+38
1600.28 9.212862535640086e+38
1600.69 9.200328216664788e+38
1601.11 9.199386646444277e+38
1601.52 9.159646115895782e+38
1601.94 9.118845352464898e+38
1602.35 9.178955383780412e+38
1602.77 9.172318542469987e+38
1603.18 8.45289047532097e+38
1603.6 9.15712801000447e+38
1604.01 9.151944531630343e+38
1604.43 9.143698733029591e+38
1604.84 8.845747974699888e+38
1605.26 9.131856771493504e+38
1605.68 9.125399197841938e+38
1606.09 9.113489983547545e+38
1606.51 9.107399117613748e+38
1606.93 9.066984826811017e+38
1607.34 9.098603382366132e+38
1607.76 9.076500088736724e+38
1608.18 9.064285941439698e+38
1608.59 9.078988188275712e+38
1609.01 8.559441936901869e+38
1609.43 9.057909706365981e+38
1609.84 8.567311687961874e+38
1610.26 8.825521436899554e+38
1610.68 9.046349276951936e+38
1611.09 8.994256166453932e+38
1611.51 9.033289313873611e+38
1611.93 8.965456825407929e+38
1612.35 9.020051915996049e+38
1612.77 8.906581139514657e+38
1613.18 9.00633363983397e+38
1613.6 8.975634751854463e+38
1614.02 8.530431202454554e+38
1614.44 8.987155601615865e+38
1614.86 8.964839358985767e+38
1615.28 8.737477139121987e+38
1615.69 8.916423655252338e+38
1616.11 8.888794190381365e+38
1616.53 8.951322015652082e+38
1616.95 8.926152167270602e+38
1617.37 8.940924630117601e+38
1617.79 8.904584723299392e+38
1618.21 8.927774872940317e+38
1618.63 8.885650195748197e+38
1619.05 8.914817453775626e+38
1619.47 8.900939601243539e+38
1619.89 8.864607455202293e+38
1620.31 8.681924176354477e+38
1620.73 8.729797816659276e+38
1621.15 8.453245870028698e+38
1621.57 8.3784237458825e+38
1621.99 8.868841207338371e+38
1622.41 8.842913589355161e+38
1622.83 8.856349160683696e+38
1623.25 8.822445596912535e+38
1623.67 8.753651506121708e+38
1624.09 8.671947771591625e+38
1624.51 8.830224489078065e+38
1624.93 8.554150075634437e+38
1625.35 8.729878511561084e+38
1625.78 8.81122375698142e+38
1626.2 8.74910126713579e+38
1626.62 8.798330581256862e+38
1627.04 8.788749865888676e+38
1627.46 8.641110721011145e+38
1627.88 8.783183066008836e+38
1628.31 8.772072713328483e+38
1628.73 8.771665395750144e+38
1629.15 8.401691955380304e+38
1629.57 8.760354049241865e+38
1629.99 8.748451227703752e+38
1630.42 8.706417026861508e+38
1630.84 8.743561881935862e+38
1631.26 8.737748873486143e+38
1631.68 8.358443561077045e+38
1632.11 8.44105042455127e+38
1632.53 8.692586424160768e+38
1632.95 8.713670484584309e+38
1633.38 8.708023276704191e+38
1633.8 8.695854149550698e+38
1634.22 8.69208558106696e+38
1634.65 8.53026083268237e+38
1635.07 8.68687774203539e+38
1635.49 8.676246062148341e+38
1635.92 8.66778031056989e+38
1636.34 8.6670327717303e+38
1636.77 8.666097686110146e+38
1637.19 8.662509872979222e+38
1637.61 8.411325592316987e+38
1638.04 8.607384158831635e+38
1638.46 8.380528342634306e+38
1638.89 8.650632026487593e+38
1639.31 8.569889140571053e+38
1639.74 8.658137089403308e+38
1640.16 7.960638282259098e+38
1640.59 7.255583525467352e+38
1641.01 8.64152451952864e+38
1641.44 8.619280657909709e+38
1641.86 8.218763187337071e+38
1642.29 8.590908048652841e+38
1642.71 8.531300269565463e+38
1643.14 8.57553197155475e+38
1643.57 8.544930257657914e+38
1643.99 8.506286247294301e+38
1644.42 8.549875915351143e+38
1644.84 8.534339650716134e+38
1645.27 8.501939279411492e+38
1645.7 8.505939526278821e+38
1646.12 8.521442154535232e+38
1646.55 8.51396976690719e+38
1646.98 8.469584743781882e+38
1647.41 8.499013876361877e+38
1647.83 8.492297801041779e+38
1648.26 8.485236819108262e+38
1648.69 8.410135990683113e+38
1649.11 8.460241298632857e+38
1649.54 8.452395011157521e+38
1649.97 8.423955177300007e+38
1650.4 8.451020382640116e+38
1650.82 8.440931579488983e+38
1651.25 8.43732208637159e+38
1651.68 8.396655683929188e+38
1652.11 8.423460732614286e+38
1652.54 8.374172193516302e+38
1652.96 8.148562381752665e+38
1653.39 8.13963368420078e+38
1653.82 8.395351137713496e+38
1654.25 8.375804681345159e+38
1654.68 8.332586656311266e+38
1655.11 8.37443705983404e+38
1655.54 8.365386753817351e+38
1655.96 8.358136991766055e+38
1656.39 8.35584730265117e+38
1656.82 8.349063674449372e+38
1657.25 8.34180466623984e+38
1657.68 8.272530130093654e+38
1658.11 8.320269502601786e+38
1658.54 8.318150893258342e+38
1658.97 8.256854683817117e+38
1659.4 8.287294370281037e+38
1659.83 8.292187855954675e+38
1660.26 8.29899840522076e+38
1660.69 8.295132914537845e+38
1661.12 8.28872128427281e+38
1661.55 8.144209353828985e+38
1661.98 8.270352399041914e+38
1662.42 8.196672789418562e+38
1662.85 8.265005484952047e+38
1663.28 8.25718997927341e+38
1663.71 8.25318423227111e+38
1664.14 8.246784055085764e+38
1664.57 8.236585066972357e+38
1665.0 8.219771357588641e+38
1665.43 8.228694562967305e+38
1665.86 8.22246293518917e+38
1666.3 8.21621222499323e+38
1666.73 8.209674782244842e+38
1667.16 8.20235544625444e+38
1667.59 8.197087300912686e+38
1668.03 8.090695764877969e+38
1668.46 8.141915020937902e+38
1668.89 8.177982785288876e+38
1669.32 8.171318767401622e+38
1669.76 8.116748773515334e+38
1670.19 8.155533457508075e+38
1670.62 8.141887132589043e+38
1671.05 7.887544950251e+38
1671.49 8.140044649031604e+38
1671.92 8.106045141204328e+38
1672.35 8.101643164516478e+38
1672.79 8.044210382179769e+38
1673.22 8.115190242442148e+38
1673.65 7.785785940356208e+38
1674.09 8.104333342111699e+38
1674.52 8.084885982584157e+38
1674.96 8.092094375462959e+38
1675.39 8.049672012075849e+38
1675.82 8.070922766488495e+38
1676.26 8.074093627595091e+38
1676.69 8.057501749347448e+38
1677.13 7.940511601993545e+38
1677.56 8.056441145339319e+38
1678.0 8.050807283958249e+38
1678.43 8.044737686003681e+38
1678.87 8.038341827225451e+38
1679.3 8.032743163566453e+38
1679.74 8.026664249593224e+38
1680.17 8.020612663936899e+38
1680.61 8.014849861503772e+38
1681.04 8.008500655164566e+38
1681.48 8.002899944344443e+38
1681.92 7.910282900404698e+38
1682.35 7.990814593013167e+38
1682.79 7.984767317957168e+38
1683.22 7.978900029935828e+38
1683.66 7.972709018405289e+38
1684.1 7.96698026734372e+38
1684.53 7.960973461398307e+38
1684.97 7.955557494220922e+38
1685.41 7.94923219240799e+38
1685.84 7.919870241678153e+38
1686.28 7.937227007177838e+38
1686.72 7.764751572053958e+38
1687.15 7.924634603522583e+38
1687.59 7.846468502188874e+38
1688.03 7.912493595203675e+38
1688.47 7.906959355751225e+38
1688.9 7.900846919350525e+38
1689.34 7.894867589598786e+38
1689.78 7.888892714002077e+38
1690.22 7.862301244489453e+38
1690.66 7.806391916003441e+38
1691.09 7.871017330651828e+38
1691.53 7.864609085947587e+38
1691.97 7.858958222794005e+38
1692.41 7.852711996666866e+38
1692.85 7.846320709900781e+38
1693.29 7.840983717834851e+38
1693.72 7.83522336708342e+38
1694.16 7.829295076933045e+38
1694.6 7.753772538621406e+38
1695.04 7.792848343932009e+38
1695.48 7.811238119740514e+38
1695.92 7.792216457363718e+38
1696.36 7.79942166688481e+38
1696.8 7.758771797071873e+38
1697.24 7.786730193012279e+38
1697.68 7.782040058128395e+38
1698.12 7.77602537890002e+38
1698.56 7.767789589058878e+38
1699.0 7.747571551263976e+38
1699.44 7.756823919716324e+38
1699.88 7.752456969137005e+38
1700.32 7.701949041172252e+38
1700.76 7.634508617632922e+38
1701.2 7.698858827017033e+38
1701.64 7.728959304401888e+38
1702.08 7.719006034842107e+38
1702.53 7.715374049957603e+38
1702.97 7.711029388881723e+38
1703.41 7.70196031293323e+38
1703.85 7.699649309311295e+38
1704.29 7.693226811739554e+38
1704.73 7.687689762890145e+38
1705.18 7.681840970418203e+38
1705.62 7.676018937315289e+38
1706.06 7.67005488344444e+38
1706.5 7.635940287324093e+38
1706.94 7.641363204824312e+38
1707.39 7.540626708464851e+38
1707.83 7.646659261644471e+38
1708.27 7.641300471491903e+38
1708.71 7.634780383840093e+38
1709.16 7.629577898869792e+38
1709.6 7.623387512936772e+38
1710.04 7.6051593418503e+38
1710.49 7.612015926405494e+38
1710.93 7.587741116912257e+38
1711.37 7.205751363916787e+38
1711.82 7.594928163019509e+38
1712.26 7.564368533955033e+38
1712.7 7.33418123756893e+38
1713.15 7.577300402795344e+38
1713.59 7.571296401781744e+38
1714.04 7.565275505448742e+38
1714.48 7.560289250190832e+38
1714.93 7.55357038174803e+38
1715.37 7.548604643526913e+38
1715.81 7.542492485359446e+38
1716.26 7.530624568229162e+38
1716.7 7.52997492548672e+38
1717.15 7.401137642576953e+38
1717.59 7.51991235391866e+38
1718.04 7.496513097572717e+38
1718.48 5.4520789488644154e+38
1718.93 7.502903146050648e+38
1719.38 7.469889196974144e+38
1719.82 7.491591792736741e+38
1720.27 7.485502530268293e+38
1720.71 7.477293061947194e+38
1721.16 7.474190810753114e+38
1721.6 7.423797617686382e+38
1722.05 7.458352659398152e+38
1722.5 7.07203616069621e+38
1722.94 7.451475778801143e+38
1723.39 7.445690615092524e+38
1723.84 7.440192967864742e+38
1724.28 7.274471628301871e+38
1724.73 7.422874403842933e+38
1725.18 7.42289785911043e+38
1725.62 7.078551609029046e+38
1726.07 7.411543014556222e+38
1726.52 7.394831835252882e+38
1726.97 7.400498847558474e+38
1727.41 7.20025637107881e+38
1727.86 7.389491767806765e+38
1728.31 7.345428766504924e+38
1728.76 7.377357690790617e+38
1729.2 7.37279054186257e+38
1729.65 7.367224734579405e+38
1730.1 7.355788979854088e+38
1730.55 7.35596567537133e+38
1731.0 7.34929490159271e+38
1731.45 7.242313391088273e+38
1731.9 7.339874799726997e+38
1732.34 7.334212368607609e+38
1732.79 7.306434684322321e+38
1733.24 7.323136826578189e+38
1733.69 7.317883231868699e+38
1734.14 7.312633282298845e+38
1734.59 7.305305278538432e+38
1735.04 7.301589548835802e+38
1735.49 7.295796672879985e+38
1735.94 7.290008342740687e+38
1736.39 7.242184325488091e+38
1736.84 7.278859920695183e+38
1737.29 7.238249539626479e+38
1737.74 7.267729642322535e+38
1738.19 7.262379415295844e+38
1738.64 7.245884948371342e+38
1739.09 7.197975000096852e+38
1739.54 7.160463570394225e+38
1739.99 7.240054858424732e+38
1740.44 7.234312647047709e+38
1740.9 7.227319793969643e+38
1741.35 7.223095063862735e+38
1741.8 7.21763998867679e+38
1742.25 7.185294840582691e+38
1742.7 7.206468486338724e+38
1743.15 7.201162299922387e+38
1743.6 7.19570421668803e+38
1744.06 7.190083758693999e+38
1744.51 7.184352630241625e+38
1744.96 7.178489834777387e+38
1745.41 7.11955593502927e+38
1745.86 7.16718602176886e+38
1746.32 7.162266154439317e+38
1746.77 7.15723504796197e+38
1747.22 7.151800520526772e+38
1747.68 7.140796976238471e+38
1748.13 7.13983934902274e+38
1748.58 7.135499545430015e+38
1749.04 7.124656684546126e+38
1749.49 7.124507447524686e+38
1749.94 7.11922877101332e+38
1750.4 7.113528116209954e+38
1750.85 7.108391941878023e+38
1751.3 6.983113854623985e+38
1751.76 6.827286959294104e+38
1752.21 7.092177044946955e+38
1752.67 7.086631545224881e+38
1753.12 7.037681571794126e+38
1753.57 7.062744141638928e+38
1754.03 7.055618979083874e+38
1754.48 7.06468885996422e+38
1754.94 7.059832520596297e+38
1755.39 7.053927024138746e+38
1755.85 7.04813837192241e+38
1756.3 7.042909040528626e+38
1756.76 7.037528831222735e+38
1757.21 7.031508277908625e+38
1757.67 7.026003452284122e+38
1758.12 7.020125435642614e+38
1758.58 7.004680511644034e+38
1759.04 7.00953508677936e+38
1759.49 7.003935530984161e+38
1759.95 6.998186595143893e+38
1760.4 6.973442691671537e+38
1760.86 6.979329096728125e+38
1761.32 6.968751875732485e+38
1761.77 6.975868854197152e+38
1762.23 6.96990825243066e+38
1762.69 6.921957929416059e+38
1763.14 6.95775958755008e+38
1763.6 6.952734664043412e+38
1764.06 6.947975957434559e+38
1764.51 6.942321899505063e+38
1764.97 6.854104035799005e+38
1765.43 6.931772499791252e+38
1765.89 6.914338560587951e+38
1766.34 6.921520752499372e+38
1766.8 6.916253338412192e+38
1767.26 6.91018704738442e+38
1767.72 6.904517467607996e+38
1768.18 6.900286730188307e+38
1768.64 6.895015777499073e+38
1769.09 6.88768697350512e+38
1769.55 6.8833357440394e+38
1770.01 6.879246935074465e+38
1770.47 6.873861405171977e+38
1770.93 6.868479909410093e+38
1771.39 6.86349140713417e+38
1771.85 6.858635857679161e+38
1772.31 6.852877334159712e+38
1772.77 6.847781567519253e+38
1773.22 6.837171668517183e+38
1773.68 6.83752446553612e+38
1774.14 6.82974690416195e+38
1774.6 6.82700387230064e+38
1775.06 6.822071436488029e+38
1775.52 6.816627551733977e+38
1775.98 6.806560685457939e+38
1776.44 6.800102414428925e+38
1776.9 6.79570204867554e+38
1777.36 6.7955354343657124e+38
1777.82 6.76351982304382e+38
1778.29 6.784928587408442e+38
1778.75 6.779383037010015e+38
1779.21 6.7716674017759096e+38
1779.67 6.7685565741204885e+38
1780.13 6.7639152644001565e+38
1780.59 6.7568545019316735e+38
1781.05 6.753622152549987e+38
1781.52 6.748206218127939e+38
1781.98 6.727827566128438e+38
1782.44 6.737681803222366e+38
1782.9 6.732679458188401e+38
1783.36 6.726919437672431e+38
1783.82 6.722051496141427e+38
1784.29 6.7167865431998535e+38
1784.75 6.710418633031249e+38
1785.21 6.706084891271792e+38
1785.68 6.700975736873273e+38
1786.14 6.6840383439835295e+38
1786.6 6.685766154835684e+38
1787.06 6.685982452913999e+38
1787.53 6.680258389515674e+38
1787.99 6.675439622175192e+38
1788.45 6.6673568361589395e+38
1788.92 6.665164022324753e+38
1789.38 6.660104619015528e+38
1789.84 6.65454738606807e+38
1790.31 6.649475841562792e+38
1790.77 6.641541823963217e+38
1791.24 6.639470772842925e+38
1791.7 6.634420320747216e+38
1792.17 6.5432683832132324e+38
1792.63 6.6238113150671194e+38
1793.09 6.59030493860504e+38
1793.56 6.6135922427639696e+38
1794.02 6.60843617247164e+38
1794.49 6.584523864288357e+38
1794.95 6.5982397459662136e+38
1795.42 6.593075070719894e+38
1795.89 6.586550335430851e+38
1796.35 6.5831490578354906e+38
1796.81 6.553830454197074e+38
1797.28 6.571683247039349e+38
1797.75 6.567307913628694e+38
1798.21 6.56221376680011e+38
1798.68 6.5550070620729076e+38
1799.15 6.552121369934922e+38
1799.61 6.547284933947363e+38
1800.08 6.540094593903415e+38
1800.55 6.530824109719406e+38
1801.01 6.532020047676744e+38
1801.48 6.493037976340085e+38
1801.94 6.519416532345389e+38
1802.41 6.5177687000058426e+38
1802.88 6.512555250372297e+38
1803.35 6.507590530003904e+38
1803.81 6.503015870645902e+38
1804.28 6.496592225529471e+38
1804.75 6.4935920533265316e+38
1805.22 6.484982959794846e+38
1805.68 6.454180155812004e+38
1806.15 6.478525670253479e+38
1806.62 6.473950540965735e+38
1807.09 6.46877051921672e+38
1807.56 6.395291964147907e+38
1808.03 6.459271993183339e+38
1808.49 6.450973494475825e+38
1808.96 6.449821019511905e+38
1809.43 6.376824269479681e+38
1809.9 6.439646781687171e+38
1810.37 6.4074997247195404e+38
1810.84 6.430091845860957e+38
1811.31 6.365084625925063e+38
1811.78 6.420550298582802e+38
1812.25 6.397021776380791e+38
1812.72 6.41066094946695e+38
1813.19 6.405781867466088e+38
1813.66 6.400786130008098e+38
1814.13 6.396154374874678e+38
1814.6 6.391287399711723e+38
1815.07 6.379956513073859e+38
1815.54 6.3821682435614345e+38
1816.01 6.377433653687274e+38
1816.48 6.3727023792970204e+38
1816.95 6.3679744175505185e+38
1817.42 6.340490686891566e+38
1817.89 6.3580511482755986e+38
1818.36 6.353691153634253e+38
1818.83 6.348857382591962e+38
1819.31 6.3371089654640075e+38
1819.78 6.339300089101004e+38
1820.25 6.3347143657689524e+38
1820.72 6.330138510115549e+38
1821.19 6.292574219596134e+38
1821.67 6.242514960080469e+38
1822.14 6.31571937228623e+38
1822.61 6.311162940506629e+38
1823.08 6.306373070810078e+38
1823.55 6.301704830750776e+38
1824.03 6.297139099841063e+38
1824.5 6.292477306827177e+38
1824.97 6.277808574876535e+38
1825.44 6.163269753202054e+38
1825.92 6.27872808116383e+38
1826.39 6.27396154296964e+38
1826.86 6.240142722820922e+38
1827.34 6.260786808504017e+38
1827.81 6.259085394129672e+38
1828.29 6.2552550779844524e+38
1828.76 6.2429012357445126e+38
1829.23 6.245297233674148e+38
1829.71 6.24088993593875e+38
1830.18 6.226582820407293e+38
1830.66 6.231402230847083e+38
1831.13 6.2266728630339706e+38
1831.61 6.2222778465583426e+38
1832.08 6.217787927289456e+38
1832.56 6.21281692638928e+38
1833.03 6.163316294699569e+38
1833.51 6.203733700089361e+38
1833.98 6.1991487927558e+38
1834.46 6.194548611304266e+38
1834.93 6.190086012360305e+38
1835.41 6.185492160395733e+38
1835.88 6.163479065284575e+38
1836.36 6.176101332167773e+38
1836.83 6.1713047243059516e+38
1837.31 6.075805068219942e+38
1837.79 6.161800641845684e+38
1838.26 6.157245094513787e+38
1838.74 6.152674290061823e+38
1839.22 6.148002878561031e+38
1839.69 6.1434687104701384e+38
1840.17 6.074225292490446e+38
1840.65 6.133914561285531e+38
1841.12 6.12927564146393e+38
1841.6 6.124507362112167e+38
1842.08 6.116310265409209e+38
1842.56 6.096832375615268e+38
1843.03 6.110813298075082e+38
1843.51 6.1061728954098115e+38
1843.99 6.1014217626456574e+38
1844.47 6.064975529067596e+38
1844.94 6.092397524195622e+38
1845.42 6.0874675752050895e+38
1845.9 6.054651566672209e+38
1846.38 6.0381330947696716e+38
1846.86 6.059325789766701e+38
1847.34 6.068805671594102e+38
1847.82 6.064346724160455e+38
1848.29 6.05968392224166e+38
1848.77 6.055117913013846e+38
1849.25 6.050441983040599e+38
1849.73 6.045995287523955e+38
1850.21 6.041100063080054e+38
1850.69 6.033953755176453e+38
1851.17 6.0318829187315366e+38
1851.65 6.027331066980526e+38
1852.13 6.0116577956002975e+38
1852.61 6.018011899962855e+38
1853.09 6.010325889227555e+38
1853.57 6.008930344245013e+38
1854.05 6.001591801456016e+38
1854.53 5.9997491702748735e+38
1855.01 5.995107398607996e+38
1855.49 5.9905807584538924e+38
1855.97 5.985833692659199e+38
1856.45 5.9814250867488895e+38
1856.94 5.976776541504734e+38
1857.42 5.972260222750381e+38
1857.9 5.967631886425007e+38
1858.38 5.950002054295404e+38
1858.86 5.9583850003960245e+38
1859.34 5.953877563080534e+38
1859.83 5.949242380999783e+38
1860.31 5.944852118677533e+38
1860.79 5.9397996762071634e+38
1861.27 5.9363018005172916e+38
1861.76 5.9316788932074576e+38
1862.24 5.927189592542212e+38
1862.72 5.92259285017817e+38
1863.2 5.917668137424302e+38
1863.69 5.913496799138577e+38
1864.17 5.908904235579143e+38
1864.65 5.883654591107058e+38
1865.14 5.893770374195557e+38
1865.62 5.888972798428309e+38
1866.1 5.8909858323809735e+38
1866.58 5.886518794687835e+38
1867.07 5.882034949777659e+38
1867.55 5.877573980646351e+38
1868.04 5.873096207203056e+38
1868.52 5.8685318718137726e+38
1869.01 5.864716301292381e+38
1869.49 5.859392985626398e+38
1869.97 5.855720334683431e+38
1870.46 5.851380326482565e+38
1870.94 5.815016881980485e+38
1871.43 5.835763039710976e+38
1871.91 5.8380899387961466e+38
1872.4 5.833652820280472e+38
1872.88 5.8281519015422385e+38
1873.37 5.824698563943811e+38
1873.85 5.797567079844609e+38
1874.34 5.8069863793239785e+38
1874.83 5.811984522233356e+38
1875.31 5.8174425354426376e+38
1875.8 5.802843731342983e+38
1876.29 5.767161916045025e+38
1876.77 5.793511397868554e+38
1877.26 5.7889422462968444e+38
1877.74 5.7843968374739244e+38
1878.23 5.7796186747289996e+38
1878.72 5.775059176787557e+38
1879.2 5.7707383714874814e+38
1879.69 5.766077598293968e+38
1880.18 5.761849390537041e+38
1880.67 5.7571949066215934e+38
1881.15 5.7525642992513945e+38
1881.64 5.736050323107369e+38
1882.13 5.743271931937379e+38
1882.62 5.746555036226202e+38
1883.1 5.729451134095213e+38
1883.59 5.729956742272462e+38
1884.08 5.7248107389729294e+38
1884.57 5.720946990454149e+38
1885.06 5.565840224523706e+38
1885.55 5.711737819719967e+38
1886.04 5.6990731833824565e+38
1886.52 5.703834158622488e+38
1887.01 5.699452738866139e+38
1887.5 5.680473190794471e+38
1887.99 5.6905933342339826e+38
1888.48 5.686116390800918e+38
1888.97 5.682078863871086e+38
1889.46 5.677727043964922e+38
1889.95 5.667682913629711e+38
1890.44 5.661446708793462e+38
1890.93 5.664163366444893e+38
1891.42 5.6601401372935175e+38
1891.91 5.655698757144519e+38
1892.4 5.651470814893416e+38
1892.89 5.647035768072497e+38
1893.38 5.643233491870607e+38
1893.87 5.631785737269851e+38
1894.36 5.613477266656886e+38
1894.85 5.6298204136580804e+38
1895.34 5.620755602477407e+38
1895.84 5.620870493228314e+38
1896.33 5.613592716846263e+38
1896.82 5.612579387332516e+38
1897.31 5.608333426145826e+38
1897.8 5.603881869556354e+38
1898.29 5.5993292978185946e+38
1898.79 5.569460849734842e+38
1899.28 5.3656807840534144e+38
1899.77 5.5861892538500364e+38
1900.26 5.58216773605788e+38
1900.76 5.562193572099523e+38
1901.25 5.573511336148432e+38
1901.74 5.569142184373826e+38
1902.23 5.5647760608985105e+38
1902.73 5.56029022067545e+38
1903.22 5.505435036303965e+38
1903.71 5.552088945352997e+38
1904.21 5.54730293908541e+38
1904.7 5.543569723263545e+38
1905.19 5.5405589462349715e+38
1905.69 5.5345478867616285e+38
1906.18 5.530205649002069e+38
1906.68 5.5215389172050515e+38
1907.17 5.5218184009847655e+38
1907.66 5.5392961060478844e+38
1908.16 5.508439386464618e+38
1908.65 5.506030515501246e+38
1909.15 5.504830758057081e+38
1909.64 5.500379965072916e+38
1910.14 5.495710608289981e+38
1910.63 5.491878296028743e+38
1911.13 5.487419301919681e+38
1911.62 5.4833885678019615e+38
1912.12 5.479240945146083e+38
1912.61 5.474809156013961e+38
1913.11 5.470565883267175e+38
1913.61 5.466021298503244e+38
1914.1 5.450855322332383e+38
1914.6 5.457527484627767e+38
1915.09 5.453694395109401e+38
1915.59 5.449137623441747e+38
1916.09 5.444988354322897e+38
1916.58 5.44116297550346e+38
1917.08 5.436716500326517e+38
1917.58 5.4327771294882546e+38
1918.07 5.428254433103149e+38
1918.57 5.424119265135548e+38
1919.07 5.41998687874926e+38
1919.56 5.413265157910441e+38
1920.06 5.4116483797675456e+38
1920.56 5.4019032457335266e+38
1921.06 5.403279961159615e+38
1921.56 5.39904840997212e+38
1922.05 5.394638302859462e+38
1922.55 5.390512704165668e+38
1923.05 5.3079301766132465e+38
1923.55 5.3820702656538244e+38
1924.05 5.377853430847558e+38
1924.55 5.3737391106333345e+38
1925.05 5.369627543203488e+38
1925.54 5.365736110518246e+38
1926.04 5.36133181267297e+38
1926.54 5.3572285671900795e+38
1927.04 5.35283908327739e+38
1927.54 5.348949303346334e+38
1928.04 5.34526001471736e+38
1928.54 5.340385452188921e+38
1929.04 5.332452177202623e+38
1929.54 5.331932628281043e+38
1930.04 5.328352181427494e+38
1930.54 5.321914373192722e+38
1931.04 5.319916113285763e+38
1931.54 5.315653308001683e+38
1932.04 5.311688651859958e+38
1932.54 5.307628264192471e+38
1933.04 5.303472904149734e+38
1933.55 5.299020558022787e+38
1934.05 5.295570019413771e+38
1934.55 5.291043601374684e+38
1935.05 5.286814364077374e+38
1935.55 5.282979347747304e+38
1936.05 5.279146723098106e+38
1936.55 5.274730617341733e+38
1937.06 5.2502522185149e+38
1937.56 5.2638443305086076e+38
1938.06 5.262653158844186e+38
1938.56 5.2587360397320606e+38
1939.06 5.253654660099223e+38
1939.57 5.250212171671955e+38
1940.07 5.246598810880325e+38
1940.57 5.242308496750276e+38
1941.08 5.238197309644387e+38
1941.58 5.234397349779018e+38
1942.08 5.230406226695432e+38
1942.58 5.226127732563239e+38
1943.09 5.2220277273758674e+38
1943.59 5.218237968858136e+38
1944.1 5.214046939813639e+38
1944.6 5.210165832256667e+38
1945.1 5.205902101698476e+38
1945.61 5.201912260758338e+38
1946.11 5.197750596293509e+38
1946.62 5.193381823737287e+38
1947.12 5.189801817275555e+38
1947.63 5.1853431068605054e+38
1948.13 5.180905720581776e+38
1948.64 5.177028173838273e+38
1949.14 5.172405983396313e+38
1949.65 5.1689161860582345e+38
1950.15 5.1645869162080136e+38
1950.66 5.1608153878749586e+38
1951.16 5.156682783498209e+38
1951.67 5.1524400950556535e+38
1952.17 5.148598890145107e+38
1952.68 5.14454051464405e+38
1953.19 5.1399018972758426e+38
1953.69 5.135949582552186e+38
1954.2 5.1318867855311064e+38
1954.7 5.125761434394312e+38
1955.21 5.12066539974671e+38
1955.72 5.1201116479949465e+38
1956.22 5.115794400589704e+38
1956.73 5.111839805215106e+38
1957.24 5.108076511164623e+38
1957.75 5.103938442211809e+38
1958.25 5.099915744453277e+38
1958.76 5.0961598753701085e+38
1959.27 5.091735216796123e+38
1959.78 5.087963320328924e+38
1960.29 5.084005961734257e+38
1960.79 5.07641324393892e+38
1961.3 5.076117686133299e+38
1961.81 5.0722617509770566e+38
1962.32 5.068314677766676e+38
1962.83 5.063902729278133e+38
1963.33 5.060540358474957e+38
1963.84 5.05632092497757e+38
1964.35 5.05238433140235e+38
1964.86 5.048636695621201e+38
1965.37 5.042563989737031e+38
1965.88 5.040134735050016e+38
1966.39 5.0366865168805176e+38
1966.9 5.0325899491696625e+38
1967.41 5.028403460973488e+38
1967.92 5.024776341076716e+38
1968.43 5.019483835037037e+38
1968.94 5.016510122669161e+38
1969.45 5.012797641900014e+38
1969.96 5.008717746036164e+38
1970.47 5.004825387746113e+38
1970.98 5.000751056676084e+38
1971.49 4.994007260717199e+38
1972.0 4.990032991156757e+38
1972.52 4.989089369257344e+38
1973.03 4.98512941201345e+38
1973.54 4.980804649088066e+38
1974.05 4.977125771041331e+38
1974.56 4.972898803221323e+38
1975.07 4.969133190440711e+38
1975.58 4.987775956768991e+38
1976.1 4.9611335488724705e+38
1976.61 4.9574668597369306e+38
1977.12 4.953254368652313e+38
1977.63 4.943027115398979e+38
1978.15 4.945550153400093e+38
1978.66 4.941163737390675e+38
1979.17 4.8689182798893536e+38
1979.69 4.933266934200477e+38
1980.2 4.929240834469448e+38
1980.71 4.925399125132528e+38
1981.22 4.921378494646051e+38
1981.74 4.917161080381702e+38
1982.25 4.87942567232673e+38
1982.77 4.909206323725336e+38
1983.28 4.905739414737842e+38
1983.79 4.901280795076351e+38
1984.31 4.897348915755759e+38
1984.82 4.893798686253258e+38
1985.34 4.889338033112006e+38
1985.85 4.8859173524958e+38
1986.36 4.881779009103525e+38
1986.88 4.87735658080959e+38
1987.4 4.873925301906929e+38
1987.91 4.869795860885803e+38
1988.43 4.865651901437958e+38
1988.94 4.86224505340534e+38
1989.46 4.8580171580297035e+38
1989.97 4.854257109560937e+38
1990.49 4.850213948652318e+38
1991.0 4.846191317330147e+38
1991.52 4.842243170954132e+38
1992.04 4.838292141590386e+38
1992.55 5.1085334897025604e+38
1993.07 4.830570905371675e+38
1993.58 4.831435768809588e+38
1994.1 4.822948875241406e+38
1994.62 4.818822197172584e+38
1995.14 4.81505311531119e+38
1995.65 4.811127271371776e+38
1996.17 4.8072747449012165e+38
1996.69 4.8035132228845256e+38
1997.2 4.799418705116845e+38
1997.72 4.795750616589267e+38
1998.24 4.791732077585557e+38
1998.76 4.7882619095149514e+38
1999.28 4.784285118490308e+38
1999.8 4.780223254056488e+38
2000.31 4.776796809648094e+38
2000.83 4.7728282727376165e+38
2001.35 4.769213570827602e+38
2001.87 4.7653381407785294e+38
2002.39 4.761815810686786e+38
2002.91 4.757945512061295e+38
2003.43 4.75372815399379e+38
2003.94 4.750404973627186e+38
2004.46 4.746280765616213e+38
2004.98 4.7429447287871126e+38
2005.5 4.739160105056803e+38
2006.02 4.733017599787754e+38
2006.54 4.73140465572287e+38
2007.06 4.727791778450868e+38
2007.58 4.723746854021099e+38
2008.1 4.7200520576667836e+38
2008.62 4.716186235060171e+38
2009.14 4.7123231011555656e+38
2009.67 4.708791290526334e+38
2010.19 4.664158778091178e+38
2010.71 4.6411556868478236e+38
2011.23 4.696966131192112e+38
2011.75 4.693375126106641e+38
2012.27 4.689639535218233e+38
2012.79 4.6859149904328096e+38
2013.31 4.682279018189362e+38
2013.84 4.678112635437683e+38
2014.36 4.6743959450092786e+38
2014.88 4.670767594399808e+38
2015.4 4.667141614479054e+38
2015.93 4.663501069676421e+38
2016.45 4.6599654415401786e+38
2016.97 4.655747728033771e+38
2017.49 4.626496899596853e+38
2018.02 4.648671762941431e+38
2018.54 4.645145575604477e+38
2019.06 4.6370174331211534e+38
2019.58 4.637582114826676e+38
2020.11 4.633702057546081e+38
2020.63 4.6303519645193e+38
2021.16 4.62647703278799e+38
2021.68 4.622621865869149e+38
2022.2 4.619193555645212e+38
2022.73 4.61270046363947e+38
2023.25 4.611564061006707e+38
2023.78 4.60795637915483e+38
2024.3 4.6042834730054004e+38
2024.82 4.600528585404433e+38
2025.35 4.597181735097581e+38
2025.88 4.5931010363355e+38
2026.4 4.589713986201251e+38
2026.93 4.585723271263091e+38
2027.45 4.582004404845304e+38
2027.98 4.5769275710674326e+38
2028.5 4.574809835754597e+38
2029.03 4.5709143098458e+38
2029.55 4.567457205069128e+38
2030.08 4.563315912680276e+38
2030.61 4.5600981903832e+38
2031.13 4.5561464022639025e+38
2031.66 4.552682248121842e+38
2032.19 4.548634730172368e+38
2032.71 4.545267036738879e+38
2033.24 4.5414682169384594e+38
2033.77 4.537838583708325e+38
2034.29 4.534061716555515e+38
2034.82 4.530686361751851e+38
2035.35 4.526731912943439e+38
2035.88 4.5230293009383764e+38
2036.4 4.519345892169972e+38
2036.93 4.515814018917084e+38
2037.46 4.511953530787872e+38
2037.99 4.50850916314568e+38
2038.52 4.504901771160842e+38
2039.04 4.501238139732879e+38
2039.57 4.4948576297332034e+38
2040.1 4.4838015913213e+38
2040.63 4.49009835335302e+38
2041.16 4.4866096618118436e+38
2041.69 4.482794624360293e+38
2042.22 4.47955700791534e+38
2042.74 4.4760093300023e+38
2043.28 4.47234980722547e+38
2043.8 4.468888882476214e+38
2044.33 4.465005034066097e+38
2044.86 4.461532824657605e+38
2045.39 4.457899542959996e+38
2045.92 4.446847398907235e+38
2046.45 4.4503821163468755e+38
2046.98 4.4468283930364166e+38
2047.52 4.442772511447673e+38
2048.05 4.4397931062723514e+38
2048.58 4.435840291785614e+38
2049.11 4.43245871738405e+38
2049.64 4.4285926795634794e+38
2050.17 4.499974672958954e+38
2050.7 4.4959610241017016e+38
2051.23 4.492611305558337e+38
2051.76 4.485386435796182e+38
2052.3 4.484911956981969e+38
2052.83 4.481089740268797e+38
2053.36 4.4775270983761636e+38
2053.89 4.473802404662436e+38
2054.43 4.4701466210296285e+38
2054.96 4.466837699972828e+38
2055.49 4.463202677384463e+38
2056.02 4.452774737675776e+38
2056.55 4.455858390737747e+38
2057.09 4.452624190770205e+38
2057.62 4.448835572592429e+38
2058.16 4.445523877543531e+38
2058.69 4.441577271602055e+38
2059.22 4.438367544595351e+38
2059.76 4.434579596503427e+38
2060.29 4.431382338479864e+38
2060.82 4.427373666386297e+38
2061.36 4.4240024748902675e+38
2061.89 4.420324428678443e+38
2062.43 4.416308873384534e+38
2062.96 4.413203679105898e+38
2063.5 4.409760555133798e+38
2064.03 4.406578153160824e+38
2064.56 4.400488218769986e+38
2065.1 4.3795822025683164e+38
2065.64 4.292602555087005e+38
2066.17 4.392303233315848e+38
2066.71 4.388633956707049e+38
2067.24 4.385144281961474e+38
2067.78 4.3814000112311364e+38
2068.31 4.3783170173479154e+38
2068.85 4.3745777290615265e+38
2069.39 4.3712422872065275e+38
2069.92 4.367363610446447e+38
2070.46 4.364032796746155e+38
2071.0 4.360704068548409e+38
2071.53 4.3568335413344315e+38
2072.07 4.353669169201443e+38
2072.61 4.3500277939094355e+38
2073.14 4.346484455537979e+38
2073.68 4.3432631732851625e+38
2074.22 4.339805032013674e+38
2074.76 4.335951593185578e+38
2075.29 4.3325932898280454e+38
2075.83 4.329301206049492e+38
2076.37 4.3254559370865285e+38
2076.91 4.322089184909368e+38
2077.45 4.318091215396796e+38
2077.98 4.304318932618224e+38
2078.52 4.3111479782813286e+38
2079.06 4.307948647983038e+38
2079.6 4.3041200408606515e+38
2080.14 4.296515267612049e+38
2080.68 4.2973531734127655e+38
2081.22 4.2936245612492675e+38
2081.76 4.290527778873966e+38
2082.3 4.28719710617407e+38
2082.84 4.283633129655158e+38
2083.38 4.2798364836788904e+38
2083.92 4.2754162099001145e+38
2084.46 4.2735046671696084e+38
2085.0 4.269872286754077e+38
2085.54 4.266398917199763e+38
2086.08 4.262615667479482e+38
2086.62 4.233503148482502e+38
2087.16 4.255919700206486e+38
2087.7 4.252548360557411e+38
2088.24 4.249179308065745e+38
2088.78 4.2459680297839064e+38
2089.32 4.241982031612648e+38
2089.87 4.2386830144235534e+38
2090.41 4.235090829590728e+38
2090.95 4.2318111795233104e+38
2091.49 4.22837887738951e+38
2092.03 4.2250263120147594e+38
2092.57 4.139109092980283e+38
2093.12 4.2178500350922775e+38
2093.66 4.214658921362774e+38
2094.2 4.210856437523587e+38
2094.75 4.207585380142942e+38
2095.29 4.2046388118858636e+38
2095.83 4.2010021327569535e+38
2096.38 4.197507172277195e+38
2096.92 4.1939526837691585e+38
2097.46 4.1907840925894e+38
2098.0 4.187540909134117e+38
2098.55 4.157609630484353e+38
2099.09 4.1808933338874005e+38
2099.64 4.177183662726214e+38
2100.18 4.174102101331955e+38
2100.73 4.170321477277053e+38
2101.27 4.167033170415045e+38
2101.81 4.163988462328077e+38
2102.36 4.1609315386484304e+38
2102.9 4.157358591765511e+38
2103.45 4.1341706598283646e+38
2103.99 4.1505103583275835e+38
2104.54 4.126233384014282e+38
2105.08 4.1436721130732415e+38
2105.63 4.14062794619112e+38
2106.18 4.137358855584754e+38
2106.72 4.1342571034887e+38
2107.27 4.130765946227604e+38
2107.81 4.127593037808444e+38
2108.36 4.1238878674261804e+38
2108.91 4.120865889453338e+38
2109.45 4.117709231342438e+38
2110.0 4.114014882177407e+38
2110.55 4.1108489541596916e+38
2111.09 4.107923976463725e+38
2111.64 4.104162559915653e+38
2112.19 4.100928319553735e+38
2112.74 4.0979206797069885e+38
2113.28 4.092388470374099e+38
2113.83 4.091103335871687e+38
2114.38 4.087579631862339e+38
2114.93 4.084431299175095e+38
2115.48 4.082627915542097e+38
2116.02 4.077787318977559e+38
2116.57 4.074499350363333e+38
2117.12 4.071436507320963e+38
2117.67 4.068004563672709e+38
2118.22 4.064797612239621e+38
2118.77 4.0615187676092674e+38
2119.32 4.0581682242027974e+38
2119.87 4.0549680028432085e+38
2120.42 4.0518438376642934e+38
2120.97 4.044664228716938e+38
2121.51 4.045246680913014e+38
2122.06 4.041465846377993e+38
2122.61 4.038460052987305e+38
2123.17 4.035443710705246e+38
2123.72 4.0320014953307966e+38
2124.26 4.0287953454799176e+38
2124.82 4.025858653444449e+38
2125.37 4.022350530875062e+38
2125.92 4.0192113383070246e+38
2126.47 4.018269892351877e+38
2127.02 4.0126470375577966e+38
2127.57 4.00951455650507e+38
2128.12 3.9428207055747485e+38
2128.67 4.003401849583211e+38
2129.23 3.999827914999356e+38
2129.78 3.9933022235396196e+38
2130.33 3.993760803251348e+38
2130.88 3.9901491265118654e+38
2131.43 3.968091362338156e+38
2131.99 3.979082730923385e+38
2132.54 3.980406253857534e+38
2133.09 3.977457186756815e+38
2133.65 3.971677964428105e+38
2134.2 3.970540410606774e+38
2134.75 3.920817278985853e+38
2135.3 3.964440775238592e+38
2135.86 3.961273172387547e+38
2136.41 3.9581959656400514e+38
2136.97 3.954973415885534e+38
2137.52 3.9518376712994045e+38
2138.07 3.948632372365082e+38
2138.63 3.945201693001084e+38
2139.18 3.942789679197941e+38
2139.74 3.938003321520508e+38
2140.29 3.936167403568819e+38
2140.84 3.933402496515674e+38
2141.4 3.928698601880165e+38
2141.96 3.926710653688016e+38
2142.51 3.923808950136813e+38
2143.06 3.918559279750015e+38
2143.62 3.912815763768765e+38
2144.18 3.9144796129208834e+38
2144.73 3.9113934305153456e+38
2145.29 3.908084367066364e+38
2145.84 3.905073715340844e+38
2146.4 3.901982131216703e+38
2146.96 3.898821976909503e+38
2147.51 3.895676331230894e+38
2148.07 3.892732820075262e+38
2148.63 3.889650076617312e+38
2149.18 3.535788908531944e+38
2149.74 3.883503369838582e+38
2150.3 3.867008827163187e+38
2150.85 3.876109688570027e+38
2151.41 3.874252020642776e+38
2151.97 3.871130717081499e+38
2152.53 3.86808188840807e+38
2153.08 3.865047080529954e+38
2153.64 3.86186257594681e+38
2154.2 3.858820441976723e+38
2154.76 3.855920303078297e+38
2155.32 3.852463383001642e+38
2155.88 3.849637374601674e+38
2156.44 3.8466040378086334e+38
2156.99 3.843166811587145e+38
2157.55 3.840346952284586e+38
2158.11 3.837183776905663e+38
2158.67 3.834024114189182e+38
2159.23 3.830936268000876e+38
2159.79 3.82778138801915e+38
2160.35 3.809981050751135e+38
2160.91 3.821963310683299e+38
2161.47 3.7991736942349485e+38
2162.03 3.81539326425587e+38
2162.59 3.812733368443245e+38
2163.15 3.8076622221526405e+38
2163.71 3.696044796459859e+38
2164.27 3.803592800528451e+38
2164.83 3.800527493704985e+38
2165.4 3.797406132894554e+38
2165.96 3.2594453276588485e+38
2166.52 3.791270029017629e+38
2167.08 3.7884452841652305e+38
2167.64 3.785553983412623e+38
2168.2 3.782254328021352e+38
2168.76 3.779230762756774e+38
2169.33 3.776471269410243e+38
2169.89 3.7730427438760154e+38
2170.45 3.770366790618426e+38
2171.01 3.767352070178878e+38
2171.58 3.764260321472756e+38
2172.14 3.76111425643397e+38
2172.7 3.758323984503783e+38
2173.27 3.7555926862618164e+38
2173.83 3.752603040529775e+38
2174.39 3.7498865175167145e+38
2174.96 3.703504631940479e+38
2175.52 3.7436365534525545e+38
2176.08 3.740790934742582e+38
2176.65 3.737868836897429e+38
2177.21 3.7346228028579706e+38
2177.78 3.731839924767357e+38
2178.34 3.6513899652244e+38
2178.91 3.726089090750212e+38
2179.47 3.7038447986832705e+38
2180.03 3.720256904507295e+38
2180.6 3.717246131126872e+38
2181.17 3.714572633965758e+38
2181.73 3.711643618688179e+38
2182.3 3.708505773268807e+38
2182.86 3.697243251259786e+38
2183.43 3.702915707228564e+38
2183.99 3.699995486590995e+38
2184.56 3.697067026541469e+38
2185.12 3.693884985014858e+38
2185.69 3.691426687747739e+38
2186.26 3.688438220477475e+38
2186.82 3.685532713359991e+38
2187.39 3.1589409827647945e+38
2187.96 3.674170312441759e+38
2188.53 3.677164165605515e+38
2189.09 3.673088179166348e+38
2189.66 3.6716493500291476e+38
2190.23 3.668823758287481e+38
2190.79 3.6658784579035355e+38
2191.36 3.662925302942396e+38
2191.93 3.660106152392019e+38
2192.5 3.65728906673758e+38
2193.07 3.654802718804569e+38
2193.64 3.651464073262455e+38
2194.21 3.64859349286308e+38
2194.77 3.646332900542252e+38
2195.34 3.643343040241769e+38
2195.91 3.6405519094355565e+38
2196.48 3.634038623465324e+38
2197.05 3.634649216670941e+38
2197.62 3.631538274801208e+38
2198.19 3.627387290709636e+38
2198.76 3.6259104995147e+38
2199.33 3.623132301182005e+38
2199.9 3.6203561444536504e+38
2200.47 3.6176469821590856e+38
2201.04 3.613123170412386e+38
2201.61 3.6127700794491505e+38
2202.18 3.609902867667908e+38
2202.75 3.6072968651268275e+38
2203.32 3.6052101720938376e+38
2203.89 3.6027366178934965e+38
2204.46 3.600200062688576e+38
2205.03 3.597794272287884e+38
2205.61 3.5949937109454575e+38
2206.18 3.592591188643186e+38
2206.75 3.590190146804322e+38
2207.32 3.587854911692152e+38
2207.89 3.585585335388585e+38
2208.47 3.582536992531745e+38
2209.04 3.58027311619379e+38
2209.61 3.5769859637009665e+38
2210.18 3.5754312239611146e+38
2210.76 3.571819251978487e+38
2211.33 3.570586135505749e+38
2211.9 3.567946831026328e+38
2212.48 3.565491694966489e+38
2213.05 3.562919809933983e+38
2213.62 3.5605409532028e+38
2214.2 3.5583453865050314e+38
2214.77 3.554378372468633e+38
2215.34 3.042102653027707e+38
2215.92 3.550767404834333e+38
2216.49 3.548408856949922e+38
2217.07 3.545918589774961e+38
2217.64 3.54369257091947e+38
2218.22 3.541205420144791e+38
2218.79 3.538475793073797e+38
2219.37 3.536308353293047e+38
2219.94 3.533582408340321e+38
2220.52 3.531291446387184e+38
2221.09 3.529263196960049e+38
2221.67 3.526722593700819e+38
2222.25 3.5238688600353695e+38
2222.82 3.521466900336655e+38
2223.4 3.5192461048827e+38
2223.97 3.51704028559009e+38
2224.55 3.514513066784487e+38
2225.13 3.51217577731735e+38
2225.7 3.509472811957964e+38
2226.28 3.507201324672731e+38
2226.86 3.5051189070834845e+38
2227.43 3.502921413934457e+38
2228.01 3.500466319074456e+38
2228.59 3.498262583794533e+38
2229.17 3.496060093852719e+38
2229.74 3.493306768247239e+38
2230.32 3.491169464816862e+38
2230.9 3.487604311220004e+38
2231.48 3.486609526496205e+38
2232.06 3.4845581221355135e+38
2232.64 3.482259395420918e+38
2233.21 3.4799706722602884e+38
2233.79 3.477674802827457e+38
2234.37 3.475194528946318e+38
2234.95 3.472963552896451e+38
2235.53 3.470672059297671e+38
2236.11 3.468381989494791e+38
2236.69 3.46609334241563e+38
2237.27 3.463806116989102e+38
2237.85 3.461520312145166e+38
2238.43 3.459231469686485e+38
2239.01 3.456315813731306e+38
2239.59 3.454324983052976e+38
2240.17 3.45196641134398e+38
2240.75 3.449609353337131e+38
2241.33 3.447253807867797e+38
2241.91 3.445083670604519e+38
2242.49 3.442608497509938e+38
2243.07 3.440318631954393e+38
2243.66 3.43796015714677e+38
2244.24 3.435612057525443e+38
2244.82 3.4332044139446996e+38
2245.4 3.4307983757294076e+38
2245.98 3.428401236135767e+38
2246.56 3.426383034588098e+38
2247.15 3.4240530476149735e+38
2247.73 3.4216722925800135e+38
2248.31 3.4194753999246454e+38
2248.89 3.417279812322858e+38
2249.48 3.414470434251974e+38
2250.06 3.4121567188759305e+38
2250.64 3.4099656003458026e+38
2251.23 3.407948772766141e+38
2251.81 3.4053369036269155e+38
2252.39 3.4031498709649174e+38
2252.98 3.4004124116263095e+38
2253.56 2.9572468730795303e+38
2254.15 3.3966052479102875e+38
2254.73 3.3590903126489674e+38
2255.31 3.391975193149327e+38
2255.9 3.3893837021995277e+38
2256.48 3.3871027634793734e+38
2257.07 3.3849350893608665e+38
2257.65 3.3828968947779584e+38
2258.24 3.3806717807640845e+38
2258.82 3.3781569261561753e+38
2259.41 3.3760544617203115e+38
2260.0 3.374012973260645e+38
2260.58 3.3718016280116586e+38
2261.17 3.369346315040384e+38
2261.75 3.3670210251950247e+38
2262.34 3.364808265428324e+38
2262.93 3.362596880101702e+38
2263.51 3.3601571287772025e+38
2264.1 3.358186434551385e+38
2264.69 3.355860380669096e+38
2265.27 3.3537221282461826e+38
2265.86 3.347074110200707e+38
2266.45 3.3493145342789177e+38
2267.03 3.347180199182481e+38
2267.62 3.344802304583385e+38
2268.21 3.342839822731232e+38
2268.8 3.340510233725213e+38
2269.39 3.3378840130048704e+38
2269.97 3.335857930433844e+38
2270.56 3.3337655284384102e+38
2271.15 3.331379950125458e+38
2271.74 3.329054841978514e+38
2272.33 3.326966367591676e+38
2272.92 3.324761612165855e+38
2273.51 3.3226168927874288e+38
2274.09 3.320540564109826e+38
2274.68 3.318163969053387e+38
2275.27 3.3159646311596228e+38
2275.86 3.313942128056925e+38
2276.45 3.3117785133714045e+38
2277.04 3.3096180250746597e+38
2277.63 3.3068170492290257e+38
2278.22 3.304951261408942e+38
2278.81 3.302620338211303e+38
2279.41 3.29656109329077e+38
2280.0 3.298595228603161e+38
2280.59 3.2963267721177497e+38
2281.18 3.294466343197281e+38
2281.77 3.2921425844153773e+38
2282.36 3.2899364083277393e+38
2282.95 3.289064389732062e+38
2283.54 3.285758530197657e+38
2284.14 3.2835322030147074e+38
2284.73 3.2816044538555577e+38
2285.32 3.2792734250676476e+38
2285.91 3.2769440207356226e+38
2286.5 3.274962146843583e+38
2287.1 3.2726275120625653e+38
2287.69 3.213011811584653e+38
2288.28 3.26843953249221e+38
2288.88 3.2662817566379927e+38
2289.47 3.263788970901931e+38
2290.06 3.261871789457673e+38
2290.66 3.2596034353994846e+38
2291.25 3.256888111758654e+38
2291.84 3.2549238304242245e+38
2292.44 3.252781001297813e+38
2293.03 3.250476170033188e+38
2293.63 3.24833612264775e+38
2294.22 3.2461484262787963e+38
2294.81 3.243962142403052e+38
2295.41 3.2419400322973255e+38
2296.0 3.2397564290782336e+38
2296.6 3.237679872294856e+38
2297.2 3.235547732253665e+38
2297.79 3.074137685404567e+38
2298.39 3.231408897509849e+38
2298.98 3.2290645950771062e+38
2299.58 3.227001520212273e+38
2300.17 3.2248910372567416e+38
2300.77 3.222717381853188e+38
2301.37 3.220771075412457e+38
2301.96 3.218551542182958e+38
2302.56 3.216438341511123e+38
2303.16 3.214551859064591e+38
2303.75 3.2123927289630064e+38
2304.35 3.210170781296159e+38
2304.95 3.2080627519986723e+38
2305.54 3.2058516383992663e+38
2306.14 3.203746302569836e+38
2306.74 2.9533534474016024e+38
2307.34 3.1955175394702366e+38
2307.94 3.197508956239218e+38
2308.53 3.1953106522928515e+38
2309.13 3.1934413540787214e+38
2309.73 3.1912937249721097e+38
2310.33 3.1890916747775847e+38
2310.93 3.187058384317343e+38
2311.53 3.1849148626762304e+38
2312.13 3.1827170546196876e+38
2312.73 3.1807432151586805e+38
2313.32 3.178500445068886e+38
2313.93 3.1764101225615364e+38
2314.52 3.1743372975498267e+38
2315.12 3.1719809739865156e+38
2315.72 3.1700695354452957e+38
2316.32 3.1676609893326438e+38
2316.93 3.165467636795787e+38
2317.52 3.1505630600343758e+38
2318.13 3.1608802256717705e+38
2318.73 3.160354317802381e+38
2319.33 3.15651984064086e+38
2319.93 3.1543968957382463e+38
2320.53 3.15211029661832e+38
2321.13 3.1499902234362577e+38
2321.73 3.1477067801833965e+38
2322.33 3.1453850956201377e+38
2322.94 3.1432262068783793e+38
2323.54 3.1407477297687964e+38
2324.14 3.1383807233193826e+38
2324.74 3.136398170486586e+38
2325.35 3.134300039076782e+38
2325.95 3.1325928175932004e+38
2326.55 3.1306136767074546e+38
2327.16 3.1287371789328156e+38
2327.76 3.1268147624777383e+38
2328.36 3.1250566827641114e+38
2328.97 3.1231831729407435e+38
2329.57 3.1211008672578365e+38
2330.17 3.1191863853907374e+38
2330.78 3.117320033725019e+38
2331.38 3.1155163624150178e+38
2331.98 3.1134969463379503e+38
2332.59 3.111687816872347e+38
2333.19 3.1097789074766112e+38
2333.8 3.108025750345929e+38
2334.4 3.1060108785732525e+38
2335.01 3.1042596021689745e+38
2335.61 3.102139179938662e+38
2336.22 3.100066593863668e+38
2336.82 3.0979489917219536e+38
2337.43 3.095770212086969e+38
2338.03 3.093800426300014e+38
2338.64 3.0916092928203944e+38
2339.25 3.0895806126377424e+38
2339.85 3.0874001226445537e+38
2340.46 3.0854811784174656e+38
2341.07 3.0832957463388188e+38
2341.67 3.0814403708244457e+38
2342.28 3.079364535157727e+38
2342.89 3.0771832732739377e+38
2343.5 3.0752701908994485e+38
2344.1 3.073472518121911e+38
2344.71 3.07134847918319e+38
2345.32 3.0693364901572137e+38
2345.93 3.0682438740222144e+38
2346.53 3.0653519954559617e+38
2347.14 3.063410957991105e+38
2347.75 3.061418033885758e+38
2348.36 3.0136781224926166e+38
2348.97 3.0575417869924165e+38
2349.58 2.9878430099160762e+38
2350.19 3.0535643965062947e+38
2350.79 3.0517434663183085e+38
2351.4 3.0497577177957538e+38
2352.01 3.047931418745145e+38
2352.62 3.0457899065975586e+38
2353.23 3.044014326893278e+38
2353.84 3.041969243876249e+38
2354.45 3.0399254737827543e+38
2355.06 3.03793554001859e+38
2355.67 3.035841868444187e+38
2356.28 3.0342739973536895e+38
2356.89 3.03213026976003e+38
2357.5 3.0304068935269067e+38
2358.12 3.0281534990334835e+38
2358.73 3.02611849446058e+38
2359.34 3.024032570739675e+38
2359.95 3.022261134238363e+38
2360.56 3.019969172700896e+38
2361.17 3.0179859790343533e+38
2361.78 3.01584212906379e+38
2362.4 3.013847936016018e+38
2363.01 3.011706908170466e+38
2363.62 3.0097230978517564e+38
2364.24 3.007577057040862e+38
2364.85 3.0055957952945437e+38
2365.46 3.003563960274671e+38
2366.07 3.0020508598008305e+38
2366.69 3.0000650485075476e+38
2367.3 2.9981916090932303e+38
2367.91 2.9961127119462797e+38
2368.53 2.9942852604194056e+38
2369.14 2.9922206529103557e+38
2369.76 2.990259509003851e+38
2370.37 2.9882556491969964e+38
2370.98 2.9864587206899736e+38
2371.6 2.9844497242307443e+38
2372.21 2.9826548636835146e+38
2372.83 2.980443122445913e+38
2373.44 2.978650481814678e+38
2374.06 2.976697646846222e+38
2374.67 2.9750093573260047e+38
2375.29 2.9729564578966242e+38
2375.91 2.9710070801024324e+38
2376.52 2.9688623014796474e+38
2377.14 2.9670089074072115e+38
2377.75 2.965161988117431e+38
2378.37 2.9629011216850588e+38
2378.99 2.9612014501025815e+38
2379.6 2.95910369047171e+38
2380.22 2.957151994714783e+38
2380.83 2.9551077332753923e+38
2381.45 2.9532091875830686e+38
2382.07 2.9510584954707425e+38
2382.69 2.9492129638037426e+38
2383.3 2.9470727878544525e+38
2383.92 2.9453305782881355e+38
2384.54 2.9434377803510435e+38
2385.16 2.9545988089169565e+38
2385.78 2.9364824602826204e+38
2386.4 2.6564237352016974e+38
2387.01 2.9269465600524632e+38
2387.63 2.9338973072019815e+38
2388.25 2.9321116213700088e+38
2388.87 2.9301260780921614e+38
2389.49 2.9283424160066368e+38
2390.11 2.9264594515141332e+38
2390.73 2.924377280330233e+38
2391.35 2.9226467593507006e+38
2391.97 2.9208171015756606e+38
2392.59 2.9189876212910266e+38
2393.21 2.917047258653084e+38
2393.83 2.9152078145655416e+38
2394.45 2.913419214677004e+38
2395.07 2.911432353971296e+38
2395.69 2.909148249051756e+38
2396.31 2.9075618064312292e+38
2396.93 2.9057276249117818e+38
2397.55 2.9036959192079975e+38
2398.17 2.9017647211219347e+38
2398.79 2.895132866766974e+38
2399.42 2.8977988573075224e+38
2400.04 2.8960690836545414e+38
2400.66 2.893996529543841e+38
2401.28 2.8921811612464223e+38
2401.91 2.890210996803735e+38
2402.53 2.8882991388760527e+38
2403.15 2.8864869566799514e+38
2403.77 2.884478892409519e+38
2404.4 2.882611909427206e+38
2405.02 2.875355503743372e+38
2405.64 2.8756587308159474e+38
2406.27 2.876738607802373e+38
2406.89 2.875128989015454e+38
2407.51 2.8732751730596703e+38
2408.14 2.871414652769554e+38
2408.76 2.8694647851491403e+38
2409.39 2.8674587270205745e+38
2410.01 2.865657020648168e+38
2410.64 2.863750960752991e+38
2411.26 2.8619513063393076e+38
2411.89 2.86019353719464e+38
2412.51 2.8582011954200265e+38
2413.14 2.85620236691472e+38
2413.76 2.854406923101226e+38
2414.39 2.8446602670176527e+38
2415.01 2.8507141993517738e+38
2415.64 2.848768623672532e+38
2416.26 2.8470257144799896e+38
2416.89 2.8451769154254824e+38
2417.52 2.843326705720114e+38
2418.14 2.8414371366956193e+38
2418.77 2.8394443209276317e+38
2419.4 2.837693860638167e+38
2420.02 2.8358076573946698e+38
2420.65 2.8340591098974053e+38
2421.28 2.832263363223877e+38
2421.91 2.8302283069971745e+38
2422.53 2.828634654899097e+38
2423.16 2.8259304079310214e+38
2423.79 2.8247624081698935e+38
2424.42 2.822923894109777e+38
2425.05 2.8209027432282024e+38
2425.68 2.8192699427104105e+38
2426.3 2.8172633450697397e+38
2426.93 2.815393631815662e+38
2427.56 2.813572738845773e+38
2428.19 2.8118958673607235e+38
2428.82 2.8100769445572437e+38
2429.45 2.808068742817002e+38
2430.08 2.806109448315872e+38
2430.71 2.8044364201834485e+38
2431.34 2.802431984035297e+38
2431.97 2.800381503975343e+38
2432.6 2.798758835315038e+38
2433.23 2.7969838193357348e+38
2433.86 2.795064404257177e+38
2434.49 2.7931934441412183e+38
2435.12 2.79122916305438e+38
2435.75 2.7895964094898718e+38
2436.39 2.7874850364439924e+38
2437.02 2.7856657072598944e+38
2437.65 2.783894470938954e+38
2438.28 2.7821241905178184e+38
2438.91 2.780354865351949e+38
2439.54 2.778539547783146e+38
2440.18 2.776623505054739e+38
2440.81 2.7735921491293744e+38
2441.44 2.7727981891261894e+38
2442.07 2.7713007311658016e+38
2442.71 2.7696086058148894e+38
2443.34 2.7678320107110713e+38
2443.97 2.765589593914941e+38
2444.61 2.7639470099415115e+38
2445.24 2.7623133290407994e+38
2445.88 2.7602996904068256e+38
2446.51 2.7584816509975864e+38
2447.14 2.7568970654426345e+38
2447.78 2.7544689371973045e+38
2448.41 2.7530718959858994e+38
2449.05 2.7513893546446306e+38
2449.68 2.749445390000317e+38
2450.32 2.746661597067324e+38
2450.95 2.741579792955604e+38
2451.59 2.7440670592867087e+38
2452.22 2.74226623914863e+38
2452.86 2.7404583818448453e+38
2453.49 2.7386134906280756e+38
2454.13 2.7367616366901045e+38
2454.76 2.7349189282033605e+38
2455.4 2.733115238003457e+38
2456.04 2.7313125586359916e+38
2456.67 2.7294730399220017e+38
2457.31 2.7274871473726928e+38
2457.95 2.725769723221041e+38
2458.58 2.723969786096462e+38
2459.22 2.7220711427173102e+38
2459.86 2.7204022282898003e+38
2460.5 2.7185970629178606e+38
2461.14 2.71651908316131e+38
2461.77 2.7144508156747405e+38
2462.41 2.713059125021297e+38
2463.05 2.7111215274544933e+38
2463.69 2.709458059907809e+38
2464.33 2.7076135837962134e+38
2464.96 2.7055059807763362e+38
2465.6 2.703845638972755e+38
2466.24 2.7020506805584694e+38
2466.88 2.7001661419439423e+38
2467.52 2.6985542673718995e+38
2468.16 2.6967170114192035e+38
2468.8 2.6907739971226932e+38
2469.44 2.6930908579964437e+38
2470.08 2.6913018826117316e+38
2470.72 2.689513902014687e+38
2471.36 2.687681889425931e+38
2472.0 2.6858509465368706e+38
2472.64 2.6840660214174317e+38
2473.28 2.6822371770775394e+38
2473.92 2.6805373691584974e+38
2474.56 2.6787411892838603e+38
2475.21 2.6768927578101028e+38
2475.85 2.6750985938448454e+38
2476.49 2.6733054185323604e+38
2477.13 2.6716919861947e+38
2477.77 2.6697666809681967e+38
2478.42 2.670065919245411e+38
2479.06 2.6663124484796882e+38
2479.7 2.6643013630811624e+38
2480.34 2.6625141419452578e+38
2480.99 2.6608973075882117e+38
2481.63 2.6591119035976908e+38
2482.27 2.657421193093718e+38
2482.92 2.6555930819637007e+38
2483.56 2.6538186713336745e+38
2484.2 2.652000961826829e+38
2484.85 2.6499547862920067e+38
2485.49 2.6486256109946426e+38
2486.14 2.6468025029408348e+38
2486.78 2.6449446484742227e+38
2487.42 2.6432202049616124e+38
2488.07 2.6414002131641333e+38
2488.71 2.6395455887668858e+38
2489.36 2.6377717145200194e+38
2490.0 2.635963207926e+38
2490.65 2.634324818535513e+38
2491.29 2.632432842004136e+38
2491.94 2.6304899362329246e+38
2492.59 2.628942433707253e+38
2493.23 2.6270975405995517e+38
2493.88 2.6252891806453804e+38
2494.52 2.604713506352388e+38
2495.17 2.6217275418918206e+38
2495.82 2.6200967044722513e+38
2496.47 2.618118042367276e+38
2497.11 2.6165843665793204e+38
2497.76 2.614955993433084e+38
2498.41 2.6131545049082613e+38
2499.05 2.6114504852677983e+38
2499.7 2.6096957997223492e+38
