WAVE FLUX
1000.04 3.493518310788525e+39
1000.53 3.319435201761851e+39
1001.02 3.159559911534855e+39
1001.51 3.5082088217800757e+39
1002.01 3.452399489806698e+39
1002.5 3.3331317841865017e+39
1002.99 3.294283738810024e+39
1003.48 3.5036755792615434e+39
1003.97 3.4461962070544276e+39
1004.46 3.393317675195455e+39
1004.96 3.481244396255393e+39
1005.45 3.1260356716138304e+39
1005.94 2.295725743450972e+39
1006.43 3.393977966875796e+39
1006.93 3.1369312902728784e+39
1007.42 3.433289162342085e+39
1007.92 2.2069838835249645e+39
1008.41 3.3957244560652824e+39
1008.91 3.1052644647154506e+39
1009.4 3.4203560128520565e+39
1009.9 2.891855961141506e+39
1010.39 1.725023554757961e+39
1010.89 3.273481697329504e+39
1011.38 2.3912137400277255e+39
1011.88 3.3967490724653025e+39
1012.37 2.980172445914057e+39
1012.87 1.8409005428475977e+39
1013.37 3.417117327341706e+39
1013.86 3.357816546541368e+39
1014.36 3.3922984548080535e+39
1014.86 2.5440096454216643e+39
1015.36 3.05620412123286e+39
1015.85 3.141618040915568e+39
1016.35 3.1194813669323484e+39
1016.85 3.0127739758516585e+39
1017.35 2.2629175357478766e+39
1017.85 2.0844549678157323e+39
1018.35 2.6563863027288e+39
1018.85 2.4899923323636556e+39
1019.35 2.319109473370107e+39
1019.85 1.1951962942629868e+39
1020.35 9.677307479943151e+38
1020.85 8.858597431286239e+38
1021.35 7.082346716835457e+38
1021.85 7.49211895545137e+38
1022.35 8.013192779100405e+38
1022.85 4.22871470830348e+38
1023.35 8.406627925003785e+38
1023.85 8.203357494185652e+38
1024.35 8.685680733924598e+38
1024.86 8.927650351609776e+38
1025.36 5.22950652989439e+38
1025.86 2.7083142999688804e+38
1026.37 5.5482552866675084e+38
1026.87 4.764301077766243e+38
1027.37 6.808328487772062e+38
1027.88 7.397078937359408e+38
1028.38 6.081935736590303e+38
1028.89 7.727552734423933e+38
1029.39 7.92041966944199e+38
1029.9 5.4140845055123065e+38
1030.4 7.81508690899474e+38
1030.91 6.4652466242443385e+38
1031.41 8.710005815919785e+38
1031.92 1.294127403564888e+39
1032.42 1.3074103246477965e+39
1032.93 1.671756890818245e+39
1033.44 1.6556544392195084e+39
1033.94 1.575010375665086e+39
1034.45 2.0046083305139735e+39
1034.96 2.251506661519539e+39
1035.46 2.191429458541456e+39
1035.97 2.6732644018371468e+39
1036.48 2.9844817419617785e+39
1036.99 3.209196713842761e+39
1037.5 3.879343120082165e+39
1038.01 4.890621461132334e+39
1038.51 5.336661097229748e+39
1039.02 4.932220779057637e+39
1039.53 4.6477005800756274e+39
1040.04 4.226835925871352e+39
1040.55 4.5344768290784175e+39
1041.06 4.563449092129679e+39
1041.57 4.134542888204959e+39
1042.08 4.248290972142073e+39
1042.59 4.086217367845359e+39
1043.11 4.012830543929549e+39
1043.62 3.5409027624400604e+39
1044.13 3.80885239774803e+39
1044.64 3.7192351998174747e+39
1045.15 3.54871010267937e+39
1045.67 3.41833732400573e+39
1046.18 3.4258978302712566e+39
1046.69 3.356154209933426e+39
1047.2 3.297728316001292e+39
1047.72 3.205511434035787e+39
1048.23 3.1284821943295847e+39
1048.75 3.198212103481907e+39
1049.26 3.174193955009236e+39
1049.78 3.0580438624719943e+39
1050.29 3.114747863001915e+39
1050.81 3.002638162505573e+39
1051.32 2.8908653702106626e+39
1051.83 3.137457441484115e+39
1052.35 3.018705125509053e+39
1052.87 3.0151254636584654e+39
1053.38 3.1210082029866974e+39
1053.9 3.133360299013299e+39
1054.42 3.125411813988049e+39
1054.93 3.112768126194088e+39
1055.45 2.5430187799457046e+39
1055.97 2.381985836559467e+39
1056.49 3.1054722481705216e+39
1057.01 3.031123056177606e+39
1057.52 2.9032606214151965e+39
1058.04 2.980291820860752e+39
1058.56 2.815201752685116e+39
1059.08 2.855771945102831e+39
1059.6 3.01276169871576e+39
1060.12 2.3352167373952305e+39
1060.64 2.618985360425859e+39
1061.16 2.533468011428712e+39
1061.68 2.6232678681123495e+39
1062.2 2.507670399496714e+39
1062.72 1.7320134679830432e+39
1063.24 2.7380376200554196e+39
1063.76 3.0799900799421557e+39
1064.28 2.9243892427867855e+39
1064.81 3.050420335680647e+39
1065.33 3.0655781221056194e+39
1065.85 2.6746879529405176e+39
1066.37 2.930468089598972e+39
1066.9 3.0420784767681625e+39
1067.42 2.894758916185738e+39
1067.94 2.4930728999660324e+39
1068.47 2.915021657137574e+39
1068.99 2.613405380859672e+39
1069.52 2.7623981428269905e+39
1070.04 2.416221835722578e+39
1070.56 2.6331991377781395e+39
1071.09 2.9589637380097724e+39
1071.61 2.982402949015446e+39
1072.14 2.6597177897918314e+39
1072.67 2.942002160405764e+39
1073.19 2.95316021505284e+39
1073.72 2.795374945977172e+39
1074.24 2.886558858590442e+39
1074.77 2.965867466855107e+39
1075.3 2.8732959575055276e+39
1075.82 2.8508574330142254e+39
1076.35 2.901572394435125e+39
1076.88 2.9127077537446483e+39
1077.41 2.919865909917854e+39
1077.94 2.718053882418863e+39
1078.47 2.885130880497412e+39
1078.99 2.6295651194767126e+39
1079.52 2.7312989546459064e+39
1080.05 2.926782279647896e+39
1080.58 2.8566358054817795e+39
1081.11 2.5919296753734614e+39
1081.64 2.5330878523202745e+39
1082.17 2.892361219732991e+39
1082.7 2.7539352986888794e+39
1083.23 2.5395937319691714e+39
1083.77 2.6974493626352963e+39
1084.3 2.668175172920056e+39
1084.83 2.108935859000663e+39
1085.36 2.826080170367182e+39
1085.89 2.8036189172448243e+39
1086.43 2.739002843528657e+39
1086.96 2.8733821162489996e+39
1087.49 2.867982437089121e+39
1088.02 2.6085311131380067e+39
1088.56 2.6797398292597926e+39
1089.09 2.5201961268204362e+39
1089.63 2.4010730828680764e+39
1090.16 2.6892646150309072e+39
1090.69 2.7867967418703864e+39
1091.23 2.3136736942241753e+39
1091.77 2.751292775562107e+39
1092.3 2.6606586454508213e+39
1092.84 2.7406999262780486e+39
1093.37 2.472764378657371e+39
1093.91 2.8576127729450754e+39
1094.44 2.8233494546887127e+39
1094.98 2.8287895122078395e+39
1095.52 2.491919287688519e+39
1096.06 2.5906879871459213e+39
1096.59 2.4773894089357852e+39
1097.13 2.838258700025146e+39
1097.67 2.4797039873226832e+39
1098.21 2.4819696732282406e+39
1098.74 2.825312944186402e+39
1099.28 2.815215717274537e+39
1099.82 2.6482783895953067e+39
1100.36 2.807204322263727e+39
1100.9 2.8144058645555134e+39
1101.44 2.6512617644344844e+39
1101.98 2.633364530930475e+39
1102.52 2.7906107871361237e+39
1103.06 2.6194004091352033e+39
1103.6 2.714255593677802e+39
1104.15 2.428797010670085e+39
1104.69 2.6975195595650062e+39
1105.23 2.7216125094803243e+39
1105.77 2.6870613353046583e+39
1106.31 2.757581782675575e+39
1106.85 2.6269706862229352e+39
1107.4 2.6198593321673895e+39
1107.94 1.7131340297770325e+39
1108.48 1.9151998668441992e+39
1109.03 2.6657421816069564e+39
1109.57 2.7054438894608172e+39
1110.11 2.5877850131957666e+39
1110.66 2.4554281953401037e+39
1111.2 2.610514345521013e+39
1111.75 2.6299010510320743e+39
1112.29 2.4123134420628918e+39
1112.84 2.7141033671636663e+39
1113.39 2.720566139958542e+39
1113.93 2.6648559534350122e+39
1114.48 2.6667326448707254e+39
1115.02 2.1899379366346744e+39
1115.57 2.6332159658393035e+39
1116.12 1.990515396330559e+39
1116.67 2.4063709934257508e+39
1117.21 2.4447680420927795e+39
1117.76 2.221019229975146e+39
1118.31 2.5556141818850532e+39
1118.86 2.7104697061967837e+39
1119.41 2.422041441738836e+39
1119.95 2.7005630068641263e+39
1120.5 2.6871363871831645e+39
1121.05 2.5084914966065377e+39
1121.6 2.661764079663563e+39
1122.15 2.66094862917199e+39
1122.7 2.671136088050982e+39
1123.25 2.674116261889072e+39
1123.8 1.492934170589222e+39
1124.36 2.539489101096944e+39
1124.91 2.280989537100983e+39
1125.46 2.5843774696479715e+39
1126.01 2.6291224751494762e+39
1126.56 2.5735073423531344e+39
1127.11 2.5078936183551328e+39
1127.67 2.374325061468412e+39
1128.22 1.3269600201571844e+39
1128.77 1.419029999991945e+39
1129.33 2.4795519461999206e+39
1129.88 2.4356939721671778e+39
1130.44 2.2573013211766527e+39
1130.99 2.4103699425420224e+39
1131.54 2.5855225551529328e+39
1132.1 2.6342713808611774e+39
1132.65 2.5939012396106052e+39
1133.21 2.526541351909017e+39
1133.77 2.5316748589156702e+39
1134.32 2.4048583191714738e+39
1134.88 2.4144427426471446e+39
1135.43 2.5706088387383736e+39
1135.99 2.6019534672087832e+39
1136.55 2.5539817853589146e+39
1137.1 2.5734118713962562e+39
1137.66 2.5768071138465415e+39
1138.22 2.408910861220606e+39
1138.78 2.552926786199829e+39
1139.34 2.177468188860857e+39
1139.9 2.044947146980433e+39
1140.45 2.4915339132651565e+39
1141.01 2.5804681346581896e+39
1141.57 2.1284198906355017e+39
1142.13 2.5298394472009818e+39
1142.69 2.562798205473093e+39
1143.25 2.5290791869948594e+39
1143.81 2.4906596650000792e+39
1144.38 2.2070468577803616e+39
1144.94 2.1748322757572917e+39
1145.5 2.5593433170707476e+39
1146.06 2.5535061927974796e+39
1146.62 2.5361402571179636e+39
1147.18 2.5022544038331795e+39
1147.75 2.5320626922071503e+39
1148.31 2.494967350716532e+39
1148.87 2.3987817668741386e+39
1149.44 2.4475270209178912e+39
1150.0 2.2982096854854632e+39
1150.0 2.2982096854854632e+39
1150.3 2.4254069184037075e+39
1150.6 2.4753365718242842e+39
1150.89 2.3312672889530998e+39
1151.19 2.3561801147648298e+39
1151.49 2.4975739685777672e+39
1151.79 2.4878942082189735e+39
1152.09 2.4513487344334188e+39
1152.39 2.4132937671808455e+39
1152.69 2.0066368172034562e+39
1152.98 2.5265112173602694e+39
1153.28 2.4948248134498495e+39
1153.58 2.3966753402599594e+39
1153.88 2.26918186348649e+39
1154.18 2.344247611980911e+39
1154.48 2.4639312932485044e+39
1154.78 2.420900442692694e+39
1155.08 2.35156550818658e+39
1155.38 2.3671252383306773e+39
1155.68 2.472739286802652e+39
1155.98 1.974574172246578e+39
1156.28 2.4703190135586613e+39
1156.57 2.3916524319228163e+39
1156.88 2.391796610297153e+39
1157.18 2.366411714734399e+39
1157.47 2.4156780502117797e+39
1157.78 2.3905858468460868e+39
1158.07 2.0285584958371815e+39
1158.38 2.4320688649093774e+39
1158.68 2.4089040281141538e+39
1158.97 2.185752650337002e+39
1159.28 2.4391566129719097e+39
1159.58 2.2298916509403492e+39
1159.88 2.457305317442418e+39
1160.18 2.2441080178925533e+39
1160.48 2.1658580976615078e+39
1160.78 2.4219424133323797e+39
1161.08 2.465801737512378e+39
1161.38 2.3702024044315393e+39
1161.68 2.4126229026348094e+39
1161.98 2.1933872881928075e+39
1162.28 2.3996701053789496e+39
1162.58 2.4515431121914528e+39
1162.89 2.439351661046436e+39
1163.19 2.0758267247313424e+39
1163.49 2.3262311876386593e+39
1163.79 2.1779373476069983e+39
1164.09 2.3021542615996952e+39
1164.39 2.172761436254319e+39
1164.7 2.2750902109561632e+39
1165.0 2.0682544230098194e+39
1165.3 2.3614098799783085e+39
1165.6 1.9140496870487745e+39
1165.9 2.005746914712321e+39
1166.21 2.4037378316683793e+39
1166.51 2.3852663287338702e+39
1166.81 2.0322410004003726e+39
1167.11 2.200289261877321e+39
1167.42 2.0828844593205142e+39
1167.72 2.0110566574758098e+39
1168.02 2.3868496757802525e+39
1168.32 2.41396419125492e+39
1168.63 2.0526174405176333e+39
1168.93 1.585684203857507e+39
1169.23 2.3468156045038705e+39
1169.54 2.193118014037786e+39
1169.84 2.3787360638618545e+39
1170.14 2.2355108210018043e+39
1170.44 2.166770655208896e+39
1170.75 2.3530612023406646e+39
1171.05 2.0341927217433732e+39
1171.35 2.3968558114386634e+39
1171.66 2.259980960359643e+39
1171.96 2.090990985314828e+39
1172.27 2.4066992806347366e+39
1172.57 2.2821470018966644e+39
1172.87 2.1310848042354538e+39
1173.18 2.3958899383919534e+39
1173.48 2.2055897046197474e+39
1173.79 2.283886593777455e+39
1174.09 2.3415565814913082e+39
1174.4 2.37860378472852e+39
1174.7 2.3043837159420496e+39
1175.0 1.6283197652275355e+39
1175.31 1.55969078612771e+39
1175.61 1.5052587845933338e+39
1175.92 1.5947000380684352e+39
1176.22 1.9702504828885647e+39
1176.53 2.1170389498879192e+39
1176.83 2.3482761360489676e+39
1177.14 2.3694012390198536e+39
1177.44 2.3223086842536688e+39
1177.75 2.296126456292499e+39
1178.05 2.3159843609557072e+39
1178.36 2.170559989834768e+39
1178.66 2.353572202319016e+39
1178.97 2.16703248215976e+39
1179.27 2.3325136810689264e+39
1179.58 2.36795093046227e+39
1179.89 2.2056536879883863e+39
1180.19 2.3373637313932135e+39
1180.5 2.1822672071796713e+39
1180.8 2.246408760340063e+39
1181.11 2.3556359765260947e+39
1181.42 2.177496295285123e+39
1181.72 2.1431036490520007e+39
1182.03 2.356854739232632e+39
1182.33 2.356180616680975e+39
1182.64 2.0139658455370952e+39
1182.95 1.680908691032844e+39
1183.25 2.2519828765873255e+39
1183.56 2.293174683182513e+39
1183.87 2.2073544706348487e+39
1184.17 2.2371868923630185e+39
1184.48 1.5236335133706936e+39
1184.79 2.0824231857011454e+39
1185.09 2.32566615237081e+39
1185.4 2.0928545244063304e+39
1185.71 2.325986110792542e+39
1186.02 2.2752099440293962e+39
1186.32 2.332449891646017e+39
1186.63 2.1227114282185042e+39
1186.94 2.2817665796769677e+39
1187.25 2.3241992161633804e+39
1187.56 2.297200677920066e+39
1187.86 2.3172270603617808e+39
1188.17 2.3199115032003032e+39
1188.48 2.1472262014016843e+39
1188.79 2.3059596852569666e+39
1189.09 2.2392333432539854e+39
1189.4 2.256007624592865e+39
1189.71 2.3096882144863004e+39
1190.02 2.287941145431446e+39
1190.33 1.9835916241498812e+39
1190.64 2.307328139628375e+39
1190.94 2.2818332013845706e+39
1191.25 1.9669046076089626e+39
1191.56 2.3118527433937284e+39
1191.87 2.2764706898721188e+39
1192.18 2.2957350944143332e+39
1192.49 2.2373935210993753e+39
1192.8 2.2124191196827825e+39
1193.11 2.1086372877816114e+39
1193.42 2.2432183224276788e+39
1193.73 2.1835606938050224e+39
1194.04 2.1953808448237383e+39
1194.34 2.161688861249626e+39
1194.65 2.2790392000942468e+39
1194.96 2.2849242316800302e+39
1195.27 2.2344266617488497e+39
1195.58 2.1723608818908712e+39
1195.89 2.265273411620153e+39
1196.2 1.5327531500773308e+39
1196.51 2.2222033025365325e+39
1196.82 2.2138332728207397e+39
1197.13 2.150909268905936e+39
1197.44 2.1986492220021918e+39
1197.75 2.106201824323809e+39
1198.06 2.1725324077393456e+39
1198.38 2.0728059908421387e+39
1198.69 2.2257714661786497e+39
1199.0 2.2386925192368276e+39
1199.31 2.305140483997619e+39
1199.62 2.1897902327100803e+39
1199.93 2.2585069615047323e+39
1200.24 2.074253434021076e+39
1200.55 2.1526642359436673e+39
1200.86 1.949541737720596e+39
1201.17 2.0762160170316644e+39
1201.48 2.1347370420920118e+39
1201.8 2.0989879778609183e+39
1202.11 1.7985767302291788e+39
1202.42 2.202115153628242e+39
1202.73 2.192763750363839e+39
1203.04 2.1791505553141578e+39
1203.35 1.9322029244982794e+39
1203.67 2.1970027009572454e+39
1203.98 2.206920271602948e+39
1204.29 2.0828929059753804e+39
1204.6 2.207164401239589e+39
1204.92 2.0948075176284296e+39
1205.23 2.1262797773739222e+39
1205.54 1.950477193563584e+39
1205.85 2.15142850599026e+39
1206.16 2.1380229979827687e+39
1206.48 1.526723484443974e+39
1206.79 2.1900633475562204e+39
1207.1 2.1204076329994122e+39
1207.42 2.056460866139225e+39
1207.73 2.1836032951123303e+39
1208.04 2.1037569041409776e+39
1208.35 2.0955436754858065e+39
1208.67 2.0691600667092406e+39
1208.98 2.133394714963858e+39
1209.29 2.1392427468486517e+39
1209.61 1.9129291337712836e+39
1209.92 2.118436072522024e+39
1210.23 2.0466495093307756e+39
1210.55 1.876029062643975e+39
1210.86 2.1357560053954043e+39
1211.18 1.8946813291638094e+39
1211.49 1.7859295703812498e+39
1211.8 2.13664271653675e+39
1212.12 2.152149189625513e+39
1212.43 2.1397725525391386e+39
1212.75 1.906779090173071e+39
1213.06 1.8455005800526534e+39
1213.38 2.13787298713469e+39
1213.69 1.8020712879667623e+39
1214.0 1.9772510194101554e+39
1214.32 2.1005983454228382e+39
1214.63 1.866879238173708e+39
1214.95 2.0046712731974877e+39
1215.26 1.3866814132242422e+39
1215.58 1.3768303694187297e+39
1215.89 1.5602278946014677e+39
1216.21 2.2568465243759578e+39
1216.52 2.2392480395742413e+39
1216.84 1.966422712166171e+39
1217.15 1.7534653965064692e+39
1217.47 2.1999848715893528e+39
1217.79 1.6289166680360936e+39
1218.1 2.2024531896673488e+39
1218.42 2.0072146331281272e+39
1218.73 1.9072397476450024e+39
1219.05 2.1730080331468482e+39
1219.36 2.1799697750295716e+39
1219.68 2.1305002656287846e+39
1220.0 1.8332808830958017e+39
1220.31 1.8264164279347923e+39
1220.63 2.1206512892578198e+39
1220.94 1.6138313456479788e+39
1221.26 1.8449079877065126e+39
1221.58 2.1484371709011578e+39
1221.9 1.8125623175242294e+39
1222.21 1.793007921832635e+39
1222.53 1.9261400428258248e+39
1222.84 1.6731614405873157e+39
1223.16 1.537695945029179e+39
1223.48 1.7742321117461304e+39
1223.8 1.2419236259253774e+39
1224.11 1.3861569137352226e+39
1224.43 1.2388146545392892e+39
1224.75 1.0624110053146728e+39
1225.06 9.717354900496593e+38
1225.38 9.17290036021054e+38
1225.7 8.131449216034197e+38
1226.02 6.262264139684535e+38
1226.34 8.825297648435205e+38
1226.65 8.66490202767905e+38
1226.97 8.420690432224012e+38
1227.29 7.562233676437008e+38
1227.61 8.40006134362632e+38
1227.93 8.351056505280475e+38
1228.24 7.930647030867429e+38
1228.56 8.059103690321897e+38
1228.88 8.47372760174844e+38
1229.2 8.469487677676343e+38
1229.52 6.464712896653072e+38
1229.84 5.948811768443834e+38
1230.16 7.706155613507335e+38
1230.47 6.7608199026979885e+38
1230.79 5.610816337775607e+38
1231.11 7.686426450690395e+38
1231.43 7.725591768801541e+38
1231.75 7.96890241637471e+38
1232.07 8.07699044439951e+38
1232.39 8.155595456204701e+38
1232.71 8.255892185947938e+38
1233.03 7.45309710393813e+38
1233.35 7.976229871033613e+38
1233.67 8.471435018739243e+38
1233.99 8.571767995329473e+38
1234.31 8.853721657824486e+38
1234.63 8.618987888262222e+38
1234.95 9.297015026815612e+38
1235.27 9.43606838549614e+38
1235.59 9.851943613772875e+38
1235.91 1.0152665711573093e+39
1236.23 9.429501239720862e+38
1236.55 1.0980050018901449e+39
1236.87 1.1398052406723366e+39
1237.19 1.1129396523437894e+39
1237.51 1.24442061332886e+39
1237.83 1.3006963586151319e+39
1238.15 1.363928576884711e+39
1238.47 1.3615216496965134e+39
1238.79 1.466739799567611e+39
1239.11 1.685505245267304e+39
1239.44 1.7231617335855614e+39
1239.76 1.7646460318755445e+39
1240.08 1.8029704109400058e+39
1240.4 1.8469634284772587e+39
1240.72 1.923034757881107e+39
1241.04 1.9976574711156563e+39
1241.36 2.079448292189887e+39
1241.69 2.1720079955333228e+39
1242.01 2.2793227051933302e+39
1242.33 2.4020069435639836e+39
1242.65 2.5849753156312102e+39
1242.97 2.9646811413606854e+39
1243.3 3.1765302600712495e+39
1243.62 3.116656088270669e+39
1243.94 3.1419280573616114e+39
1244.26 3.063288272850172e+39
1244.58 3.161241837694983e+39
1244.91 2.9569113991774165e+39
1245.23 2.705384125670068e+39
1245.55 2.9422890630264974e+39
1245.88 2.7809757044514705e+39
1246.2 2.810696612031556e+39
1246.52 2.6830128692675375e+39
1246.84 2.5979095176787846e+39
1247.17 2.774808994400782e+39
1247.49 2.0213839603757377e+39
1247.81 2.412410535937236e+39
1248.14 1.9864976567340463e+39
1248.46 2.3718807033482013e+39
1248.79 2.5006954283581047e+39
1249.11 2.5483884031958754e+39
1249.43 2.3046517716935552e+39
1249.76 2.4511977023755065e+39
1250.08 2.257419290457381e+39
1250.4 1.828067413494153e+39
1250.73 1.8953853388392618e+39
1251.05 2.0315376910046097e+39
1251.38 2.242690310217781e+39
1251.7 2.173454117692856e+39
1252.03 2.1112564822395544e+39
1252.35 2.0438412373191854e+39
1252.68 1.863661660404525e+39
1253.0 1.9752252781698452e+39
1253.32 2.10245056576668e+39
1253.65 1.6240437896197156e+39
1253.97 1.7543672120995183e+39
1254.3 2.1860355001131263e+39
1254.62 2.1550742633873037e+39
1254.95 1.9837465747943597e+39
1255.27 1.8577125052557867e+39
1255.6 2.0948060927226136e+39
1255.93 2.0731904937737842e+39
1256.25 2.071361765214215e+39
1256.58 1.8325075016662702e+39
1256.9 2.0310926256451718e+39
1257.23 1.9845414523674954e+39
1257.55 1.7552898595795067e+39
1257.88 1.77855125803323e+39
1258.2 2.0304033893759272e+39
1258.53 1.7053017641297194e+39
1258.86 1.5458105359834017e+39
1259.18 1.8203417431040984e+39
1259.51 1.859297100380102e+39
1259.84 1.8560252730683476e+39
1260.16 1.798564582939773e+39
1260.49 1.8811050036089085e+39
1260.82 1.8190537433436553e+39
1261.14 1.975907238399641e+39
1261.47 2.069278570672153e+39
1261.8 1.672744038306876e+39
1262.12 2.0561571912250485e+39
1262.45 2.0560109714440013e+39
1262.78 2.0481018866925377e+39
1263.11 2.0218610639958887e+39
1263.43 2.0039224777275282e+39
1263.76 2.0160900534416904e+39
1264.09 1.9869174427951542e+39
1264.42 1.6690206284521918e+39
1264.74 1.8136177030524643e+39
1265.07 1.9423844970602688e+39
1265.4 1.8273352564872677e+39
1265.73 1.625545298448819e+39
1266.06 1.6630118758209155e+39
1266.38 1.5745518532200323e+39
1266.71 1.7828755081530293e+39
1267.04 2.0209810599721198e+39
1267.37 1.8119776073489504e+39
1267.7 1.9974271034623074e+39
1268.03 1.9724512524258645e+39
1268.35 2.0189740739749e+39
1268.68 2.010255376846056e+39
1269.01 1.819596693882249e+39
1269.34 1.8129311579556372e+39
1269.67 1.975512887080542e+39
1270.0 1.8470944374077924e+39
1270.33 1.7684418322892516e+39
1270.66 1.432708111044088e+39
1270.99 1.8242174607105897e+39
1271.32 1.843730989790999e+39
1271.65 1.866193505511542e+39
1271.97 1.6855419769314762e+39
1272.31 2.077764711829147e+39
1272.63 1.7473249638931457e+39
1272.96 2.0349971739359375e+39
1273.29 1.8409117520109718e+39
1273.62 1.75703746058903e+39
1273.95 1.9543949903602652e+39
1274.28 1.7990746043463292e+39
1274.61 2.0037759376737096e+39
1274.94 1.989260361106015e+39
1275.28 1.970586953226858e+39
1275.61 1.9592087232053643e+39
1275.94 1.868953456055686e+39
1276.27 1.8943825957563637e+39
1276.6 1.8182213258054558e+39
1276.93 1.5017555039337414e+39
1277.26 1.87107304363997e+39
1277.59 1.9392447815517574e+39
1277.92 1.9606171866171166e+39
1278.25 1.683190029770724e+39
1278.58 2.0432897273713298e+39
1278.92 1.573646613241149e+39
1279.25 2.0378578592510017e+39
1279.58 2.008833580431918e+39
1279.91 1.9777419721770966e+39
1280.24 2.0066994927452904e+39
1280.57 1.9576817602960925e+39
1280.91 1.9949963621645004e+39
1281.24 1.7487486553108665e+39
1281.57 1.8714150804252227e+39
1281.9 1.824300081696832e+39
1282.23 1.654393818698131e+39
1282.57 1.9999533934591085e+39
1282.9 1.90242024661158e+39
1283.23 1.8813302640342374e+39
1283.56 1.8360453634800136e+39
1283.9 1.7038725165751873e+39
1284.23 1.498502607012817e+39
1284.56 1.7384838887151408e+39
1284.9 1.8786105235263023e+39
1285.23 1.684254965039782e+39
1285.56 1.9442534442806223e+39
1285.9 1.5518031845659188e+39
1286.23 1.734525284472718e+39
1286.56 1.9362714706735973e+39
1286.9 1.886131489752999e+39
1287.23 2.0305689169137885e+39
1287.56 1.624244549776221e+39
1287.9 1.9727663267345825e+39
1288.23 1.621342043080927e+39
1288.56 1.9771450408221195e+39
1288.9 1.8916337961129487e+39
1289.23 1.9121591704273662e+39
1289.57 1.9636090663315228e+39
1289.9 1.8864326318680844e+39
1290.23 1.9712232816596603e+39
1290.57 1.981959269620251e+39
1290.9 1.9365909423269242e+39
1291.24 1.6366553028145237e+39
1291.57 1.802993530379637e+39
1291.91 1.9684375843946153e+39
1292.24 1.9385031887443804e+39
1292.58 1.966642560752095e+39
1292.91 1.9630102017117868e+39
1293.25 1.7301672265476275e+39
1293.58 1.9405859722798408e+39
1293.92 1.8764816532321072e+39
1294.25 1.9177795914026468e+39
1294.59 1.4349082444592914e+39
1294.92 1.9001229372379136e+39
1295.26 1.6862209913640588e+39
1295.59 1.8519743649556276e+39
1295.93 1.8408911671887832e+39
1296.27 1.4813926104849474e+39
1296.6 1.47486826023917e+39
1296.94 1.8147562668797568e+39
1297.28 1.992409519537587e+39
1297.61 1.674103502310303e+39
1297.95 1.9723608903007426e+39
1298.28 1.9746089214453507e+39
1298.62 1.8647545351409764e+39
1298.96 1.5443521719232565e+39
1299.29 1.9558932712376078e+39
1299.63 1.9411878229419044e+39
1299.97 1.9402938692231655e+39
1300.3 1.8722810552412884e+39
1300.64 1.636984959179131e+39
1300.98 1.5153749859055046e+39
1301.32 1.9222802128216834e+39
1301.65 1.8342646401249034e+39
1301.99 1.9892432984822433e+39
1302.33 1.9035283813548203e+39
1302.67 1.95659889735483e+39
1303.0 1.9424654886702096e+39
1303.34 1.4022397124003686e+39
1303.68 1.917649409806513e+39
1304.02 1.9119083288703807e+39
1304.35 1.934902084279201e+39
1304.69 1.895268746554202e+39
1305.03 1.946223501996715e+39
1305.37 1.7881354110653377e+39
1305.71 1.602983365592781e+39
1306.05 1.2598601061916994e+39
1306.38 1.9091649421227757e+39
1306.72 1.714053053979242e+39
1307.06 1.9097730581497066e+39
1307.4 1.3850035895261175e+39
1307.74 1.835915914783404e+39
1308.08 1.8796051826061475e+39
1308.42 1.8168324236309305e+39
1308.76 1.7209598114391928e+39
1309.09 1.9068875529775508e+39
1309.43 1.8479075198398394e+39
1309.77 1.806375441491421e+39
1310.11 1.5933428617432765e+39
1310.45 1.9327192977388223e+39
1310.79 1.9185310610375382e+39
1311.13 1.5245748437502633e+39
1311.47 1.9013189168623732e+39
1311.81 1.3804368534349376e+39
1312.15 1.9305117859724695e+39
1312.49 1.7671365869883336e+39
1312.83 1.924644485125436e+39
1313.17 1.8813026816276396e+39
1313.51 1.8856869594223667e+39
1313.85 1.9198566094206614e+39
1314.19 1.8829308887640114e+39
1314.53 1.5650340192060007e+39
1314.88 1.758737650488094e+39
1315.22 1.8625622776802713e+39
1315.56 1.7170010950108873e+39
1315.9 1.782426277961937e+39
1316.24 1.8186327465074992e+39
1316.58 1.9001870263458556e+39
1316.92 1.7150493329810213e+39
1317.26 1.8537961264904338e+39
1317.6 1.8253386170172697e+39
1317.94 1.745611386991485e+39
1318.29 1.4861534278853782e+39
1318.63 1.8074940070767073e+39
1318.97 1.9083231474897776e+39
1319.31 1.5730456363010225e+39
1319.65 1.8222158310477657e+39
1320.0 1.89630089035446e+39
1320.34 1.4234602526995133e+39
1320.68 1.5499228405062394e+39
1321.02 1.8986657414858184e+39
1321.36 1.3086455283621202e+39
1321.71 1.8923702485098383e+39
1322.05 1.8930479247363807e+39
1322.39 1.8822351016862326e+39
1322.74 1.8793813411246483e+39
1323.08 1.7552945835737843e+39
1323.42 1.8557659524207496e+39
1323.76 1.8035486453816125e+39
1324.11 1.7949085470476125e+39
1324.45 1.5556882084349607e+39
1324.79 1.7738531096757526e+39
1325.14 1.8587749862517565e+39
1325.48 1.8803934684927853e+39
1325.82 1.5478924997380888e+39
1326.17 1.8659160264881127e+39
1326.51 1.5679656087306304e+39
1326.85 1.7972556655819583e+39
1327.2 1.7271135093509384e+39
1327.54 1.66098662537441e+39
1327.89 1.7918731039158312e+39
1328.23 1.8222374846204477e+39
1328.58 1.8005219348807072e+39
1328.92 1.7483507092021025e+39
1329.27 1.7570309685869587e+39
1329.61 1.856418605198122e+39
1329.95 1.8033568124602237e+39
1330.3 1.6148868014057605e+39
1330.64 1.8148103156705194e+39
1330.99 1.6016198913761513e+39
1331.33 1.611549241164765e+39
1331.68 1.371302682548342e+39
1332.02 1.7291122691737068e+39
1332.37 1.6963722655561107e+39
1332.71 1.8060342792524724e+39
1333.06 1.750626623690383e+39
1333.41 1.7903248501590473e+39
1333.75 1.8025847642642862e+39
1334.1 1.730280392723991e+39
1334.44 1.511026720739834e+39
1334.79 1.680605819379719e+39
1335.13 1.6952230188250502e+39
1335.48 1.7526845170841576e+39
1335.83 1.4107922172288618e+39
1336.17 1.3576230812800974e+39
1336.52 1.589596573795423e+39
1336.86 1.483224958677926e+39
1337.21 1.65603795778605e+39
1337.56 1.6040762816269794e+39
1337.91 1.639310772150031e+39
1338.25 1.522824243422249e+39
1338.6 1.2451217595314365e+39
1338.94 1.848581717720636e+39
1339.29 1.8126025792386692e+39
1339.64 1.376315688343118e+39
1339.99 1.7802751104279522e+39
1340.33 1.5547070427327983e+39
1340.68 1.7709158137989053e+39
1341.03 1.6195286537924067e+39
1341.38 1.720206596740292e+39
1341.72 1.7234348801809768e+39
1342.07 1.653202958837212e+39
1342.42 1.406138968851121e+39
1342.77 1.5297219907245078e+39
1343.11 1.3748101559630286e+39
1343.46 1.2716978063675718e+39
1343.81 1.9292608048949253e+39
1344.16 1.921591765909664e+39
1344.51 1.919734401594732e+39
1344.86 1.7992402709095766e+39
1345.21 1.8791247869967602e+39
1345.55 1.4151577352639814e+39
1345.9 1.8558110024855834e+39
1346.25 1.8071747835219735e+39
1346.6 1.8099446717329486e+39
1346.95 1.8301910610923838e+39
1347.3 1.6168949047029863e+39
1347.65 1.7049760400750227e+39
1348.0 1.6830141237991375e+39
1348.35 1.8318854434108486e+39
1348.7 1.7651865071332417e+39
1349.05 1.7913483166225127e+39
1349.4 1.7820218242391392e+39
1349.74 1.8006869936865944e+39
1350.09 1.672196292927707e+39
1350.44 1.736239861967536e+39
1350.8 1.805406029544811e+39
1351.15 1.6171604320809003e+39
1351.49 1.2707421260826655e+39
1351.84 1.78861395244258e+39
1352.2 1.8146753485118333e+39
1352.55 1.7703524567506626e+39
1352.9 1.703212274438082e+39
1353.25 1.802541685287931e+39
1353.6 1.792158701008245e+39
1353.95 1.805534362585908e+39
1354.3 1.7437835444021057e+39
1354.65 1.7902331124036513e+39
1355.0 1.7706106729309062e+39
1355.35 1.574447200895625e+39
1355.7 1.7367005844241892e+39
1356.06 1.4855863397134275e+39
1356.41 1.7843214082210085e+39
1356.76 1.778773908143787e+39
1357.11 1.3156325639935478e+39
1357.46 1.6961146628180967e+39
1357.81 1.4191209654733764e+39
1358.17 1.7010695873408263e+39
1358.52 1.3386668926194187e+39
1358.87 1.6172025393447658e+39
1359.22 1.3774861103616634e+39
1359.57 1.5582393068973987e+39
1359.93 1.467386286657831e+39
1360.28 1.4171883868230514e+39
1360.63 1.3484545979800569e+39
1360.98 1.3183622049734679e+39
1361.34 1.1143222745552182e+39
1361.69 9.513739917136348e+38
1362.04 1.2360752480645824e+39
1362.4 1.2094768214833647e+39
1362.75 1.181981566236991e+39
1363.1 9.534037963815833e+38
1363.46 1.0035204828198006e+39
1363.81 1.0541984104643719e+39
1364.16 1.1731360356550385e+39
1364.52 1.1731565081454417e+39
1364.87 1.0273668494255934e+39
1365.22 1.0957065823527437e+39
1365.58 1.0082856144134511e+39
1365.93 1.1736413410823897e+39
1366.29 1.223159814831887e+39
1366.64 1.2559996089383052e+39
1366.99 1.1768958075294762e+39
1367.35 1.308430162259735e+39
1367.7 1.339681694177687e+39
1368.06 1.3708296913552206e+39
1368.41 1.4062507101160758e+39
1368.77 1.4572669190089997e+39
1369.12 1.4986692778598233e+39
1369.48 1.4645774457655868e+39
1369.83 1.59741169109852e+39
1370.19 1.645355241601829e+39
1370.54 1.7262025207720566e+39
1370.9 1.7121914672524276e+39
1371.25 1.807415604341078e+39
1371.61 2.1012073735264378e+39
1371.96 1.7798518807592294e+39
1372.32 2.2188313919324346e+39
1372.67 1.8697517212587755e+39
1373.03 2.031205507749178e+39
1373.39 2.0694138278172185e+39
1373.74 1.631443720238797e+39
1374.1 1.446535326054269e+39
1374.45 1.8626308774694006e+39
1374.81 1.5571146824324773e+39
1375.17 1.942709786592887e+39
1375.52 1.9343245033220348e+39
1375.88 1.9337678070364083e+39
1376.23 1.6041526176136134e+39
1376.59 1.7355262357391828e+39
1376.95 1.8309456798678106e+39
1377.31 1.8390827873277745e+39
1377.66 1.5516349344867967e+39
1378.02 1.5959224208683354e+39
1378.38 1.825425024475144e+39
1378.73 1.7014487846813578e+39
1379.09 1.4954753855576274e+39
1379.45 1.7097791233168852e+39
1379.81 1.7854346449324407e+39
1380.16 1.373452613495781e+39
1380.52 1.7052920460004632e+39
1380.88 1.707361642819717e+39
1381.24 1.6549791831081242e+39
1381.6 1.5237007434161323e+39
1381.95 1.734660033815934e+39
1382.31 1.673334249141269e+39
1382.67 1.7027080770524915e+39
1383.03 1.725912535617856e+39
1383.39 1.7224610102093642e+39
1383.75 1.641983969110346e+39
1384.1 1.3170625462580521e+39
1384.46 1.6765577314450942e+39
1384.82 1.596475548114243e+39
1385.18 1.696157606909339e+39
1385.54 1.6924831568093084e+39
1385.9 1.5171369531058158e+39
1386.26 1.5297880905144826e+39
1386.62 1.6806962651350328e+39
1386.98 1.6099798122828087e+39
1387.34 1.4311907306939602e+39
1387.7 1.680052488971988e+39
1388.06 1.424814415893691e+39
1388.42 1.6000771859678105e+39
1388.78 1.6841270542209458e+39
1389.14 1.669003696852621e+39
1389.49 1.6477371594039368e+39
1389.85 1.6615820362630276e+39
1390.21 1.6256027600526833e+39
1390.58 1.6616851156787085e+39
1390.94 1.326354142967114e+39
1391.3 1.670743905669093e+39
1391.66 1.6395090114005602e+39
1392.02 1.5895411000105812e+39
1392.38 1.4938654002475584e+39
1392.74 1.6164338645004092e+39
1393.1 1.3313220648184011e+39
1393.46 1.5608815029477668e+39
1393.82 1.174974865703505e+39
1394.18 1.419353522008279e+39
1394.55 1.477986270173721e+39
1394.91 1.6537444478741764e+39
1395.27 1.572296543724681e+39
1395.63 1.6840565956307494e+39
1395.99 1.4856049649837028e+39
1396.35 1.6793318072638558e+39
1396.72 1.6758250003773573e+39
1397.08 1.2694605597930101e+39
1397.44 1.5399026182209886e+39
1397.8 1.460059611423919e+39
1398.16 1.1876949921494721e+39
1398.53 1.675662719245223e+39
1398.89 1.4798763345953576e+39
1399.25 1.6724056362745944e+39
1399.61 1.6617170228241184e+39
1399.98 1.421239291313738e+39
1400.34 1.485500202881056e+39
1400.7 1.4158151898149198e+39
1401.07 1.4455796256291186e+39
1401.43 1.6184676276672408e+39
1401.79 1.6448775052911458e+39
1402.16 1.5802499142584973e+39
1402.52 1.5803401781117815e+39
1402.88 1.10058694873667e+39
1403.25 1.1595159034114193e+39
1403.61 1.671222089713124e+39
1403.97 1.62760691766546e+39
1404.34 1.528921024275508e+39
1404.7 1.6082750659671045e+39
1405.06 1.6621496189304404e+39
1405.43 1.5870632148716297e+39
1405.79 1.6355758587278893e+39
1406.16 1.586374697782233e+39
1406.52 1.4617942838835408e+39
1406.89 1.0674285247499437e+39
1407.25 1.0997813532760578e+39
1407.62 1.5218473430010655e+39
1407.98 1.6274061332844236e+39
1408.35 1.643662767543171e+39
1408.71 1.3320180796291257e+39
1409.08 1.2089764730124374e+39
1409.44 1.1357577666185247e+39
1409.81 1.1554865683351018e+39
1410.17 1.5509986076529497e+39
1410.54 1.6383409812949144e+39
1410.9 1.6408063808770018e+39
1411.27 1.5860644340722437e+39
1411.64 1.349210955549993e+39
1412.0 1.5303601345165568e+39
1412.37 1.6016241635750047e+39
1412.73 1.636678700479043e+39
1413.1 1.6335298696830497e+39
1413.46 1.5817032457565834e+39
1413.83 1.629747845026256e+39
1414.2 1.5556384257908672e+39
1414.56 1.399335224530466e+39
1414.93 1.5526052801511012e+39
1415.3 1.436675288313836e+39
1415.67 1.5521402631301995e+39
1416.03 1.5894330372724398e+39
1416.4 1.6188065447875336e+39
1416.77 1.5994572356156924e+39
1417.13 1.4842150127118003e+39
1417.5 1.5884794522682927e+39
1417.87 1.568574116042316e+39
1418.23 1.4612286562504778e+39
1418.6 1.5159676784683823e+39
1418.97 1.608645220845516e+39
1419.34 1.584866500041061e+39
1419.71 1.6096085668691095e+39
1420.07 1.2044007588330364e+39
1420.44 1.1645290144998555e+39
1420.81 1.5488708432414813e+39
1421.18 1.32228782096894e+39
1421.55 1.602705694052644e+39
1421.92 1.5745615147120653e+39
1422.28 1.547478694729363e+39
1422.65 1.5107175997923874e+39
1423.02 1.5609241421385965e+39
1423.39 1.603247562034204e+39
1423.76 1.6033541428368555e+39
1424.13 1.543886235151278e+39
1424.5 1.3339697763652587e+39
1424.87 1.559872364953286e+39
1425.23 1.6005195623536358e+39
1425.6 1.59395562775785e+39
1425.97 1.541976671140191e+39
1426.34 1.3356644048510931e+39
1426.71 1.56081346681078e+39
1427.08 1.5922714954326578e+39
1427.45 1.3049249696039427e+39
1427.82 1.3238533266669191e+39
1428.19 1.3733716175156548e+39
1428.56 1.4196859417552697e+39
1428.93 1.1564633914144247e+39
1429.3 1.3878330164864172e+39
1429.68 1.5723715728469906e+39
1430.05 1.5740199148649173e+39
1430.42 1.2844141944991956e+39
1430.79 1.2387949761663608e+39
1431.16 1.5731955048338314e+39
1431.53 1.5269496073405023e+39
1431.9 1.3705531645653905e+39
1432.27 1.587806280933745e+39
1432.64 1.583215502693169e+39
1433.01 1.4085320860321775e+39
1433.38 1.5819165770165568e+39
1433.76 1.5334904222513615e+39
1434.13 1.5788614224321767e+39
1434.5 1.431775998806174e+39
1434.87 1.567646598707071e+39
1435.24 1.3383994452857196e+39
1435.61 1.5404809407406495e+39
1435.99 1.5310046959660873e+39
1436.36 1.5668779733673534e+39
1436.73 1.4916645759747842e+39
1437.1 1.507515581361388e+39
1437.48 1.403613984961299e+39
1437.85 1.5267613494880202e+39
1438.22 1.5265634541014347e+39
1438.59 1.5593789151321647e+39
1438.97 1.3936819644870748e+39
1439.34 1.532615459912686e+39
1439.71 1.4469669855836644e+39
1440.09 1.5506896758855552e+39
1440.46 1.0939576970309658e+39
1440.83 1.2276708657989762e+39
1441.21 1.4178583590028417e+39
1441.58 1.530137805441684e+39
1441.95 1.54932328160351e+39
1442.33 1.4717978716894474e+39
1442.7 1.446149860438354e+39
1443.07 1.363870114474829e+39
1443.45 1.4137563564423302e+39
1443.82 1.5537635453368052e+39
1444.2 1.5298549907129622e+39
1444.57 1.5508541270849177e+39
1444.95 1.3389633788097494e+39
1445.32 1.52185774235989e+39
1445.69 1.327361809788648e+39
1446.07 1.538440255320805e+39
1446.44 1.3251041631223142e+39
1446.82 1.396900493024737e+39
1447.19 1.4691940514419803e+39
1447.57 1.4309884545206483e+39
1447.94 1.4377654544421753e+39
1448.32 1.5302126020367488e+39
1448.69 1.4917140741761526e+39
1449.07 1.3542854268678795e+39
1449.45 1.5162904860498476e+39
1449.82 1.2326280245126311e+39
1450.2 1.4038140608146788e+39
1450.57 1.4783003592587174e+39
1450.95 1.5098179331436614e+39
1451.33 1.4558832896677047e+39
1451.7 1.4947061145565672e+39
1452.08 1.4868223133561124e+39
1452.45 1.4051985960452024e+39
1452.83 1.3127338813144066e+39
1453.21 1.5177106997817582e+39
1453.58 1.045380311535096e+39
1453.96 1.2924234538634935e+39
1454.34 1.3934235182493814e+39
1454.71 1.1271912678630006e+39
1455.09 1.5006645520609355e+39
1455.47 1.106446853155351e+39
1455.85 1.4917600242261286e+39
1456.22 1.1336533684728474e+39
1456.6 1.4470497703623887e+39
1456.98 1.5200616810912332e+39
1457.36 1.3875976520678293e+39
1457.73 1.1505005536127903e+39
1458.11 1.514296996586506e+39
1458.49 1.381036114921095e+39
1458.87 1.4788135354529628e+39
1459.24 9.866860210098003e+38
1459.62 1.4386730647106475e+39
1460.0 1.5108793537168046e+39
1460.38 1.446428452910273e+39
1460.76 1.126725409381419e+39
1461.14 1.468192088445965e+39
1461.52 1.4656029478934387e+39
1461.9 1.5024643160423463e+39
1462.27 1.392276797566176e+39
1462.65 1.091407512993814e+39
1463.03 1.4505210117274243e+39
1463.41 1.4937747345221578e+39
1463.79 1.3683093328623623e+39
1464.17 1.2588640324614296e+39
1464.55 1.4090306757330714e+39
1464.93 1.2239206863277345e+39
1465.31 1.0539821440986708e+39
1465.69 1.4415453504773768e+39
1466.07 1.4968244700936425e+39
1466.45 1.358645545996439e+39
1466.83 1.3469162598716037e+39
1467.21 1.460310342867876e+39
1467.59 1.4930059916701065e+39
1467.97 1.4661696916055826e+39
1468.35 1.4808545992103233e+39
1468.73 1.475434445118233e+39
1469.11 1.405221265224178e+39
1469.49 1.467835920324557e+39
1469.87 1.3447586400241635e+39
1470.25 1.3572006490180195e+39
1470.64 1.4795188873795402e+39
1471.02 1.403804522064511e+39
1471.4 1.3621790702990643e+39
1471.78 1.4447271165466544e+39
1472.16 1.1331533590360558e+39
1472.54 1.0319557996558968e+39
1472.92 1.4190007946746515e+39
1473.31 1.4353429004530312e+39
1473.69 1.478240957171431e+39
1474.07 1.4771685058916652e+39
1474.45 1.4751121353454772e+39
1474.83 1.43190622452963e+39
1475.21 1.4459773765256284e+39
1475.6 1.124088178014941e+39
1475.98 1.4628854377132894e+39
1476.36 1.3996776065364054e+39
1476.74 1.464300571607568e+39
1477.13 1.4637552174731343e+39
1477.51 1.227001143746078e+39
1477.89 1.3517172286384373e+39
1478.28 1.192388612419854e+39
1478.66 1.4597255786691902e+39
1479.04 1.461526814932358e+39
1479.43 1.0777551005331548e+39
1479.81 1.4495001309234072e+39
1480.19 1.4447157279033016e+39
1480.58 1.4574696753220486e+39
1480.96 1.4554698509273965e+39
1481.34 1.4207091400189784e+39
1481.73 1.3851391917575885e+39
1482.11 1.4571718133582828e+39
1482.5 1.454017581101282e+39
1482.88 1.4343298332082113e+39
1483.27 1.1795899455394313e+39
1483.65 1.446921189690434e+39
1484.03 1.368399335377673e+39
1484.42 1.3319907982885177e+39
1484.8 1.4369284621839203e+39
1485.19 1.3479482167579616e+39
1485.57 1.440100886228392e+39
1485.96 1.3039000898005322e+39
1486.34 1.3829766736433616e+39
1486.73 1.2679105012104264e+39
1487.11 1.4465933133295152e+39
1487.5 1.4458397636853414e+39
1487.89 1.3249552474390712e+39
1488.27 1.443764766589054e+39
1488.66 1.4411212040393188e+39
1489.04 1.404564550571982e+39
1489.43 1.4080082241905072e+39
1489.81 1.2265186844809942e+39
1490.2 1.1127873597417241e+39
1490.59 1.3049131279946403e+39
1490.97 1.4103727415684833e+39
1491.36 1.4360227617163247e+39
1491.75 1.402476822201333e+39
1492.13 1.4011933592006383e+39
1492.52 1.4261850870541187e+39
1492.91 1.4277234759373648e+39
1493.29 1.4284338245837622e+39
1493.68 1.1312534313182915e+39
1494.07 1.4105401461543498e+39
1494.45 1.2974546811791382e+39
1494.84 1.2983016275387817e+39
1495.23 1.2756430182056333e+39
1495.62 1.2001472324185607e+39
1496.01 1.4252803940360902e+39
1496.39 1.4218704152849953e+39
1496.78 1.4192338258648825e+39
1497.17 1.400943028317734e+39
1497.56 1.2944227514181743e+39
1497.94 1.0449085379747347e+39
1498.33 1.3969710582490316e+39
1498.72 1.1866601952496229e+39
1499.11 1.2592574070931509e+39
1499.5 1.3454749063685143e+39
1499.89 1.3490314650748959e+39
1500.28 1.2768239109110525e+39
1500.66 1.376212118182393e+39
1501.05 1.375489193695298e+39
1501.44 1.2622951285769871e+39
1501.83 9.774579275708932e+38
1502.22 1.259062804248341e+39
1502.61 1.409761302413707e+39
1503.0 1.3385875147619421e+39
1503.39 1.3085799109135469e+39
1503.78 1.3707503741515192e+39
1504.17 1.3304477804705663e+39
1504.56 1.2711705679079266e+39
1504.95 1.392673416076308e+39
1505.34 1.3663691213293286e+39
1505.73 1.2864885959371635e+39
1506.12 1.3462976587919697e+39
1506.51 1.3950038515542323e+39
1506.9 1.3501511065037825e+39
1507.29 1.3984340630316345e+39
1507.68 1.3568795067159868e+39
1508.07 1.3856065121236827e+39
1508.46 1.3958172923613585e+39
1508.85 1.3135720530240608e+39
1509.24 1.3388972340743647e+39
1509.64 1.326186644178112e+39
1510.03 1.3806661481951537e+39
1510.42 1.3893653392270167e+39
1510.81 1.3799547088737337e+39
1511.2 1.1115410454938063e+39
1511.59 1.278605212528675e+39
1511.98 1.3499033399413698e+39
1512.38 1.2864128269738606e+39
1512.77 1.1755550566563367e+39
1513.16 1.3334849275772589e+39
1513.55 1.2168398313087872e+39
1513.94 1.3267770855909556e+39
1514.34 1.3618395647695234e+39
1514.73 1.3753636459552676e+39
1515.12 1.3714188218913776e+39
1515.52 1.2620770983435229e+39
1515.91 1.294516848887851e+39
1516.3 1.303579628379517e+39
1516.69 1.1133528242393739e+39
1517.09 1.3312119681071536e+39
1517.48 1.3703305837867323e+39
1517.87 1.2811428809824932e+39
1518.27 1.3677985312071662e+39
1518.66 1.2812387093212214e+39
1519.05 1.0346562479020127e+39
1519.45 1.3294332972369089e+39
1519.84 1.3405745663456946e+39
1520.23 1.365196213681463e+39
1520.63 1.1365180093741341e+39
1521.02 1.3516167817870511e+39
1521.42 1.333392303903501e+39
1521.81 1.3610251768985487e+39
1522.21 1.3588059449627619e+39
1522.6 1.3580844676933347e+39
1522.99 1.3573914591351099e+39
1523.39 1.3108894865738678e+39
1523.79 1.3483511510292753e+39
1524.18 1.2870285292570706e+39
1524.57 1.2616711863076667e+39
1524.97 1.1405479060763009e+39
1525.36 1.1275075578656664e+39
1525.76 1.2513051208360004e+39
1526.16 1.2715394514589628e+39
1526.55 1.3239353844440676e+39
1526.95 1.2606110486570868e+39
1527.34 1.2544390832776287e+39
1527.74 1.1053556364854159e+39
1528.14 1.2390836274113713e+39
1528.53 1.1174069395005643e+39
1528.93 1.0883593096053975e+39
1529.32 1.0345123935309641e+39
1529.72 9.334024091953657e+38
1530.12 7.303609968569569e+38
1530.51 6.891345190684277e+38
1530.91 7.899678267772756e+38
1531.31 5.927074809983361e+38
1531.7 6.1509012595665135e+38
1532.1 6.290810293936757e+38
1532.5 5.942463100276498e+38
1532.9 5.604926369183598e+38
1533.29 5.36526635496143e+38
1533.69 6.907478678288333e+38
1534.09 6.817415024636777e+38
1534.48 7.004964917644012e+38
1534.88 6.263059489532916e+38
1535.28 6.993633326610053e+38
1535.68 5.909282917130504e+38
1536.08 6.99155868166852e+38
1536.47 6.5044317836859444e+38
1536.87 6.724050542811807e+38
1537.27 5.558482715672434e+38
1537.67 7.0601404386434e+38
1538.07 6.374804133162566e+38
1538.47 7.211036478960708e+38
1538.86 6.173140968962163e+38
1539.26 7.256061841191813e+38
1539.66 7.62963950262592e+38
1540.06 6.822581756482547e+38
1540.46 7.208578409783369e+38
1540.86 7.79002721518428e+38
1541.26 8.348710380809306e+38
1541.66 8.523020623957712e+38
1542.06 7.697292256604455e+38
1542.46 8.206765739378086e+38
1542.86 8.726729935523709e+38
1543.26 9.348415073462823e+38
1543.66 8.629541592587845e+38
1544.06 9.558168299401518e+38
1544.46 8.937898323474138e+38
1544.86 9.203806953910676e+38
1545.26 1.0702820812509267e+39
1545.66 1.0664847639866974e+39
1546.06 1.1561838592611441e+39
1546.46 1.0573598119020227e+39
1546.86 1.1641974819705702e+39
1547.26 1.1604740981830936e+39
1547.66 1.153726986671458e+39
1548.06 1.2011250854719262e+39
1548.47 1.4370595530484892e+39
1548.87 1.4388703789660354e+39
1549.27 1.481049204791124e+39
1549.67 1.5040095829612784e+39
1550.07 1.463025216099218e+39
1550.47 1.5033660609548948e+39
1550.88 1.5354973299574168e+39
1551.28 1.8379538262805402e+39
1551.68 1.849558650290701e+39
1552.08 1.7044126478884356e+39
1552.48 1.789353715268577e+39
1552.89 1.7303146989740855e+39
1553.29 1.5542197833021302e+39
1553.69 1.7186871064385228e+39
1554.09 1.6187211230455356e+39
1554.5 1.6714661913986582e+39
1554.9 1.5328377824925647e+39
1555.3 1.4631043467162475e+39
1555.71 1.6059447446587087e+39
1556.11 1.5062787091604547e+39
1556.51 1.4688323783812136e+39
1556.92 1.4731117504215904e+39
1557.32 1.2528201747535873e+39
1557.72 1.5175559844086297e+39
1558.13 1.3407653576813121e+39
1558.53 1.474884426782333e+39
1558.93 1.4162881909530206e+39
1559.34 1.3535824728933367e+39
1559.74 1.438380133596812e+39
1560.15 1.251593095432555e+39
1560.55 1.2878245631824158e+39
1560.96 1.4026511681320144e+39
1561.36 1.1763531992996682e+39
1561.77 1.353943329236131e+39
1562.17 1.3458475396720938e+39
1562.57 1.2914593460429108e+39
1562.98 1.3429650473597845e+39
1563.39 1.3281924136188225e+39
1563.79 1.1768038062800696e+39
1564.19 1.207667997728888e+39
1564.6 1.180909409750105e+39
1565.01 1.2842593517930811e+39
1565.41 1.2785459900793694e+39
1565.82 1.2122261606485444e+39
1566.22 1.1596374975621006e+39
1566.63 1.1516122786861247e+39
1567.04 1.1530225921713653e+39
1567.44 1.2591588952002166e+39
1567.85 1.2473490373950426e+39
1568.25 1.1070455381455529e+39
1568.66 1.1106920491310919e+39
1569.07 1.2428467646415108e+39
1569.47 1.2159764473602826e+39
1569.88 1.2385615140641542e+39
1570.29 1.0686214104673499e+39
1570.69 1.1771898664264509e+39
1571.1 1.2268951199130016e+39
1571.51 1.2265695250101386e+39
1571.92 1.0761526669877703e+39
1572.32 1.0941426529264657e+39
1572.73 1.1390287738120675e+39
1573.14 1.2354336066310513e+39
1573.55 1.2358189404127185e+39
1573.95 1.232620569559215e+39
1574.36 1.2334113176458419e+39
1574.77 1.091037184068279e+39
1575.18 1.0964501957677638e+39
1575.59 1.1063381196315053e+39
1575.99 1.0672114718302344e+39
1576.4 1.0363868019763289e+39
1576.81 1.1511776040382044e+39
1577.22 1.093428654837593e+39
1577.63 1.198331794977317e+39
1578.04 1.0700776030111595e+39
1578.45 1.21906367450626e+39
1578.86 1.2048003482512732e+39
1579.27 1.1454797989394083e+39
1579.68 9.259053416946207e+38
1580.08 1.21303405580089e+39
1580.49 1.2194694900506022e+39
1580.9 1.1055567133519253e+39
1581.31 1.1329675885324322e+39
1581.72 1.1957175825774835e+39
1582.13 1.2081239880332282e+39
1582.54 1.1683029087773654e+39
1582.95 1.1699070083850423e+39
1583.36 1.1468063734797372e+39
1583.77 1.1326907318745716e+39
1584.18 1.1688503677239332e+39
1584.59 1.0999237354764264e+39
1585.01 1.0697381298541885e+39
1585.42 1.1929906948975227e+39
1585.83 1.0029305844475649e+39
1586.24 1.1065728038896215e+39
1586.65 1.2084061389475574e+39
1587.06 1.2073129606448067e+39
1587.47 1.106943150564055e+39
1587.88 1.2051790595407958e+39
1588.3 1.1937472444604581e+39
1588.71 1.1497277762799414e+39
1589.12 1.199253145035222e+39
1589.53 1.172900837936098e+39
1589.94 1.1052948599535439e+39
1590.35 1.1992915194393029e+39
1590.77 1.1893585902927237e+39
1591.18 1.1783329832669132e+39
1591.59 1.0759321805271803e+39
1592.0 1.0694986844255626e+39
1592.42 1.1697566226233585e+39
1592.83 1.1909491322767795e+39
1593.24 1.1701057718405982e+39
1593.66 1.0736940662212361e+39
1594.07 1.159889051635918e+39
1594.48 1.1891238463407721e+39
1594.89 1.0092020765070755e+39
1595.31 1.1276283881101404e+39
1595.72 1.1473145861664743e+39
1596.14 1.1858111840800105e+39
1596.55 1.1837130536165376e+39
1596.96 1.170044314471271e+39
1597.38 1.1088903306934258e+39
1597.79 1.1809057567413995e+39
1598.2 1.180126041931925e+39
1598.62 1.0600688534978803e+39
1599.03 1.1804324198241545e+39
1599.45 1.1790675010936902e+39
1599.86 1.0924393666532684e+39
1600.28 1.1304328597296362e+39
1600.69 1.1504467711136611e+39
1601.11 1.1146060681180383e+39
1601.52 1.1098520371794848e+39
1601.94 1.0388411376339766e+39
1602.35 1.1719032016655529e+39
1602.77 1.1583484903876195e+39
1603.18 8.16170716548456e+38
1603.6 1.1498332120738319e+39
1604.01 1.1698823836863973e+39
1604.43 1.1268428368896476e+39
1604.84 1.0146961968826595e+39
1605.26 1.1622823213292558e+39
1605.68 1.1635144003150887e+39
1606.09 1.1217159780139401e+39
1606.51 1.1483528363361158e+39
1606.93 1.069757286747889e+39
1607.34 1.162355314635389e+39
1607.76 1.0447844050506742e+39
1608.18 1.1117893662605164e+39
1608.59 1.1564181744265766e+39
1609.01 9.785571813143575e+38
1609.43 1.0987252324897717e+39
1609.84 1.0295611134220698e+39
1610.26 1.0423267080205437e+39
1610.68 1.1551623894554263e+39
1611.09 1.0717618170318871e+39
1611.51 1.1533452571879854e+39
1611.93 1.0665794964749023e+39
1612.35 1.1507946697461974e+39
1612.77 9.241451627004409e+38
1613.18 1.146720992704684e+39
1613.6 1.0941169654392601e+39
1614.02 9.370127307498261e+38
1614.44 1.144386770158844e+39
1614.86 1.0396170439860007e+39
1615.28 1.0217476848148704e+39
1615.69 1.0683508162495273e+39
1616.11 1.053167679829446e+39
1616.53 1.1334865584565202e+39
1616.95 1.0778597473798367e+39
1617.37 1.1397608662179055e+39
1617.79 1.0755036861222251e+39
1618.21 1.1376097781153819e+39
1618.63 1.064097971120773e+39
1619.05 1.1214597827163423e+39
1619.47 1.0727287640771295e+39
1619.89 1.1154296663028318e+39
1620.31 1.0208599750193529e+39
1620.73 1.0354538945423437e+39
1621.15 1.008571256206296e+39
1621.57 1.0054812594156263e+39
1621.99 1.1077019612747654e+39
1622.41 1.0772164812154638e+39
1622.83 1.1270766328814824e+39
1623.25 1.0832095118898935e+39
1623.67 1.0084743035182352e+39
1624.09 9.945545825709642e+38
1624.51 1.1262938349982672e+39
1624.93 1.0118796432148364e+39
1625.35 1.0148380568168891e+39
1625.78 1.1134176137228782e+39
1626.2 1.0423861223526657e+39
1626.62 1.1157900709525843e+39
1627.04 1.1025725449174196e+39
1627.46 1.0221550636491081e+39
1627.88 1.0701080703682685e+39
1628.31 1.0294210142975068e+39
1628.73 1.1152850501968178e+39
1629.15 9.203303803387303e+38
1629.57 1.1094644129849698e+39
1629.99 1.0953379024849548e+39
1630.42 1.0447155422673184e+39
1630.84 1.1049487009858719e+39
1631.26 1.1119113774358379e+39
1631.68 8.83315753798375e+38
1632.11 9.906189917892782e+38
1632.53 1.0509237482933308e+39
1632.95 1.1082136297634351e+39
1633.38 1.1090839546128419e+39
1633.8 1.0827904273841096e+39
1634.22 1.0982435697755678e+39
1634.65 9.77072904115773e+38
1635.07 1.0804875149726797e+39
1635.49 1.0751190066905708e+39
1635.92 1.0763981071876355e+39
1636.34 1.060088124780089e+39
1636.77 1.0989609364348051e+39
1637.19 1.071849707078873e+39
1637.61 9.61940865611229e+38
1638.04 1.0073263892458185e+39
1638.46 8.337082526751342e+38
1638.89 1.0791041897541962e+39
1639.31 8.605382827161593e+38
1639.74 1.0301644354134201e+39
1640.16 8.317936374542954e+38
1640.59 9.732966437386836e+38
1641.01 1.1155775670946282e+39
1641.44 1.111146912424045e+39
1641.86 9.906565694619554e+38
1642.29 1.0835718051465545e+39
1642.71 1.0245978826733431e+39
1643.14 1.0968737421491807e+39
1643.57 1.062730188711465e+39
1643.99 9.374174594225128e+38
1644.42 1.0567830671596032e+39
1644.84 1.0419942628108518e+39
1645.27 1.0295896217369373e+39
1645.7 1.0214942400653599e+39
1646.12 1.0788231427865449e+39
1646.55 1.0786483936852127e+39
1646.98 1.0176156992352031e+39
1647.41 1.073760217486263e+39
1647.83 1.0809995203828071e+39
1648.26 1.0635749763019232e+39
1648.69 9.99885969334124e+38
1649.11 1.0431607568454962e+39
1649.54 1.0315703811917034e+39
1649.97 1.0192526473604104e+39
1650.4 1.0675406078125109e+39
1650.82 1.0610334524791455e+39
1651.25 1.069575948945611e+39
1651.68 9.999570405971687e+38
1652.11 1.0364020233807562e+39
1652.54 9.558695413793257e+38
1652.96 9.548427789408242e+38
1653.39 9.610004407339507e+38
1653.82 1.054752476299931e+39
1654.25 1.0254617400605113e+39
1654.68 9.541150434618783e+38
1655.11 1.0613897867028239e+39
1655.54 1.0309815716015548e+39
1655.96 1.0469903101897768e+39
1656.39 1.0613436167049623e+39
1656.82 9.957814475712735e+38
1657.25 1.0488874693599419e+39
1657.68 9.321836975992401e+38
1658.11 1.0009330528376848e+39
1658.54 1.0307457219667548e+39
1658.97 9.841386698231646e+38
1659.4 1.0056237333373629e+39
1659.83 1.0146814473383543e+39
1660.26 1.0448391170369903e+39
1660.69 1.0280322343871718e+39
1661.12 1.0289710020300362e+39
1661.55 9.65743688301623e+38
1661.98 1.0023973961688162e+39
1662.42 9.664059891493204e+38
1662.85 1.0485557771581974e+39
1663.28 1.0399044526517185e+39
1663.71 1.0460620694923018e+39
1664.14 1.0478132538689119e+39
1664.57 1.0265735458310322e+39
1665.0 1.006040670188798e+39
1665.43 1.0348530933460093e+39
1665.86 1.0443898887848587e+39
1666.3 1.0434417994860262e+39
1666.73 1.0322557278516657e+39
1667.16 1.0324181900621717e+39
1667.59 1.0402285886205009e+39
1668.03 9.499857280363108e+38
1668.46 9.706534969399532e+38
1668.89 1.0330228298390263e+39
1669.32 1.0277952015987797e+39
1669.76 9.606241709690796e+38
1670.19 1.0152497702399623e+39
1670.62 1.001373408488387e+39
1671.05 9.262793945257015e+38
1671.49 1.0314655512519006e+39
1671.92 9.705138620763443e+38
1672.35 9.722584465601976e+38
1672.79 9.515132050871884e+38
1673.22 1.013916337469979e+39
1673.65 9.191021526146409e+38
1674.09 1.027806500937501e+39
1674.52 1.0092091381661453e+39
1674.96 1.0252111365221101e+39
1675.39 9.075615762171903e+38
1675.82 9.630504169631016e+38
1676.26 9.900130900865466e+38
1676.69 9.870289005395572e+38
1677.13 9.321156225603394e+38
1677.56 9.983901956917273e+38
1678.0 1.021462832781981e+39
1678.43 1.0195801768896063e+39
1678.87 1.0127629959533516e+39
1679.3 1.0136671570145137e+39
1679.74 1.0182031919515485e+39
1680.17 1.0173444762537743e+39
1680.61 1.0037175069599866e+39
1681.04 1.0133858691768763e+39
1681.48 1.0036566176426606e+39
1681.92 9.271637695811831e+38
1682.35 1.0126109670159231e+39
1682.79 1.0124757395820958e+39
1683.22 1.0107110047698793e+39
1683.66 9.820742032420737e+38
1684.1 1.0099040484033194e+39
1684.53 9.989660594560206e+38
1684.97 1.0083380596386816e+39
1685.41 9.979435783864082e+38
1685.84 9.57319564029371e+38
1686.28 9.798850542592641e+38
1686.72 9.092695000304407e+38
1687.15 9.764215655311936e+38
1687.59 9.251018763924821e+38
1688.03 9.830017473769026e+38
1688.47 1.0004251728262622e+39
1688.9 1.0000505329829943e+39
1689.34 1.0006532873256101e+39
1689.78 9.975423173031801e+38
1690.22 9.501722683031739e+38
1690.66 9.242183196709026e+38
1691.09 9.957033223846511e+38
1691.53 9.935811975784952e+38
1691.97 9.903714004101606e+38
1692.41 9.386940486401392e+38
1692.85 9.881870464681484e+38
1693.29 9.930467783235341e+38
1693.72 9.9212570138154e+38
1694.16 9.915261708097176e+38
1694.6 9.168996376658329e+38
1695.04 8.809030540139898e+38
1695.48 9.711197197621626e+38
1695.92 9.53839089927734e+38
1696.36 9.868997547005961e+38
1696.8 9.40389606511004e+38
1697.24 9.590831377925032e+38
1697.68 9.850703832353921e+38
1698.12 9.379630389621281e+38
1698.56 9.831780821660893e+38
1699.0 9.259977300088508e+38
1699.44 9.715530691499813e+38
1699.88 9.209753096333868e+38
1700.32 9.160912089689585e+38
1700.76 8.844068352086114e+38
1701.2 9.000644929165473e+38
1701.64 9.22141858569966e+38
1702.08 9.58384000742671e+38
1702.53 9.427909300214714e+38
1702.97 9.603055655480292e+38
1703.41 9.453509459641603e+38
1703.85 9.678809546690638e+38
1704.29 9.667449689315772e+38
1704.73 9.566642448580124e+38
1705.18 9.660083413432769e+38
1705.62 8.946408572538046e+38
1706.06 9.410505044105628e+38
1706.5 9.003686712730895e+38
1706.94 8.960909255177112e+38
1707.39 8.372087059196288e+38
1707.83 9.548743061596513e+38
1708.27 9.389913980300209e+38
1708.71 9.043687810531986e+38
1709.16 9.487089806019801e+38
1709.6 9.375154194962646e+38
1710.04 9.117192740752042e+38
1710.49 9.229067212240624e+38
1710.93 8.747615675349624e+38
1711.37 8.307875704732673e+38
1711.82 9.00012319009263e+38
1712.26 8.765018869003952e+38
1712.7 8.219292497310498e+38
1713.15 9.124091986801331e+38
1713.59 9.042652500944326e+38
1714.04 9.182725440508597e+38
1714.48 9.185916073580706e+38
1714.93 9.148546238910623e+38
1715.37 8.4646566398149e+38
1715.81 8.905652746053392e+38
1716.26 8.840058816192364e+38
1716.7 8.930114392455707e+38
1717.15 8.086748386340802e+38
1717.59 8.689294047295421e+38
1718.04 7.932221843498393e+38
1718.48 7.219926746550401e+38
1718.93 9.687590341232012e+38
1719.38 9.024772967239855e+38
1719.82 9.423707048776855e+38
1720.27 9.467008009217073e+38
1720.71 9.055520883887333e+38
1721.16 9.333646980744327e+38
1721.6 8.762836490607846e+38
1722.05 8.911474382193507e+38
1722.5 8.451040886931543e+38
1722.94 9.034967163127001e+38
1723.39 9.41831463659793e+38
1723.84 8.981279442846238e+38
1724.28 8.453048465295824e+38
1724.73 9.236866505434095e+38
1725.18 9.253780371728993e+38
1725.62 8.441687447720708e+38
1726.07 9.342556086414158e+38
1726.52 8.839490982825005e+38
1726.97 9.318280717441935e+38
1727.41 8.409879197847087e+38
1727.86 9.32138623567577e+38
1728.31 8.759790279138318e+38
1728.76 8.95940367462927e+38
1729.2 9.151236430557997e+38
1729.65 9.298358547383157e+38
1730.1 9.187780549404861e+38
1730.55 8.780787286402999e+38
1731.0 9.201633587547537e+38
1731.45 7.539119187139476e+38
1731.9 9.220760395397173e+38
1732.34 9.028688119584223e+38
1732.79 8.738004646724973e+38
1733.24 9.098224717465413e+38
1733.69 8.949496902767924e+38
1734.14 9.000627027702085e+38
1734.59 9.10447564409689e+38
1735.04 9.204639424501043e+38
1735.49 9.174522642041479e+38
1735.94 9.066768308041164e+38
1736.39 8.609113337888441e+38
1736.84 9.174122855565625e+38
1737.29 8.638773891018131e+38
1737.74 9.102523838399816e+38
1738.19 8.523557730502653e+38
1738.64 8.481183037896264e+38
1739.09 8.197144058580808e+38
1739.54 8.584435828875618e+38
1739.99 9.001405700036665e+38
1740.44 9.108139103003909e+38
1740.9 8.709482302643093e+38
1741.35 8.958427169670513e+38
1741.8 9.076964297851569e+38
1742.25 8.589935391936003e+38
1742.7 8.964512335485204e+38
1743.15 9.057519526560615e+38
1743.6 9.036892820644525e+38
1744.06 9.022342594379652e+38
1744.51 9.004915705922934e+38
1744.96 8.797663169471134e+38
1745.41 8.378084176475938e+38
1745.86 8.943028917662106e+38
1746.32 9.039307727928843e+38
1746.77 8.927158188704546e+38
1747.22 8.406187432671408e+38
1747.68 8.450943491940897e+38
1748.13 8.183019076625767e+38
1748.58 8.92284985679548e+38
1749.04 8.374595933760188e+38
1749.49 8.707270164592366e+38
1749.94 8.893218075199241e+38
1750.4 8.589344423050324e+38
1750.85 8.946409403530387e+38
1751.3 8.306324524471129e+38
1751.76 8.271020669519179e+38
1752.21 8.923740458900227e+38
1752.67 8.902291185752767e+38
1753.12 8.211729154006198e+38
1753.57 8.440030091927762e+38
1754.03 8.723394873262893e+38
1754.48 8.874631193511599e+38
1754.94 8.74238388243473e+38
1755.39 8.874875207164572e+38
1755.85 8.857322089509911e+38
1756.3 8.85853735344187e+38
1756.76 8.849464879241238e+38
1757.21 8.83845403537845e+38
1757.67 8.817209659064564e+38
1758.12 8.504017294451078e+38
1758.58 8.047301426779199e+38
1759.04 8.712706187483361e+38
1759.49 8.80209298867311e+38
1759.95 8.792537970034245e+38
1760.4 8.184125317750242e+38
1760.86 7.894769219194984e+38
1761.32 8.386628262129784e+38
1761.77 8.754858253805349e+38
1762.23 8.608921210366427e+38
1762.69 8.602733140532015e+38
1763.14 8.670110659518176e+38
1763.6 8.391614972773565e+38
1764.06 8.570835013416766e+38
1764.51 8.671835785537994e+38
1764.97 8.020826117486395e+38
1765.43 8.67484397919128e+38
1765.89 8.598708108882465e+38
1766.34 8.632555448248625e+38
1766.8 8.688732169247642e+38
1767.26 8.659054905329094e+38
1767.72 8.526857861623145e+38
1768.18 8.585388161979412e+38
1768.64 8.602030418035067e+38
1769.09 8.649238703068181e+38
1769.55 7.972520633499394e+38
1770.01 8.483311032471576e+38
1770.47 7.987149564973706e+38
1770.93 8.38002020850004e+38
1771.39 8.482658840820517e+38
1771.85 8.519945848891063e+38
1772.31 8.601128407167414e+38
1772.77 8.594577087938246e+38
1773.22 8.411619417773977e+38
1773.68 8.369066173604881e+38
1774.14 8.341749774759625e+38
1774.6 8.279315970694386e+38
1775.06 8.519994403735334e+38
1775.52 8.527681266759961e+38
1775.98 7.774022476542481e+38
1776.44 8.402389189910379e+38
1776.9 8.235377590551041e+38
1777.36 8.526606103207912e+38
1777.82 7.693551908598885e+38
1778.29 8.512550122374079e+38
1778.75 8.048646806599171e+38
1779.21 8.393564371197587e+38
1779.67 8.486899211902256e+38
1780.13 8.440785007641121e+38
1780.59 8.353891532613313e+38
1781.05 8.112177847111235e+38
1781.52 8.462220392294849e+38
1781.98 8.101922090243387e+38
1782.44 8.279172974791178e+38
1782.9 8.227475117607752e+38
1783.36 8.429588044315154e+38
1783.82 8.427771641941892e+38
1784.29 8.420287473173066e+38
1784.75 8.302580592903963e+38
1785.21 8.273124130812088e+38
1785.68 8.351294230716468e+38
1786.14 7.84786894962217e+38
1786.6 8.35585681618146e+38
1787.06 8.231128153918353e+38
1787.53 8.360564087833029e+38
1787.99 8.173169294247985e+38
1788.45 7.914274537032566e+38
1788.92 8.063549015454064e+38
1789.38 8.346618991785252e+38
1789.84 8.277781961963864e+38
1790.31 7.964589811082382e+38
1790.77 8.204628717736234e+38
1791.24 8.146444438622563e+38
1791.7 7.765452019614422e+38
1792.17 7.626208980299645e+38
1792.63 8.267703246241773e+38
1793.09 7.781101619615477e+38
1793.56 8.239870829014439e+38
1794.02 8.265520287567967e+38
1794.49 8.087970779706028e+38
1794.95 7.777686859683335e+38
1795.42 8.258114452782641e+38
1795.89 8.103932871273704e+38
1796.35 8.243822764526005e+38
1796.81 7.877588072453413e+38
1797.28 8.099463690753318e+38
1797.75 8.065653666910013e+38
1798.21 8.113309752325084e+38
1798.68 8.038698101564881e+38
1799.15 8.200407133599586e+38
1799.61 8.169118926280463e+38
1800.08 7.935054329486464e+38
1800.55 7.949164677220668e+38
1801.01 8.000250399935078e+38
1801.48 7.456382179340439e+38
1801.94 7.902690306397126e+38
1802.41 8.145355790008022e+38
1802.88 8.129545898913846e+38
1803.35 7.762675217109915e+38
1803.81 8.133555313368282e+38
1804.28 8.011352318441373e+38
1804.75 8.120409307478818e+38
1805.22 7.97338691276314e+38
1805.68 7.714045636707143e+38
1806.15 8.019009851727776e+38
1806.62 7.9077958723414e+38
1807.09 7.986154707045275e+38
1807.56 7.18063398349567e+38
1808.03 7.902982454218477e+38
1808.49 7.966343984990897e+38
1808.96 8.056999748122329e+38
1809.43 7.447882815583796e+38
1809.9 8.000171888100103e+38
1810.37 7.724981210893917e+38
1810.84 8.02504256215229e+38
1811.31 7.365808227325246e+38
1811.78 7.740879929241885e+38
1812.25 7.617080835520125e+38
1812.72 7.590783304585759e+38
1813.19 7.712087343332833e+38
1813.66 7.953873043234635e+38
1814.13 7.956629741415893e+38
1814.6 7.96212429301239e+38
1815.07 7.6494299509218e+38
1815.54 7.62666749099937e+38
1816.01 7.542778893532697e+38
1816.48 7.868983137336012e+38
1816.95 7.771848268404168e+38
1817.42 7.513974848303435e+38
1817.89 7.923943630027628e+38
1818.36 7.911453850490119e+38
1818.83 7.76696955579687e+38
1819.31 7.269575737380878e+38
1819.78 7.636637439560581e+38
1820.25 7.900731576169595e+38
1820.72 7.899778059615991e+38
1821.19 7.37922485827464e+38
1821.67 7.228878706252985e+38
1822.14 7.664128715902268e+38
1822.61 7.86690519462177e+38
1823.08 7.295989233434467e+38
1823.55 7.84465615520003e+38
1824.03 7.841931488788894e+38
1824.5 7.848439048890513e+38
1824.97 7.266626375007074e+38
1825.44 7.185796930271453e+38
1825.92 7.801865205078433e+38
1826.39 7.78877564298763e+38
1826.86 7.066279527559023e+38
1827.34 7.59652094105862e+38
1827.81 7.77682795378007e+38
1828.29 7.613972377848573e+38
1828.76 7.632268259373884e+38
1829.23 7.418964333415626e+38
1829.71 7.775887375071506e+38
1830.18 7.390643246539011e+38
1830.66 7.322383330194912e+38
1831.13 7.720589307584566e+38
1831.61 7.57254712071568e+38
1832.08 7.743246497012821e+38
1832.56 7.596984463087095e+38
1833.03 7.319704281555222e+38
1833.51 7.709152303514414e+38
1833.98 7.692341795347238e+38
1834.46 7.714431077402989e+38
1834.93 7.416044833888747e+38
1835.41 7.673962578020066e+38
1835.88 7.558630144348804e+38
1836.36 7.68215742062452e+38
1836.83 7.368777723383351e+38
1837.31 6.942556482381617e+38
1837.79 7.40923536960208e+38
1838.26 7.058600277039674e+38
1838.74 7.372438316752938e+38
1839.22 7.644525511634283e+38
1839.69 7.643890212397251e+38
1840.17 6.731484713859837e+38
1840.65 7.625127894206227e+38
1841.12 7.624491688222752e+38
1841.6 7.16676493010843e+38
1842.08 7.472476428190137e+38
1842.56 7.039526173218198e+38
1843.03 7.375628793957895e+38
1843.51 7.066155319117461e+38
1843.99 7.108751201802305e+38
1844.47 6.983141931844814e+38
1844.94 7.107886233270679e+38
1845.42 7.151077091988648e+38
1845.9 7.187220313940904e+38
1846.38 6.827742955577095e+38
1846.86 7.155702442394514e+38
1847.34 7.106169822972986e+38
1847.82 7.51918137461731e+38
1848.29 7.498982490094343e+38
1848.77 7.382756230618473e+38
1849.25 7.184222371921418e+38
1849.73 7.268925555914392e+38
1850.21 6.996690124525878e+38
1850.69 7.083110339528576e+38
1851.17 7.087419706827891e+38
1851.65 7.484195391120336e+38
1852.13 7.193394468783909e+38
1852.61 7.019195208764494e+38
1853.09 7.438207941307849e+38
1853.57 7.460555827275558e+38
1854.05 6.893872163624831e+38
1854.53 7.344522840985841e+38
1855.01 6.816379663764198e+38
1855.49 7.150877489620359e+38
1855.97 7.380830971223456e+38
1856.45 7.427690281028295e+38
1856.94 7.412312823979479e+38
1857.42 7.414185791998115e+38
1857.9 7.075852073180972e+38
1858.38 7.024995839437194e+38
1858.86 7.298771236705467e+38
1859.34 7.391738563328111e+38
1859.83 6.900037250605196e+38
1860.31 7.379168507817206e+38
1860.79 7.215351505856684e+38
1861.27 7.316715686923505e+38
1861.76 7.252571936745491e+38
1862.24 7.352329251254812e+38
1862.72 7.2859362653096e+38
1863.2 7.155549044161189e+38
1863.69 7.321682883443926e+38
1864.17 7.289176300796316e+38
1864.65 6.975345955862844e+38
1865.14 6.778793131972808e+38
1865.62 6.842887261350847e+38
1866.1 7.25157516534452e+38
1866.58 6.819168909209068e+38
1867.07 7.213905920660383e+38
1867.55 7.287075882136727e+38
1868.04 7.282554876213089e+38
1868.52 7.257530733184669e+38
1869.01 7.272517790568809e+38
1869.49 7.19452778267814e+38
1869.97 6.833828423790072e+38
1870.46 7.235809311880263e+38
1870.94 6.84591367844419e+38
1871.43 6.857992262014304e+38
1871.91 7.187129682451391e+38
1872.4 7.193114608304885e+38
1872.88 7.177101623539989e+38
1873.37 7.209927735525171e+38
1873.85 6.71440508078853e+38
1874.34 6.841384941024804e+38
1874.83 7.19714446755032e+38
1875.31 6.909911211809475e+38
1875.8 7.154122183773909e+38
1876.29 6.782514907977657e+38
1876.77 7.143531467636571e+38
1877.26 7.166206554512722e+38
1877.74 7.168425271608028e+38
1878.23 7.15674520427141e+38
1878.72 7.155179657523435e+38
1879.2 7.146284395678754e+38
1879.69 7.14082958866238e+38
1880.18 7.136529673684008e+38
1880.67 6.6979306835488686e+38
1881.15 6.667356813178779e+38
1881.64 6.614303057252478e+38
1882.13 6.665972387593041e+38
1882.62 6.875149151452716e+38
1883.1 6.7095678334167955e+38
1883.59 7.091707662147459e+38
1884.08 7.059931173643023e+38
1884.57 6.592234248446754e+38
1885.06 5.7938113606879834e+38
1885.55 7.03729395851847e+38
1886.04 6.643203740985415e+38
1886.52 6.714009188702773e+38
1887.01 6.6727586143134895e+38
1887.5 6.535211890948645e+38
1887.99 7.031502030755696e+38
1888.48 7.016238005929997e+38
1888.97 7.029274153908546e+38
1889.46 6.566472921599899e+38
1889.95 6.983972758123798e+38
1890.44 6.8011840554187164e+38
1890.93 6.574384328785824e+38
1891.42 6.597904824611834e+38
1891.91 6.599195205332808e+38
1892.4 6.680457868976599e+38
1892.89 6.4637127509353005e+38
1893.38 6.969124713910385e+38
1893.87 6.528929082909764e+38
1894.36 6.4953677261046686e+38
1894.85 6.907648557821563e+38
1895.34 6.467280116279917e+38
1895.84 6.782843435748703e+38
1896.33 6.3870886849551215e+38
1896.82 6.447145468367552e+38
1897.31 6.641820424889278e+38
1897.8 6.924536013119786e+38
1898.29 6.910491541862194e+38
1898.79 6.295917883544157e+38
1899.28 5.766704516539398e+38
1899.77 6.879584741426331e+38
1900.26 6.894316585084375e+38
1900.76 6.796636104836774e+38
1901.25 6.7453467170968374e+38
1901.74 6.772366670816201e+38
1902.23 6.824046014514624e+38
1902.73 6.85306985166011e+38
1903.22 6.0165324915863384e+38
1903.71 6.5075857105792e+38
1904.21 6.507921683367447e+38
1904.7 6.841330874919359e+38
1905.19 6.629647331639245e+38
1905.69 6.751716872984138e+38
1906.18 6.827952459222412e+38
1906.68 6.497836442549553e+38
1907.17 6.7052747573530426e+38
1907.66 6.391840818668285e+38
1908.16 6.68549140763253e+38
1908.65 6.77168339617704e+38
1909.15 6.791611601371482e+38
1909.64 6.777562733468878e+38
1910.14 6.49391798788793e+38
1910.63 6.747494704269014e+38
1911.13 6.7697981941307576e+38
1911.62 6.318228402621804e+38
1912.12 6.760274870332999e+38
1912.61 6.7530818811094835e+38
1913.11 6.7466863078812725e+38
1913.61 6.3193221750290106e+38
1914.1 6.1464365151644194e+38
1914.6 6.717943409560217e+38
1915.09 6.349163282973021e+38
1915.59 6.580560713321532e+38
1916.09 6.568788704361081e+38
1916.58 6.349795648570434e+38
1917.08 6.29487130759873e+38
1917.58 6.481976868411348e+38
1918.07 6.399724150133526e+38
1918.57 6.266799779145331e+38
1919.07 6.523592342447598e+38
1919.56 6.1790950731252255e+38
1920.06 6.556086876862449e+38
1920.56 6.524555718916928e+38
1921.06 6.357254230388875e+38
1921.56 6.211766727765815e+38
1922.05 6.353244969067809e+38
1922.55 6.6400464826847036e+38
1923.05 5.795148722345979e+38
1923.55 6.579651217393563e+38
1924.05 6.298823515845326e+38
1924.55 6.179705419587677e+38
1925.05 6.6099319031498744e+38
1925.54 6.599831449763223e+38
1926.04 6.162697530589311e+38
1926.54 6.597119232679712e+38
1927.04 6.5385953605688614e+38
1927.54 6.343580929807325e+38
1928.04 6.23758028376563e+38
1928.54 6.226080491365893e+38
1929.04 6.0901190068217434e+38
1929.54 6.3960536476217335e+38
1930.04 6.355399558960727e+38
1930.54 6.315286992011742e+38
1931.04 6.526634732250054e+38
1931.54 6.101392332150504e+38
1932.04 6.534177568408709e+38
1932.54 6.483643461323206e+38
1933.04 6.528720104311736e+38
1933.55 6.458863317723224e+38
1934.05 6.515940569705243e+38
1934.55 6.512255174982325e+38
1935.05 6.504515492548067e+38
1935.55 6.442966108705786e+38
1936.05 6.493108119661064e+38
1936.55 6.258633695170564e+38
1937.06 5.919627871477677e+38
1937.56 6.2736950845297555e+38
1938.06 6.16392320499727e+38
1938.56 6.4635386370527775e+38
1939.06 6.1946692511540336e+38
1939.57 6.3243456474086165e+38
1940.07 6.039387995734393e+38
1940.57 6.093320689855604e+38
1941.08 6.442175290269793e+38
1941.58 6.014909354817324e+38
1942.08 6.430965594413584e+38
1942.58 6.420203904270231e+38
1943.09 6.3859182113966286e+38
1943.59 6.021879003147396e+38
1944.1 6.4063601849156915e+38
1944.6 6.395509694126354e+38
1945.1 6.38480621687638e+38
1945.61 6.314245704177138e+38
1946.11 6.366124233029059e+38
1946.62 6.324548988904841e+38
1947.12 6.360178015650224e+38
1947.63 6.358726853235323e+38
1948.13 6.0868676799227275e+38
1948.64 6.213426612421003e+38
1949.14 6.343069035404417e+38
1949.65 5.980949753195393e+38
1950.15 6.327979752520561e+38
1950.66 6.339124324324471e+38
1951.16 6.1155223098056025e+38
1951.67 6.2851817062512695e+38
1952.17 6.3111960091770195e+38
1952.68 5.8941704872410395e+38
1953.19 5.989604125590325e+38
1953.69 6.239085847216082e+38
1954.2 5.882264915670895e+38
1954.7 5.93848599897418e+38
1955.21 6.112082432958308e+38
1955.72 6.223642849341043e+38
1956.22 6.271468309729808e+38
1956.73 6.251021546033518e+38
1957.24 6.0887806130647486e+38
1957.75 6.259262236905279e+38
1958.25 6.250534560261131e+38
1958.76 5.8886626279394836e+38
1959.27 5.826479784325451e+38
1959.78 6.1350462155578e+38
1960.29 5.822784072809473e+38
1960.79 6.119067155122202e+38
1961.3 5.855082616592248e+38
1961.81 6.033318113799679e+38
1962.32 6.096176860415934e+38
1962.83 5.952002060585605e+38
1963.33 6.156652463465609e+38
1963.84 6.164348588960742e+38
1964.35 5.822152212557783e+38
1964.86 5.853976478455934e+38
1965.37 5.802277682983108e+38
1965.88 6.171802091033238e+38
1966.39 6.177298157314654e+38
1966.9 6.1319012570861786e+38
1967.41 6.116222869403297e+38
1967.92 6.019662951394515e+38
1968.43 6.04273812797218e+38
1968.94 6.152635946623097e+38
1969.45 6.086279349134745e+38
1969.96 6.111131528864114e+38
1970.47 6.138075443003686e+38
1970.98 6.131833582466765e+38
1971.49 5.91724582588263e+38
1972.0 5.9553212585463425e+38
1972.52 6.061139754594406e+38
1973.03 6.107792500984046e+38
1973.54 6.070837892944205e+38
1974.05 6.108506710738469e+38
1974.56 6.085680902835357e+38
1975.07 6.105420280139536e+38
1975.58 6.059833703571911e+38
1976.1 5.721259895106572e+38
1976.61 6.0766962757993316e+38
1977.12 6.054234654537158e+38
1977.63 5.839265915720974e+38
1978.15 6.056848451365655e+38
1978.66 5.746833448180181e+38
1979.17 5.48759972475089e+38
1979.69 5.901315203458765e+38
1980.2 6.014027365038766e+38
1980.71 6.032906118155897e+38
1981.22 6.027744991794189e+38
1981.74 6.019184089799142e+38
1982.25 5.705493669184765e+38
1982.77 5.6489404561050465e+38
1983.28 6.006611160210217e+38
1983.79 5.8964023496487564e+38
1984.31 5.606231231865981e+38
1984.82 5.713996773083499e+38
1985.34 5.964702705033231e+38
1985.85 5.954581496320583e+38
1986.36 5.908757737826649e+38
1986.88 5.845987675069951e+38
1987.4 5.57760095992486e+38
1987.91 5.669427436320414e+38
1988.43 5.982538485831985e+38
1988.94 5.915908101670414e+38
1989.46 5.87319127070381e+38
1989.97 5.57750126674033e+38
1990.49 5.909060896731501e+38
1991.0 5.9510381034368216e+38
1991.52 5.579082573064815e+38
1992.04 5.571522851604605e+38
1992.55 6.123392419104429e+38
1993.07 5.927624385045712e+38
1993.58 5.921715730403698e+38
1994.1 5.544202052597261e+38
1994.62 5.8980357778042205e+38
1995.14 5.7295796730881295e+38
1995.65 5.524470505837328e+38
1996.17 5.878246052704536e+38
1996.69 5.873067687780211e+38
1997.2 5.856994330743915e+38
1997.72 5.8336997819712726e+38
1998.24 5.753398362203118e+38
1998.76 5.815166221235937e+38
1999.28 5.8347786117346655e+38
1999.8 5.628648098145439e+38
2000.31 5.486163747460531e+38
2000.83 5.737975686294839e+38
2001.35 5.80156709570922e+38
2001.87 5.476555171247277e+38
2002.39 5.536684513254584e+38
2002.91 5.8125505946260945e+38
2003.43 5.805937236070306e+38
2003.94 5.8010952394225506e+38
2004.46 5.794262017074981e+38
2004.98 5.7140496583690335e+38
2005.5 5.563701132395936e+38
2006.02 5.482540035191529e+38
2006.54 5.775653419477097e+38
2007.06 5.734542840089218e+38
2007.58 5.736265510459559e+38
2008.1 5.746491377713669e+38
2008.62 5.585489577755154e+38
2009.14 5.417919771421709e+38
2009.67 5.7469357821522295e+38
2010.19 5.4501923790557065e+38
2010.71 5.3762902589533156e+38
2011.23 5.592084219364965e+38
2011.75 5.724435113549199e+38
2012.27 5.4276287566803365e+38
2012.79 5.674065836457509e+38
2013.31 5.364765065092294e+38
2013.84 5.695206000851253e+38
2014.36 5.692481136131979e+38
2014.88 5.696819673768449e+38
2015.4 5.442626178788357e+38
2015.93 5.633488263418311e+38
2016.45 5.627865251637312e+38
2016.97 5.645440531783824e+38
2017.49 5.357521113736655e+38
2018.02 5.292594341190244e+38
2018.54 5.656502200481411e+38
2019.06 5.518510528282983e+38
2019.58 5.6524382002642946e+38
2020.11 5.650724015023544e+38
2020.63 5.6454164300313726e+38
2021.16 5.630849292320608e+38
2021.68 5.624210061217331e+38
2022.2 5.626122236013031e+38
2022.73 5.2882686415081534e+38
2023.25 5.622499769959718e+38
2023.78 5.5911993441699346e+38
2024.3 5.6103430993762634e+38
2024.82 5.605293530713688e+38
2025.35 5.582564802376694e+38
2025.88 5.417048051652024e+38
2026.4 5.530047195803487e+38
2026.93 5.5880004153164684e+38
2027.45 5.4384891965225085e+38
2027.98 5.465068065687831e+38
2028.5 5.4570036186882685e+38
2029.03 5.567886202612675e+38
2029.55 5.562322369164839e+38
2030.08 5.380641294638183e+38
2030.61 5.554386257125554e+38
2031.13 5.531119823590175e+38
2031.66 5.538282662143661e+38
2032.19 5.4181270550650425e+38
2032.71 5.4849729117219914e+38
2033.24 5.527509642071099e+38
2033.77 5.326542298206127e+38
2034.29 5.47048256303495e+38
2034.82 5.411318575918482e+38
2035.35 5.185183232374218e+38
2035.88 5.3188867531850616e+38
2036.4 5.492065830938379e+38
2036.93 5.4903933871973354e+38
2037.46 5.247326367291423e+38
2037.99 5.162500485171331e+38
2038.52 5.4818700657444814e+38
2039.04 5.455542437242103e+38
2039.57 5.174443951734327e+38
2040.1 5.044052902335941e+38
2040.63 5.4068258677471835e+38
2041.16 5.13442542013957e+38
2041.69 5.454048215418754e+38
2042.22 5.446411017755133e+38
2042.74 5.422865817514374e+38
2043.28 5.440613184913088e+38
2043.8 5.396375182244409e+38
2044.33 5.428222970789194e+38
2044.86 5.22624556620489e+38
2045.39 5.347564485655002e+38
2045.92 5.3987638771904385e+38
2046.45 5.103195099339779e+38
2046.98 5.407467499371582e+38
2047.52 5.2534375245463184e+38
2048.05 5.388982469735322e+38
2048.58 5.39348415694449e+38
2049.11 5.375944397326697e+38
2049.64 5.2875005836435146e+38
2050.17 5.3050863495599e+38
2050.7 5.462860557330402e+38
2051.23 5.434505972562026e+38
2051.76 5.335654835639834e+38
2052.3 5.44969463284691e+38
2052.83 5.343677166311347e+38
2053.36 5.404718405895574e+38
2053.89 5.430696987202238e+38
2054.43 5.427939239743928e+38
2054.96 5.418587223288351e+38
2055.49 5.4167219889826005e+38
2056.02 5.331229984040163e+38
2056.55 5.1033510343710424e+38
2057.09 5.4039671354565826e+38
2057.62 5.1256437569381344e+38
2058.16 5.372542000431015e+38
2058.69 5.242272756540572e+38
2059.22 5.034572383492119e+38
2059.76 5.246997138813025e+38
2060.29 5.053955163953924e+38
2060.82 5.373954834129294e+38
2061.36 5.3378532220920825e+38
2061.89 5.346494319826831e+38
2062.43 4.988310671096068e+38
2062.96 5.35598434152631e+38
2063.5 5.347078268429488e+38
2064.03 5.302283015634336e+38
2064.56 5.2838861762064286e+38
2065.1 5.022057986384352e+38
2065.64 4.792438727722995e+38
2066.17 5.3179016947098415e+38
2066.71 5.306407448689911e+38
2067.24 5.311488154100955e+38
2067.78 5.311138360547038e+38
2068.31 5.309004400853469e+38
2068.85 5.030891342929222e+38
2069.39 5.291991710386702e+38
2069.92 5.297162188449109e+38
2070.46 5.265792404964911e+38
2071.0 5.276599741818346e+38
2071.53 5.226680009952179e+38
2072.07 5.264019308645631e+38
2072.61 5.246561004840608e+38
2073.14 5.26922485261412e+38
2073.68 5.2648815155000625e+38
2074.22 5.260436185505003e+38
2074.76 5.195085153602173e+38
2075.29 5.251155762238067e+38
2075.83 5.194515381208174e+38
2076.37 5.216914880965174e+38
2076.91 5.09220959964175e+38
2077.45 5.198345652786556e+38
2077.98 5.069308095919852e+38
2078.52 5.163056481944349e+38
2079.06 5.171052508548496e+38
2079.6 4.95969640964957e+38
2080.14 5.075169906231646e+38
2080.68 5.2054274374200745e+38
2081.22 5.18166209693343e+38
2081.76 5.169140693414554e+38
2082.3 5.1906155142576744e+38
2082.84 5.187170829979294e+38
2083.38 5.0819312866077405e+38
2083.92 5.041421428999058e+38
2084.46 5.166731148541651e+38
2085.0 4.850306206307285e+38
2085.54 4.977322568316024e+38
2086.08 5.155724162379164e+38
2086.62 4.97673820830931e+38
2087.16 5.1429233217739345e+38
2087.7 4.8759079447999946e+38
2088.24 5.115251965837716e+38
2088.78 5.137004265602283e+38
2089.32 4.899476485408923e+38
2089.87 5.015797791626228e+38
2090.41 5.1237023821910736e+38
2090.95 4.8366052175123624e+38
2091.49 5.113742142868929e+38
2092.03 4.796151615750117e+38
2092.57 4.601028734999754e+38
2093.12 5.097951654163069e+38
2093.66 4.826871211543577e+38
2094.2 4.8653656838936774e+38
2094.75 5.043862793417205e+38
2095.29 5.0754844729048074e+38
2095.83 4.878507819176817e+38
2096.38 4.86270881857712e+38
2096.92 5.043589425390245e+38
2097.46 5.064806081918075e+38
2098.0 4.847738548374853e+38
2098.55 4.632151870388268e+38
2099.09 5.051662916633442e+38
2099.64 5.02309448955895e+38
2100.18 5.0382894765973e+38
2100.73 4.9424857069570835e+38
2101.27 5.028471207903377e+38
2101.81 4.977344592405872e+38
2102.36 5.023809264848499e+38
2102.9 5.01968769028189e+38
2103.45 4.669516904841336e+38
2103.99 4.917695400445452e+38
2104.54 4.519577381596717e+38
2105.08 4.995325314526774e+38
2105.63 4.8019107715262135e+38
2106.18 4.9675663919620074e+38
2106.72 4.9704107887946185e+38
2107.27 4.985933341935149e+38
2107.81 4.9186944338777644e+38
2108.36 4.835963085786445e+38
2108.91 4.718701341901787e+38
2109.45 4.890259683488559e+38
2110.0 4.9646243648201944e+38
2110.55 4.958177981071402e+38
2111.09 4.9539279923781236e+38
2111.64 4.9449349064449e+38
2112.19 4.9424482236853385e+38
2112.74 4.939863993655296e+38
2113.28 4.900110147344369e+38
2113.83 4.930494241223711e+38
2114.38 4.827300006881301e+38
2114.93 4.78135062117626e+38
2115.48 4.8367141109218835e+38
2116.02 4.912161035404759e+38
2116.57 4.913001827495069e+38
2117.12 4.823940443745196e+38
2117.67 4.8936027633055885e+38
2118.22 4.7549062049172056e+38
2118.77 4.894298973072494e+38
2119.32 4.7215030688170705e+38
2119.87 4.885944282755712e+38
2120.42 4.8501797687042676e+38
2120.97 4.698788179981398e+38
2121.51 4.8498171920125e+38
2122.06 4.8260248808163876e+38
2122.61 4.865691984436478e+38
2123.17 4.791307997630326e+38
2123.72 4.847962909022878e+38
2124.26 4.6346614220878e+38
2124.82 4.785252021563619e+38
2125.37 4.831835777006898e+38
2125.92 4.782450593730457e+38
2126.47 4.862356622201013e+38
2127.02 4.831869387074708e+38
2127.57 4.814494525883122e+38
2128.12 4.4356796099143734e+38
2128.67 4.814640063183985e+38
2129.23 4.79531234001469e+38
2129.78 4.736175144201829e+38
2130.33 4.6593101540516886e+38
2130.88 4.798769966325704e+38
2131.43 4.48236913176123e+38
2131.99 4.6209440524568594e+38
2132.54 4.7566423901700376e+38
2133.09 4.786751283427441e+38
2133.65 4.7631855669001966e+38
2134.2 4.756920519170716e+38
2134.75 4.503080191122574e+38
2135.3 4.7630091081583036e+38
2135.86 4.751532328163413e+38
2136.41 4.757927046651041e+38
2136.97 4.605976797860508e+38
2137.52 4.73901379734171e+38
2138.07 4.5171829538517834e+38
2138.63 4.66307950265427e+38
2139.18 4.7294421057229225e+38
2139.74 4.689603445555623e+38
2140.29 4.7192533908817536e+38
2140.84 4.723916537861304e+38
2141.4 4.662634044081261e+38
2141.96 4.632862327865195e+38
2142.51 4.7091137187862264e+38
2143.06 4.669561538268321e+38
2143.62 4.626066334309499e+38
2144.18 4.471519085014803e+38
2144.73 4.682986342467216e+38
2145.29 4.660342019484695e+38
2145.84 4.688588761692164e+38
2146.4 4.663967071524305e+38
2146.96 4.566093423103747e+38
2147.51 4.6790903217966174e+38
2148.07 4.660244159692259e+38
2148.63 4.4946882246044855e+38
2149.18 4.186081144730122e+38
2149.74 4.657629153586171e+38
2150.3 4.385079181388762e+38
2150.85 4.5879712245433815e+38
2151.41 4.627179238069588e+38
2151.97 4.642961398233993e+38
2152.53 4.416414875278065e+38
2153.08 4.623559225031168e+38
2153.64 4.6317013887438486e+38
2154.2 4.6279173809245776e+38
2154.76 4.6163528741069864e+38
2155.32 4.619075887238907e+38
2155.88 4.615758767192349e+38
2156.44 4.61152970831372e+38
2156.99 4.596653542230222e+38
2157.55 4.603281666653167e+38
2158.11 4.598520645736712e+38
2158.67 4.570627594772251e+38
2159.23 4.4205455975555626e+38
2159.79 4.559831352513913e+38
2160.35 4.4143937610934456e+38
2160.91 4.578512254591865e+38
2161.47 4.347656981185022e+38
2162.03 4.416641981909884e+38
2162.59 4.514037067613603e+38
2163.15 4.482553488536597e+38
2163.71 4.0193098376603276e+38
2164.27 4.541088601795129e+38
2164.83 4.5398049599736694e+38
2165.4 4.545425037075824e+38
2165.96 3.829304302875281e+38
2166.52 4.5385363525737926e+38
2167.08 4.527294500801867e+38
2167.64 4.3073498863118044e+38
2168.2 4.5248168442669286e+38
2168.76 4.4768233412602666e+38
2169.33 4.5175825931710734e+38
2169.89 4.500961167422744e+38
2170.45 4.425656620379461e+38
2171.01 4.506597123494608e+38
2171.58 4.471492267838286e+38
2172.14 4.498410263047477e+38
2172.7 4.493068338265833e+38
2173.27 4.490291625827046e+38
2173.83 4.476544165579423e+38
2174.39 4.450958046389112e+38
2174.96 4.088482816458831e+38
2175.52 4.452679699232955e+38
2176.08 4.4402863334079594e+38
2176.65 4.4643596342164924e+38
2177.21 4.455358896563928e+38
2177.78 4.442499126246975e+38
2178.34 4.072278736443558e+38
2178.91 4.451068323204624e+38
2179.47 4.2604353960272835e+38
2180.03 4.4081731289008524e+38
2180.6 4.429681076381099e+38
2181.17 4.230421087184031e+38
2181.73 4.427434508504295e+38
2182.3 4.427221212370655e+38
2182.86 4.210454134233876e+38
2183.43 4.3760818576656335e+38
2183.99 4.414562980377852e+38
2184.56 4.384133116620251e+38
2185.12 4.406138161376028e+38
2185.69 4.312111154432442e+38
2186.26 4.330605197836682e+38
2186.82 4.392316385269989e+38
2187.39 3.724008882703628e+38
2187.96 4.1433989193887095e+38
2188.53 4.352443284049466e+38
2189.09 4.3287568888199e+38
2189.66 4.3249941785665824e+38
2190.23 4.372124747348192e+38
2190.79 4.227562588031345e+38
2191.36 4.326841957557595e+38
2191.93 4.257005460452585e+38
2192.5 4.359346439467734e+38
2193.07 4.333538886141269e+38
2193.64 4.344729391387356e+38
2194.21 4.329671014584735e+38
2194.77 4.3384771161521436e+38
2195.34 4.336502397764261e+38
2195.91 4.335639286894533e+38
2196.48 4.253549148378558e+38
2197.05 4.328448075957597e+38
2197.62 4.3198306757290855e+38
2198.19 4.312931112962853e+38
2198.76 4.299348464568318e+38
2199.33 4.235211977898094e+38
2199.9 4.303476183211865e+38
2200.47 4.3068569135333336e+38
2201.04 4.266586975613542e+38
2201.61 4.291591535340654e+38
2202.18 4.253829658546764e+38
2202.75 4.280520821652859e+38
2203.32 4.27958571175697e+38
2203.89 4.20419233316144e+38
2204.46 4.2374271008695075e+38
2205.03 4.2756853038832145e+38
2205.61 4.27481927756898e+38
2206.18 4.2618700180421175e+38
2206.75 4.251556787660925e+38
2207.32 4.236853135646136e+38
2207.89 4.2608311032197706e+38
2208.47 4.2517580107879075e+38
2209.04 4.242316608308521e+38
2209.61 4.0374471444272605e+38
2210.18 4.246169702104606e+38
2210.76 4.157279503384682e+38
2211.33 4.22907728686632e+38
2211.9 4.227668047158762e+38
2212.48 4.214047868651399e+38
2213.05 4.2083398807833824e+38
2213.62 4.22492217543082e+38
2214.2 4.222003815704265e+38
2214.77 4.148615709396468e+38
2215.34 3.532145901544589e+38
2215.92 4.1529936156140675e+38
2216.49 4.1916441578701826e+38
2217.07 4.173469250045591e+38
2217.64 4.199944112556559e+38
2218.22 4.1263078497814356e+38
2218.79 4.183771209753498e+38
2219.37 4.1502900403958555e+38
2219.94 4.1830010552542155e+38
2220.52 4.1503367362011285e+38
2221.09 4.1367523122071785e+38
2221.67 4.174736440463478e+38
2222.25 4.175122547004641e+38
2222.82 4.16741105594123e+38
2223.4 4.166076888509816e+38
2223.97 4.163710976485697e+38
2224.55 4.160433732238277e+38
2225.13 4.144854254949787e+38
2225.7 4.140062791452325e+38
2226.28 4.151527298233988e+38
2226.86 4.1488291193595965e+38
2227.43 4.044351159747054e+38
2228.01 4.128112185602172e+38
2228.59 4.102601467079775e+38
2229.17 4.110316201634851e+38
2229.74 4.130198806179799e+38
2230.32 4.125570265605421e+38
2230.9 4.0637773103176845e+38
2231.48 4.125471199092681e+38
2232.06 4.1215806685456145e+38
2232.64 4.115432636316515e+38
2233.21 4.065023055331135e+38
2233.79 4.0987578383533075e+38
2234.37 4.042948263232985e+38
2234.95 4.106382371129213e+38
2235.53 4.102670239558218e+38
2236.11 4.100247700629231e+38
2236.69 3.972602828319969e+38
2237.27 4.0934794232892424e+38
2237.85 4.0893777048120225e+38
2238.43 4.058321323582254e+38
2239.01 4.0505434465580836e+38
2239.59 4.080006257099789e+38
2240.17 4.0325909527671985e+38
2240.75 4.074016246114911e+38
2241.33 4.070186800441106e+38
2241.91 4.067635942634293e+38
2242.49 4.053874603120503e+38
2243.07 4.0591176825286555e+38
2243.66 4.057354321855112e+38
2244.24 4.040544423788322e+38
2244.82 3.950773298589484e+38
2245.4 4.0450517922643485e+38
2245.98 4.044021948082457e+38
2246.56 4.032876904851851e+38
2247.15 4.035708255704949e+38
2247.73 4.033103908088268e+38
2248.31 4.000809265669285e+38
2248.89 4.024353920590588e+38
2249.48 4.0195401658105586e+38
2250.06 4.0201696990550844e+38
2250.64 4.0142745669873706e+38
2251.23 4.01182675550979e+38
2251.81 3.9933532800806674e+38
2252.39 4.001479936175348e+38
2252.98 3.9289999330589604e+38
2253.56 3.4480676725092695e+38
2254.15 3.996975463446787e+38
2254.73 3.9094708221106705e+38
2255.31 3.993905450423662e+38
2255.9 3.9849098643032e+38
2256.48 3.964548585199709e+38
2257.07 3.9811336311814025e+38
2257.65 3.9778535396924906e+38
2258.24 3.899823203283598e+38
2258.82 3.9667119612019506e+38
2259.41 3.9539199827075035e+38
2260.0 3.9664231622918656e+38
2260.58 3.960290862029515e+38
2261.17 3.933843941205868e+38
2261.75 3.95981959443486e+38
2262.34 3.809696709729578e+38
2262.93 3.9528495933053e+38
2263.51 3.942678430542888e+38
2264.1 3.942208292364327e+38
2264.69 3.92569071264904e+38
2265.27 3.9215605137213746e+38
2265.86 3.866391572367653e+38
2266.45 3.934803630537927e+38
2267.03 3.9292805690447336e+38
2267.62 3.928886989344573e+38
2268.21 3.853509368300966e+38
2268.8 3.919535473486182e+38
2269.39 3.920382009927321e+38
2269.97 3.9139793099445756e+38
2270.56 3.9145947119036466e+38
2271.15 3.911010951942689e+38
2271.74 3.906592212304881e+38
2272.33 3.90058097506779e+38
2272.92 3.902942988379516e+38
2273.51 3.899826126732771e+38
2274.09 3.8428377793138604e+38
2274.68 3.891866889892067e+38
2275.27 3.890806493418176e+38
2275.86 3.882700741337269e+38
2276.45 3.8784634245293184e+38
2277.04 3.84417419935793e+38
2277.63 3.834609599073369e+38
2278.22 3.8344554398096744e+38
2278.81 3.873089104190652e+38
2279.41 3.7737720208282664e+38
2280.0 3.866433414460781e+38
2280.59 3.845629071927339e+38
2281.18 3.8591254325355715e+38
2281.77 3.856640778895715e+38
2282.36 3.8552836558493794e+38
2282.95 3.824488159684281e+38
2283.54 3.84979578033398e+38
2284.14 3.8452133746244125e+38
2284.73 3.835569660038892e+38
2285.32 3.836091358253663e+38
2285.91 3.838032143196597e+38
2286.5 3.8286309632827646e+38
2287.1 3.825861262720323e+38
2287.69 3.452812098014636e+38
2288.28 3.812410952898034e+38
2288.88 3.822642192658498e+38
2289.47 3.818551355460881e+38
2290.06 3.8000305202769744e+38
2290.66 3.8135587269387134e+38
2291.25 3.801783478669763e+38
2291.84 3.808219508915671e+38
2292.44 3.794829729135954e+38
2293.03 3.8014734257503215e+38
2293.63 3.792381668696626e+38
2294.22 3.7953296214206914e+38
2294.81 3.784868783522755e+38
2295.41 3.781252575435219e+38
2296.0 3.7866905047791754e+38
2296.6 3.695001235092784e+38
2297.2 3.725365691768435e+38
2297.79 3.3719315754270628e+38
2298.39 3.77422755919694e+38
2298.98 3.739590760556692e+38
2299.58 3.746401714826394e+38
2300.17 3.765866256984019e+38
2300.77 3.742029450909771e+38
2301.37 3.759046638158857e+38
2301.96 3.757805324161378e+38
2302.56 3.75130540689713e+38
2303.16 3.734879255216382e+38
2303.75 3.679451214135113e+38
2304.35 3.744946715897413e+38
2304.95 3.742316788635793e+38
2305.54 3.73752505152328e+38
2306.14 3.73591480030984e+38
2306.74 3.403970381785458e+38
2307.34 3.695726888707698e+38
2307.94 3.725059516857945e+38
2308.53 3.715984714335272e+38
2309.13 3.719949656048184e+38
2309.73 3.718652619579605e+38
2310.33 3.716130963663009e+38
2310.93 3.711164531544101e+38
2311.53 3.709941960185104e+38
2312.13 3.706779566002809e+38
2312.73 3.697597898803628e+38
2313.32 3.686812174117206e+38
2313.93 3.646448916347401e+38
2314.52 3.6920223230513344e+38
2315.12 3.679174022313804e+38
2315.72 3.687083856752919e+38
2316.32 3.622434437195224e+38
2316.93 3.661393993362289e+38
2317.52 3.655669466118186e+38
2318.13 3.671737966426262e+38
2318.73 3.687189553384405e+38
2319.33 3.658820253818454e+38
2319.93 3.5453335756870826e+38
2320.53 3.6590893884356084e+38
2321.13 3.660285577680841e+38
2321.73 3.6584377931397725e+38
2322.33 3.622837117535897e+38
2322.94 3.595251241376717e+38
2323.54 3.648112506973667e+38
2324.14 3.636285645923498e+38
2324.74 3.632844336708158e+38
2325.35 3.639155910526141e+38
2325.95 3.631919163096474e+38
2326.55 3.626729759179011e+38
2327.16 3.60097481067986e+38
2327.76 3.604795579825563e+38
2328.36 3.567395130344885e+38
2328.97 3.624459045059133e+38
2329.57 3.621517696787109e+38
2330.17 3.615870592939434e+38
2330.78 3.6087599684936964e+38
2331.38 3.6066152297541e+38
2331.98 3.530605607653424e+38
2332.59 3.607675718587879e+38
2333.19 3.5365263982558955e+38
2333.8 3.595180442095931e+38
2334.4 3.5951237204684245e+38
2335.01 3.584807425934658e+38
2335.61 3.587585718278413e+38
2336.22 3.594097507635083e+38
2336.82 3.591613941544773e+38
2337.43 3.534443669080268e+38
2338.03 3.585596184427289e+38
2338.64 3.5399496300941784e+38
2339.25 3.5620911174744424e+38
2339.85 3.567108192188128e+38
2340.46 3.5638025650006725e+38
2341.07 3.539449061589709e+38
2341.67 3.558377416444414e+38
2342.28 3.565849582375855e+38
2342.89 3.561857731796586e+38
2343.5 3.558693340922025e+38
2344.1 3.532280037196577e+38
2344.71 3.531318450509169e+38
2345.32 3.5508036784170085e+38
2345.93 3.533958787770125e+38
2346.53 3.547326429424827e+38
2347.14 3.542751370632677e+38
2347.75 3.498542348808526e+38
2348.36 3.434018367195117e+38
2348.97 3.502501985818154e+38
2349.58 3.395952307168013e+38
2350.19 3.532252465256064e+38
2350.79 3.534096376470469e+38
2351.4 3.526687763822607e+38
2352.01 3.509634051639433e+38
2352.62 3.521459597965778e+38
2353.23 3.5046377512040845e+38
2353.84 3.516920321735009e+38
2354.45 3.471682168323416e+38
2355.06 3.499450485965074e+38
2355.67 3.490451769373262e+38
2356.28 3.506177862977039e+38
2356.89 3.501124775065309e+38
2357.5 3.500718345663771e+38
2358.12 3.493312993736151e+38
2358.73 3.487208930113755e+38
2359.34 3.4920312669429436e+38
2359.95 3.471304881961242e+38
2360.56 3.4805072742838364e+38
2361.17 3.473167868235344e+38
2361.78 3.4796493500925e+38
2362.4 3.469509698704279e+38
2363.01 3.472181979677652e+38
2363.62 3.469392237530192e+38
2364.24 3.45471245586291e+38
2364.85 3.4677989441320676e+38
2365.46 3.429334490099436e+38
2366.07 3.4555278746261735e+38
2366.69 3.43156873512957e+38
2367.3 3.4357833279939425e+38
2367.91 3.454409606018375e+38
2368.53 3.4523518212712974e+38
2369.14 3.447527897003666e+38
2369.76 3.444152324206898e+38
2370.37 3.444222031437446e+38
2370.98 3.432103371149867e+38
2371.6 3.3973332721383284e+38
2372.21 3.436967769302318e+38
2372.83 3.433208266406063e+38
2373.44 3.427625332080762e+38
2374.06 3.429061409425011e+38
2374.67 3.3632315069319183e+38
2375.29 3.4240668480882036e+38
2375.91 3.3971694951998694e+38
2376.52 3.417312884833699e+38
2377.14 3.370979881173622e+38
2377.75 3.4135243035536344e+38
2378.37 3.411104625033341e+38
2378.99 3.4073824426334574e+38
2379.6 3.404782495408251e+38
2380.22 3.4013281273329565e+38
2380.83 3.395289966654419e+38
2381.45 3.3737474691189845e+38
2382.07 3.395345621875057e+38
2382.69 3.367300690130085e+38
2383.3 3.387111699538854e+38
2383.92 3.3631878722995636e+38
2384.54 3.3847707057673737e+38
2385.16 3.2594899506774888e+38
2385.78 3.358887192943944e+38
2386.4 3.0353144384229217e+38
2387.01 3.2468551407721214e+38
2387.63 3.3727839447432544e+38
2388.25 3.368407970192008e+38
2388.87 3.364231141297368e+38
2389.49 3.344518157650505e+38
2390.11 3.3479011118715894e+38
2390.73 3.3576254227861487e+38
2391.35 3.3576258876786025e+38
2391.97 3.35403954131194e+38
2392.59 3.3534629751130265e+38
2393.21 3.3498720552067536e+38
2393.83 3.3487121117758645e+38
2394.45 3.3360807205899226e+38
2395.07 3.3430115848651264e+38
2395.69 3.3293260957708546e+38
2396.31 3.3140662358299307e+38
2396.93 3.335592994381703e+38
2397.55 3.3213095125171857e+38
2398.17 3.329852746900479e+38
2398.79 3.2397602276662624e+38
2399.42 3.31639619145303e+38
2400.04 3.2930503798716458e+38
2400.66 3.3118319376478998e+38
2401.28 3.3182166031596718e+38
2401.91 3.3138565829907063e+38
2402.53 3.295121707696157e+38
2403.15 3.2725327105349455e+38
2403.77 3.3067568283164565e+38
2404.4 3.2839354042161786e+38
2405.02 3.2405314893282277e+38
2405.64 3.2383875116213377e+38
2406.27 3.2984039729060942e+38
2406.89 3.294646969674717e+38
2407.51 3.2677096463605115e+38
2408.14 3.2863250495567353e+38
2408.76 3.2773476836837843e+38
2409.39 3.280025108563834e+38
2410.01 3.25644373948497e+38
2410.64 3.2809657496713e+38
2411.26 3.2548410810472097e+38
2411.89 3.2542819216678924e+38
2412.51 3.273627133254198e+38
2413.14 3.2713853919709378e+38
2413.76 3.267354697692626e+38
2414.39 3.160060819703007e+38
2415.01 3.264193592290042e+38
2415.64 3.261401209528492e+38
2416.26 3.2600446895015475e+38
2416.89 3.2134092157218953e+38
2417.52 3.252943990048848e+38
2418.14 3.2530843685586652e+38
2418.77 3.2495125572031155e+38
2419.4 3.1636701588950315e+38
2420.02 3.2458383238948772e+38
2420.65 3.240984199495169e+38
2421.28 3.236874977923766e+38
2421.91 3.1900968155565085e+38
2422.53 3.234442329211513e+38
2423.16 3.1438547599007442e+38
2423.79 3.2269210365765495e+38
2424.42 3.2121683372399836e+38
2425.05 3.2143580245955286e+38
2425.68 3.2247829471567735e+38
2426.3 3.2204540304976067e+38
2426.93 3.2189254173765354e+38
2427.56 3.2177021847534887e+38
2428.19 3.2149567579897177e+38
2428.82 3.209174523832565e+38
2429.45 3.1977123144246047e+38
2430.08 3.1954700567251366e+38
2430.71 3.191659813323336e+38
2431.34 3.2029043503061762e+38
2431.97 3.1806269356239117e+38
2432.6 3.1979881144813964e+38
2433.23 3.1950929154684897e+38
2433.86 3.1797977244557626e+38
2434.49 3.1903449881609826e+38
2435.12 3.1852328111446253e+38
2435.75 3.1699339749101845e+38
2436.39 3.183498943942062e+38
2437.02 3.1777388025472827e+38
2437.65 3.177568745221455e+38
2438.28 3.174158589755909e+38
2438.91 3.0901077324206515e+38
2439.54 3.172619249528211e+38
2440.18 3.1620931008372276e+38
2440.81 3.1267712581877617e+38
2441.44 3.1504906118439e+38
2442.07 3.159897027819537e+38
2442.71 3.16179734333445e+38
2443.34 3.1589941524293632e+38
2443.97 3.1540505900319577e+38
2444.61 3.1534461780201087e+38
2445.24 3.1290497511001845e+38
2445.88 3.1403210306802745e+38
2446.51 3.1347029667703228e+38
2447.14 3.133461979061821e+38
2447.78 3.132389057092262e+38
2448.41 3.12949769441703e+38
2449.05 3.109288354911111e+38
2449.68 3.1335602632509047e+38
2450.32 3.090403471787673e+38
2450.95 3.0999434914446556e+38
2451.59 3.129299726642119e+38
2452.22 3.1261788944430675e+38
2452.86 3.12422873732663e+38
2453.49 3.122700740860052e+38
2454.13 3.1202240656431868e+38
2454.76 3.114357183832274e+38
2455.4 3.103178395941089e+38
2456.04 3.0958274367111714e+38
2456.67 3.1055050174868178e+38
2457.31 3.101236792116056e+38
2457.95 3.106429596274899e+38
2458.58 3.1000167498271556e+38
2459.22 3.1019382557381345e+38
2459.86 3.092329006382797e+38
2460.5 3.094128025821212e+38
2461.14 3.08165276607606e+38
2461.77 3.061888138180028e+38
2462.41 3.084086363523688e+38
2463.05 3.0853572801496602e+38
2463.69 3.0640012957326913e+38
2464.33 3.083669247657989e+38
2464.96 3.0817057580863464e+38
2465.6 3.0656689748896734e+38
2466.24 3.0770331431490664e+38
2466.88 3.074502784794705e+38
2467.52 3.055884655804542e+38
2468.16 3.068585434522027e+38
2468.8 3.0266912590136184e+38
2469.44 3.0622792675574417e+38
2470.08 3.0603366380261987e+38
2470.72 3.060632609348591e+38
2471.36 3.044452350535455e+38
2472.0 3.0548603249642506e+38
2472.64 3.05160718718417e+38
2473.28 3.033383402101979e+38
2473.92 3.045167419036728e+38
2474.56 3.0468243096211866e+38
2475.21 3.0443644369338482e+38
2475.85 3.0340102551192524e+38
2476.49 3.0412909149745843e+38
2477.13 3.037707198832253e+38
2477.77 3.0369694539375776e+38
2478.42 2.989441223758716e+38
2479.06 3.0300933441364335e+38
2479.7 3.030207689976989e+38
2480.34 3.02862143745842e+38
2480.99 3.0131927298934543e+38
2481.63 3.007849606733476e+38
2482.27 3.001125329359077e+38
2482.92 3.0041584604879376e+38
2483.56 3.012714869660629e+38
2484.2 3.0148691059169832e+38
2484.85 3.0103143237832634e+38
2485.49 3.0106654464332705e+38
2486.14 3.0089271575710164e+38
2486.78 3.0075355811948165e+38
2487.42 3.00535869094824e+38
2488.07 3.0023900213960073e+38
2488.71 2.987201301817054e+38
2489.36 2.9984298034339783e+38
2490.0 2.996316337164547e+38
2490.65 2.9875520105875353e+38
2491.29 2.957930139953615e+38
2491.94 2.988449087791468e+38
2492.59 2.987555519134515e+38
2493.23 2.9822185398473233e+38
2493.88 2.955399682984219e+38
2494.52 2.852608457792587e+38
2495.17 2.979441804887692e+38
2495.82 2.9775516723728253e+38
2496.47 2.956277572603762e+38
2497.11 2.9728421611710887e+38
2497.76 2.9206835252768404e+38
2498.41 2.966364329243642e+38
2499.05 2.9619677459125175e+38
2499.7 2.946042285713716e+38
