WAVE FLUX
1000.04 3.313238442554617e+39
1000.53 3.307897691494616e+39
1001.02 3.3001396635717405e+39
1001.51 3.301410089002971e+39
1002.01 3.2612187239417796e+39
1002.5 3.2922791786061476e+39
1002.99 3.2875774413367104e+39
1003.48 3.2837120893105934e+39
1003.97 3.275260111245178e+39
1004.46 3.2654800451125445e+39
1004.96 3.2693560021599517e+39
1005.45 3.256227300675223e+39
1005.94 2.905243190330226e+39
1006.43 3.244848816880141e+39
1006.93 3.2422163218009964e+39
1007.42 3.243540984072048e+39
1007.92 2.888807522952794e+39
1008.41 3.2379933762874365e+39
1008.91 3.230615791873202e+39
1009.4 3.2296367358588955e+39
1009.9 3.0884015981553874e+39
1010.39 2.4601011640935278e+39
1010.89 3.2074772016047184e+39
1011.38 3.0029050012150894e+39
1011.88 3.2076624132861747e+39
1012.37 3.187603336155926e+39
1012.87 2.5997870255638282e+39
1013.37 3.195035521722074e+39
1013.86 3.181844598339522e+39
1014.36 3.187967428361345e+39
1014.86 3.03814941900688e+39
1015.36 3.156603366851716e+39
1015.85 3.172069865163819e+39
1016.35 3.167173650063066e+39
1016.85 3.1370438039044446e+39
1017.35 3.0046963382302326e+39
1017.85 2.7440151536799773e+39
1018.35 3.1141645135846926e+39
1018.85 3.037730780993822e+39
1019.35 3.140843393835504e+39
1019.85 3.1247112258856403e+39
1020.35 3.05621711265403e+39
1020.85 3.123598975645366e+39
1021.35 3.048332772361206e+39
1021.85 2.9429566685620516e+39
1022.35 2.93679816776427e+39
1022.85 2.8626265398104354e+39
1023.35 2.639143957620987e+39
1023.85 2.1967785175857104e+39
1024.35 1.9379010729909532e+39
1024.86 1.654963487067011e+39
1025.36 6.317519168876492e+38
1025.86 5.2439570529273914e+38
1026.37 1.6278640426364513e+39
1026.87 1.655341938013492e+39
1027.37 1.69124886965096e+39
1027.88 1.7452421139898345e+39
1028.38 1.820059099608021e+39
1028.89 1.884611482220717e+39
1029.39 1.8754671987416244e+39
1029.9 1.7718735877058907e+39
1030.4 1.628383296900868e+39
1030.91 1.5215095665410532e+39
1031.41 1.5877795298159285e+39
1031.92 1.6941789495171707e+39
1032.42 1.9892554866649497e+39
1032.93 1.9723936881902845e+39
1033.44 1.9846729548271743e+39
1033.94 2.0025827488877626e+39
1034.45 2.1104856401423554e+39
1034.96 2.2199973517065606e+39
1035.46 2.1153098377473076e+39
1035.97 2.591300370179596e+39
1036.48 2.789350467072589e+39
1036.99 2.5533120333619573e+39
1037.5 3.384258790736753e+39
1038.01 4.3281423410740785e+39
1038.51 4.226112913442074e+39
1039.02 4.020256495693074e+39
1039.53 3.83879679627936e+39
1040.04 3.7276204755182393e+39
1040.55 3.603824716890193e+39
1041.06 3.4959340920224714e+39
1041.57 3.382491146325266e+39
1042.08 3.305446141546566e+39
1042.59 3.225490677913922e+39
1043.11 3.154846527884582e+39
1043.62 3.0968359062643414e+39
1044.13 3.0489125267020276e+39
1044.64 3.0122965149401485e+39
1045.15 2.9848124553651973e+39
1045.67 2.96477845911004e+39
1046.18 2.953554868042718e+39
1046.69 2.9448070611629685e+39
1047.2 2.9403352958849073e+39
1047.72 2.936603871059212e+39
1048.23 2.929184447329583e+39
1048.75 2.9299711875085043e+39
1049.26 2.9260602029838185e+39
1049.78 2.921006258388216e+39
1050.29 2.9183134592707504e+39
1050.81 2.9143441168571394e+39
1051.32 2.9073834486110417e+39
1051.83 2.907373215918273e+39
1052.35 2.9033530203949424e+39
1052.87 2.893951988663472e+39
1053.38 2.8968007524260524e+39
1053.9 2.892995115581987e+39
1054.42 2.889525918308361e+39
1054.93 2.8854727418725697e+39
1055.45 2.8274228719920087e+39
1055.97 2.8296789125841126e+39
1056.49 2.8745124555548046e+39
1057.01 2.869287381949244e+39
1057.52 2.8655269002799135e+39
1058.04 2.8536298540315277e+39
1058.56 2.8577455674330797e+39
1059.08 2.8542563037605405e+39
1059.6 2.8517533810188916e+39
1060.12 2.796183624355727e+39
1060.64 2.779275996010474e+39
1061.16 2.816385062605118e+39
1061.68 2.8095265214381906e+39
1062.2 2.7605427167184964e+39
1062.72 2.0206653097074084e+39
1063.24 2.8100029832296336e+39
1063.76 2.8251903380620744e+39
1064.28 2.8197997974331677e+39
1064.81 2.8149940491384195e+39
1065.33 2.8113663478780504e+39
1065.85 2.7970644811413416e+39
1066.37 2.8042543890582045e+39
1066.9 2.7999907503206405e+39
1067.42 2.795356391279088e+39
1067.94 2.7024719955415507e+39
1068.47 2.790199751727719e+39
1068.99 2.76417942621208e+39
1069.52 2.780964265927471e+39
1070.04 2.7219666505650257e+39
1070.56 2.762557378817134e+39
1071.09 2.770288099730314e+39
1071.61 2.764942561378897e+39
1072.14 2.74204618424102e+39
1072.67 2.7463767975182905e+39
1073.19 2.739505703738483e+39
1073.72 2.73521762871336e+39
1074.24 2.73608901024329e+39
1074.77 2.7365137451576224e+39
1075.3 2.7325446191106776e+39
1075.82 2.7286518151946434e+39
1076.35 2.736352722447815e+39
1076.88 2.733012077867291e+39
1077.41 2.729926376642418e+39
1077.94 2.7243418620428026e+39
1078.47 2.719455571194911e+39
1078.99 2.6515270277708445e+39
1079.52 2.7131406664576803e+39
1080.05 2.7110120769731176e+39
1080.58 2.6920257494061675e+39
1081.11 2.6958479282608775e+39
1081.64 2.6289275404467665e+39
1082.17 2.695949234597504e+39
1082.7 2.6917958888440952e+39
1083.23 2.678043336255095e+39
1083.77 2.678395340900953e+39
1084.3 2.6495264213347533e+39
1084.83 2.2661263957056602e+39
1085.36 2.6767082094284716e+39
1085.89 2.6678671075047032e+39
1086.43 2.6684022870638567e+39
1086.96 2.6660671740570257e+39
1087.49 2.6614731682045474e+39
1088.02 2.6563385442749984e+39
1088.56 2.6292709927444732e+39
1089.09 2.642633243853959e+39
1089.63 2.6287658239182732e+39
1090.16 2.6450380319607047e+39
1090.69 2.6387850462672983e+39
1091.23 2.5740509204455838e+39
1091.77 2.6355487681733915e+39
1092.3 2.6263636465145867e+39
1092.84 2.625144767828343e+39
1093.37 2.6053314729712603e+39
1093.91 2.6229578671636125e+39
1094.44 2.6192228994272106e+39
1094.98 2.6153065079946614e+39
1095.52 2.606964965353393e+39
1096.06 2.6075518198145917e+39
1096.59 2.5850245170154165e+39
1097.13 2.6023947793113346e+39
1097.67 2.5832828239035502e+39
1098.21 2.5857040252669152e+39
1098.74 2.592533604002121e+39
1099.28 2.5894907333715686e+39
1099.82 2.580345029478139e+39
1100.36 2.5825271940343643e+39
1100.9 2.5786093270599528e+39
1101.44 2.5754072525487702e+39
1101.98 2.5628996125703948e+39
1102.52 2.5687798790807432e+39
1103.06 2.5553665240705924e+39
1103.6 2.5618176831796133e+39
1104.15 2.552004522880234e+39
1104.69 2.555571767079567e+39
1105.23 2.5496476643335945e+39
1105.77 2.5487626734053744e+39
1106.31 2.5451316284171416e+39
1106.85 2.5361459987769598e+39
1107.4 2.5377044082765074e+39
1107.94 1.7411097752196704e+39
1108.48 2.3272979750844188e+39
1109.03 2.5286639921924295e+39
1109.57 2.5261038335080978e+39
1110.11 2.5207105414389576e+39
1110.66 2.5021968936514102e+39
1111.2 2.512776425620296e+39
1111.75 2.503668629345444e+39
1112.29 2.4899112616929272e+39
1112.84 2.504107631455941e+39
1113.39 2.5017969714694398e+39
1113.93 2.4982336531329465e+39
1114.48 2.4947836349828834e+39
1115.02 2.4367309864821434e+39
1115.57 2.4869346341048683e+39
1116.12 2.4039432303175354e+39
1116.67 2.4771143133053697e+39
1117.21 2.4755178293140454e+39
1117.76 2.468132812515798e+39
1118.31 2.4644995202910783e+39
1118.86 2.4702630540994917e+39
1119.41 2.463799374188061e+39
1119.95 2.4644181321209573e+39
1120.5 2.4598891863483718e+39
1121.05 2.448617438683153e+39
1121.6 2.4529385218349894e+39
1122.15 2.4483189882199833e+39
1122.7 2.4464573891242157e+39
1123.25 2.442970707965871e+39
1123.8 1.909306215629403e+39
1124.36 2.4357825278998453e+39
1124.91 2.395591674044508e+39
1125.46 2.430350625868333e+39
1126.01 2.4270547414681657e+39
1126.56 2.423874761162289e+39
1127.11 2.421922108200488e+39
1127.67 2.4166360174928537e+39
1128.22 1.914507352463559e+39
1128.77 2.027899279080253e+39
1129.33 2.4052161418782143e+39
1129.88 2.405099933572336e+39
1130.44 2.369107024505291e+39
1130.99 2.3845884631124156e+39
1131.54 2.3939570352816535e+39
1132.1 2.3949898176021434e+39
1132.65 2.391690448872396e+39
1133.21 2.3768557500949817e+39
1133.77 2.3858600842636984e+39
1134.32 2.37449787889947e+39
1134.88 2.3759056207840785e+39
1135.43 2.3766114605784112e+39
1135.99 2.3735513409126037e+39
1136.55 2.3704953749031958e+39
1137.1 2.3670150489068736e+39
1137.66 2.3635340915098784e+39
1138.22 2.3594085584514468e+39
1138.78 2.358209827330627e+39
1139.34 2.3060939106367304e+39
1139.9 2.284760980358928e+39
1140.45 2.348528216762343e+39
1141.01 2.3457208415331182e+39
1141.57 2.2491779568405465e+39
1142.13 2.3373268938473503e+39
1142.69 2.3366232181628034e+39
1143.25 2.3332420990956124e+39
1143.81 2.3288507876176126e+39
1144.38 2.3048161104168906e+39
1144.94 2.2818736682257773e+39
1145.5 2.3213065512470132e+39
1146.06 2.3182154537763643e+39
1146.62 2.3152881047548272e+39
1147.18 2.3124177054811284e+39
1147.75 2.309704272701981e+39
1148.31 2.306153382162809e+39
1148.87 2.2881809582745946e+39
1149.44 2.2927429609130278e+39
1150.0 2.2779040203985487e+39
1150.0 2.2779040203985487e+39
1150.3 2.2943573227805116e+39
1150.6 2.2940285316894667e+39
1150.89 2.2921802044321787e+39
1151.19 2.2892247224956073e+39
1151.49 2.2895794892121322e+39
1151.79 2.2878342011703248e+39
1152.09 2.2859854261252593e+39
1152.39 2.283666701508337e+39
1152.69 2.2576125114807337e+39
1152.98 2.2824950698480392e+39
1153.28 2.2805985359316487e+39
1153.58 2.278755937087613e+39
1153.88 2.2762882340205964e+39
1154.18 2.2746057598623214e+39
1154.48 2.2725596629741113e+39
1154.78 2.2713489156298458e+39
1155.08 2.2694099763780845e+39
1155.38 2.2680449437587007e+39
1155.68 2.2668887685983246e+39
1155.98 2.2147626812447173e+39
1156.28 2.2635397112714698e+39
1156.57 2.2609908886762447e+39
1156.88 2.2596256339936235e+39
1157.18 2.258008127627274e+39
1157.47 2.2539148933762892e+39
1157.78 2.2491989613329758e+39
1158.07 2.2198270562182225e+39
1158.38 2.2489196175756794e+39
1158.68 2.243344951215379e+39
1158.97 2.2303597098156734e+39
1159.28 2.2487847294619746e+39
1159.58 2.2389441592223022e+39
1159.88 2.2458772507132342e+39
1160.18 2.2415440124148735e+39
1160.48 2.1675197520042072e+39
1160.78 2.2420376958186238e+39
1161.08 2.2403309663523832e+39
1161.38 2.23872811468084e+39
1161.68 2.2367673175417865e+39
1161.98 2.1912606255777127e+39
1162.28 2.2343879690182053e+39
1162.58 2.2328920234667195e+39
1162.89 2.2311869728335265e+39
1163.19 2.1957428094026135e+39
1163.49 2.2275363841330625e+39
1163.79 2.2234939310316095e+39
1164.09 2.2140696309315794e+39
1164.39 2.1967108952072094e+39
1164.7 2.2191792940933892e+39
1165.0 2.1941687828980283e+39
1165.3 2.2154477899025362e+39
1165.6 2.1628252906478265e+39
1165.9 2.1543018793513652e+39
1166.21 2.213281221329141e+39
1166.51 2.2121047455349544e+39
1166.81 2.1948125217479117e+39
1167.11 2.2085378400429433e+39
1167.42 2.1903640144171973e+39
1167.72 1.9522107497493334e+39
1168.02 2.204912017199616e+39
1168.32 2.2037908645764287e+39
1168.63 2.140075288862033e+39
1168.93 1.5796822377092235e+39
1169.23 2.1983077219358697e+39
1169.54 2.1871301037098725e+39
1169.84 2.1951116395914956e+39
1170.14 2.1917329444485315e+39
1170.44 2.1729066765136777e+39
1170.75 2.1896010642097654e+39
1171.05 2.089282134243286e+39
1171.35 2.1877777867782373e+39
1171.66 2.1825526513486123e+39
1171.96 2.1387939394697494e+39
1172.27 2.183232330093448e+39
1172.57 2.1694990304283407e+39
1172.87 2.1789646557202404e+39
1173.18 2.1783517491475114e+39
1173.48 2.1735033680170287e+39
1173.79 2.1680142041050835e+39
1174.09 2.1745292427457362e+39
1174.4 2.1710779697703925e+39
1174.7 2.1653520498658235e+39
1175.0 1.4924320579882366e+39
1175.31 1.4404719531247317e+39
1175.61 1.4179980534557477e+39
1175.92 1.4995676152182292e+39
1176.22 2.0841436894160116e+39
1176.53 2.129345352426933e+39
1176.83 2.1533499922644486e+39
1177.14 2.1536835089745447e+39
1177.44 2.152491575565991e+39
1177.75 2.1514431968852e+39
1178.05 2.151189685690729e+39
1178.36 2.1439384532437043e+39
1178.66 2.151911065024053e+39
1178.97 2.140530379727849e+39
1179.27 2.1493773643843696e+39
1179.58 2.1479367427960268e+39
1179.89 2.1438899595641372e+39
1180.19 2.144916141458066e+39
1180.5 2.1335729031936128e+39
1180.8 2.1417526336968498e+39
1181.11 2.1411027990594676e+39
1181.42 2.1298776467413836e+39
1181.72 2.1311905118720353e+39
1182.03 2.1367576688469336e+39
1182.33 2.135233159983672e+39
1182.64 2.0968915292999084e+39
1182.95 1.839292385849285e+39
1183.25 2.1289958310311544e+39
1183.56 2.1287407685520396e+39
1183.87 2.12794897999166e+39
1184.17 2.1252611833421852e+39
1184.48 1.6444486429494335e+39
1184.79 2.1105254387018902e+39
1185.09 2.1221178455707154e+39
1185.4 2.1006124856149063e+39
1185.71 2.1192766093217023e+39
1186.02 2.116401150649601e+39
1186.32 2.115910678472219e+39
1186.63 2.1012510520117797e+39
1186.94 2.1079002607276222e+39
1187.25 2.1107437235124172e+39
1187.56 2.1088953782380746e+39
1187.86 2.1070053960866683e+39
1188.17 2.1054983556389776e+39
1188.48 2.089713262994233e+39
1188.79 2.102631958576219e+39
1189.09 2.0995437552520793e+39
1189.4 2.0986675147696197e+39
1189.71 2.0985133072640015e+39
1190.02 2.0968201335190956e+39
1190.33 2.0917204795323194e+39
1190.64 2.094014125610445e+39
1190.94 2.0922817341254757e+39
1191.25 2.0154345825111024e+39
1191.56 2.0898654320953047e+39
1191.87 2.0882274558090415e+39
1192.18 2.0864473028634207e+39
1192.49 2.0807533377315154e+39
1192.8 2.08356104925875e+39
1193.11 2.0730216415956376e+39
1193.42 2.0804883410797416e+39
1193.73 2.074287871490222e+39
1194.04 2.077134635498568e+39
1194.34 2.0758930851389036e+39
1194.65 2.0741242942743487e+39
1194.96 2.0724045831875163e+39
1195.27 2.0690254234420248e+39
1195.58 2.064468234372081e+39
1195.89 2.0636554641469146e+39
1196.2 1.92403114138832e+39
1196.51 2.0567432557821835e+39
1196.82 2.055933928990754e+39
1197.13 2.048163712676052e+39
1197.44 2.051774725434187e+39
1197.75 2.0269417497992786e+39
1198.06 2.047577243078299e+39
1198.38 2.0399745130819276e+39
1198.69 2.0470879529910367e+39
1199.0 2.0498982114673078e+39
1199.31 2.0564806388112498e+39
1199.62 2.047018676953851e+39
1199.93 2.0472459800925696e+39
1200.24 2.0296678199142668e+39
1200.55 2.042262610173014e+39
1200.86 2.0358514321300335e+39
1201.17 2.0403765420030406e+39
1201.48 2.0384526500627813e+39
1201.8 2.036665955935017e+39
1202.11 1.904065585393127e+39
1202.42 2.034319076390582e+39
1202.73 2.0329603052254538e+39
1203.04 2.0314162130233803e+39
1203.35 2.025132537750642e+39
1203.67 2.0287920312683246e+39
1203.98 2.026647219553677e+39
1204.29 2.0182954988879983e+39
1204.6 2.024777268917352e+39
1204.92 2.0230964011937428e+39
1205.23 2.020819357245426e+39
1205.54 2.0031035007677466e+39
1205.85 2.0165042614316988e+39
1206.16 2.0159439406373946e+39
1206.48 1.57630157496376e+39
1206.79 2.0129265406530423e+39
1207.1 2.0109839683552955e+39
1207.42 2.007197444957803e+39
1207.73 2.0071920199712125e+39
1208.04 2.0042441850672583e+39
1208.35 2.002218318573721e+39
1208.67 1.9977608999112448e+39
1208.98 2.0000459674847828e+39
1209.29 1.9982987846808878e+39
1209.61 1.9945359511844424e+39
1209.92 1.9940731052708246e+39
1210.23 1.9899580372901147e+39
1210.55 1.9764924736189074e+39
1210.86 1.989395004828783e+39
1211.18 1.9863321044455133e+39
1211.49 1.7694728701968876e+39
1211.8 1.985137855646552e+39
1212.12 1.9831723444732727e+39
1212.43 1.9808583515786535e+39
1212.75 1.9715868561660206e+39
1213.06 1.9001400794441377e+39
1213.38 1.9757354223765494e+39
1213.69 1.966357169032664e+39
1214.0 1.96578949935224e+39
1214.32 1.9666149866350524e+39
1214.63 1.958761645114047e+39
1214.95 1.9392134294112364e+39
1215.26 1.2007321570579439e+39
1215.58 1.1815394506611633e+39
1215.89 1.3190937581723455e+39
1216.21 1.981098314408378e+39
1216.52 1.9761931328381277e+39
1216.84 1.94940766001572e+39
1217.15 1.9271754294295145e+39
1217.47 1.9701898616044364e+39
1217.79 1.8583159246954683e+39
1218.1 1.9673551926816763e+39
1218.42 1.9401240450355045e+39
1218.73 1.8775090408846805e+39
1219.05 1.9639154634717117e+39
1219.36 1.9666034150788333e+39
1219.68 1.9650910986102083e+39
1220.0 1.9327350438797546e+39
1220.31 1.9239479032683382e+39
1220.63 1.962632659978793e+39
1220.94 1.8156594642225866e+39
1221.26 1.8452153692480356e+39
1221.58 1.9614136481148635e+39
1221.9 1.9573109300591128e+39
1222.21 1.950583061120019e+39
1222.53 1.9564567500253358e+39
1222.84 1.794349668751802e+39
1223.16 1.8885767145789858e+39
1223.48 1.9555656959869425e+39
1223.8 1.8665409557492472e+39
1224.11 1.956716676110729e+39
1224.43 1.9560557042642025e+39
1224.75 1.955515392678045e+39
1225.06 1.9552233808977432e+39
1225.38 1.9545919430571434e+39
1225.7 1.9131400282317922e+39
1226.02 1.945684783946068e+39
1226.34 1.951331193164708e+39
1226.65 1.9468034184694205e+39
1226.97 1.938612489443372e+39
1227.29 1.922002022795923e+39
1227.61 1.9105557180171923e+39
1227.93 1.8512286715648472e+39
1228.24 1.8762203897265268e+39
1228.56 1.6710765591977075e+39
1228.88 1.8291684846260782e+39
1229.2 1.7965377277020332e+39
1229.52 1.7396379861545123e+39
1229.84 1.6775383046592198e+39
1230.16 1.6493455014836528e+39
1230.47 1.4327358574900734e+39
1230.79 1.505144393802802e+39
1231.11 1.4821339405738957e+39
1231.43 1.448987244935141e+39
1231.75 1.4451804563063238e+39
1232.07 1.4362072073304266e+39
1232.39 1.424686210986973e+39
1232.71 1.4222937848966786e+39
1233.03 1.417199229538207e+39
1233.35 1.4119705750689502e+39
1233.67 1.4101272929648357e+39
1233.99 1.406500216037277e+39
1234.31 1.4017302802943326e+39
1234.63 1.3800434592907027e+39
1234.95 1.3878922950894165e+39
1235.27 1.3824952964084343e+39
1235.59 1.3821232471528148e+39
1235.91 1.386796147895829e+39
1236.23 1.3995733934996208e+39
1236.55 1.4176491936476964e+39
1236.87 1.4420880943873665e+39
1237.19 1.4703574272866095e+39
1237.51 1.5086766653397034e+39
1237.83 1.549964595739536e+39
1238.15 1.596366528779229e+39
1238.47 1.6359854485461943e+39
1238.79 1.378308989353432e+39
1239.11 1.8542541196552947e+39
1239.44 1.829479395814958e+39
1239.76 1.8048871266452035e+39
1240.08 1.746095378198425e+39
1240.4 1.776732959442744e+39
1240.72 1.7788017539483302e+39
1241.04 1.7926489338544972e+39
1241.36 1.8174039558586494e+39
1241.69 1.855825525976501e+39
1242.01 1.9045843265577853e+39
1242.33 1.9671996289035283e+39
1242.65 1.9841005439633355e+39
1242.97 2.46788545221149e+39
1243.3 2.4388547793506508e+39
1243.62 2.3894523919245794e+39
1243.94 2.340627316554917e+39
1244.26 2.2834228641236126e+39
1244.58 2.2524378179232585e+39
1244.91 2.2131369222968935e+39
1245.23 2.1672178499255657e+39
1245.55 2.1444348520291242e+39
1245.88 2.114266833159692e+39
1246.2 2.0865398231723708e+39
1246.52 2.0663257233874827e+39
1246.84 1.9871270840226294e+39
1247.17 2.0276739410229805e+39
1247.49 1.6672037756490513e+39
1247.81 1.975918075546305e+39
1248.14 1.7856717467344808e+39
1248.46 1.964930637365912e+39
1248.79 1.96223541997705e+39
1249.11 1.9540629347648892e+39
1249.43 1.932758934209712e+39
1249.76 1.939966826999253e+39
1250.08 1.9281638192129493e+39
1250.4 1.7980147602581162e+39
1250.73 1.8252611557008e+39
1251.05 1.8823105959540268e+39
1251.38 1.9141902631045674e+39
1251.7 1.9103747670493752e+39
1252.03 1.907593144257827e+39
1252.35 1.902786005894386e+39
1252.68 1.8827224274367124e+39
1253.0 1.8584443080561795e+39
1253.32 1.8976642820685307e+39
1253.65 1.6485133876328937e+39
1253.97 1.848715997378479e+39
1254.3 1.9008457518774593e+39
1254.62 1.8996892194637412e+39
1254.95 1.8892745088291342e+39
1255.27 1.8656726259767364e+39
1255.6 1.8957493899844994e+39
1255.93 1.8965315925226576e+39
1256.25 1.8958406767478375e+39
1256.58 1.8570900953234443e+39
1256.9 1.8935550263984112e+39
1257.23 1.8907133096800472e+39
1257.55 1.8794970616840178e+39
1257.88 1.8786065454316987e+39
1258.2 1.8914183593066067e+39
1258.53 1.8862831952999207e+39
1258.86 1.763284406387867e+39
1259.18 1.8874632542499305e+39
1259.51 1.8854065382340033e+39
1259.84 1.8831467023228184e+39
1260.16 1.871205458411313e+39
1260.49 1.8799898999180267e+39
1260.82 1.8263096096912227e+39
1261.14 1.8735942426945205e+39
1261.47 1.884282863934899e+39
1261.8 1.8401178485296533e+39
1262.12 1.8826737858488377e+39
1262.45 1.8815553992564882e+39
1262.78 1.880850347729235e+39
1263.11 1.879693298009657e+39
1263.43 1.8755696178178918e+39
1263.76 1.8781545947806046e+39
1264.09 1.8771245316292755e+39
1264.42 1.8621174018021366e+39
1264.74 1.8737059037968515e+39
1265.07 1.874114080664533e+39
1265.4 1.8714116076072097e+39
1265.73 1.836316242239192e+39
1266.06 1.7047390436620535e+39
1266.38 1.794864949319876e+39
1266.71 1.870215019492534e+39
1267.04 1.870114263465286e+39
1267.37 1.8601672736041404e+39
1267.7 1.8695870913627692e+39
1268.03 1.8688756260815695e+39
1268.35 1.86807416329647e+39
1268.68 1.8672015306348212e+39
1269.01 1.8627548970416085e+39
1269.34 1.8572294030019743e+39
1269.67 1.8649958201703206e+39
1270.0 1.85829231963977e+39
1270.33 1.8296308097621886e+39
1270.66 1.788029177994458e+39
1270.99 1.8530239635299618e+39
1271.32 1.858837779464925e+39
1271.65 1.854519613247954e+39
1271.97 1.782979588357866e+39
1272.31 1.861468953514153e+39
1272.63 1.8536720102179838e+39
1272.96 1.8584721841996473e+39
1273.29 1.8379707566512358e+39
1273.62 1.8332781644637386e+39
1273.95 1.8542472080248805e+39
1274.28 1.8461418983502767e+39
1274.61 1.8547682582990383e+39
1274.94 1.853948621531332e+39
1275.28 1.8527361824276738e+39
1275.61 1.8519988871194842e+39
1275.94 1.850620567811932e+39
1276.27 1.8486832815377523e+39
1276.6 1.843911633028684e+39
1276.93 1.6062231827807234e+39
1277.26 1.826493552835624e+39
1277.59 1.8475913767245367e+39
1277.92 1.8455012493440495e+39
1278.25 1.67504413952938e+39
1278.58 1.8468754340204912e+39
1278.92 1.8164943151846774e+39
1279.25 1.844785936207674e+39
1279.58 1.8439533360027408e+39
1279.91 1.8433207499158937e+39
1280.24 1.8421713730663712e+39
1280.57 1.838639414840623e+39
1280.91 1.840400653269861e+39
1281.24 1.8190468403860226e+39
1281.57 1.8354153548241503e+39
1281.9 1.8151507511491038e+39
1282.23 1.8053323130602897e+39
1282.57 1.8365537161514642e+39
1282.9 1.828108192439898e+39
1283.23 1.83315254487188e+39
1283.56 1.832903450738604e+39
1283.9 1.8084726437305802e+39
1284.23 1.7599449697655175e+39
1284.56 1.8269249356964222e+39
1284.9 1.8269214486044517e+39
1285.23 1.8128151817913876e+39
1285.56 1.827333613475175e+39
1285.9 1.7494768092178624e+39
1286.23 1.7378589574361097e+39
1286.56 1.826407064397948e+39
1286.9 1.822051439550075e+39
1287.23 1.8268268714792652e+39
1287.56 1.8056499373208268e+39
1287.9 1.823749359566692e+39
1288.23 1.7715323736186784e+39
1288.56 1.8226661967080705e+39
1288.9 1.812184704586376e+39
1289.23 1.819246624375537e+39
1289.57 1.8190263279188894e+39
1289.9 1.8174738638455188e+39
1290.23 1.8183790554707054e+39
1290.57 1.817457774332822e+39
1290.9 1.816492353747581e+39
1291.24 1.7983431527981373e+39
1291.57 1.80801162210237e+39
1291.91 1.8143332877878565e+39
1292.24 1.812303754191524e+39
1292.58 1.8126495316170774e+39
1292.91 1.811709106843524e+39
1293.25 1.8031560795914475e+39
1293.58 1.8095656289844595e+39
1293.92 1.8060816335009353e+39
1294.25 1.8070788960944398e+39
1294.59 1.562675743222737e+39
1294.92 1.80471382745952e+39
1295.26 1.7533914683530457e+39
1295.59 1.797315711494882e+39
1295.93 1.8023115300571882e+39
1296.27 1.707944444560539e+39
1296.6 1.707569661759906e+39
1296.94 1.7306056174254447e+39
1297.28 1.8006713606588006e+39
1297.61 1.7285553956558224e+39
1297.95 1.7990826624083656e+39
1298.28 1.798517192675018e+39
1298.62 1.797650324123596e+39
1298.96 1.4918119477761674e+39
1299.29 1.7957609583304435e+39
1299.63 1.7948967279908033e+39
1299.97 1.794186314881096e+39
1300.3 1.7926621659834684e+39
1300.64 1.753476780999183e+39
1300.98 1.7097051724750767e+39
1301.32 1.789323944816825e+39
1301.65 1.7804977355478808e+39
1301.99 1.789346270986824e+39
1302.33 1.7881602830272715e+39
1302.67 1.7862532045681818e+39
1303.0 1.7851421167256242e+39
1303.34 1.5372050704906603e+39
1303.68 1.7844116280409205e+39
1304.02 1.7836485089576516e+39
1304.35 1.782768021557327e+39
1304.69 1.7816188735554578e+39
1305.03 1.780951885785033e+39
1305.37 1.777073216179239e+39
1305.71 1.743205486249425e+39
1306.05 1.5966942990824075e+39
1306.38 1.777266305680269e+39
1306.72 1.7670495816356618e+39
1307.06 1.7752233550916666e+39
1307.4 1.623993599620342e+39
1307.74 1.772733062593927e+39
1308.08 1.7709452015035965e+39
1308.42 1.7665355911152605e+39
1308.76 1.742425513188993e+39
1309.09 1.7695550658382106e+39
1309.43 1.7653202357544573e+39
1309.77 1.759643107118098e+39
1310.11 1.7383516814471764e+39
1310.45 1.766066653022292e+39
1310.79 1.765093686983839e+39
1311.13 1.708205661601159e+39
1311.47 1.7638226972422825e+39
1311.81 1.6077254524791674e+39
1312.15 1.762180651240167e+39
1312.49 1.7591256203559877e+39
1312.83 1.760466978862554e+39
1313.17 1.7593507307839924e+39
1313.51 1.756620500519267e+39
1313.85 1.757973187456068e+39
1314.19 1.757021637677301e+39
1314.53 1.7074781438205932e+39
1314.88 1.7541965620741006e+39
1315.22 1.7541748282045186e+39
1315.56 1.7384030080556787e+39
1315.9 1.7416532344327164e+39
1316.24 1.7513331923710952e+39
1316.58 1.7508683439045037e+39
1316.92 1.7484091075301247e+39
1317.26 1.7484993334410012e+39
1317.6 1.744681838992761e+39
1317.94 1.7446471615014528e+39
1318.29 1.6917980289073197e+39
1318.63 1.739393955940011e+39
1318.97 1.7445012407779382e+39
1319.31 1.7071561831003014e+39
1319.65 1.7401656213427627e+39
1320.0 1.741452808259852e+39
1320.34 1.660223839466143e+39
1320.68 1.679868872662659e+39
1321.02 1.7388137486902315e+39
1321.36 1.5139169814699604e+39
1321.71 1.736913965279323e+39
1322.05 1.7360008275270042e+39
1322.39 1.735075323182177e+39
1322.74 1.7339698737259187e+39
1323.08 1.728965172001159e+39
1323.42 1.731758581544905e+39
1323.76 1.7300719196766375e+39
1324.11 1.727189743270466e+39
1324.45 1.7048132175223388e+39
1324.79 1.7264426386614353e+39
1325.14 1.7274148962378557e+39
1325.48 1.726424178823198e+39
1325.82 1.6768984703484273e+39
1326.17 1.7245197855338788e+39
1326.51 1.6842538173890614e+39
1326.85 1.7169614485957736e+39
1327.2 1.7185617008372626e+39
1327.54 1.7199451275207566e+39
1327.89 1.7181882762457355e+39
1328.23 1.7172976713668122e+39
1328.58 1.715688610656575e+39
1328.92 1.7128213771660507e+39
1329.27 1.6986994983515754e+39
1329.61 1.7150407523311856e+39
1329.95 1.7127866709869048e+39
1330.3 1.702841724283216e+39
1330.64 1.7108012491985705e+39
1330.99 1.6079005071047854e+39
1331.33 1.6590167706548335e+39
1331.68 1.5669220684829137e+39
1332.02 1.7075789434063505e+39
1332.37 1.6918365833120588e+39
1332.71 1.7070748430451358e+39
1333.06 1.7057149890450665e+39
1333.41 1.7039995682882653e+39
1333.75 1.7040337392198074e+39
1334.1 1.701037629129206e+39
1334.44 1.6324581781055356e+39
1334.79 1.700609000965257e+39
1335.13 1.6993977968124285e+39
1335.48 1.698751507235687e+39
1335.83 1.6587972905521662e+39
1336.17 1.6492915535869386e+39
1336.52 1.6939872361296978e+39
1336.86 1.6108227468575762e+39
1337.21 1.6901724129046404e+39
1337.56 1.686417181430928e+39
1337.91 1.6897574497811656e+39
1338.25 1.684347803628398e+39
1338.6 9.660560788266112e+38
1338.94 1.6904592706138626e+39
1339.29 1.689139426114235e+39
1339.64 1.6218071077739214e+39
1339.99 1.6866743735022166e+39
1340.33 1.666417068384501e+39
1340.68 1.68486800922183e+39
1341.03 1.6758975794329017e+39
1341.38 1.6823269398093157e+39
1341.72 1.681110642008238e+39
1342.07 1.678984350941349e+39
1342.42 1.6659114886435284e+39
1342.77 1.6702055245876237e+39
1343.11 1.5615424647919354e+39
1343.46 9.560284708167125e+38
1343.81 1.6761114904540485e+39
1344.16 1.6749369775067482e+39
1344.51 1.6746986997056056e+39
1344.86 1.6730262260376023e+39
1345.21 1.6722273866945566e+39
1345.55 1.5891044253296655e+39
1345.9 1.670283117531012e+39
1346.25 1.66660067163322e+39
1346.6 1.6682378947701234e+39
1346.95 1.6679637474413038e+39
1347.3 1.6426709661469997e+39
1347.65 1.6623868063021777e+39
1348.0 1.6539326125341155e+39
1348.35 1.6649946228182853e+39
1348.7 1.663959058625486e+39
1349.05 1.6617393587032854e+39
1349.4 1.6615961576116542e+39
1349.74 1.6606924051305985e+39
1350.09 1.6235102704943704e+39
1350.44 1.6549216286688236e+39
1350.8 1.658019379696687e+39
1351.15 1.6149012690174645e+39
1351.49 1.4813469760846228e+39
1351.84 1.653700921241739e+39
1352.2 1.6544881801562707e+39
1352.55 1.653314813065018e+39
1352.9 1.642554643898532e+39
1353.25 1.6516580891923234e+39
1353.6 1.650508759676298e+39
1353.95 1.649771942903966e+39
1354.3 1.6485216146662377e+39
1354.65 1.6478888015127685e+39
1355.0 1.6450332278785686e+39
1355.35 1.6346306489779124e+39
1355.7 1.6395439393627272e+39
1356.06 1.6160560038271334e+39
1356.41 1.640670443872806e+39
1356.76 1.6420864127751882e+39
1357.11 1.5631059184006448e+39
1357.46 1.6399771468731175e+39
1357.81 1.6066398327794027e+39
1358.17 1.6369494690436185e+39
1358.52 1.575309396404376e+39
1358.87 1.633553372836425e+39
1359.22 1.6167890998754754e+39
1359.57 1.6343641972140316e+39
1359.93 1.6317372737998006e+39
1360.28 1.6323623254932835e+39
1360.63 1.630483609502964e+39
1360.98 1.6299925253298067e+39
1361.34 1.5916220011604545e+39
1361.69 1.4751020244874777e+39
1362.04 1.628047835457661e+39
1362.4 1.626576088394238e+39
1362.75 1.622540819816101e+39
1363.1 1.3877112537825736e+39
1363.46 1.6068032442093143e+39
1363.81 1.5795731872157357e+39
1364.16 1.6126097977741376e+39
1364.52 1.6077489891607116e+39
1364.87 1.5463297672260343e+39
1365.22 1.5930004046126137e+39
1365.58 1.3417074933745824e+39
1365.93 1.5635926017563692e+39
1366.29 1.5611512178636794e+39
1366.64 1.5455736482824536e+39
1366.99 1.5246114071270096e+39
1367.35 1.5065301262141857e+39
1367.7 1.481511178622812e+39
1368.06 1.4531843234562488e+39
1368.41 1.4249762977024695e+39
1368.77 1.4016270475377498e+39
1369.12 1.3884012205757026e+39
1369.48 1.3851749319255556e+39
1369.83 1.3934527035505516e+39
1370.19 1.4103348929731486e+39
1370.54 1.4405157994881838e+39
1370.9 1.4235079465160835e+39
1371.25 1.3223437598248536e+39
1371.61 1.7532438249818362e+39
1371.96 1.585819873852603e+39
1372.32 1.7020766317906727e+39
1372.67 1.6258899022966723e+39
1373.03 1.6563042675435388e+39
1373.39 1.6433001266248816e+39
1373.74 1.4375464962606924e+39
1374.1 1.3899340801959518e+39
1374.45 1.609156844304945e+39
1374.81 1.4969354421349968e+39
1375.17 1.6032007004097134e+39
1375.52 1.5991599150681835e+39
1375.88 1.5938791537236906e+39
1376.23 1.5598099328855594e+39
1376.59 1.588966707204839e+39
1376.95 1.5899067897908958e+39
1377.31 1.5886829465761365e+39
1377.66 1.552473188287836e+39
1378.02 1.5671028949881153e+39
1378.38 1.5850851126042882e+39
1378.73 1.5753374531045368e+39
1379.09 1.5005284833167475e+39
1379.45 1.5791850755909442e+39
1379.81 1.581454841778658e+39
1380.16 1.4294003396227405e+39
1380.52 1.5794166098872554e+39
1380.88 1.5785213617265757e+39
1381.24 1.5757740244688984e+39
1381.6 1.5425914788185243e+39
1381.95 1.5759991803694625e+39
1382.31 1.5742943408043178e+39
1382.67 1.574082038965616e+39
1383.03 1.5731246025271595e+39
1383.39 1.5720708178370247e+39
1383.75 1.5694017968711852e+39
1384.1 1.4953082389024716e+39
1384.46 1.567334892077877e+39
1384.82 1.5673499015785492e+39
1385.18 1.5660754348348592e+39
1385.54 1.565058857792455e+39
1385.9 1.562853173544039e+39
1386.26 1.5502912010910228e+39
1386.62 1.562271137044392e+39
1386.98 1.557506334201997e+39
1387.34 1.5308518319804872e+39
1387.7 1.559489880066827e+39
1388.06 1.5097251777746124e+39
1388.42 1.5489468935756787e+39
1388.78 1.557067071848186e+39
1389.14 1.5560900176329552e+39
1389.49 1.5554027608436127e+39
1389.85 1.554233251416815e+39
1390.21 1.553302564798127e+39
1390.58 1.553232002072249e+39
1390.94 1.4969015335436604e+39
1391.3 1.5517553843568484e+39
1391.66 1.5505718226085102e+39
1392.02 1.5492939005977746e+39
1392.38 1.5398087692959593e+39
1392.74 1.546011632402996e+39
1393.1 1.4410635248900916e+39
1393.46 1.5398907714358878e+39
1393.82 9.930466179376188e+38
1394.18 1.515208628545329e+39
1394.55 1.524137370465927e+39
1394.91 1.540186457504751e+39
1395.27 1.5400229486129656e+39
1395.63 1.540365090095971e+39
1395.99 1.5245230377436882e+39
1396.35 1.5388696542059024e+39
1396.72 1.538010315787405e+39
1397.08 1.4515109341315743e+39
1397.44 1.5279416513186173e+39
1397.8 1.5095547546453974e+39
1398.16 1.4063573076084032e+39
1398.53 1.5336674106860383e+39
1398.89 1.518372003529256e+39
1399.25 1.5318329971111626e+39
1399.61 1.5308502234868468e+39
1399.98 1.5045801980575483e+39
1400.34 1.5107709515440442e+39
1400.7 1.5014579587995206e+39
1401.07 1.5088047088803832e+39
1401.43 1.526100287036247e+39
1401.79 1.525184528146595e+39
1402.16 1.5240801293314918e+39
1402.52 1.520578917889138e+39
1402.88 1.1495994692500089e+39
1403.25 1.447916916561996e+39
1403.61 1.5209856769303302e+39
1403.97 1.517212445393065e+39
1404.34 1.5054801764191323e+39
1404.7 1.5162579323096833e+39
1405.06 1.5172098729527306e+39
1405.43 1.509888001993215e+39
1405.79 1.5147977916516993e+39
1406.16 1.5112251888627802e+39
1406.52 1.5080959745676216e+39
1406.89 1.3376264245090854e+39
1407.25 1.1947474504478581e+39
1407.62 1.510067976572628e+39
1407.98 1.5088229354538914e+39
1408.35 1.50840981588381e+39
1408.71 1.4669716808736894e+39
1409.08 1.3056409212769353e+39
1409.44 1.1222022727501052e+39
1409.81 1.37606663665996e+39
1410.17 1.5010996157348582e+39
1410.54 1.5035693568763164e+39
1410.9 1.502662882245637e+39
1411.27 1.5001904954149897e+39
1411.64 1.43478709416615e+39
1412.0 1.499330330868882e+39
1412.37 1.4991291767669363e+39
1412.73 1.498348428585295e+39
1413.1 1.4974742860406912e+39
1413.46 1.4966308696998458e+39
1413.83 1.495724211363382e+39
1414.2 1.491250910481542e+39
1414.56 1.4737505546568818e+39
1414.93 1.4902084492236038e+39
1415.3 1.4676564335365112e+39
1415.67 1.489894580394051e+39
1416.03 1.4899680226965193e+39
1416.4 1.4892790561284855e+39
1416.77 1.488377813470651e+39
1417.13 1.4846287044683217e+39
1417.5 1.4859122181681876e+39
1417.87 1.485407413860473e+39
1418.23 1.4643404049401486e+39
1418.6 1.4834272576137485e+39
1418.97 1.4824674638393975e+39
1419.34 1.4816293050325087e+39
1419.71 1.4796746671327993e+39
1420.07 1.375703503946162e+39
1420.44 1.3339165131488288e+39
1420.81 1.4719394745870304e+39
1421.18 1.430996804552391e+39
1421.55 1.475140348863449e+39
1421.92 1.47436729662101e+39
1422.28 1.4735969473516297e+39
1422.65 1.466715066937572e+39
1423.02 1.4723784847091752e+39
1423.39 1.4720227354593726e+39
1423.76 1.471337257077918e+39
1424.13 1.470622209286911e+39
1424.5 1.4495231295547802e+39
1424.87 1.4673089498259523e+39
1425.23 1.4682127237689572e+39
1425.6 1.4672305200247542e+39
1425.97 1.4632957898365375e+39
1426.34 1.4339307662887723e+39
1426.71 1.4600313583989097e+39
1427.08 1.4638757966015763e+39
1427.45 1.4133501544882014e+39
1427.82 1.3866848543656992e+39
1428.19 1.4114636283236944e+39
1428.56 1.4338896918651314e+39
1428.93 1.3853443571621248e+39
1429.3 1.4456528795850884e+39
1429.68 1.455624597728462e+39
1430.05 1.453879682106028e+39
1430.42 1.428780056031075e+39
1430.79 1.3828044455168267e+39
1431.16 1.453204101558678e+39
1431.53 1.4506657216506393e+39
1431.9 1.424761704687691e+39
1432.27 1.4515527283720247e+39
1432.64 1.4506349191074684e+39
1433.01 1.436402085522411e+39
1433.38 1.4487129686951187e+39
1433.76 1.4470884689140475e+39
1434.13 1.4468798018420207e+39
1434.5 1.4358345052961345e+39
1434.87 1.4448168392565145e+39
1435.24 1.4184513173082606e+39
1435.61 1.4432265729919172e+39
1435.99 1.4423711477917982e+39
1436.36 1.4415187690265224e+39
1436.73 1.4400523566443294e+39
1437.1 1.4370968063417518e+39
1437.48 1.4278112064226454e+39
1437.85 1.437026639024559e+39
1438.22 1.436934465255436e+39
1438.59 1.4343055514844905e+39
1438.97 1.4240287511170226e+39
1439.34 1.434731021233261e+39
1439.71 1.4274626942947124e+39
1440.09 1.433147066807973e+39
1440.46 1.2208933762242934e+39
1440.83 1.3318433543330517e+39
1441.21 1.4214284291033072e+39
1441.58 1.4297556452063973e+39
1441.95 1.4289674453353362e+39
1442.33 1.417410512620644e+39
1442.7 1.4209745585337755e+39
1443.07 1.417084583522796e+39
1443.45 1.409343255200002e+39
1443.82 1.4248257302660095e+39
1444.2 1.4225364671517304e+39
1444.57 1.4230801306957604e+39
1444.95 1.4051286529393332e+39
1445.32 1.421250554294401e+39
1445.69 1.3943802691791555e+39
1446.07 1.419538894232593e+39
1446.44 1.4054490444908503e+39
1446.82 1.3985965896390012e+39
1447.19 1.4150303946506837e+39
1447.57 1.409465378072606e+39
1447.94 1.4094273886442697e+39
1448.32 1.4144519949015453e+39
1448.69 1.4127233100941734e+39
1449.07 1.395337722504831e+39
1449.45 1.4085828479109188e+39
1449.82 1.3805265467157406e+39
1450.2 1.3999157448705965e+39
1450.57 1.4084383321260292e+39
1450.95 1.4053483167852546e+39
1451.33 1.401641432077312e+39
1451.7 1.4065220504056956e+39
1452.08 1.404316610896296e+39
1452.45 1.394108476480796e+39
1452.83 1.3922066886118617e+39
1453.21 1.403199020899418e+39
1453.58 1.1951709969438757e+39
1453.96 1.3826588135454838e+39
1454.34 1.392889076511051e+39
1454.71 1.1972636457050886e+39
1455.09 1.3989679570831793e+39
1455.47 1.3186807029784099e+39
1455.85 1.3962259004221565e+39
1456.22 1.2110160793765973e+39
1456.6 1.3941950443972562e+39
1456.98 1.3948852052128283e+39
1457.36 1.3804172865351924e+39
1457.73 1.2256499215288665e+39
1458.11 1.3920784294320058e+39
1458.49 1.3772814218904456e+39
1458.87 1.390387233704127e+39
1459.24 1.21375975278072e+39
1459.62 1.3878866983282485e+39
1460.0 1.3879838291135873e+39
1460.38 1.38228307707132e+39
1460.76 1.1973475895634154e+39
1461.14 1.38244777039462e+39
1461.52 1.3827090421534474e+39
1461.9 1.383865448049369e+39
1462.27 1.3746514072495566e+39
1462.65 1.1233613990641068e+39
1463.03 1.3813259787544685e+39
1463.41 1.3806379162025325e+39
1463.79 1.3697846149388983e+39
1464.17 1.3383233728668314e+39
1464.55 1.3757098065607402e+39
1464.93 1.3250840939127111e+39
1465.31 1.2958036367540359e+39
1465.69 1.3754058126441668e+39
1466.07 1.3748597518523367e+39
1466.45 1.3702389089269236e+39
1466.83 1.3646987936458505e+39
1467.21 1.3709767919598397e+39
1467.59 1.370958250581189e+39
1467.97 1.3691689451664118e+39
1468.35 1.368459452236171e+39
1468.73 1.367805618472448e+39
1469.11 1.3591739514097546e+39
1469.49 1.365313330416885e+39
1469.87 1.3585341077823292e+39
1470.25 1.356188586569061e+39
1470.64 1.3622827327117847e+39
1471.02 1.3593311716692033e+39
1471.4 1.3512046665538628e+39
1471.78 1.358682324422494e+39
1472.16 1.249663705982889e+39
1472.54 1.1515328115554005e+39
1472.92 1.3593954566401422e+39
1473.31 1.3586711555618303e+39
1473.69 1.3584155049150992e+39
1474.07 1.3576668453146104e+39
1474.45 1.3568365619148245e+39
1474.83 1.3560342226678915e+39
1475.21 1.3541669502140436e+39
1475.6 1.2036231023143583e+39
1475.98 1.3543686072848375e+39
1476.36 1.3496761959033647e+39
1476.74 1.3521505876408566e+39
1477.13 1.3524989639628087e+39
1477.51 1.3250037643945496e+39
1477.89 1.3338773933225094e+39
1478.28 1.3011891679869527e+39
1478.66 1.3490234177924633e+39
1479.04 1.3480684371458796e+39
1479.43 1.157317962137036e+39
1479.81 1.3448302555672357e+39
1480.19 1.343824578404104e+39
1480.58 1.3437916774556196e+39
1480.96 1.3431069417893156e+39
1481.34 1.340908177621567e+39
1481.73 1.3387920095869041e+39
1482.11 1.3408061167200225e+39
1482.5 1.3400656050402794e+39
1482.88 1.3392470444460105e+39
1483.27 1.2829251005895181e+39
1483.65 1.3375554471769399e+39
1484.03 1.3323337925274682e+39
1484.42 1.3301528108268266e+39
1484.8 1.3351045157636583e+39
1485.19 1.3245797620813252e+39
1485.57 1.3328824595905981e+39
1485.96 1.3165467888965868e+39
1486.34 1.3306956120275018e+39
1486.73 1.3245185728260214e+39
1487.11 1.330599265338126e+39
1487.5 1.3297873197842061e+39
1487.89 1.3211164795500794e+39
1488.27 1.3282743253319842e+39
1488.66 1.3275174475779255e+39
1489.04 1.3249770187710395e+39
1489.43 1.3248614664659558e+39
1489.81 1.301413620680115e+39
1490.2 1.2274571228931158e+39
1490.59 1.3189645308110747e+39
1490.97 1.3227784298694248e+39
1491.36 1.3219962830458292e+39
1491.75 1.3209225992114217e+39
1492.13 1.319533994664477e+39
1492.52 1.3194697889114236e+39
1492.91 1.3186634304589733e+39
1493.29 1.3180983108514118e+39
1493.68 1.2714393714319125e+39
1494.07 1.3158271173060431e+39
1494.45 1.3045343502275273e+39
1494.84 1.3067764856751712e+39
1495.23 1.3018458124178362e+39
1495.62 1.2864295003220751e+39
1496.01 1.3124989505709767e+39
1496.39 1.3115662317748372e+39
1496.78 1.3107371890216874e+39
1497.17 1.3098824561784405e+39
1497.56 1.296016225250351e+39
1497.94 1.241757560599203e+39
1498.33 1.307481931146562e+39
1498.72 1.2837329785250182e+39
1499.11 1.2928801475480264e+39
1499.5 1.302938674915922e+39
1499.89 1.3014630785338797e+39
1500.28 1.2923499291102698e+39
1500.66 1.302066076610842e+39
1501.05 1.3021296200720054e+39
1501.44 1.2970843704243005e+39
1501.83 9.73956445461541e+38
1502.22 1.294301517100686e+39
1502.61 1.2986016061555115e+39
1503.0 1.2970774487860101e+39
1503.39 1.2962308327365859e+39
1503.78 1.2937499672369206e+39
1504.17 1.2933982793255087e+39
1504.56 1.2729616102088623e+39
1504.95 1.2926175550924983e+39
1505.34 1.2907651324433145e+39
1505.73 1.2807607658232163e+39
1506.12 1.2894976971638796e+39
1506.51 1.2895364740176111e+39
1506.9 1.2862986370332842e+39
1507.29 1.2879616114743586e+39
1507.68 1.2868656609900037e+39
1508.07 1.2860025673262192e+39
1508.46 1.2852945763565076e+39
1508.85 1.2793003227621372e+39
1509.24 1.2830318998415221e+39
1509.64 1.2824261989613093e+39
1510.03 1.281617860844898e+39
1510.42 1.2808101138841384e+39
1510.81 1.2798481722743259e+39
1511.2 1.2666684623146417e+39
1511.59 1.2755498084741247e+39
1511.98 1.2763269231561727e+39
1512.38 1.2744987463539646e+39
1512.77 1.2549512556775737e+39
1513.16 1.273425571635875e+39
1513.55 1.2663531122635682e+39
1513.94 1.2678838815859562e+39
1514.34 1.2720062870900727e+39
1514.73 1.2711021879039974e+39
1515.12 1.2694371437455036e+39
1515.52 1.2668603228796549e+39
1515.91 1.2676080518940273e+39
1516.3 1.2635747958279644e+39
1516.69 1.2372735216809286e+39
1517.09 1.2657478939498148e+39
1517.48 1.2651293063585414e+39
1517.87 1.257508666629871e+39
1518.27 1.2634112190859141e+39
1518.66 1.2615835872394305e+39
1519.05 1.1603819781684485e+39
1519.45 1.2607521275349241e+39
1519.84 1.2598847234583162e+39
1520.23 1.258992866605099e+39
1520.63 1.2155384845965116e+39
1521.02 1.256779372174112e+39
1521.42 1.2553580025805232e+39
1521.81 1.255493662670509e+39
1522.21 1.2545997600309086e+39
1522.6 1.253733914291933e+39
1522.99 1.2528687555782704e+39
1523.39 1.2517521602548001e+39
1523.79 1.2509361983900712e+39
1524.18 1.2469600176649516e+39
1524.57 1.2482145693383926e+39
1524.97 1.2387279154298243e+39
1525.36 1.222911616188885e+39
1525.76 1.2446117929369629e+39
1526.16 1.2407822101238626e+39
1526.55 1.2442128900082773e+39
1526.95 1.2407802804069842e+39
1527.34 1.2390383783130878e+39
1527.74 1.2217822034271223e+39
1528.14 1.2379238182638524e+39
1528.53 1.225357255249572e+39
1528.93 1.232877477764945e+39
1529.32 1.2385514529859874e+39
1529.72 1.2375997302901555e+39
1530.12 1.1771903214324125e+39
1530.51 1.215367323134491e+39
1530.91 1.2350714193486594e+39
1531.31 1.2239454363964397e+39
1531.7 1.2302814934415305e+39
1532.1 1.2257207362702734e+39
1532.5 1.2133651310453993e+39
1532.9 1.1691648793217364e+39
1533.29 1.1765667879228004e+39
1533.69 1.2267367224039017e+39
1534.09 1.2275521529005837e+39
1534.48 1.2270021335194184e+39
1534.88 1.2163215084129257e+39
1535.28 1.2245090303853968e+39
1535.68 1.2122868241772237e+39
1536.08 1.2209048721771263e+39
1536.47 1.2154451420378508e+39
1536.87 1.2114541981834294e+39
1537.27 1.1813710989422738e+39
1537.67 1.2016565995914617e+39
1538.07 1.1893691655024956e+39
1538.47 1.1870974206760139e+39
1538.86 1.1659215571615808e+39
1539.26 1.1760636195546725e+39
1539.66 1.1750979331724135e+39
1540.06 1.1686484835819844e+39
1540.46 1.169559194749241e+39
1540.86 1.1752915940734993e+39
1541.26 1.1753946843314377e+39
1541.66 1.1753348914166508e+39
1542.06 1.1652191881529717e+39
1542.46 1.1729412043988778e+39
1542.86 1.1756900941287268e+39
1543.26 1.181036959762465e+39
1543.66 1.179646037389122e+39
1544.06 1.180473230663145e+39
1544.46 1.1342088394367056e+39
1544.86 1.1306581854647983e+39
1545.26 1.189959968039522e+39
1545.66 1.1882980144645003e+39
1546.06 1.1934521971158761e+39
1546.46 1.1775749754906389e+39
1546.86 1.1924159245403238e+39
1547.26 1.1866100806279257e+39
1547.66 1.1729471437867846e+39
1548.06 8.184501896964667e+38
1548.47 1.2309416927678599e+39
1548.87 1.2219235547517778e+39
1549.27 1.2180077035968212e+39
1549.67 1.212466643671539e+39
1550.07 1.204728111091655e+39
1550.47 1.178368783795717e+39
1550.88 8.526936057096364e+38
1551.28 1.2223058494273833e+39
1551.68 1.2171775705309897e+39
1552.08 1.2069562775724824e+39
1552.48 1.2100439514782193e+39
1552.89 1.207392061519155e+39
1553.29 1.1660931053873715e+39
1553.69 1.2028761446339643e+39
1554.09 1.197699332874002e+39
1554.5 1.1989959955977925e+39
1554.9 1.1792453103752545e+39
1555.3 1.187882717432257e+39
1555.71 1.1933221479608056e+39
1556.11 1.1852547500152155e+39
1556.51 1.1842138889425939e+39
1556.92 1.1867100108014787e+39
1557.32 1.1267521285498443e+39
1557.72 1.1840953187608127e+39
1558.13 1.1594313679557932e+39
1558.53 1.1808529525710623e+39
1558.93 1.1766380094638474e+39
1559.34 1.1708855127535193e+39
1559.74 1.1766725923208771e+39
1560.15 1.1617940649851758e+39
1560.55 1.1621675566986164e+39
1560.96 1.1730393665794451e+39
1561.36 1.1434671367217147e+39
1561.77 1.1708713773361424e+39
1562.17 1.1691093543488253e+39
1562.57 1.1676502571110251e+39
1562.98 1.167989494724791e+39
1563.39 1.1669901143953026e+39
1563.79 1.1496067256256783e+39
1564.19 1.1552171211796244e+39
1564.6 1.1435147177907379e+39
1565.01 1.1632834768609076e+39
1565.41 1.162452134262382e+39
1565.82 1.157198818135116e+39
1566.22 1.1337798089332022e+39
1566.63 1.138468242920539e+39
1567.04 1.1486699806387694e+39
1567.44 1.1588685055646906e+39
1567.85 1.1579006556877002e+39
1568.25 1.0672684591675199e+39
1568.66 1.1362399836628097e+39
1569.07 1.1558038204440609e+39
1569.47 1.1541121342318007e+39
1569.88 1.1544699072107673e+39
1570.29 1.1360105652253632e+39
1570.69 1.1504090426683403e+39
1571.1 1.1518563683609686e+39
1571.51 1.1511219454230204e+39
1571.92 1.1218100495774292e+39
1572.32 1.1347027121982945e+39
1572.73 1.137020337896672e+39
1573.14 1.1477343829415073e+39
1573.55 1.1470460261523313e+39
1573.95 1.1462705881495023e+39
1574.36 1.1454249114237437e+39
1574.77 1.103481383642768e+39
1575.18 1.1039899452419632e+39
1575.59 1.1140137999410016e+39
1575.99 1.1282713089319002e+39
1576.4 1.1112205887941795e+39
1576.81 1.1313446176784732e+39
1577.22 1.1087585791053613e+39
1577.63 1.1368024492868104e+39
1578.04 1.1054592173832075e+39
1578.45 1.1371693667544924e+39
1578.86 1.135772897324627e+39
1579.27 1.1326355716586707e+39
1579.68 1.0469967657373101e+39
1580.08 1.133830302666354e+39
1580.49 1.1331081107085584e+39
1580.9 1.1166669026687039e+39
1581.31 1.1238008751004131e+39
1581.72 1.1299195837717213e+39
1582.13 1.1296896827620167e+39
1582.54 1.1267702478360355e+39
1582.95 1.1264738801575931e+39
1583.36 1.1269985024469874e+39
1583.77 1.1190514249573838e+39
1584.18 1.1232588054109536e+39
1584.59 1.1092181289609805e+39
1585.01 1.0859316762525188e+39
1585.42 1.1227888880516673e+39
1585.83 1.0794063067709286e+39
1586.24 1.1135067534146587e+39
1586.65 1.1207759005112174e+39
1587.06 1.1200395670251109e+39
1587.47 1.1100481100727539e+39
1587.88 1.1184583008158903e+39
1588.3 1.1176321489110908e+39
1588.71 1.116567546522635e+39
1589.12 1.1153503457347782e+39
1589.53 1.1150778901693249e+39
1589.94 1.1033763417251168e+39
1590.35 1.1135903041802257e+39
1590.77 1.1124831039947938e+39
1591.18 1.1114455816556277e+39
1591.59 1.1069853276317811e+39
1592.0 1.0623072006398835e+39
1592.42 1.1091433435548463e+39
1592.83 1.1087414644973529e+39
1593.24 1.1070106122006287e+39
1593.66 1.096734027688761e+39
1594.07 1.1039467038463415e+39
1594.48 1.1054803478644533e+39
1594.89 1.0920225276500215e+39
1595.31 1.0996291127959734e+39
1595.72 1.1012856896591883e+39
1596.14 1.1022704363200253e+39
1596.55 1.1014167765572009e+39
1596.96 1.100369110867079e+39
1597.38 1.0945348046797067e+39
1597.79 1.098965132027875e+39
1598.2 1.0980925855954427e+39
1598.62 1.0854538875505953e+39
1599.03 1.0965826314557018e+39
1599.45 1.0957941239167939e+39
1599.86 1.0860369547372754e+39
1600.28 1.0936199513914578e+39
1600.69 1.0925360336123945e+39
1601.11 1.0919650688604114e+39
1601.52 1.086948732328174e+39
1601.94 1.0796880087170765e+39
1602.35 1.0901098145763694e+39
1602.77 1.0893047704161501e+39
1603.18 9.796357946385888e+38
1603.6 1.0871228720891323e+39
1604.01 1.086878032463461e+39
1604.43 1.0854377879475065e+39
1604.84 1.0454850877116686e+39
1605.26 1.0844805150395815e+39
1605.68 1.0835965523109719e+39
1606.09 1.0820151037992262e+39
1606.51 1.0814728242600826e+39
1606.93 1.0743780877743254e+39
1607.34 1.0805191091297352e+39
1607.76 1.0728208437674147e+39
1608.18 1.0761799916163763e+39
1608.59 1.0780728376755307e+39
1609.01 1.004240520501289e+39
1609.43 1.075409275502943e+39
1609.84 1.0070199658426085e+39
1610.26 1.0425354494247748e+39
1610.68 1.0742604068410108e+39
1611.09 1.0667391301419947e+39
1611.51 1.0727033449343163e+39
1611.93 1.0628780897420035e+39
1612.35 1.0711248682987654e+39
1612.77 1.0492209281979137e+39
1613.18 1.069467721657747e+39
1613.6 1.0650425699024018e+39
1614.02 1.0015470901682327e+39
1614.44 1.0671711574555731e+39
1614.86 1.0619850725077474e+39
1615.28 1.0318442558469805e+39
1615.69 1.0573936075963055e+39
1616.11 1.0539081966267625e+39
1616.53 1.0629907246038902e+39
1616.95 1.057514575663641e+39
1617.37 1.0616293669934429e+39
1617.79 1.0564502329082405e+39
1618.21 1.0600828749312048e+39
1618.63 1.0541069733549688e+39
1619.05 1.0584557883986547e+39
1619.47 1.0560186318345865e+39
1619.89 1.0554663596124535e+39
1620.31 1.0285235226464937e+39
1620.73 1.0346654419858096e+39
1621.15 9.94012507675079e+38
1621.57 9.853578332608621e+38
1621.99 1.0530684050607542e+39
1622.41 1.0494341588017278e+39
1622.83 1.0515386325031852e+39
1623.25 1.047295278431395e+39
1623.67 1.0375628180748805e+39
1624.09 1.0269740926090092e+39
1624.51 1.0484244690243576e+39
1624.93 1.0094830689189523e+39
1625.35 1.0292779188544345e+39
1625.78 1.0457405431206822e+39
1626.2 1.0370557313622649e+39
1626.62 1.0444087617482608e+39
1627.04 1.0430904470465425e+39
1627.46 1.0220727016600804e+39
1627.88 1.0419048101836896e+39
1628.31 1.0392859188458335e+39
1628.73 1.0409620913305328e+39
1629.15 9.920693702946055e+38
1629.57 1.0394739675750075e+39
1629.99 1.0382231518153908e+39
1630.42 1.0318578868973215e+39
1630.84 1.0374460374800838e+39
1631.26 1.0366428328488479e+39
1631.68 9.83217101083556e+38
1632.11 9.950868192795739e+38
1632.53 1.0308046418021008e+39
1632.95 1.034221440798338e+39
1633.38 1.0337008191630641e+39
1633.8 1.032093446102579e+39
1634.22 1.0316572578456544e+39
1634.65 1.0146530542882355e+39
1635.07 1.0312662345945454e+39
1635.49 1.030145772379793e+39
1635.92 1.0292651937907898e+39
1636.34 1.0293529329191203e+39
1636.77 1.0293977187390984e+39
1637.19 1.0283797156979722e+39
1637.61 9.964163304105799e+38
1638.04 1.0208685658802646e+39
1638.46 9.788381517182647e+38
1638.89 1.0247332543635191e+39
1639.31 1.0089148744706206e+39
1639.74 1.016854555539836e+39
1640.16 9.096198184466291e+38
1640.59 8.615632674448696e+38
1641.01 1.0288769112931585e+39
1641.44 1.0254285631191813e+39
1641.86 9.696560869754916e+38
1642.29 1.0212845614187011e+39
1642.71 1.01256229941122e+39
1643.14 1.0189495541031797e+39
1643.57 1.0167306526649896e+39
1643.99 1.0057377169593836e+39
1644.42 1.0152188528579758e+39
1644.84 1.0132882558243608e+39
1645.27 1.0086613818669197e+39
1645.7 1.0073506690958542e+39
1646.12 1.0115509694234411e+39
1646.55 1.0106102612637808e+39
1646.98 1.0042144890663094e+39
1647.41 1.0087287999761495e+39
1647.83 1.0077843124700596e+39
1648.26 1.0067594176538668e+39
1648.69 1.0005175058151637e+39
1649.11 1.0034438988862578e+39
1649.54 1.0013892631430703e+39
1649.97 9.985029264141508e+38
1650.4 1.0025914728573299e+39
1650.82 1.0013212552616526e+39
1651.25 1.0010050745014707e+39
1651.68 9.951698193176308e+38
1652.11 9.992432278189525e+38
1652.54 9.894460571050406e+38
1652.96 9.602904195198294e+38
1653.39 9.600927670876012e+38
1653.82 9.962625784098236e+38
1654.25 9.936569702356202e+38
1654.68 9.836094050849871e+38
1655.11 9.939473107498593e+38
1655.54 9.92583941184445e+38
1655.96 9.916693891117612e+38
1656.39 9.917755171523851e+38
1656.82 9.901839103490589e+38
1657.25 9.900392119821749e+38
1657.68 9.783361151711687e+38
1658.11 9.870566867966626e+38
1658.54 9.870869933837109e+38
1658.97 9.783665167094443e+38
1659.4 9.846372693366701e+38
1659.83 9.825831960138618e+38
1660.26 9.84776753415471e+38
1660.69 9.84176075385552e+38
1661.12 9.834609454166423e+38
1661.55 9.633793282074002e+38
1661.98 9.807342250109523e+38
1662.42 9.707702886190486e+38
1662.85 9.808889548613003e+38
1663.28 9.801190073167755e+38
1663.71 9.794830160252167e+38
1664.14 9.787337388377661e+38
1664.57 9.773768573798943e+38
1665.0 9.750927446224793e+38
1665.43 9.76527966226814e+38
1665.86 9.758380943013038e+38
1666.3 9.750890333337207e+38
1666.73 9.742865236100379e+38
1667.16 9.734089949336707e+38
1667.59 9.728347973793737e+38
1668.03 9.574259044891454e+38
1668.46 9.650444751970436e+38
1668.89 9.705830398327989e+38
1669.32 9.698219892097714e+38
1669.76 9.618389774033187e+38
1670.19 9.679374833011006e+38
1670.62 9.659934594691848e+38
1671.05 9.302023685785987e+38
1671.49 9.660660441065871e+38
1671.92 9.612473669290747e+38
1672.35 9.607715036537873e+38
1672.79 9.526128576229838e+38
1673.22 9.629722553500292e+38
1673.65 9.173639816376335e+38
1674.09 9.617731723850745e+38
1674.52 9.599725167069601e+38
1674.96 9.603331002863521e+38
1675.39 9.510722503298108e+38
1675.82 9.573198376084997e+38
1676.26 9.579781035906113e+38
1676.69 9.558709212446043e+38
1677.13 9.393162147981117e+38
1677.56 9.560742554756335e+38
1678.0 9.553767930904103e+38
1678.43 9.54664085500344e+38
1678.87 9.538935905418928e+38
1679.3 9.532374889799397e+38
1679.74 9.525051172223572e+38
1680.17 9.517945517850301e+38
1680.61 9.510817477457388e+38
1681.04 9.5033539513118e+38
1681.48 9.496789828945178e+38
1681.92 9.364557893759787e+38
1682.35 9.482230930922578e+38
1682.79 9.475129833429003e+38
1683.22 9.468061678569111e+38
1683.66 9.45950329783974e+38
1684.1 9.453885920802265e+38
1684.53 9.446650375718711e+38
1684.97 9.439941945574422e+38
1685.41 9.432689472125382e+38
1685.84 9.391186311303385e+38
1686.28 9.417316054539589e+38
1686.72 9.173249322803332e+38
1687.15 9.402698513776247e+38
1687.59 9.29126449015126e+38
1688.03 9.388440176740614e+38
1688.47 9.382319209357423e+38
1688.9 9.374957601816931e+38
1689.34 9.367755892555626e+38
1689.78 9.360741102119716e+38
1690.22 9.323159391587623e+38
1690.66 9.244171195607583e+38
1691.09 9.339393524238178e+38
1691.53 9.331857466993804e+38
1691.97 9.324520466173494e+38
1692.41 9.313957401082298e+38
1692.85 9.309535576501738e+38
1693.29 9.303673926887933e+38
1693.72 9.296762134062271e+38
1694.16 9.289648913592307e+38
1694.6 9.181990837836192e+38
1695.04 9.228880235363314e+38
1695.48 9.267444791540846e+38
1695.92 9.245845246969268e+38
1696.36 9.25434388237877e+38
1696.8 9.202103732811178e+38
1697.24 9.239472599459416e+38
1697.68 9.233639421449294e+38
1698.12 9.224226959170443e+38
1698.56 9.218391853830522e+38
1699.0 9.187106619932494e+38
1699.44 9.203525847304085e+38
1699.88 9.198059475897698e+38
1700.32 9.126532597028494e+38
1700.76 9.032102808645669e+38
1701.2 9.092658623373115e+38
1701.64 9.165756751772068e+38
1702.08 9.157654829314479e+38
1702.53 9.15537502286551e+38
1702.97 9.14887448716582e+38
1703.41 9.139915148402363e+38
1703.85 9.135032158608749e+38
1704.29 9.127503482648963e+38
1704.73 9.120686514904369e+38
1705.18 9.113848012629514e+38
1705.62 9.10616080909455e+38
1706.06 9.09865608139005e+38
1706.5 9.051192513100156e+38
1706.94 9.042338990006902e+38
1707.39 8.905127831063244e+38
1707.83 9.072179306587448e+38
1708.27 9.065053010300427e+38
1708.71 9.054257080474183e+38
1709.16 9.051680304205335e+38
1709.6 9.044587436124517e+38
1710.04 9.02319434759876e+38
1710.49 9.030043459811161e+38
1710.93 8.995996258508039e+38
1711.37 8.47034155057213e+38
1711.82 9.009154796520549e+38
1712.26 8.971380988326095e+38
1712.7 8.639212931544078e+38
1713.15 8.988314516224808e+38
1713.59 8.981791866412836e+38
1714.04 8.974381386515088e+38
1714.48 8.968561497688269e+38
1714.93 8.960298621967196e+38
1715.37 8.944468858756848e+38
1715.81 8.946265698094213e+38
1716.26 8.93112561538763e+38
1716.7 8.93153936132017e+38
1717.15 8.745149067894308e+38
1717.59 8.916665434149162e+38
1718.04 8.875688588902906e+38
1718.48 6.328798515451532e+38
1718.93 8.90220120222518e+38
1719.38 8.85173020519518e+38
1719.82 8.887032687304798e+38
1720.27 8.881243407856214e+38
1720.71 8.866578315581155e+38
1721.16 8.866267270920114e+38
1721.6 8.793133899390636e+38
1722.05 8.848756261020407e+38
1722.5 8.362798755841416e+38
1722.94 8.836561957707943e+38
1723.39 8.833183099342718e+38
1723.84 8.822486649777791e+38
1724.28 8.586176243323208e+38
1724.73 8.804215199427039e+38
1725.18 8.805769470050746e+38
1725.62 8.329349178989607e+38
1726.07 8.792446734615432e+38
1726.52 8.767597869368642e+38
1726.97 8.778613423249429e+38
1727.41 8.521811266045531e+38
1727.86 8.765165347417631e+38
1728.31 8.703115154974466e+38
1728.76 8.749182773530997e+38
1729.2 8.745524265057982e+38
1729.65 8.738978339206724e+38
1730.1 8.726214807410524e+38
1730.55 8.72287562635718e+38
1731.0 8.718529701269688e+38
1731.45 8.546594532365349e+38
1731.9 8.706159808715449e+38
1732.34 8.698008024145721e+38
1732.79 8.660278093296635e+38
1733.24 8.686025472799116e+38
1733.69 8.678870247175655e+38
1734.14 8.672555881059002e+38
1734.59 8.664410764467978e+38
1735.04 8.660440918823425e+38
1735.49 8.653473283471654e+38
1735.94 8.646511264038656e+38
1736.39 8.578942681870297e+38
1736.84 8.633434899075574e+38
1737.29 8.576355974328575e+38
1737.74 8.620060122151894e+38
1738.19 8.606357114081293e+38
1738.64 8.587555674999737e+38
1739.09 8.513164354398956e+38
1739.54 8.48400474293662e+38
1739.99 8.586885818919854e+38
1740.44 8.580497402596893e+38
1740.9 8.56963730804184e+38
1741.35 8.567215840665219e+38
1741.8 8.560677340098173e+38
1742.25 8.515095797191113e+38
1742.7 8.547450901563129e+38
1743.15 8.540927469821708e+38
1743.6 8.534530791315124e+38
1744.06 8.527601976151088e+38
1744.51 8.520868324104273e+38
1744.96 8.512830558135102e+38
1745.41 8.431774732673283e+38
1745.86 8.499064884426375e+38
1746.32 8.495103153274064e+38
1746.77 8.488557792639238e+38
1747.22 8.472568586973876e+38
1747.68 8.46341305382982e+38
1748.13 8.460305203176357e+38
1748.58 8.462399917372569e+38
1749.04 8.44173213940073e+38
1749.49 8.445768449604557e+38
1749.94 8.443154234395285e+38
1750.4 8.434031186353307e+38
1750.85 8.430448159285133e+38
1751.3 8.261770858102114e+38
1751.76 8.07105554953291e+38
1752.21 8.41111349729977e+38
1752.67 8.404284518567177e+38
1753.12 8.334393937293491e+38
1753.57 8.371867531730328e+38
1754.03 8.366355938768631e+38
1754.48 8.378225653794785e+38
1754.94 8.372387278164537e+38
1755.39 8.365637441414446e+38
1755.85 8.358387136132332e+38
1756.3 8.352290338909977e+38
1756.76 8.346012682158379e+38
1757.21 8.338964266287496e+38
1757.67 8.332536503435605e+38
1758.12 8.323582395158645e+38
1758.58 8.299155521154889e+38
1759.04 8.312509629857055e+38
1759.49 8.306126790383009e+38
1759.95 8.299405383406315e+38
1760.4 8.249734725883571e+38
1760.86 8.266953427327972e+38
1761.32 8.261035882668618e+38
1761.77 8.272579563088787e+38
1762.23 8.265071436658956e+38
1762.69 8.228651704303693e+38
1763.14 8.250891986066414e+38
1763.6 8.244351952234735e+38
1764.06 8.239080669046347e+38
1764.51 8.232890601582675e+38
1764.97 8.107699197698434e+38
1765.43 8.22000071352592e+38
1765.89 8.207503986920573e+38
1766.34 8.207942277056171e+38
1766.8 8.201597561338225e+38
1767.26 8.19448870194071e+38
1767.72 8.187856727396243e+38
1768.18 8.182484387482413e+38
1768.64 8.176331900041831e+38
1769.09 8.169582398769266e+38
1769.55 8.153436263470082e+38
1770.01 8.157457094658745e+38
1770.47 8.141335733681579e+38
1770.93 8.144256959930168e+38
1771.39 8.13875601153395e+38
1771.85 8.132635426017167e+38
1772.31 8.12636364258606e+38
1772.77 8.120410080391589e+38
1773.22 8.110915372462452e+38
1773.68 8.107149654708976e+38
1774.14 8.099196921981858e+38
1774.6 8.094971073669286e+38
1775.06 8.089662834013207e+38
1775.52 8.08296495230052e+38
1775.98 8.033735162877915e+38
1776.44 8.055697553863944e+38
1776.9 8.057967340939086e+38
1777.36 8.057924510490393e+38
1777.82 8.011001506555665e+38
1778.29 8.045485240862189e+38
1778.75 8.036218994112497e+38
1779.21 8.029123142111352e+38
1779.67 8.026485941719075e+38
1780.13 8.02047246966403e+38
1780.59 8.011244182160046e+38
1781.05 8.005242071124245e+38
1781.52 8.001669038388037e+38
1781.98 7.97338163203604e+38
1782.44 7.988918655089597e+38
1782.9 7.982016648083613e+38
1783.36 7.976645893815582e+38
1783.82 7.970668838769488e+38
1784.29 7.964367692588188e+38
1784.75 7.956265910835466e+38
1785.21 7.951818590574786e+38
1785.68 7.945526483987549e+38
1786.14 7.927435609885338e+38
1786.6 7.930882028339143e+38
1787.06 7.927660139610443e+38
1787.53 7.92093242670122e+38
1787.99 7.914990559175592e+38
1788.45 7.903160898290943e+38
1788.92 7.901132848600406e+38
1789.38 7.896714248566391e+38
1789.84 7.890186925347864e+38
1790.31 7.881833891750971e+38
1790.77 7.873505485973869e+38
1791.24 7.87192392933791e+38
1791.7 7.861651610045688e+38
1792.17 7.736789373458783e+38
1792.63 7.85356380641897e+38
1793.09 7.805978615629632e+38
1793.56 7.841288850818591e+38
1794.02 7.835095530159815e+38
1794.49 7.805157411427903e+38
1794.95 7.818966182894819e+38
1795.42 7.816794633515519e+38
1795.89 7.8083597983511e+38
1796.35 7.805022287941056e+38
1796.81 7.770215639259485e+38
1797.28 7.791241640405483e+38
1797.75 7.785538076641647e+38
1798.21 7.780010291088502e+38
1798.68 7.77060660749018e+38
1799.15 7.768029976140818e+38
1799.61 7.762217915209797e+38
1800.08 7.754315250492726e+38
1800.55 7.74198906598421e+38
1801.01 7.74239690354521e+38
1801.48 7.6865996934179e+38
1801.94 7.729022011961604e+38
1802.41 7.727192325250587e+38
1802.88 7.720782364457646e+38
1803.35 7.711435816661338e+38
1803.81 7.709618700156563e+38
1804.28 7.701313535077208e+38
1804.75 7.698300082964532e+38
1805.22 7.687221817207673e+38
1805.68 7.648153440084175e+38
1806.15 7.67991094369359e+38
1806.62 7.673100250822803e+38
1807.09 7.668926476107987e+38
1807.56 7.500213049362072e+38
1808.03 7.657081087964364e+38
1808.49 7.649444181277853e+38
1808.96 7.646179655154632e+38
1809.43 7.543058610685312e+38
1809.9 7.634123407744905e+38
1810.37 7.612133830328612e+38
1810.84 7.622957109659368e+38
1811.31 7.529324900847807e+38
1811.78 7.609631548215205e+38
1812.25 7.578909695882759e+38
1812.72 7.59632919210948e+38
1813.19 7.592506065655588e+38
1813.66 7.587961906148755e+38
1814.13 7.582409244092837e+38
1814.6 7.577148334473942e+38
1815.07 7.561516148932204e+38
1815.54 7.565193743875467e+38
1816.01 7.555482195967646e+38
1816.48 7.554264232671048e+38
1816.95 7.549020692550686e+38
1817.42 7.510692648483254e+38
1817.89 7.537252397112547e+38
1818.36 7.531733327065558e+38
1818.83 7.526361366841821e+38
1819.31 7.505957622496192e+38
1819.78 7.513174305664173e+38
1820.25 7.509529819075345e+38
1820.72 7.503903236858488e+38
1821.19 7.451247502597078e+38
1821.67 7.378541673053085e+38
1822.14 7.485789666417366e+38
1822.61 7.481191865343175e+38
1823.08 7.463098954851634e+38
1823.55 7.470298544237712e+38
1824.03 7.464835537322467e+38
1824.5 7.459398417772419e+38
1824.97 7.437683265108029e+38
1825.44 7.276879424243345e+38
1825.92 7.443087850683132e+38
1826.39 7.43738308808964e+38
1826.86 7.388016676108353e+38
1827.34 7.420419361250249e+38
1827.81 7.419501631098915e+38
1828.29 7.414190393887115e+38
1828.76 7.400460630109885e+38
1829.23 7.400106340914315e+38
1829.71 7.398182495404568e+38
1830.18 7.378031776859265e+38
1830.66 7.38073878115588e+38
1831.13 7.38010318088677e+38
1831.61 7.374958846271132e+38
1832.08 7.370400496344394e+38
1832.56 7.36442278813734e+38
1833.03 7.324191779811912e+38
1833.51 7.353654072007098e+38
1833.98 7.348148479351122e+38
1834.46 7.342624802318513e+38
1834.93 7.335594291051e+38
1835.41 7.331889916804648e+38
1835.88 7.313750760077437e+38
1836.36 7.320196772074981e+38
1836.83 7.313465245859495e+38
1837.31 7.1785225675173e+38
1837.79 7.30205615953279e+38
1838.26 7.282750851896159e+38
1838.74 7.290824637426259e+38
1839.22 7.287429555514447e+38
1839.69 7.281846185399656e+38
1840.17 7.182243132286726e+38
1840.65 7.270648525873484e+38
1841.12 7.265077606133208e+38
1841.6 7.252604693560389e+38
1842.08 7.249914241796088e+38
1842.56 7.211167877486158e+38
1843.03 7.241945847859175e+38
1843.51 7.226909188602374e+38
1843.99 7.22189789370145e+38
1844.47 7.198032077838827e+38
1844.94 7.21149136852082e+38
1845.42 7.20984722843317e+38
1845.9 7.179699346867483e+38
1846.38 7.156335308493517e+38
1846.86 7.189901513833022e+38
1847.34 7.188124127418651e+38
1847.82 7.188118646893887e+38
1848.29 7.182685651443411e+38
1848.77 7.177233696614331e+38
1849.25 7.169202646171534e+38
1849.73 7.164575413962374e+38
1850.21 7.138949819488592e+38
1850.69 7.149092722396383e+38
1851.17 7.143923768852783e+38
1851.65 7.144266439836995e+38
1852.13 7.121764205986592e+38
1852.61 7.123857587600149e+38
1853.09 7.126357396537739e+38
1853.57 7.122241444812032e+38
1854.05 7.109096426645438e+38
1854.53 7.11131967577948e+38
1855.01 7.088386861934156e+38
1855.49 7.09799208124868e+38
1855.97 7.094696875820992e+38
1856.45 7.089387728163491e+38
1856.94 7.083924154271025e+38
1857.42 7.078498243367126e+38
1857.9 7.071887102243472e+38
1858.38 7.034717499764553e+38
1858.86 7.06175842709007e+38
1859.34 7.056765826597811e+38
1859.83 7.033484754381909e+38
1860.31 7.045966225307537e+38
1860.79 7.039117275175923e+38
1861.27 7.035737912562293e+38
1861.76 7.030073097357639e+38
1862.24 7.024834736967084e+38
1862.72 7.019732847574367e+38
1863.2 7.012642502391968e+38
1863.69 7.008851659359469e+38
1864.17 7.003361063651311e+38
1864.65 6.975002596756862e+38
1865.14 6.976111412155617e+38
1865.62 6.975131853511628e+38
1866.1 6.981547409354104e+38
1866.58 6.96591919935839e+38
1867.07 6.970982311721234e+38
1867.55 6.9659145390187e+38
1868.04 6.960826941171463e+38
1868.52 6.955370949097198e+38
1869.01 6.95068486448115e+38
1869.49 6.944447679741576e+38
1869.97 6.932050296632861e+38
1870.46 6.934722711646057e+38
1870.94 6.883978267843264e+38
1871.43 6.915323623165177e+38
1871.91 6.919057296591888e+38
1872.4 6.91374007161991e+38
1872.88 6.906881727994432e+38
1873.37 6.903270397714746e+38
1873.85 6.864037625379628e+38
1874.34 6.878623360476987e+38
1874.83 6.887907009939127e+38
1875.31 6.888364464053626e+38
1875.8 6.876692478365734e+38
1876.29 6.827150403135794e+38
1876.77 6.86629167524569e+38
1877.26 6.860891681113702e+38
1877.74 6.855518380964244e+38
1878.23 6.849867173764498e+38
1878.72 6.844737862830088e+38
1879.2 6.839505503098357e+38
1879.69 6.833995669384249e+38
1880.18 6.829264395461744e+38
1880.67 6.814741177361811e+38
1881.15 6.80477234211403e+38
1881.64 6.794667888688827e+38
1882.13 6.798304839381884e+38
1882.62 6.818055281871123e+38
1883.1 6.787801553084197e+38
1883.59 6.7915845658084904e+38
1884.08 6.785234585180322e+38
1884.57 6.757800247136199e+38
1885.06 6.576644914230935e+38
1885.55 6.769415096521621e+38
1886.04 6.746630460120166e+38
1886.52 6.7566549626729574e+38
1887.01 6.7500813551096906e+38
1887.5 6.7036743846889625e+38
1887.99 6.744208123110534e+38
1888.48 6.738791725383234e+38
1888.97 6.734030490390329e+38
1889.46 6.709231948180635e+38
1889.95 6.720836046709984e+38
1890.44 6.702789297582685e+38
1890.93 6.706401063281105e+38
1891.42 6.701914272325522e+38
1891.91 6.695913418382324e+38
1892.4 6.694085563084202e+38
1892.89 6.676490793608605e+38
1893.38 6.687400266352686e+38
1893.87 6.6728428675720046e+38
1894.36 6.64853423727572e+38
1894.85 6.671072818580838e+38
1895.34 6.625445971308768e+38
1895.84 6.660505216693551e+38
1896.33 6.6463301415458434e+38
1896.82 6.615955113299384e+38
1897.31 6.643838946026998e+38
1897.8 6.6408389965939005e+38
1898.29 6.635586181438656e+38
1898.79 6.589194831244249e+38
1899.28 6.302968006413256e+38
1899.77 6.619577669210643e+38
1900.26 6.615587784140604e+38
1900.76 6.602231773941252e+38
1901.25 6.604567671050516e+38
1901.74 6.600461545045157e+38
1902.23 6.595362764776186e+38
1902.73 6.590374475678697e+38
1903.22 6.478826158072093e+38
1903.71 6.576724035171506e+38
1904.21 6.5717500555158666e+38
1904.7 6.571502590551063e+38
1905.19 6.5666735459093874e+38
1905.69 6.561212006035881e+38
1906.18 6.556637589163141e+38
1906.68 6.547482319407365e+38
1907.17 6.546493525108252e+38
1907.66 6.5489991986575225e+38
1908.16 6.531296299396128e+38
1908.65 6.525705350898124e+38
1909.15 6.525990646273701e+38
1909.64 6.5206483773580754e+38
1910.14 6.5129519005797194e+38
1910.63 6.509948625571257e+38
1911.13 6.504591147211056e+38
1911.62 6.476905003348195e+38
1912.12 6.4942804599601785e+38
1912.61 6.488715443508505e+38
1913.11 6.48337254587776e+38
1913.61 6.467549348867901e+38
1914.1 6.421907873100338e+38
1914.6 6.4676505450542776e+38
1915.09 6.421114815882241e+38
1915.59 6.456880881346145e+38
1916.09 6.4524028323351204e+38
1916.58 6.442730283293894e+38
1917.08 6.433051676567052e+38
1917.58 6.436581899462256e+38
1918.07 6.4305637044234335e+38
1918.57 6.414621393481018e+38
1919.07 6.422247459096804e+38
1919.56 6.4035748110983125e+38
1920.06 6.4123922333336974e+38
1920.56 6.4022745016121e+38
1921.06 6.3997562456094045e+38
1921.56 6.378609087565598e+38
1922.05 6.389329434460161e+38
1922.55 6.388016926060367e+38
1923.05 6.265639812865499e+38
1923.55 6.377825329517645e+38
1924.05 6.368719492302089e+38
1924.55 6.3486332017445705e+38
1925.05 6.363224117521656e+38
1925.54 6.3585844944167094e+38
1926.04 6.324840332159602e+38
1926.54 6.348674224635704e+38
1927.04 6.342941356276261e+38
1927.54 6.336974156612208e+38
1928.04 6.3287504172102375e+38
1928.54 6.3251747604644015e+38
1929.04 6.316609844611646e+38
1929.54 6.317909291992725e+38
1930.04 6.3129135689496005e+38
1930.54 6.304601209347429e+38
1931.04 6.304355184041891e+38
1931.54 6.262309850925167e+38
1932.04 6.2946229121584596e+38
1932.54 6.289525287401943e+38
1933.04 6.2847864656497184e+38
1933.55 6.2795716498792844e+38
1934.05 6.2750897215912795e+38
1934.55 6.270021222582588e+38
1935.05 6.265074216124767e+38
1935.55 6.260248401428633e+38
1936.05 6.255661061879226e+38
1936.55 6.249079799735721e+38
1937.06 6.219077491858839e+38
1937.56 6.236268074159008e+38
1938.06 6.232048136125813e+38
1938.56 6.231459217745972e+38
1939.06 6.223732440091972e+38
1939.57 6.220551252424841e+38
1940.07 6.207476799327851e+38
1940.57 6.206892151116009e+38
1941.08 6.2072191624686614e+38
1941.58 6.194754032183797e+38
1942.08 6.197776721360127e+38
1942.58 6.192653166092718e+38
1943.09 6.187744920983111e+38
1943.59 6.174043650800279e+38
1944.1 6.178307962671485e+38
1944.6 6.173778671247541e+38
1945.1 6.168673057562461e+38
1945.61 6.163666064579142e+38
1946.11 6.158922549547989e+38
1946.62 6.153483186374592e+38
1947.12 6.1493386537997965e+38
1947.63 6.144483810359753e+38
1948.13 6.13642678925959e+38
1948.64 6.133768675124955e+38
1949.14 6.129290696371493e+38
1949.65 6.117443241705453e+38
1950.15 6.119863431589311e+38
1950.66 6.115373958189412e+38
1951.16 6.1097611818070066e+38
1951.67 6.105507489017767e+38
1952.17 6.100933354816789e+38
1952.68 6.064051325104704e+38
1953.19 6.086651727276418e+38
1953.69 6.0856929010951506e+38
1954.2 6.050693918870082e+38
1954.7 6.0697317088830026e+38
1955.21 6.066020833618165e+38
1955.72 6.066406501940076e+38
1956.22 6.062149469761523e+38
1956.73 6.057191798219381e+38
1957.24 6.051783698400421e+38
1957.75 6.047740915826692e+38
1958.25 6.0433817112422686e+38
1958.76 6.0298387987696805e+38
1959.27 6.019035457639182e+38
1959.78 6.028445208729935e+38
1960.29 5.990754284103653e+38
1960.79 6.01442797254759e+38
1961.3 6.007927503838057e+38
1961.81 6.0090885477944555e+38
1962.32 6.00518130405615e+38
1962.83 5.998464169447143e+38
1963.33 5.996157632873177e+38
1963.84 5.991583295484335e+38
1964.35 5.977370022113989e+38
1964.86 5.976951986590455e+38
1965.37 5.966574597036622e+38
1965.88 5.9726373014022594e+38
1966.39 5.968293204186049e+38
1966.9 5.963169384485993e+38
1967.41 5.957491261508437e+38
1967.92 5.9532682076663655e+38
1968.43 5.947264293100784e+38
1968.94 5.944272522364153e+38
1969.45 5.9398346445902066e+38
1969.96 5.935065932695946e+38
1970.47 5.9304116572879084e+38
1970.98 5.925760519518896e+38
1971.49 5.9181183552129316e+38
1972.0 5.911703963885746e+38
1972.52 5.911374292415631e+38
1973.03 5.90708224157958e+38
1973.54 5.901797765193231e+38
1974.05 5.897622128093811e+38
1974.56 5.892786654873428e+38
1975.07 5.88861636349777e+38
1975.58 5.894819392418566e+38
1976.1 5.8593831391767825e+38
1976.61 5.8741184057927355e+38
1977.12 5.869299775374167e+38
1977.63 5.850558909615238e+38
1978.15 5.859980922133757e+38
1978.66 5.85068002838651e+38
1979.17 5.7720525415196516e+38
1979.69 5.8451201279078984e+38
1980.2 5.840766160496205e+38
1980.71 5.836305671142297e+38
1981.22 5.8315205934909876e+38
1981.74 5.826608886815904e+38
1982.25 5.758404248592224e+38
1982.77 5.800081360923246e+38
1983.28 5.812916674067078e+38
1983.79 5.8073875088111964e+38
1984.31 5.777477194081808e+38
1984.82 5.796214364790637e+38
1985.34 5.7938252844577905e+38
1985.85 5.789520884820288e+38
1986.36 5.784569751747994e+38
1986.88 5.778953026933918e+38
1987.4 5.759321793756538e+38
1987.91 5.767000289297701e+38
1988.43 5.7656041185054956e+38
1988.94 5.761641114343194e+38
1989.46 5.756259763700079e+38
1989.97 5.733296586104585e+38
1990.49 5.7473586164664624e+38
1991.0 5.742761654680746e+38
1991.52 5.719191277651942e+38
1992.04 5.712461891619292e+38
1992.55 5.944303721545938e+38
1993.07 5.724350755024759e+38
1993.58 5.722447204900116e+38
1994.1 5.68322946410324e+38
1994.62 5.7102646658719725e+38
1995.14 5.704929242338982e+38
1995.65 5.69014588599781e+38
1996.17 5.696741400132636e+38
1996.69 5.692055596643964e+38
1997.2 5.687393662153187e+38
1997.72 5.683033249114549e+38
1998.24 5.67803886221332e+38
1998.76 5.674001124228025e+38
1999.28 5.669328050923905e+38
1999.8 5.663388142048318e+38
2000.31 5.649025434240138e+38
2000.83 5.6552437882796054e+38
2001.35 5.651428942970182e+38
2001.87 5.636232866576753e+38
2002.39 5.639378176281212e+38
2002.91 5.637889284348744e+38
2003.43 5.63313667213222e+38
2003.94 5.62903903684507e+38
2004.46 5.624082743067891e+38
2004.98 5.6197601852267765e+38
2005.5 5.6145063167237435e+38
2006.02 5.6042374895751104e+38
2006.54 5.606538065853167e+38
2007.06 5.6019295688309315e+38
2007.58 5.597219840979239e+38
2008.1 5.592826940984294e+38
2008.62 5.5872891303961205e+38
2009.14 5.5748828358309875e+38
2009.67 5.579541553973467e+38
2010.19 5.523098836095144e+38
2010.71 5.494871026106238e+38
2011.23 5.564952434534712e+38
2011.75 5.561619630159611e+38
2012.27 5.552597378265774e+38
2012.79 5.552500406550222e+38
2013.31 5.5370867826854235e+38
2013.84 5.543482305120126e+38
2014.36 5.539039621123739e+38
2014.88 5.534703326435201e+38
2015.4 5.5277902522496845e+38
2015.93 5.525607177288393e+38
2016.45 5.521382993516547e+38
2016.97 5.5168526862323316e+38
2017.49 5.484230751025999e+38
2018.02 5.504391934061641e+38
2018.54 5.5040830133242424e+38
2019.06 5.494552538903199e+38
2019.58 5.495282059772584e+38
2020.11 5.490662643962508e+38
2020.63 5.4866802184292744e+38
2021.16 5.48196482913771e+38
2021.68 5.477579026146622e+38
2022.2 5.473298361427182e+38
2022.73 5.467267361619525e+38
2023.25 5.4645223590011906e+38
2023.78 5.460027370072383e+38
2024.3 5.455860281601495e+38
2024.82 5.451492571202197e+38
2025.35 5.447311315738059e+38
2025.88 5.441190238683426e+38
2026.4 5.438339103416241e+38
2026.93 5.4337466371271786e+38
2027.45 5.429278486744398e+38
2027.98 5.42368151987706e+38
2028.5 5.420736250953381e+38
2029.03 5.416055700585339e+38
2029.55 5.411801888710699e+38
2030.08 5.4055158462629375e+38
2030.61 5.403162689565821e+38
2031.13 5.398515008105171e+38
2031.66 5.394253278880751e+38
2032.19 5.389297067203839e+38
2032.71 5.385596265264604e+38
2033.24 5.381076253154556e+38
2033.77 5.375157313338965e+38
2034.29 5.3722654827522364e+38
2034.82 5.3677553232810345e+38
2035.35 5.351275401508935e+38
2035.88 5.3585453758754766e+38
2036.4 5.355061832575208e+38
2036.93 5.350863291271778e+38
2037.46 5.343680969911937e+38
2037.99 5.330550543783296e+38
2038.52 5.337787440284624e+38
2039.04 5.33352163279136e+38
2039.57 5.3229953909930404e+38
2040.1 5.298770909492215e+38
2040.63 5.320397643206227e+38
2041.16 5.3059452627398295e+38
2041.69 5.311960663531948e+38
2042.22 5.307993527393602e+38
2042.74 5.3036527890655745e+38
2043.28 5.2992773943353466e+38
2043.8 5.295238583377098e+38
2044.33 5.29049413488878e+38
2044.86 5.284868213890587e+38
2045.39 5.281704785008898e+38
2045.92 5.2722647923130984e+38
2046.45 5.264219893197512e+38
2046.98 5.2691107581463384e+38
2047.52 5.263693844793231e+38
2048.05 5.2607472463389825e+38
2048.58 5.256041202288111e+38
2049.11 5.2521206004498735e+38
2049.64 5.247616659378966e+38
2050.17 5.331413110011056e+38
2050.7 5.327829429073898e+38
2051.23 5.323651115462379e+38
2051.76 5.314313450834586e+38
2052.3 5.314887130553084e+38
2052.83 5.309928294483874e+38
2053.36 5.306263990673037e+38
2053.89 5.301809806494385e+38
2054.43 5.297538065233893e+38
2054.96 5.2933867337119954e+38
2055.49 5.2890407298307245e+38
2056.02 5.2747468943988116e+38
2056.55 5.270907496272403e+38
2057.09 5.2763966678676704e+38
2057.62 5.2675393046423465e+38
2058.16 5.26800828625e+38
2058.69 5.262403649004158e+38
2059.22 5.233526107859299e+38
2059.76 5.254433493290679e+38
2060.29 5.23584755780853e+38
2060.82 5.246503350682774e+38
2061.36 5.242376919415286e+38
2061.89 5.238173963003676e+38
2062.43 5.20884122316265e+38
2062.96 5.2297583689031396e+38
2063.5 5.2256431977026964e+38
2064.03 5.2218413636861975e+38
2064.56 5.2150260166707636e+38
2065.1 5.191919144305805e+38
2065.64 5.05739594751799e+38
2066.17 5.2048725859519014e+38
2066.71 5.200599971662534e+38
2067.24 5.196448241447553e+38
2067.78 5.1920878196990284e+38
2068.31 5.188232195804104e+38
2068.85 5.155754744950046e+38
2069.39 5.180009403410714e+38
2069.92 5.1753895841175896e+38
2070.46 5.171526610356699e+38
2071.0 5.167569728377951e+38
2071.53 5.1622863031788565e+38
2072.07 5.15920083739485e+38
2072.61 5.154963816229312e+38
2073.14 5.150747782404877e+38
2073.68 5.146801326816963e+38
2074.22 5.1427615974996294e+38
2074.76 5.1381501802947474e+38
2075.29 5.134134327202831e+38
2075.83 5.1301987364033685e+38
2076.37 5.125692781463029e+38
2076.91 5.120427350712555e+38
2077.45 5.117072697105006e+38
2077.98 5.104984871888758e+38
2078.52 5.108483324422104e+38
2079.06 5.104849791030703e+38
2079.6 5.072536211798664e+38
2080.14 5.090478491575762e+38
2080.68 5.0924631521515235e+38
2081.22 5.088002825780508e+38
2081.76 5.084208512680911e+38
2082.3 5.080132841962138e+38
2082.84 5.0758710244863115e+38
2083.38 5.0713291776458076e+38
2083.92 5.067356852298272e+38
2084.46 5.063952627041868e+38
2085.0 5.034264251822394e+38
2085.54 5.053856819630844e+38
2086.08 5.05121211416914e+38
2086.62 5.011628914908475e+38
2087.16 5.043114098805295e+38
2087.7 5.034678837499069e+38
2088.24 5.03496041167754e+38
2088.78 5.030934679492032e+38
2089.32 5.023733773385556e+38
2089.87 5.022126931259401e+38
2090.41 5.01839021459177e+38
2090.95 5.005247397339362e+38
2091.49 5.010178323805095e+38
2092.03 4.9968715707890005e+38
2092.57 4.8810572569989364e+38
2093.12 4.997958176238693e+38
2093.66 4.988020457080486e+38
2094.2 4.98737657745586e+38
2094.75 4.985897836083478e+38
2095.29 4.982119998286711e+38
2095.83 4.976124421893897e+38
2096.38 4.9715973442165105e+38
2096.92 4.969768354925309e+38
2097.46 4.965908869182283e+38
2098.0 4.959839669570346e+38
2098.55 4.915478868433323e+38
2099.09 4.954145139663127e+38
2099.64 4.9496357035914494e+38
2100.18 4.9460655257902175e+38
2100.73 4.941654511202865e+38
2101.27 4.937821958599344e+38
2101.81 4.934089464070509e+38
2102.36 4.930342911921773e+38
2102.9 4.92624931727749e+38
2103.45 4.891731135719969e+38
2103.99 4.9182374512124534e+38
2104.54 4.871484586308685e+38
2105.08 4.90969020100984e+38
2105.63 4.904502901064903e+38
2106.18 4.9025048908619606e+38
2106.72 4.8987955969203856e+38
2107.27 4.894527134090974e+38
2107.81 4.890550795417546e+38
2108.36 4.886478242570516e+38
2108.91 4.882321429165674e+38
2109.45 4.878817710603465e+38
2110.0 4.874757139144899e+38
2110.55 4.870970695520094e+38
2111.09 4.8672030389065934e+38
2111.64 4.863060824511805e+38
2112.19 4.859282317470518e+38
2112.74 4.855506351043766e+38
2113.28 4.848870718376273e+38
2113.83 4.847528742091844e+38
2114.38 4.84322186036569e+38
2114.93 4.8393671285484435e+38
2115.48 4.836969150620388e+38
2116.02 4.8315442930055656e+38
2116.57 4.827899359556612e+38
2117.12 4.8238096871378985e+38
2117.67 4.8200805216335294e+38
2118.22 4.816353873880654e+38
2118.77 4.812540550565444e+38
2119.32 4.807215266336954e+38
2119.87 4.804743829636734e+38
2120.42 4.801027605513881e+38
2120.97 4.791984625118199e+38
2121.51 4.7930856486527414e+38
2122.06 4.7888450952245276e+38
2122.61 4.785071501944101e+38
2123.17 4.7816397731823065e+38
2123.72 4.77751761622121e+38
2124.26 4.770851560110903e+38
2124.82 4.769901381620366e+38
2125.37 4.766053216529526e+38
2125.92 4.762296011123888e+38
2126.47 4.761449616789712e+38
2127.02 4.7544374498892844e+38
2127.57 4.750688445326245e+38
2128.12 4.670664457307478e+38
2128.67 4.7433738815082396e+38
2129.23 4.739181030471366e+38
2129.78 4.7309050603453886e+38
2130.33 4.7311262501009075e+38
2130.88 4.727759549721467e+38
2131.43 4.704520422550961e+38
2131.99 4.715257790715711e+38
2132.54 4.716086210668412e+38
2133.09 4.712728875950022e+38
2133.65 4.707007771271808e+38
2134.2 4.704178174832726e+38
2134.75 4.636116509702261e+38
2135.3 4.697220012685844e+38
2135.86 4.693338772612538e+38
2136.41 4.6897449215810176e+38
2136.97 4.684865063429609e+38
2137.52 4.682167413113834e+38
2138.07 4.6751494289270654e+38
2138.63 4.674342048884705e+38
2139.18 4.671476778868231e+38
2139.74 4.664805087643407e+38
2140.29 4.663581611281742e+38
2140.84 4.660291494149303e+38
2141.4 4.655011097345998e+38
2141.96 4.6524853445185144e+38
2142.51 4.649030467824123e+38
2143.06 4.642833851870786e+38
2143.62 4.638252861425615e+38
2144.18 4.634010893146893e+38
2144.73 4.634233129843153e+38
2145.29 4.630164895705425e+38
2145.84 4.626712346357367e+38
2146.4 4.623076794536462e+38
2146.96 4.618506201305376e+38
2147.51 4.615402122848814e+38
2148.07 4.6119447718164845e+38
2148.63 4.60712956333951e+38
2149.18 4.182844203183857e+38
2149.74 4.60083699673794e+38
2150.3 4.58604417492175e+38
2150.85 4.592285597916252e+38
2151.41 4.589813150022206e+38
2151.97 4.5860730102917645e+38
2152.53 4.57828271063522e+38
2153.08 4.578783948337621e+38
2153.64 4.575052139037082e+38
2154.2 4.5715759312619195e+38
2154.76 4.568102099564683e+38
2155.32 4.564041852992539e+38
2155.88 4.560405200259571e+38
2156.44 4.556939125007996e+38
2156.99 4.552818263229353e+38
2157.55 4.549441290804091e+38
2158.11 4.54574832308206e+38
2158.67 4.542232747216969e+38
2159.23 4.536547195883042e+38
2159.79 4.534708080635514e+38
2160.35 4.505844972064131e+38
2160.91 4.527695298469522e+38
2161.47 4.489218764606999e+38
2162.03 4.518862392626298e+38
2162.59 4.5167791702222146e+38
2163.15 4.508055805995947e+38
2163.71 4.329021599172241e+38
2164.27 4.5058876415801016e+38
2164.83 4.502234979391429e+38
2165.4 4.498579021546993e+38
2165.96 3.8531963826207335e+38
2166.52 4.491469940700541e+38
2167.08 4.488001852656548e+38
2167.64 4.480580575563373e+38
2168.2 4.480496444497343e+38
2168.76 4.476871666150678e+38
2169.33 4.4737297233655475e+38
2169.89 4.469781401001949e+38
2170.45 4.466410959376697e+38
2171.01 4.4630428319299284e+38
2171.58 4.459172160933147e+38
2172.14 4.455481660873374e+38
2172.7 4.452156430675535e+38
2173.27 4.448739823799595e+38
2173.83 4.44533827690531e+38
2174.39 4.441939172319801e+38
2174.96 4.357727033720511e+38
2175.52 4.434647164147948e+38
2176.08 4.431337144134528e+38
2176.65 4.427854269118328e+38
2177.21 4.4241429890771556e+38
2177.78 4.420746606203775e+38
2178.34 4.310808999585128e+38
2178.91 4.41389274636304e+38
2179.47 4.371573856742377e+38
2180.03 4.4068923503721485e+38
2180.6 4.403501638851037e+38
2181.17 4.397451603648998e+38
2181.73 4.3965789433147e+38
2182.3 4.392712387458411e+38
2182.86 4.368486614725835e+38
2183.43 4.386127319105971e+38
2183.99 4.3826838847785316e+38
2184.56 4.379230299059575e+38
2185.12 4.375711775645921e+38
2185.69 4.372343459003832e+38
2186.26 4.368657403519198e+38
2186.82 4.3651561374807794e+38
2187.39 3.73573198144476e+38
2187.96 4.347037365199204e+38
2188.53 4.3552733348765186e+38
2189.09 4.350455639488912e+38
2189.66 4.348655469527046e+38
2190.23 4.345344101627368e+38
2190.79 4.3418087354010544e+38
2191.36 4.3384229445308994e+38
2191.93 4.334563772590186e+38
2192.5 4.3316589199838744e+38
2193.07 4.3296269997452045e+38
2193.64 4.324667639696928e+38
2194.21 4.32131001956281e+38
2194.77 4.3184612233002426e+38
2195.34 4.3148926442213686e+38
2195.91 4.311563476588551e+38
2196.48 4.301313532101348e+38
2197.05 4.3047552839013916e+38
2197.62 4.300804950997524e+38
2198.19 4.296858361156402e+38
2198.76 4.294405877797032e+38
2199.33 4.291013797792995e+38
2199.9 4.2877026627867305e+38
2200.47 4.284628754067091e+38
2201.04 4.279446601481479e+38
2201.61 4.278728507250462e+38
2202.18 4.2754392828663314e+38
2202.75 4.2724644870978184e+38
2203.32 4.269803360794817e+38
2203.89 4.266676455412665e+38
2204.46 4.264018593664883e+38
2205.03 4.260895684696228e+38
2205.61 4.257686171861194e+38
2206.18 4.2547229457656e+38
2206.75 4.252071875925447e+38
2207.32 4.249034767818616e+38
2207.89 4.246232015996724e+38
2208.47 4.242955605988323e+38
2209.04 4.240082833811231e+38
2209.61 4.232736348374757e+38
2210.18 4.234345981658912e+38
2210.76 4.230004229755921e+38
2211.33 4.228605304232259e+38
2211.9 4.225358189705997e+38
2212.48 4.2224871357897155e+38
2213.05 4.219475157582284e+38
2213.62 4.216695637704889e+38
2214.2 4.21398352143717e+38
2214.77 4.207298254433624e+38
2215.34 3.598612936332609e+38
2215.92 4.205112813894542e+38
2216.49 4.202050427945627e+38
2217.07 4.1992883097492156e+38
2217.64 4.196538561886056e+38
2218.22 4.193703448865516e+38
2218.79 4.190499544859205e+38
2219.37 4.187515913540647e+38
2219.94 4.184545009998193e+38
2220.52 4.1817936135403415e+38
2221.09 4.1798907567846195e+38
2221.67 4.1762305399314195e+38
2222.25 4.17302886441539e+38
2222.82 4.1700677377123016e+38
2223.4 4.1673251875172775e+38
2223.97 4.1646757853726346e+38
2224.55 4.1618662112280364e+38
2225.13 4.158907243734217e+38
2225.7 4.155885376046074e+38
2226.28 4.153081388412842e+38
2226.86 4.150505346323993e+38
2227.43 4.14786598066882e+38
2228.01 4.145066969395879e+38
2228.59 4.142119272187806e+38
2229.17 4.139549376622997e+38
2229.74 4.136465762569979e+38
2230.32 4.133824025431516e+38
2230.9 4.129836660708472e+38
2231.48 4.128345175294972e+38
2232.06 4.1259552977028024e+38
2232.64 4.123117703727172e+38
2233.21 4.120217433751449e+38
2233.79 4.117757100573533e+38
2234.37 4.114477058140748e+38
2234.95 4.112169044605745e+38
2235.53 4.109414975252843e+38
2236.11 4.106513726715662e+38
2236.69 4.10339128232181e+38
2237.27 4.1011631897328104e+38
2237.85 4.098416064170736e+38
2238.43 4.0954480909732136e+38
2239.01 4.092482461955798e+38
2239.59 4.0898894087043114e+38
2240.17 4.087075729699932e+38
2240.75 4.084337876515863e+38
2241.33 4.081527827877036e+38
2241.91 4.078941209301828e+38
2242.49 4.07606086094359e+38
2243.07 4.0733299602507996e+38
2243.66 4.07066426867959e+38
2244.24 4.067642247540929e+38
2244.82 4.0649902429460696e+38
2245.4 4.0621928257508946e+38
2245.98 4.059324562662979e+38
2246.56 4.0567530441113954e+38
2247.15 4.054026187720006e+38
2247.73 4.05123793150811e+38
2248.31 4.048597925595082e+38
2248.89 4.0458863568864296e+38
2249.48 4.042800873671734e+38
2250.06 4.040019978156281e+38
2250.64 4.0371679361942805e+38
2251.23 4.034818058441137e+38
2251.81 4.031969468172184e+38
2252.39 4.029195611474443e+38
2252.98 4.025540697736204e+38
2253.56 3.499051009558129e+38
2254.15 4.021298459659126e+38
2254.73 3.989780236582611e+38
2255.31 4.015691404385686e+38
2255.9 4.012626953027607e+38
2256.48 4.009936879437617e+38
2257.07 4.0072383201707526e+38
2257.65 4.004696161038401e+38
2258.24 4.002000860525535e+38
2258.82 3.999100960420828e+38
2259.41 3.996625487867721e+38
2260.0 3.9940072800856584e+38
2260.58 3.991328828547429e+38
2261.17 3.988369602004148e+38
2261.75 3.985788950684034e+38
2262.34 3.981548910484744e+38
2262.93 3.980325765215499e+38
2263.51 3.977678334312664e+38
2264.1 3.975094422867632e+38
2264.69 3.972440493342296e+38
2265.27 3.969726502096162e+38
2265.86 3.962149124319523e+38
2266.45 3.964641321967619e+38
2267.03 3.961932388298763e+38
2267.62 3.9592867416120436e+38
2268.21 3.9563578312380135e+38
2268.8 3.9541432826749555e+38
2269.39 3.95100527355529e+38
2269.97 3.9486611667991725e+38
2270.56 3.946095485739358e+38
2271.15 3.943176609231838e+38
2271.74 3.940614294017025e+38
2272.33 3.9379826888321146e+38
2272.92 3.935423513472054e+38
2273.51 3.932865878663387e+38
2274.09 3.9304608942344105e+38
2274.68 3.927623779109995e+38
2275.27 3.9249297646747275e+38
2275.86 3.922589994033687e+38
2276.45 3.919899430396588e+38
2277.04 3.9172106379258905e+38
2277.63 3.9134688948514566e+38
2278.22 3.911838325698614e+38
2278.81 3.908944180361536e+38
2279.41 3.894840277823749e+38
2280.0 3.903993539267616e+38
2280.59 3.901385142407047e+38
2281.18 3.898918357136792e+38
2281.77 3.8962431854729905e+38
2282.36 3.8937095121500604e+38
2282.95 3.893412509587608e+38
2283.54 3.888578710090922e+38
2284.14 3.886060874135163e+38
2284.73 3.883484318025556e+38
2285.32 3.8809789896992865e+38
2285.91 3.878127460340033e+38
2286.5 3.875903385960897e+38
2287.1 3.8730460705441644e+38
2287.69 3.80047385343314e+38
2288.28 3.867911046526191e+38
2288.88 3.865544337242091e+38
2289.47 3.8626346729762235e+38
2290.06 3.860349537118978e+38
2290.66 3.857641583288973e+38
2291.25 3.8545963861270235e+38
2291.84 3.852094635902458e+38
2292.44 3.849584730991736e+38
2293.03 3.846741675285382e+38
2293.63 3.844372651194391e+38
2294.22 3.841670811572127e+38
2294.81 3.839108188976267e+38
2295.41 3.836537515221598e+38
2296.0 3.833978101847608e+38
2296.6 3.83079395802221e+38
2297.2 3.828981714924052e+38
2297.79 3.615865259048881e+38
2298.39 3.823864218558671e+38
2298.98 3.8211800274306664e+38
2299.58 3.818631316558552e+38
2300.17 3.8162300725553746e+38
2300.77 3.813752584890174e+38
2301.37 3.811276581333908e+38
2301.96 3.808675466152802e+38
2302.56 3.806066574734661e+38
2303.16 3.803799012678683e+38
2303.75 3.800931236901625e+38
2304.35 3.798598641535814e+38
2304.95 3.796199550384645e+38
2305.54 3.793540468761798e+38
2306.14 3.79094136659478e+38
2306.74 3.4951993412684685e+38
2307.34 3.782451115692384e+38
2307.94 3.7835763488624455e+38
2308.53 3.7809324457766535e+38
2309.13 3.7785504941700305e+38
2309.73 3.77596792158804e+38
2310.33 3.773319765316717e+38
2310.93 3.7710094783993626e+38
2311.53 3.768364627881805e+38
2312.13 3.765788676099935e+38
2312.73 3.7633485046283955e+38
2313.32 3.760852162782727e+38
2313.93 3.7580708952142444e+38
2314.52 3.755857682441619e+38
2315.12 3.752907692881579e+38
2315.72 3.7506945406908715e+38
2316.32 3.7477486310427216e+38
2316.93 3.745262621607715e+38
2317.52 3.737539471210145e+38
2318.13 3.739781048480829e+38
2318.73 3.7446314670927146e+38
2319.33 3.734772477285195e+38
2319.93 3.73110933773442e+38
2320.53 3.729571397547032e+38
2321.13 3.7270397748862835e+38
2321.73 3.724443611466346e+38
2322.33 3.7215114274580284e+38
2322.94 3.718900829248395e+38
2323.54 3.716169159992775e+38
2324.14 3.7133075755199904e+38
2324.74 3.7110413324256016e+38
2325.35 3.708437854082396e+38
2325.95 3.706371733094016e+38
2326.55 3.703912026249335e+38
2327.16 3.701707460836797e+38
2327.76 3.699316268837516e+38
2328.36 3.696992109584605e+38
2328.97 3.694922290689711e+38
2329.57 3.6925350790260766e+38
2330.17 3.690231191542133e+38
2330.78 3.687855486844839e+38
2331.38 3.685686181855379e+38
2331.98 3.683060883189119e+38
2332.59 3.681081008428316e+38
2333.19 3.6785240544327156e+38
2333.8 3.676741749108054e+38
2334.4 3.674317823878642e+38
2335.01 3.672211795265912e+38
2335.61 3.669595635023522e+38
2336.22 3.667102306993454e+38
2336.82 3.66461952675382e+38
2337.43 3.661869826997119e+38
2338.03 3.65964629082681e+38
2338.64 3.6572207882107925e+38
2339.25 3.65479680200526e+38
2339.85 3.652318680955975e+38
2340.46 3.6498977773875156e+38
2341.07 3.6472848349004385e+38
2341.67 3.6450050185734234e+38
2342.28 3.642459881457651e+38
2342.89 3.639916470873211e+38
2343.5 3.637631989176095e+38
2344.1 3.635422042494496e+38
2344.71 3.6330759092706086e+38
2345.32 3.630662921305307e+38
2345.93 3.6285581769675775e+38
2346.53 3.625887226590022e+38
2347.14 3.623400924476756e+38
2347.75 3.6207883517128075e+38
2348.36 3.578853166346206e+38
2348.97 3.616206994681911e+38
2349.58 3.5536649844319035e+38
2350.19 3.611630809111275e+38
2350.79 3.609417620693334e+38
2351.4 3.607069064904871e+38
2352.01 3.604658309486347e+38
2352.62 3.602249045418424e+38
2353.23 3.60003325742642e+38
2353.84 3.5975041844418284e+38
2354.45 3.595040192615074e+38
2355.06 3.592831107953792e+38
2355.67 3.590306808495615e+38
2356.28 3.5883532608629584e+38
2356.89 3.5858950434512415e+38
2357.5 3.583627803737871e+38
2358.12 3.580974157910373e+38
2358.73 3.578520700534573e+38
2359.34 3.576131795577155e+38
2359.95 3.57374436850506e+38
2360.56 3.571232690795227e+38
2361.17 3.568853631875232e+38
2361.78 3.566418778663546e+38
2362.4 3.563976464877573e+38
2363.01 3.561482116533367e+38
2363.62 3.5591772424812696e+38
2364.24 3.5566770563519564e+38
2364.85 3.554312573561258e+38
2365.46 3.5518871177267994e+38
2366.07 3.5500247733376546e+38
2366.69 3.547530593102778e+38
2367.3 3.545296306731663e+38
2367.91 3.542938790166675e+38
2368.53 3.540698081915503e+38
2369.14 3.538281452751093e+38
2369.76 3.535857467317898e+38
2370.37 3.533630205435528e+38
2370.98 3.531404202020211e+38
2371.6 3.528798766216356e+38
2372.21 3.5268850272459375e+38
2372.83 3.524344578692661e+38
2373.44 3.5221238880848354e+38
2374.06 3.5198336636020976e+38
2374.67 3.517245389587986e+38
2375.29 3.515143025224898e+38
2375.91 3.512918536543437e+38
2376.52 3.5103966447107085e+38
2377.14 3.508044496213098e+38
2377.75 3.5059467704556e+38
2378.37 3.503349793024043e+38
2378.99 3.501184009560887e+38
2379.6 3.498722144724411e+38
2380.22 3.496436422458363e+38
2380.83 3.493855339444709e+38
2381.45 3.491633670395936e+38
2382.07 3.48929108177651e+38
2382.69 3.486949929223076e+38
2383.3 3.484436492385264e+38
2383.92 3.4822811330614966e+38
2384.54 3.48006603612775e+38
2385.16 3.489663906585011e+38
2385.78 3.472265802449205e+38
2386.4 3.141289783614616e+38
2387.01 3.459413423904026e+38
2387.63 3.4685705899754886e+38
2388.25 3.466346070965268e+38
2388.87 3.463880650536359e+38
2389.49 3.461779746658152e+38
2390.11 3.459559007572529e+38
2390.73 3.456977181394181e+38
2391.35 3.455000526071901e+38
2391.97 3.452723267373673e+38
2392.59 3.45050851018428e+38
2393.21 3.448188205637813e+38
2393.83 3.445989606028932e+38
2394.45 3.443611940078675e+38
2395.07 3.441536018911102e+38
2395.69 3.438621206071325e+38
2396.31 3.4369076464834215e+38
2396.93 3.4347153791191764e+38
2397.55 3.432344771619527e+38
2398.17 3.4300952756674725e+38
2398.79 3.421580616517509e+38
2399.42 3.425352141979232e+38
2400.04 3.4231664182102294e+38
2400.66 3.42080301440459e+38
2401.28 3.418619449983073e+38
2401.91 3.4162493082010594e+38
2402.53 3.414008848639229e+38
2403.15 3.411532083339589e+38
2403.77 3.409353774894014e+38
2404.4 3.407108089541175e+38
2405.02 3.398303985136005e+38
2405.64 3.39885268071446e+38
2406.27 3.400279067700897e+38
2406.89 3.3981661703797802e+38
2407.51 3.395877191936969e+38
2408.14 3.3937573653115088e+38
2408.76 3.3914701157176697e+38
2409.39 3.389055326324962e+38
2410.01 3.387004654019026e+38
2410.64 3.3846515538957213e+38
2411.26 3.3823680405311417e+38
2411.89 3.3802527504581333e+38
2412.51 3.377971861899005e+38
2413.14 3.3756830253062165e+38
2413.76 3.3733463295084783e+38
2414.39 3.3592655275697645e+38
2415.01 3.369077401747599e+38
2415.64 3.3667354605861223e+38
2416.26 3.364579488594194e+38
2416.89 3.3624221582013915e+38
2417.52 3.3602734844962846e+38
2418.14 3.3579021322773838e+38
2418.77 3.3556396255458823e+38
2419.4 3.3531459291539698e+38
2420.02 3.351302138062139e+38
2420.65 3.3491016529926202e+38
2421.28 3.347018450992224e+38
2421.91 3.344646548820925e+38
2422.53 3.342690688798271e+38
2423.16 3.3400322783639116e+38
2423.79 3.3381274407455546e+38
2424.42 3.335992352444508e+38
2425.05 3.3336123623648767e+38
2425.68 3.331513529786258e+38
2426.3 3.329079554749436e+38
2426.93 3.3270407290913443e+38
2427.56 3.3247727818649884e+38
2428.19 3.322563672137886e+38
2428.82 3.32035582515611e+38
2429.45 3.318149239997821e+38
2430.08 3.315771911976369e+38
2430.71 3.3136252754357224e+38
2431.34 3.311250852074602e+38
2431.97 3.3083062032817324e+38
2432.6 3.306906628647615e+38
2433.23 3.3046590603037904e+38
2433.86 3.302358413746817e+38
2434.49 3.3002872044311378e+38
2435.12 3.2979323041145573e+38
2435.75 3.2957496502766634e+38
2436.39 3.293388342501051e+38
2437.02 3.2913219412858913e+38
2437.65 3.28931337031932e+38
2438.28 3.287022191342639e+38
2438.91 3.284392488043261e+38
2439.54 3.2827272467929785e+38
2440.18 3.280600509216613e+38
2440.81 3.2768454333917627e+38
2441.44 3.2752264255133207e+38
2442.07 3.2741707744278357e+38
2442.71 3.2720337215375406e+38
2443.34 3.2697947160457578e+38
2443.97 3.267331867717294e+38
2444.61 3.2654798688769737e+38
2445.24 3.26335713483303e+38
2445.88 3.2610574687496332e+38
2446.51 3.258881048456988e+38
2447.14 3.256817997871358e+38
2447.78 3.2540742066990448e+38
2448.41 3.2524055736969514e+38
2449.05 3.250168486705693e+38
2449.68 3.2479418819993705e+38
2450.32 3.244981305247709e+38
2450.95 3.239971269286258e+38
2451.59 3.2415294831279398e+38
2452.22 3.2393636308742526e+38
2452.86 3.2373006906051492e+38
2453.49 3.234970390854169e+38
2454.13 3.232909759997132e+38
2454.76 3.2307487674279577e+38
2455.4 3.228412988879983e+38
2456.04 3.2263557931387216e+38
2456.67 3.2241985162754904e+38
2457.31 3.2219188099420753e+38
2457.95 3.2197364203142154e+38
2458.58 3.2175651566814886e+38
2459.22 3.2153852035246357e+38
2459.86 3.2132064667051847e+38
2460.5 3.211139132752649e+38
2461.14 3.208797592788843e+38
2461.77 3.2058076119331247e+38
2462.41 3.2044036733507106e+38
2463.05 3.20212128835449e+38
2463.69 3.200004874296896e+38
2464.33 3.1979992110612614e+38
2464.96 3.195511489573808e+38
2465.6 3.1933995889823358e+38
2466.24 3.1912907156653433e+38
2466.88 3.189073701169093e+38
2467.52 3.1870217322926787e+38
2468.16 3.184807172918277e+38
2468.8 3.177531729641628e+38
2469.44 3.1804363873096327e+38
2470.08 3.17838886729665e+38
2470.72 3.176288013436073e+38
2471.36 3.174025337222973e+38
2472.0 3.1718183096788153e+38
2472.64 3.1697752256065462e+38
2473.28 3.1674622965005205e+38
2473.92 3.1654825006320116e+38
2474.56 3.163403293674582e+38
2475.21 3.1610993795806504e+38
2475.85 3.1590225587703076e+38
2476.49 3.1570007893955925e+38
2477.13 3.1549261321386843e+38
2477.77 3.152691004054073e+38
2478.42 3.154648384184144e+38
2479.06 3.148537793112338e+38
2479.7 3.1463602274546512e+38
2480.34 3.144237617594031e+38
2480.99 3.1422674190071523e+38
2481.63 3.1399862847670418e+38
2482.27 3.138074875346015e+38
2482.92 3.1359362658362254e+38
2483.56 3.1338621417089364e+38
2484.2 3.131682289711671e+38
2484.85 3.1293871369606598e+38
2485.49 3.1274765142805182e+38
2486.14 3.1253970418562793e+38
2486.78 3.1231688173215904e+38
2487.42 3.1211015100853268e+38
2488.07 3.1189722944930294e+38
2488.71 3.1168541119717047e+38
2489.36 3.114727247431821e+38
2490.0 3.1126114168247436e+38
2490.65 3.1105342751183432e+38
2491.29 3.108307616931607e+38
2491.94 3.106072338503064e+38
2492.59 3.1041025354934868e+38
2493.23 3.101932489966295e+38
2493.88 3.0993846066898993e+38
2494.52 3.066033959700184e+38
2495.17 3.0955152413889715e+38
2495.82 3.093497963578507e+38
2496.47 3.0912188849123608e+38
2497.11 3.0892663025859108e+38
2497.76 3.087357114324339e+38
2498.41 3.0852914518405168e+38
2499.05 3.0831407032034884e+38
2499.7 3.0810869369204226e+38
