WAVE FLUX
1000.04 4.2796209822324186e+39
1000.53 4.279980554506084e+39
1001.02 4.2634468479447435e+39
1001.51 4.2789280968067985e+39
1002.01 4.223091029588103e+39
1002.5 4.256980385488032e+39
1002.99 4.258707581776907e+39
1003.48 4.266708858945194e+39
1003.97 4.2625554898815307e+39
1004.46 4.2620300542378657e+39
1004.96 4.252698943513947e+39
1005.45 4.220034981926285e+39
1005.94 3.665069593241525e+39
1006.43 4.2001213131646184e+39
1006.93 4.186495568273327e+39
1007.42 4.20633444502411e+39
1007.92 3.827857067326929e+39
1008.41 4.2169166406708574e+39
1008.91 4.2155263528167634e+39
1009.4 4.231609089566059e+39
1009.9 4.008746184805183e+39
1010.39 3.330241424626942e+39
1010.89 4.204159382914561e+39
1011.38 3.9695777293489014e+39
1011.88 4.205635602134011e+39
1012.37 4.158008176516275e+39
1012.87 3.551693291523308e+39
1013.37 4.18960674863858e+39
1013.86 4.1813900183264615e+39
1014.36 4.1933896309379275e+39
1014.86 4.038377659026425e+39
1015.36 4.133021354954566e+39
1015.85 4.136500996143265e+39
1016.35 4.1283905573794696e+39
1016.85 4.083611362742251e+39
1017.35 3.915702164489586e+39
1017.85 3.6376402072162316e+39
1018.35 3.975497951603979e+39
1018.85 3.9749150259621964e+39
1019.35 4.014460758709514e+39
1019.85 3.957794834862715e+39
1020.35 3.874934653375079e+39
1020.85 3.958272021277204e+39
1021.35 3.885570892419979e+39
1021.85 3.900840904273338e+39
1022.35 3.89140204382069e+39
1022.85 3.846011549379788e+39
1023.35 3.8467763363327116e+39
1023.85 3.71517042902796e+39
1024.35 3.6584463242576737e+39
1024.86 3.41285314968015e+39
1025.36 1.630148340824404e+39
1025.86 1.4239637389307795e+39
1026.37 2.842881622126611e+39
1026.87 2.3429375262191272e+39
1027.37 2.1267438343493045e+39
1027.88 2.103848781138159e+39
1028.38 2.128014755780852e+39
1028.89 2.1769621458169745e+39
1029.39 2.2684803543191678e+39
1029.9 2.3925334428439778e+39
1030.4 2.5513644359478612e+39
1030.91 2.6686486122024088e+39
1031.41 3.1008749537262405e+39
1031.92 3.580817307031454e+39
1032.42 3.2734037936119284e+39
1032.93 2.6304475046591514e+39
1033.44 2.3786773010715172e+39
1033.94 2.3203844792270668e+39
1034.45 2.3797779168638632e+39
1034.96 2.4342579659066755e+39
1035.46 2.2606235216135994e+39
1035.97 2.8164748165183615e+39
1036.48 3.1260496287164744e+39
1036.99 3.095710065563028e+39
1037.5 4.4830533043822193e+39
1038.01 5.317953340331667e+39
1038.51 5.1881548950767626e+39
1039.02 4.904324207835435e+39
1039.53 4.664054377076601e+39
1040.04 4.5343613037404994e+39
1040.55 4.389467087828608e+39
1041.06 4.2762595083799995e+39
1041.57 4.166741873258778e+39
1042.08 4.1289382676771387e+39
1042.59 4.094583315670383e+39
1043.11 4.078855903687655e+39
1043.62 4.0645872287042074e+39
1044.13 4.073902209778381e+39
1044.64 4.077797205104772e+39
1045.15 4.075319566118239e+39
1045.67 4.0648947431097656e+39
1046.18 4.0559852961194156e+39
1046.69 4.0472813170652354e+39
1047.2 4.046961150706424e+39
1047.72 4.043853937274146e+39
1048.23 4.0429762677025725e+39
1048.75 4.04303085124155e+39
1049.26 4.041130899396937e+39
1049.78 4.037006382555105e+39
1050.29 4.0338103608628157e+39
1050.81 4.028025504656739e+39
1051.32 4.014301086064158e+39
1051.83 4.0145356638757736e+39
1052.35 4.006658647302847e+39
1052.87 3.994845775909524e+39
1053.38 3.996456629685888e+39
1053.9 3.990907709913874e+39
1054.42 3.985183881253991e+39
1054.93 3.978916590244003e+39
1055.45 3.932226953481975e+39
1055.97 3.900675234095576e+39
1056.49 3.959907942220926e+39
1057.01 3.951229117548534e+39
1057.52 3.9409352766479496e+39
1058.04 3.9326588241137056e+39
1058.56 3.9224152652569755e+39
1059.08 3.918048659118735e+39
1059.6 3.913506802043425e+39
1060.12 3.840030907648353e+39
1060.64 3.848032119040236e+39
1061.16 3.8489647697570225e+39
1061.68 3.8105390557301e+39
1062.2 3.831756538763902e+39
1062.72 2.3911503771142374e+39
1063.24 3.8463251638103635e+39
1063.76 3.8559340626180184e+39
1064.28 3.848099980890704e+39
1064.81 3.840990437948941e+39
1065.33 3.83830044396581e+39
1065.85 3.813631527266295e+39
1066.37 3.8382160940430375e+39
1066.9 3.838882184658642e+39
1067.42 3.836633952049167e+39
1067.94 3.765899059602164e+39
1068.47 3.839198165033612e+39
1068.99 3.774311661834249e+39
1069.52 3.831533242474552e+39
1070.04 3.7560541608382017e+39
1070.56 3.7945451972744303e+39
1071.09 3.838019023730757e+39
1071.61 3.829779140820367e+39
1072.14 3.78745012570547e+39
1072.67 3.7813197717665517e+39
1073.19 3.7803204699065186e+39
1073.72 3.7790631390516464e+39
1074.24 3.790591407202641e+39
1074.77 3.8065300602783513e+39
1075.3 3.814109013557743e+39
1075.82 3.823106903236505e+39
1076.35 3.8169181301120705e+39
1076.88 3.809512964764459e+39
1077.41 3.8022094202590425e+39
1077.94 3.7795966900316354e+39
1078.47 3.783292775700965e+39
1078.99 3.726367177335697e+39
1079.52 3.760747181694365e+39
1080.05 3.756557052492232e+39
1080.58 3.744788267475587e+39
1081.11 3.724313392896625e+39
1081.64 3.686028515384979e+39
1082.17 3.721403398980175e+39
1082.7 3.7089771685157594e+39
1083.23 3.6795521949038033e+39
1083.77 3.679681531410796e+39
1084.3 3.6635188874841486e+39
1084.83 3.2537604112818416e+39
1085.36 3.681415129922298e+39
1085.89 3.6768053058161117e+39
1086.43 3.6837014393551576e+39
1086.96 3.687046385117419e+39
1087.49 3.688443572373177e+39
1088.02 3.680184337659223e+39
1088.56 3.679973329348894e+39
1089.09 3.663554805330436e+39
1089.63 3.642017550095081e+39
1090.16 3.69535503999896e+39
1090.69 3.695650185211442e+39
1091.23 3.6311879650125093e+39
1091.77 3.713021337108983e+39
1092.3 3.708710781312936e+39
1092.84 3.716262970137439e+39
1093.37 3.7105833204249784e+39
1093.91 3.7296102306599146e+39
1094.44 3.732051470071673e+39
1094.98 3.7345823560562057e+39
1095.52 3.706486004623902e+39
1096.06 3.717620554731264e+39
1096.59 3.65184735832081e+39
1097.13 3.710358240330664e+39
1097.67 3.6567996373410214e+39
1098.21 3.668205042045228e+39
1098.74 3.696599623364125e+39
1099.28 3.691459449446851e+39
1099.82 3.676425151886231e+39
1100.36 3.6796771873925996e+39
1100.9 3.672449390485592e+39
1101.44 3.66565742075814e+39
1101.98 3.65014121736619e+39
1102.52 3.657403448321879e+39
1103.06 3.637654877156731e+39
1103.6 3.64547841997495e+39
1104.15 3.6184693317931415e+39
1104.69 3.63551474741754e+39
1105.23 3.629873474380385e+39
1105.77 3.629159383241146e+39
1106.31 3.627527911475627e+39
1106.85 3.622314839618669e+39
1107.4 3.6191073422482725e+39
1107.94 2.6973613139361036e+39
1108.48 3.39538379193544e+39
1109.03 3.6125666408029316e+39
1109.57 3.608700690010208e+39
1110.11 3.593421823465867e+39
1110.66 3.565647710666179e+39
1111.2 3.568879534747286e+39
1111.75 3.549281224855488e+39
1112.29 3.552987706745355e+39
1112.84 3.570379273044071e+39
1113.39 3.5613164161556206e+39
1113.93 3.550315191404401e+39
1114.48 3.5519008271728467e+39
1115.02 3.4621378135927157e+39
1115.57 3.537220616602757e+39
1116.12 3.40021839332625e+39
1116.67 3.483550717550545e+39
1117.21 3.423729416258192e+39
1117.76 3.4170008235365724e+39
1118.31 3.582391438215621e+39
1118.86 3.56419063223651e+39
1119.41 3.5350144329505697e+39
1119.95 3.535126749336306e+39
1120.5 3.516681307461079e+39
1121.05 3.49431388202023e+39
1121.6 3.491215094187612e+39
1122.15 3.494217560609812e+39
1122.7 3.4841442282818384e+39
1123.25 3.467637771711886e+39
1123.8 2.4461294963360994e+39
1124.36 3.44490220706672e+39
1124.91 3.332322103056153e+39
1125.46 3.445517896804143e+39
1126.01 3.446498813752206e+39
1126.56 3.439406860733062e+39
1127.11 3.4097626698796385e+39
1127.67 3.362167308103068e+39
1128.22 2.756117592773019e+39
1128.77 2.8762792988487784e+39
1129.33 3.482599223225712e+39
1129.88 3.4742342340837104e+39
1130.44 3.3888506871899154e+39
1130.99 3.452484049450009e+39
1131.54 3.4759234873848483e+39
1132.1 3.478113040876513e+39
1132.65 3.478782225803328e+39
1133.21 3.473939387737648e+39
1133.77 3.457719377067682e+39
1134.32 3.4659439057101705e+39
1134.88 3.476426178148654e+39
1135.43 3.4787725137082414e+39
1135.99 3.4728904976225917e+39
1136.55 3.467815260177119e+39
1137.1 3.4627453307087147e+39
1137.66 3.4582409704687216e+39
1138.22 3.4501720267003083e+39
1138.78 3.4480607973710915e+39
1139.34 3.359379070075993e+39
1139.9 3.342386729072301e+39
1140.45 3.4307535389962015e+39
1141.01 3.426605177241542e+39
1141.57 3.272835937864506e+39
1142.13 3.4161239821387834e+39
1142.69 3.411444177621228e+39
1143.25 3.405909407289886e+39
1143.81 3.399836419839863e+39
1144.38 3.35808381172387e+39
1144.94 3.3183678742102344e+39
1145.5 3.3892310709290554e+39
1146.06 3.387155602144068e+39
1146.62 3.385236881555097e+39
1147.18 3.382930292009525e+39
1147.75 3.3816372287231595e+39
1148.31 3.379410430212745e+39
1148.87 3.37423661719054e+39
1149.44 3.372636261704847e+39
1150.0 3.368323721747627e+39
1150.0 3.368323721747627e+39
1150.3 3.372407002385188e+39
1150.6 3.3713771329924046e+39
1150.89 3.3469558815776086e+39
1151.19 3.367535715107431e+39
1151.49 3.3685969771055244e+39
1151.79 3.3667167940835845e+39
1152.09 3.3642189767608254e+39
1152.39 3.359869117327807e+39
1152.69 3.332927428445725e+39
1152.98 3.365928029245711e+39
1153.28 3.363353377141908e+39
1153.58 3.3613216345443963e+39
1153.88 3.354661726618497e+39
1154.18 3.356490160950722e+39
1154.48 3.35777928188704e+39
1154.78 3.355982114242922e+39
1155.08 3.3525673327676707e+39
1155.38 3.35146605373409e+39
1155.68 3.350519100336204e+39
1155.98 3.301194131353223e+39
1156.28 3.349010694877292e+39
1156.57 3.3455240917738466e+39
1156.88 3.3452723359320157e+39
1157.18 3.3447880948059474e+39
1157.47 3.3424578259531805e+39
1157.78 3.340670137356391e+39
1158.07 3.2812163314943854e+39
1158.38 3.339011910769228e+39
1158.68 3.3369173485766103e+39
1158.97 3.328772784544782e+39
1159.28 3.334570876699461e+39
1159.58 3.3272748165913346e+39
1159.88 3.3310007244942365e+39
1160.18 3.324399976394661e+39
1160.48 3.304874483080617e+39
1160.78 3.3292466807813086e+39
1161.08 3.329146678881582e+39
1161.38 3.3288936200487895e+39
1161.68 3.3286405333076414e+39
1161.98 3.314341703844598e+39
1162.28 3.3275988795898455e+39
1162.58 3.32987032543062e+39
1162.89 3.3291596116370056e+39
1163.19 3.276155629473128e+39
1163.49 3.3211640250591305e+39
1163.79 3.3122215549639923e+39
1164.09 3.313644407969943e+39
1164.39 3.300092298713107e+39
1164.7 3.3086518569742214e+39
1165.0 3.2631666155282216e+39
1165.3 3.3010850276139386e+39
1165.6 3.255778888487006e+39
1165.9 3.195709322317216e+39
1166.21 3.2920757170831133e+39
1166.51 3.286986713057808e+39
1166.81 3.248213418229846e+39
1167.11 3.2708129617368116e+39
1167.42 3.242797876388141e+39
1167.72 3.1678623731319514e+39
1168.02 3.265110735939698e+39
1168.32 3.2583404416355815e+39
1168.63 3.198665958454709e+39
1168.93 2.5075356458450448e+39
1169.23 3.239082299258376e+39
1169.54 3.2247990057186693e+39
1169.84 3.229076340104745e+39
1170.14 3.219937423685085e+39
1170.44 3.183711286063432e+39
1170.75 3.2119828755360076e+39
1171.05 3.01311130715586e+39
1171.35 3.202647447923177e+39
1171.66 3.190797197001277e+39
1171.96 3.10319952831304e+39
1172.27 3.185255897772725e+39
1172.57 3.176386885699347e+39
1172.87 3.1683437047143046e+39
1173.18 3.167229644063573e+39
1173.48 3.1523925025505587e+39
1173.79 3.1513563928101396e+39
1174.09 3.1485819211007385e+39
1174.4 3.1496453199737314e+39
1174.7 3.14398091996449e+39
1175.0 2.1214333665159192e+39
1175.31 2.085825914023131e+39
1175.61 2.0400171761750952e+39
1175.92 2.0949139158367156e+39
1176.22 3.088156471285044e+39
1176.53 3.179370746206344e+39
1176.83 3.202813228326462e+39
1177.14 3.194116540349123e+39
1177.44 3.1852954453089133e+39
1177.75 3.1761353536670414e+39
1178.05 3.170713982390968e+39
1178.36 3.1525268968051434e+39
1178.66 3.16229777494131e+39
1178.97 3.149872260216897e+39
1179.27 3.166176533011942e+39
1179.58 3.168773748885007e+39
1179.89 3.1678767007064323e+39
1180.19 3.1729518370643403e+39
1180.5 3.1562744083859105e+39
1180.8 3.175748249525942e+39
1181.11 3.180545050194683e+39
1181.42 3.1645546198336135e+39
1181.72 3.173195347923009e+39
1182.03 3.188375813239747e+39
1182.33 3.1911358680697337e+39
1182.64 3.1688958339088984e+39
1182.95 2.6684217779411613e+39
1183.25 3.194437401480177e+39
1183.56 3.2001444910295214e+39
1183.87 3.199384926059725e+39
1184.17 3.2032582799424293e+39
1184.48 2.3497141879742816e+39
1184.79 3.185005993943317e+39
1185.09 3.21048059440837e+39
1185.4 3.1662015365151135e+39
1185.71 3.202253262126504e+39
1186.02 3.1957596934252945e+39
1186.32 3.194559143701533e+39
1186.63 3.1712746680638555e+39
1186.94 3.183883630804629e+39
1187.25 3.182469583554477e+39
1187.56 3.177987261813837e+39
1187.86 3.174457875375109e+39
1188.17 3.1704238928618564e+39
1188.48 3.156296642483766e+39
1188.79 3.1624435884339576e+39
1189.09 3.1561737884396734e+39
1189.4 3.1533944101650083e+39
1189.71 3.1506174387105054e+39
1190.02 3.1457457581534606e+39
1190.33 3.1241091147003724e+39
1190.64 3.1392695586921337e+39
1190.94 3.135350313395149e+39
1191.25 2.979256939762664e+39
1191.56 3.128104469131362e+39
1191.87 3.124487774441766e+39
1192.18 3.1202298361391914e+39
1192.49 3.115762836486827e+39
1192.8 3.112732453118022e+39
1193.11 3.0919623371892543e+39
1193.42 3.105038864767279e+39
1193.73 3.092055242646475e+39
1194.04 3.090680861009329e+39
1194.34 3.086467250385074e+39
1194.65 3.090274831262296e+39
1194.96 3.085495905982079e+39
1195.27 3.076691811026274e+39
1195.58 3.065939551293169e+39
1195.89 3.06070584798284e+39
1196.2 2.8439093707356084e+39
1196.51 3.037465774942408e+39
1196.82 3.035487907104888e+39
1197.13 3.016065708692387e+39
1197.44 3.0205496562623097e+39
1197.75 3.009095142985953e+39
1198.06 3.013014697740422e+39
1198.38 2.990300402950811e+39
1198.69 2.9982572918820367e+39
1199.0 2.980169026583048e+39
1199.31 3.0189480761615127e+39
1199.62 3.0066702492918707e+39
1199.93 3.0000208687766946e+39
1200.24 2.9711157540371954e+39
1200.55 2.982788302873945e+39
1200.86 2.965474586752874e+39
1201.17 2.96599544820588e+39
1201.48 2.9634506413954445e+39
1201.8 2.9484177661929834e+39
1202.11 2.6816215636524125e+39
1202.42 2.946202146739245e+39
1202.73 2.943877109684223e+39
1203.04 2.9383114673080907e+39
1203.35 2.917298797927441e+39
1203.67 2.929096871060198e+39
1203.98 2.924768476516743e+39
1204.29 2.914011833576637e+39
1204.6 2.913451737536932e+39
1204.92 2.906608711581613e+39
1205.23 2.897449446499214e+39
1205.54 2.875804018172012e+39
1205.85 2.881268928928367e+39
1206.16 2.871661706674543e+39
1206.48 2.196355812445117e+39
1206.79 2.86081441389139e+39
1207.1 2.8522582272398356e+39
1207.42 2.83928970274971e+39
1207.73 2.8365921690408255e+39
1208.04 2.827328887038391e+39
1208.35 2.818484492607645e+39
1208.67 2.805863709090904e+39
1208.98 2.805582291336906e+39
1209.29 2.7963567012376837e+39
1209.61 2.7761073221951294e+39
1209.92 2.7760201072131603e+39
1210.23 2.7623824266801445e+39
1210.55 2.7414976852390575e+39
1210.86 2.7326087047357177e+39
1211.18 2.7139438653207148e+39
1211.49 2.62881434003446e+39
1211.8 2.7058671480757244e+39
1212.12 2.6968472790051262e+39
1212.43 2.68434960895519e+39
1212.75 2.6574245597444738e+39
1213.06 2.6212382640025017e+39
1213.38 2.6567079085727308e+39
1213.69 2.6207127708924355e+39
1214.0 2.6219841969044554e+39
1214.32 2.6169394359126252e+39
1214.63 2.5910495011712356e+39
1214.95 2.5658315303876566e+39
1215.26 1.7486127647417046e+39
1215.58 1.7834276989107155e+39
1215.89 1.9374899661430625e+39
1216.21 2.774586496487252e+39
1216.52 2.759418554153198e+39
1216.84 2.7169820847784603e+39
1217.15 2.6606822659037792e+39
1217.47 2.751260636750418e+39
1217.79 2.549724922549855e+39
1218.1 2.763218087027097e+39
1218.42 2.757713087487488e+39
1218.73 2.5931046919723916e+39
1219.05 2.7782802348519704e+39
1219.36 2.781965079046192e+39
1219.68 2.784647854597695e+39
1220.0 2.724534951667618e+39
1220.31 2.778451113047726e+39
1220.63 2.8025305991453527e+39
1220.94 2.7288886590024617e+39
1221.26 2.5857193420355876e+39
1221.58 2.829379482976325e+39
1221.9 2.827699776383259e+39
1222.21 2.8265251056011814e+39
1222.53 2.848819601718449e+39
1222.84 2.801074118305984e+39
1223.16 2.733624130819592e+39
1223.48 2.8767939894536736e+39
1223.8 2.7103690747005137e+39
1224.11 2.9017702562121194e+39
1224.43 2.907347741109882e+39
1224.75 2.9152594680156893e+39
1225.06 2.924578938474246e+39
1225.38 2.927637926492562e+39
1225.7 2.8860015019587763e+39
1226.02 2.913638260612357e+39
1226.34 2.933540495087017e+39
1226.65 2.934511430377448e+39
1226.97 2.935093849073456e+39
1227.29 2.927970131002586e+39
1227.61 2.9331735064795575e+39
1227.93 2.9182449127635215e+39
1228.24 2.925153819938345e+39
1228.56 2.842866562883883e+39
1228.88 2.9412498420196766e+39
1229.2 2.9460570953945556e+39
1229.52 2.9293875383289014e+39
1229.84 2.903456615596909e+39
1230.16 2.950465367879147e+39
1230.47 2.7015572699657718e+39
1230.79 2.904487377103803e+39
1231.11 2.919875460422013e+39
1231.43 2.896294013069236e+39
1231.75 2.8692442459953124e+39
1232.07 2.837211939834643e+39
1232.39 2.81009417101198e+39
1232.71 2.790549494442689e+39
1233.03 2.697690858153551e+39
1233.35 2.513500974375206e+39
1233.67 2.4133866961000796e+39
1233.99 2.3711030265877737e+39
1234.31 2.3493086801126074e+39
1234.63 2.3112293299681802e+39
1234.95 2.311540764671913e+39
1235.27 2.2885539172745684e+39
1235.59 2.2717813571854348e+39
1235.91 2.2549856662473265e+39
1236.23 2.240862561803977e+39
1236.55 2.238737036769214e+39
1236.87 2.2516792867678644e+39
1237.19 2.2588854954470697e+39
1237.51 2.2561137205363134e+39
1237.83 2.276404552737569e+39
1238.15 2.3312469436238538e+39
1238.47 2.3977799134473767e+39
1238.79 2.1837206334085524e+39
1239.11 2.7743994005645273e+39
1239.44 2.7033838612581464e+39
1239.76 2.6429038713905308e+39
1240.08 2.558025666395448e+39
1240.4 2.526134984172961e+39
1240.72 2.4882168829888994e+39
1241.04 2.479662789771648e+39
1241.36 2.5106554724041955e+39
1241.69 2.5875228432694754e+39
1242.01 2.699556370267728e+39
1242.33 2.863356741263625e+39
1242.65 2.9810056293289015e+39
1242.97 3.6074052766101656e+39
1243.3 3.5497393186091086e+39
1243.62 3.447212454239133e+39
1243.94 3.3570028193979606e+39
1244.26 3.282082880746369e+39
1244.58 3.232878398611811e+39
1244.91 3.1734675600272563e+39
1245.23 3.1173522834410575e+39
1245.55 3.093060374244433e+39
1245.88 3.0625064565789154e+39
1246.2 3.029709044046364e+39
1246.52 3.009061698699192e+39
1246.84 2.977466267808845e+39
1247.17 2.980293589451546e+39
1247.49 2.4246505873612523e+39
1247.81 2.926025714680051e+39
1248.14 2.7117995287936274e+39
1248.46 2.941030461276892e+39
1248.79 2.944892866389395e+39
1249.11 2.942074105285118e+39
1249.43 2.9155776830020296e+39
1249.76 2.9352409967361916e+39
1250.08 2.9208887042688105e+39
1250.4 2.7741454701431714e+39
1250.73 2.8093893641676153e+39
1251.05 2.8744489954764035e+39
1251.38 2.921860372986412e+39
1251.7 2.9157554662648924e+39
1252.03 2.9095448029354594e+39
1252.35 2.9017614924864887e+39
1252.68 2.895256808140423e+39
1253.0 2.8985743615008304e+39
1253.32 2.9080052135466e+39
1253.65 2.766277804751956e+39
1253.97 2.8406855586981804e+39
1254.3 2.9117889015046023e+39
1254.62 2.909772932057419e+39
1254.95 2.8881844556044014e+39
1255.27 2.841217958720725e+39
1255.6 2.9022493457646736e+39
1255.93 2.903137988164231e+39
1256.25 2.9004092621790505e+39
1256.58 2.8406060007900726e+39
1256.9 2.896280558731322e+39
1257.23 2.8846974347498403e+39
1257.55 2.870300264666285e+39
1257.88 2.8766216409281545e+39
1258.2 2.8941601996504064e+39
1258.53 2.875171298181519e+39
1258.86 2.8186692872210626e+39
1259.18 2.878979988796549e+39
1259.51 2.8746571554456127e+39
1259.84 2.870147639102745e+39
1260.16 2.8620826821177393e+39
1260.49 2.873559941247381e+39
1260.82 2.854983309338355e+39
1261.14 2.8793764443050826e+39
1261.47 2.8787534732596164e+39
1261.8 2.819183720908491e+39
1262.12 2.876896331968706e+39
1262.45 2.875673302466819e+39
1262.78 2.874775006113968e+39
1263.11 2.873553352380062e+39
1263.43 2.870640033131285e+39
1263.76 2.8686451286781905e+39
1264.09 2.864521690223283e+39
1264.42 2.834113099098193e+39
1264.74 2.8583447628607653e+39
1265.07 2.858934807099714e+39
1265.4 2.850011410897045e+39
1265.73 2.805847112643845e+39
1266.06 2.794645308988095e+39
1266.38 2.753582212916414e+39
1266.71 2.847908919426853e+39
1267.04 2.853555697872621e+39
1267.37 2.832637893027929e+39
1267.7 2.853685422442665e+39
1268.03 2.8531082847139926e+39
1268.35 2.8580455792021606e+39
1268.68 2.8587529833525946e+39
1269.01 2.8472672577609114e+39
1269.34 2.8475886298057995e+39
1269.67 2.859653213336956e+39
1270.0 2.8497685371024226e+39
1270.33 2.828066858727455e+39
1270.66 2.7624891815781606e+39
1270.99 2.851078489713998e+39
1271.32 2.8501659396735545e+39
1271.65 2.846310099067138e+39
1271.97 2.826530544436978e+39
1272.31 2.869396500200426e+39
1272.63 2.844529454015612e+39
1272.96 2.8605340932709433e+39
1273.29 2.843094188539555e+39
1273.62 2.81140101520035e+39
1273.95 2.853874689436719e+39
1274.28 2.8366731487130694e+39
1274.61 2.8571053561457775e+39
1274.94 2.857458279443879e+39
1275.28 2.856921846017994e+39
1275.61 2.8552870455960424e+39
1275.94 2.8445732463049844e+39
1276.27 2.842819495325426e+39
1276.6 2.832919385690961e+39
1276.93 2.6324043432577836e+39
1277.26 2.8500075188708315e+39
1277.59 2.8419956413394125e+39
1277.92 2.84413324206869e+39
1278.25 2.77662024217713e+39
1278.58 2.8493066339740166e+39
1278.92 2.796495643631548e+39
1279.25 2.845402027013008e+39
1279.58 2.838922900145448e+39
1279.91 2.842255152666316e+39
1280.24 2.8399194339087253e+39
1280.57 2.834217399602046e+39
1280.91 2.8376153764551576e+39
1281.24 2.801878759059952e+39
1281.57 2.8247166306133974e+39
1281.9 2.8223349552293577e+39
1282.23 2.786432435607102e+39
1282.57 2.8334088525302464e+39
1282.9 2.8243064103418624e+39
1283.23 2.823999764565384e+39
1283.56 2.820718446710616e+39
1283.9 2.7850306802315084e+39
1284.23 2.734348213866829e+39
1284.56 2.801863666020714e+39
1284.9 2.809538888680937e+39
1285.23 2.7980001334864084e+39
1285.56 2.81521515300283e+39
1285.9 2.6988392100180468e+39
1286.23 2.7802473577171666e+39
1286.56 2.804113467409245e+39
1286.9 2.796360761838016e+39
1287.23 2.80369486025859e+39
1287.56 2.7683679636059366e+39
1287.9 2.7938034982838353e+39
1288.23 2.731495797323535e+39
1288.56 2.7879282287821986e+39
1288.9 2.771280163918733e+39
1289.23 2.7762981073180313e+39
1289.57 2.77636378318214e+39
1289.9 2.771896771252077e+39
1290.23 2.7715836553884245e+39
1290.57 2.7683696489304666e+39
1290.9 2.764411483518448e+39
1291.24 2.729694887724213e+39
1291.57 2.746322649117081e+39
1291.91 2.7559562782828116e+39
1292.24 2.7508351557207225e+39
1292.58 2.7497800842363264e+39
1292.91 2.74632669555417e+39
1293.25 2.725311788193856e+39
1293.58 2.738769251709882e+39
1293.92 2.730277199109792e+39
1294.25 2.729895115898357e+39
1294.59 2.4438193651741296e+39
1294.92 2.7212960235003344e+39
1295.26 2.6921332046523454e+39
1295.59 2.7094023155540985e+39
1295.93 2.715379903140299e+39
1296.27 2.5341519909100908e+39
1296.6 2.6278826062702298e+39
1296.94 2.7005184117849855e+39
1297.28 2.7186779988684356e+39
1297.61 2.6585599315033997e+39
1297.95 2.71608319377484e+39
1298.28 2.7170839983126854e+39
1298.62 2.715911574232506e+39
1298.96 2.2768067875328237e+39
1299.29 2.7161030097566175e+39
1299.63 2.7153547350671052e+39
1299.97 2.7152116247505633e+39
1300.3 2.710645423343631e+39
1300.64 2.65481436306939e+39
1300.98 2.5905973381885394e+39
1301.32 2.7077553239015153e+39
1301.65 2.706565862713554e+39
1301.99 2.7144352252989066e+39
1302.33 2.7098066360471496e+39
1302.67 2.7079588930949793e+39
1303.0 2.706347701672361e+39
1303.34 2.3515283320283975e+39
1303.68 2.70037431068153e+39
1304.02 2.7052096096330307e+39
1304.35 2.7052860222689053e+39
1304.69 2.7031369209321123e+39
1305.03 2.702487146936532e+39
1305.37 2.6975723700040132e+39
1305.71 2.6581520251372104e+39
1306.05 2.4583646718494948e+39
1306.38 2.7040925194852908e+39
1306.72 2.6871343296075454e+39
1307.06 2.7032736969352448e+39
1307.4 2.5001337999905256e+39
1307.74 2.7011331088832878e+39
1308.08 2.698922897522091e+39
1308.42 2.6949163110928024e+39
1308.76 2.6665002004112677e+39
1309.09 2.700684871852074e+39
1309.43 2.6945630916152545e+39
1309.77 2.6959378721731724e+39
1310.11 2.6644211027869662e+39
1310.45 2.7051765325552562e+39
1310.79 2.7058941490960972e+39
1311.13 2.6287321080561773e+39
1311.47 2.707389801269596e+39
1311.81 2.501297980313454e+39
1312.15 2.7099698675878046e+39
1312.49 2.7010057795358174e+39
1312.83 2.7099003317805732e+39
1313.17 2.7077284171313514e+39
1313.51 2.70512701890597e+39
1313.85 2.7096194425085237e+39
1314.19 2.7084557942953688e+39
1314.53 2.646475511828701e+39
1314.88 2.70192980070156e+39
1315.22 2.70761860368962e+39
1315.56 2.681504245872581e+39
1315.9 2.6939609249865367e+39
1316.24 2.700651287888394e+39
1316.58 2.7045332991287352e+39
1316.92 2.6936040534941055e+39
1317.26 2.699333071121003e+39
1317.6 2.695659543380732e+39
1317.94 2.6896533854007666e+39
1318.29 2.60436023640714e+39
1318.63 2.6811949037858705e+39
1318.97 2.6922594271202947e+39
1319.31 2.6342011666868775e+39
1319.65 2.6828954370838274e+39
1320.0 2.6848369031487523e+39
1320.34 2.549410362870661e+39
1320.68 2.6288509765193692e+39
1321.02 2.679869901952493e+39
1321.36 2.386751120264936e+39
1321.71 2.676252191039943e+39
1322.05 2.6758675734272864e+39
1322.39 2.6741658275290833e+39
1322.74 2.6714618057033763e+39
1323.08 2.6502963278611292e+39
1323.42 2.6664095739210096e+39
1323.76 2.6621158303920224e+39
1324.11 2.6595432597629597e+39
1324.45 2.6195435103525682e+39
1324.79 2.6563410855322723e+39
1325.14 2.659959531453441e+39
1325.48 2.6572676634763472e+39
1325.82 2.5853901848848694e+39
1326.17 2.6518970432721745e+39
1326.51 2.5925453259337414e+39
1326.85 2.6379726622254498e+39
1327.2 2.6357646930885333e+39
1327.54 2.6362405241992625e+39
1327.89 2.636486390573995e+39
1328.23 2.6318846171171958e+39
1328.58 2.6252009932604618e+39
1328.92 2.6217815186939938e+39
1329.27 2.6262109228838244e+39
1329.61 2.629246006688803e+39
1329.95 2.6222182645626793e+39
1330.3 2.581051912406772e+39
1330.64 2.6178882568490197e+39
1330.99 2.5819882636684067e+39
1331.33 2.5390038157438434e+39
1331.68 2.4318485576754124e+39
1332.02 2.6091163367364813e+39
1332.37 2.6020291977193287e+39
1332.71 2.6052592824729725e+39
1333.06 2.6003694750206515e+39
1333.41 2.599513038353991e+39
1333.75 2.5984234475273106e+39
1334.1 2.5910814680676105e+39
1334.44 2.4692578944554452e+39
1334.79 2.5900026832608135e+39
1335.13 2.587028441374676e+39
1335.48 2.5893783430672078e+39
1335.83 2.5127426482055684e+39
1336.17 2.5234762644894753e+39
1336.52 2.582616778242695e+39
1336.86 2.5411534886612457e+39
1337.21 2.5737709849847036e+39
1337.56 2.557716090512685e+39
1337.91 2.5411488374012644e+39
1338.25 2.518842354783575e+39
1338.6 1.734231829933266e+39
1338.94 2.601212906390639e+39
1339.29 2.5950036106824904e+39
1339.64 2.487773319384742e+39
1339.99 2.5917804039204003e+39
1340.33 2.5708806958635783e+39
1340.68 2.5908953962015207e+39
1341.03 2.5786560950544832e+39
1341.38 2.5912736134509723e+39
1341.72 2.5873096294550028e+39
1342.07 2.57423562282531e+39
1342.42 2.519097060325983e+39
1342.77 2.506883072240378e+39
1343.11 2.3987108269243024e+39
1343.46 1.7435703612147647e+39
1343.81 2.610793582623294e+39
1344.16 2.5999527778344606e+39
1344.51 2.5967189849126593e+39
1344.86 2.590794770468295e+39
1345.21 2.5890582682398126e+39
1345.55 2.4653743091243113e+39
1345.9 2.5846723989540154e+39
1346.25 2.578321937835781e+39
1346.6 2.583434777295499e+39
1346.95 2.5830729939518344e+39
1347.3 2.533506501072374e+39
1347.65 2.5752284505261886e+39
1348.0 2.571060217068945e+39
1348.35 2.581968384995907e+39
1348.7 2.5761949228444754e+39
1349.05 2.5779343070804378e+39
1349.4 2.577110989010795e+39
1349.74 2.5772529574830095e+39
1350.09 2.5665485172059502e+39
1350.44 2.5660125288789458e+39
1350.8 2.5751281373180086e+39
1351.15 2.5571402762510957e+39
1351.49 2.3360937426553184e+39
1351.84 2.5699339360460082e+39
1352.2 2.5716130067615053e+39
1352.55 2.56960005704704e+39
1352.9 2.5575756094541432e+39
1353.25 2.567902594603901e+39
1353.6 2.5611308795387173e+39
1353.95 2.5656798179427446e+39
1354.3 2.5633240473837035e+39
1354.65 2.5628933012167146e+39
1355.0 2.559127783762351e+39
1355.35 2.5479351839438686e+39
1355.7 2.5490818982342585e+39
1356.06 2.483187659784957e+39
1356.41 2.5500280498796162e+39
1356.76 2.5504437697941405e+39
1357.11 2.407380508688331e+39
1357.46 2.5404906829613157e+39
1357.81 2.4902618062199042e+39
1358.17 2.5404220092266317e+39
1358.52 2.4417383327568416e+39
1358.87 2.527383228680396e+39
1359.22 2.485575240496575e+39
1359.57 2.5345674763790584e+39
1359.93 2.530232854747694e+39
1360.28 2.5304198202154807e+39
1360.63 2.5259235681008552e+39
1360.98 2.5243284245505077e+39
1361.34 2.4684564959222808e+39
1361.69 2.3385945425941412e+39
1362.04 2.5245003302179596e+39
1362.4 2.5197932395262576e+39
1362.75 2.5027010002194295e+39
1363.1 2.200072100937657e+39
1363.46 2.4843758762680926e+39
1363.81 2.4484848323457757e+39
1364.16 2.5089907301426414e+39
1364.52 2.506351593592449e+39
1364.87 2.4214085427181628e+39
1365.22 2.4983794994441546e+39
1365.58 2.1632305466163216e+39
1365.93 2.4794342328005546e+39
1366.29 2.495062829635029e+39
1366.64 2.4909005471925995e+39
1366.99 2.4788699224757635e+39
1367.35 2.4738088346304815e+39
1367.7 2.442217112082122e+39
1368.06 2.3883078250516632e+39
1368.41 2.3394427358715008e+39
1368.77 2.309448555873224e+39
1369.12 2.2928469598402597e+39
1369.48 2.2813210423344008e+39
1369.83 2.282884329418099e+39
1370.19 2.296962964796921e+39
1370.54 2.330846935598778e+39
1370.9 2.3158142814117367e+39
1371.25 2.1823423184569594e+39
1371.61 2.6561415994166712e+39
1371.96 2.423010441171608e+39
1372.32 2.5926582017380764e+39
1372.67 2.4838112974663662e+39
1373.03 2.5318763578814935e+39
1373.39 2.5007255071981503e+39
1373.74 2.2426655800074224e+39
1374.1 2.1897841979371393e+39
1374.45 2.475916631837984e+39
1374.81 2.3376528816998246e+39
1375.17 2.468036880311963e+39
1375.52 2.467497116621937e+39
1375.88 2.462186061038254e+39
1376.23 2.376077527096604e+39
1376.59 2.449701122702995e+39
1376.95 2.4614784845669896e+39
1377.31 2.4612063494888735e+39
1377.66 2.4005311525150853e+39
1378.02 2.4302673412740707e+39
1378.38 2.4485084402565262e+39
1378.73 2.4348109793212028e+39
1379.09 2.338907175379204e+39
1379.45 2.4510357931292572e+39
1379.81 2.4539477253073477e+39
1380.16 2.249869336901549e+39
1380.52 2.452486009044443e+39
1380.88 2.452482607673256e+39
1381.24 2.4456373738217033e+39
1381.6 2.3935623805601077e+39
1381.95 2.450205020328171e+39
1382.31 2.4443878491324348e+39
1382.67 2.44739644298481e+39
1383.03 2.4468004803696637e+39
1383.39 2.444591223666491e+39
1383.75 2.4374479416026558e+39
1384.1 2.3337054064618675e+39
1384.46 2.4382963867294e+39
1384.82 2.4328301749800935e+39
1385.18 2.4279105908325693e+39
1385.54 2.422466337495195e+39
1385.9 2.4215014874105326e+39
1386.26 2.3921958983907202e+39
1386.62 2.4233517598915032e+39
1386.98 2.397075664224304e+39
1387.34 2.3664699463432203e+39
1387.7 2.4082009549235672e+39
1388.06 2.336269152601005e+39
1388.42 2.4001061363068446e+39
1388.78 2.4086042956030737e+39
1389.14 2.4071162109286854e+39
1389.49 2.4036730985049478e+39
1389.85 2.4003408462043518e+39
1390.21 2.396109862841245e+39
1390.58 2.386535512557172e+39
1390.94 2.3057550480414943e+39
1391.3 2.387393824086126e+39
1391.66 2.3843908369947453e+39
1392.02 2.3784132052716383e+39
1392.38 2.3668332281398787e+39
1392.74 2.3733205819295696e+39
1393.1 2.2345117950121006e+39
1393.46 2.3405461854386134e+39
1393.82 1.609026643649577e+39
1394.18 2.3132630260838945e+39
1394.55 2.329179770677936e+39
1394.91 2.366819622550069e+39
1395.27 2.3604192942745968e+39
1395.63 2.3624729663887973e+39
1395.99 2.3203357189196628e+39
1396.35 2.357720698215161e+39
1396.72 2.356305595583781e+39
1397.08 2.2310123268592953e+39
1397.44 2.3420411319771442e+39
1397.8 2.314855972194705e+39
1398.16 2.0813983070209428e+39
1398.53 2.3539864979347383e+39
1398.89 2.3156121213519777e+39
1399.25 2.352345376309824e+39
1399.61 2.3511358536784673e+39
1399.98 2.282496779917869e+39
1400.34 2.318574113852192e+39
1400.7 2.2800546540165323e+39
1401.07 2.30353495866436e+39
1401.43 2.3485486412724067e+39
1401.79 2.3457452060228504e+39
1402.16 2.3282447035786125e+39
1402.52 2.3229187234649356e+39
1402.88 1.6962686009614385e+39
1403.25 2.2258051026777652e+39
1403.61 2.350731437790167e+39
1403.97 2.3436017616587995e+39
1404.34 2.329281123689432e+39
1404.7 2.343346806100179e+39
1405.06 2.3485706367044994e+39
1405.43 2.338830081519212e+39
1405.79 2.3468213928654962e+39
1406.16 2.340473910488798e+39
1406.52 2.3059156863112156e+39
1406.89 2.109737011772055e+39
1407.25 1.934534786493351e+39
1407.62 2.340784918121299e+39
1407.98 2.3373225246260776e+39
1408.35 2.345411405095204e+39
1408.71 2.228532225120567e+39
1409.08 2.062140722032672e+39
1409.44 1.8244853115140616e+39
1409.81 2.1325608378349094e+39
1410.17 2.333321601977093e+39
1410.54 2.3397507657334165e+39
1410.9 2.3391586928758308e+39
1411.27 2.3320636909632488e+39
1411.64 2.2436917868727263e+39
1412.0 2.3338505542077887e+39
1412.37 2.337203555132894e+39
1412.73 2.3371244262891234e+39
1413.1 2.336533478018325e+39
1413.46 2.334199158747784e+39
1413.83 2.3360640077242952e+39
1414.2 2.3274450825417983e+39
1414.56 2.2762238044440275e+39
1414.93 2.3235106042400808e+39
1415.3 2.2982097396439532e+39
1415.67 2.3297249916108187e+39
1416.03 2.3254591316766002e+39
1416.4 2.3290007198396844e+39
1416.77 2.3263682007689187e+39
1417.13 2.3206839276318127e+39
1417.5 2.3251350281648967e+39
1417.87 2.316913870408233e+39
1418.23 2.2932406531433285e+39
1418.6 2.316640900901425e+39
1418.97 2.3184347223394066e+39
1419.34 2.3158604602611332e+39
1419.71 2.305394398877461e+39
1420.07 2.1512107168798103e+39
1420.44 2.1085168242264542e+39
1420.81 2.2966183377151238e+39
1421.18 2.1812985613662606e+39
1421.55 2.3028973975694924e+39
1421.92 2.29993786755359e+39
1422.28 2.2999529153250087e+39
1422.65 2.290515326218674e+39
1423.02 2.3008405091082336e+39
1423.39 2.3028227425318206e+39
1423.76 2.302636209262115e+39
1424.13 2.2999791115724324e+39
1424.5 2.250080581274036e+39
1424.87 2.2973403321564393e+39
1425.23 2.300376895155654e+39
1425.6 2.299384189094102e+39
1425.97 2.2923075845044546e+39
1426.34 2.2160090563794983e+39
1426.71 2.2893767928123677e+39
1427.08 2.297027184542957e+39
1427.45 2.1675331412573222e+39
1427.82 2.140878941282217e+39
1428.19 2.1944818266300218e+39
1428.56 2.2391386234842822e+39
1428.93 2.1347130343100983e+39
1429.3 2.2568749437291042e+39
1429.68 2.2893386645938963e+39
1430.05 2.2841935073955155e+39
1430.42 2.183893530341281e+39
1430.79 2.180950271025252e+39
1431.16 2.283733786847353e+39
1431.53 2.2786017459374636e+39
1431.9 2.2385242609176352e+39
1432.27 2.2809234569390215e+39
1432.64 2.2800840100065902e+39
1433.01 2.25497512570682e+39
1433.38 2.2791045627835618e+39
1433.76 2.27686951126865e+39
1434.13 2.2777764697454397e+39
1434.5 2.2441822123833898e+39
1434.87 2.272862763308815e+39
1435.24 2.202819376367511e+39
1435.61 2.274274994369313e+39
1435.99 2.272990031310935e+39
1436.36 2.2715563345077036e+39
1436.73 2.2678881483242167e+39
1437.1 2.2609557755316207e+39
1437.48 2.2412075279650095e+39
1437.85 2.263245476726621e+39
1438.22 2.2659283064646103e+39
1438.59 2.2623159741118127e+39
1438.97 2.244223872024777e+39
1439.34 2.2658465207702848e+39
1439.71 2.2525501074779953e+39
1440.09 2.2642216729928246e+39
1440.46 1.952239394811014e+39
1440.83 2.1137188346751462e+39
1441.21 2.2387154684603103e+39
1441.58 2.259738029184141e+39
1441.95 2.256531158678587e+39
1442.33 2.2446183094054345e+39
1442.7 2.2407966650247808e+39
1443.07 2.233461111224218e+39
1443.45 2.2258101248115957e+39
1443.82 2.2523176467571302e+39
1444.2 2.2472524342374274e+39
1444.57 2.2494229776469822e+39
1444.95 2.199562788731569e+39
1445.32 2.245794773168514e+39
1445.69 2.2077629444393303e+39
1446.07 2.2412896558495094e+39
1446.44 2.2022785708738565e+39
1446.82 2.23200095825752e+39
1447.19 2.2345923863544983e+39
1447.57 2.219008756228303e+39
1447.94 2.2110673994663275e+39
1448.32 2.23464747311756e+39
1448.69 2.2076898698975556e+39
1449.07 2.1833630388489543e+39
1449.45 2.2222721890366438e+39
1449.82 2.1647023761460507e+39
1450.2 2.208807425922296e+39
1450.57 2.2206741638043192e+39
1450.95 2.2154372588307224e+39
1451.33 2.2148576227717607e+39
1451.7 2.2199493684531638e+39
1452.08 2.2151001531945798e+39
1452.45 2.1974944352451342e+39
1452.83 2.194806323433366e+39
1453.21 2.2178146172653614e+39
1453.58 1.9372080266087693e+39
1453.96 2.1776552616629624e+39
1454.34 2.1949977383552925e+39
1454.71 1.9327960090808204e+39
1455.09 2.2129694938944784e+39
1455.47 2.059780470039585e+39
1455.85 2.20297594963422e+39
1456.22 1.9463034958606057e+39
1456.6 2.2025394941534083e+39
1456.98 2.204994060236845e+39
1457.36 2.171374324464085e+39
1457.73 1.9623305143941317e+39
1458.11 2.1988727233958396e+39
1458.49 2.1638377908512625e+39
1458.87 2.192675674691154e+39
1459.24 1.9486433882767565e+39
1459.62 2.1698873703533917e+39
1460.0 2.1901285584366595e+39
1460.38 2.1755772740537976e+39
1460.76 1.922626556969604e+39
1461.14 2.180329255320675e+39
1461.52 2.1781335154218186e+39
1461.9 2.1811285537125477e+39
1462.27 2.1601167676323507e+39
1462.65 1.8178879372314932e+39
1463.03 2.1745929236668142e+39
1463.41 2.1753951783451605e+39
1463.79 2.1567945210103373e+39
1464.17 2.1018192545211173e+39
1464.55 2.1384954420141654e+39
1464.93 2.0974576551694615e+39
1465.31 2.026089858759349e+39
1465.69 2.164268473927525e+39
1466.07 2.1657283882238563e+39
1466.45 2.14721315061913e+39
1466.83 2.1479098566260958e+39
1467.21 2.158765806075393e+39
1467.59 2.1600797089054547e+39
1467.97 2.1556898809377798e+39
1468.35 2.155306471495589e+39
1468.73 2.145953929985922e+39
1469.11 2.142903659398869e+39
1469.49 2.153215709560641e+39
1469.87 2.134532220167055e+39
1470.25 2.1261092372920773e+39
1470.64 2.148638226429232e+39
1471.02 2.1436676815778686e+39
1471.4 2.130279285581085e+39
1471.78 2.1369861399225992e+39
1472.16 1.9961492178546138e+39
1472.54 1.8652228900387378e+39
1472.92 2.1442305014807515e+39
1473.31 2.1432008537647176e+39
1473.69 2.1432009011344582e+39
1474.07 2.1413767283208403e+39
1474.45 2.1404418453491284e+39
1474.83 2.1383399335491604e+39
1475.21 2.1363334194745606e+39
1475.6 1.932857120317056e+39
1475.98 2.1432484065717622e+39
1476.36 2.134191865622448e+39
1476.74 2.144515740757539e+39
1477.13 2.1469069603309002e+39
1477.51 2.091923257903676e+39
1477.89 2.1322425977398922e+39
1478.28 2.0401573073846266e+39
1478.66 2.137605201516632e+39
1479.04 2.1349483598587163e+39
1479.43 1.8697977476871328e+39
1479.81 2.1274614532933618e+39
1480.19 2.1228247207234947e+39
1480.58 2.121436662689611e+39
1480.96 2.1204638858128e+39
1481.34 2.1140869891572732e+39
1481.73 2.1118266022194143e+39
1482.11 2.11653018772725e+39
1482.5 2.1153282345758827e+39
1482.88 2.1143115120513738e+39
1483.27 2.0263427649265238e+39
1483.65 2.112417691280219e+39
1484.03 2.097218752023479e+39
1484.42 2.091690288420109e+39
1484.8 2.1086367350738508e+39
1485.19 2.0912761036394177e+39
1485.57 2.1060126103114654e+39
1485.96 2.0784521563375997e+39
1486.34 2.1015991921692024e+39
1486.73 2.082434977235396e+39
1487.11 2.1029207538188587e+39
1487.5 2.1017242284148342e+39
1487.89 2.0782499660861125e+39
1488.27 2.0991043595092978e+39
1488.66 2.0980014863883894e+39
1489.04 2.0914189001994065e+39
1489.43 2.0903657514605192e+39
1489.81 2.0240353389555314e+39
1490.2 1.9477044127983558e+39
1490.59 2.0808484366948835e+39
1490.97 2.0914444392082836e+39
1491.36 2.090119898871157e+39
1491.75 2.0880675697564894e+39
1492.13 2.085971895510282e+39
1492.52 2.0855601190510523e+39
1492.91 2.0848301628780807e+39
1493.29 2.0843731544146265e+39
1493.68 1.9644203828956794e+39
1494.07 2.0800098884376532e+39
1494.45 2.0588095949524365e+39
1494.84 2.065637177690832e+39
1495.23 2.0498977269511155e+39
1495.62 2.033353875084613e+39
1496.01 2.0752800832151463e+39
1496.39 2.07228936578706e+39
1496.78 2.0714689585032916e+39
1497.17 2.0690247766237814e+39
1497.56 2.0405016953212216e+39
1497.94 1.9193280692411305e+39
1498.33 2.065172710896159e+39
1498.72 1.9940314692873295e+39
1499.11 2.0207969709945346e+39
1499.5 2.0544223555811292e+39
1499.89 2.0479351756750606e+39
1500.28 2.0298556685646827e+39
1500.66 2.0290094904583376e+39
1501.05 2.0015060999280185e+39
1501.44 1.994851169991166e+39
1501.83 1.596643377903727e+39
1502.22 2.036914114070182e+39
1502.61 2.0484321832301527e+39
1503.0 2.0432579518222026e+39
1503.39 2.038097460275766e+39
1503.78 2.03569717399783e+39
1504.17 2.034495616083791e+39
1504.56 1.9905209936706686e+39
1504.95 2.0365688039617783e+39
1505.34 2.0299225514845437e+39
1505.73 2.007463426717749e+39
1506.12 2.0278763767022428e+39
1506.51 2.027294756767178e+39
1506.9 2.0170743131142535e+39
1507.29 2.0220779567979166e+39
1507.68 2.0186837009496628e+39
1508.07 2.015646330150368e+39
1508.46 2.0144104024096645e+39
1508.85 2.0014692690195302e+39
1509.24 2.0077420179782827e+39
1509.64 2.0024982924428876e+39
1510.03 2.0038848738992364e+39
1510.42 2.0013060255821623e+39
1510.81 1.9987301938955182e+39
1511.2 1.9588829074771065e+39
1511.59 1.985021781898319e+39
1511.98 1.9892479303226317e+39
1512.38 1.9847445227010768e+39
1512.77 1.933987002232809e+39
1513.16 1.9874474434405443e+39
1513.55 1.9712134324213766e+39
1513.94 1.9875155301885263e+39
1514.34 1.989322413330593e+39
1514.73 1.9896160290393708e+39
1515.12 1.9893903463167417e+39
1515.52 1.9807036421687765e+39
1515.91 1.9846607691767586e+39
1516.3 1.9822788448107095e+39
1516.69 1.907339009652262e+39
1517.09 1.988217518174399e+39
1517.48 1.987602520394432e+39
1517.87 1.9758280774244472e+39
1518.27 1.9856384504274696e+39
1518.66 1.9795494323524678e+39
1519.05 1.8250513204878545e+39
1519.45 1.981553664862787e+39
1519.84 1.9827506961188613e+39
1520.23 1.981490686773291e+39
1520.63 1.8641087081068506e+39
1521.02 1.978671795427477e+39
1521.42 1.976640548584662e+39
1521.81 1.9776624463909225e+39
1522.21 1.9767064188525047e+39
1522.6 1.9758370071326478e+39
1522.99 1.9748820700378248e+39
1523.39 1.9727688817204168e+39
1523.79 1.9723725415334628e+39
1524.18 1.9615446346294786e+39
1524.57 1.9668713318188733e+39
1524.97 1.952422856058247e+39
1525.36 1.9010868910126273e+39
1525.76 1.9584360447611025e+39
1526.16 1.9515841452597135e+39
1526.55 1.9593489860302804e+39
1526.95 1.9517724319775133e+39
1527.34 1.9484979583152463e+39
1527.74 1.8925410746320456e+39
1528.14 1.9426407112563404e+39
1528.53 1.924572075236168e+39
1528.93 1.933481876169198e+39
1529.32 1.944124442993899e+39
1529.72 1.941537557280233e+39
1530.12 1.8025818286174926e+39
1530.51 1.9010969134135736e+39
1530.91 1.935143556510987e+39
1531.31 1.9031381953907458e+39
1531.7 1.919471662329676e+39
1532.1 1.912225400455464e+39
1532.5 1.88347776422338e+39
1532.9 1.785675486284512e+39
1533.29 1.8024191267663922e+39
1533.69 1.910897925503111e+39
1534.09 1.916702994078224e+39
1534.48 1.9156528406144624e+39
1534.88 1.8953401006269753e+39
1535.28 1.9129307723598557e+39
1535.68 1.8884657950741526e+39
1536.08 1.9115811705215514e+39
1536.47 1.9051097050747387e+39
1536.87 1.90266127086693e+39
1537.27 1.8313226589437427e+39
1537.67 1.904208722522851e+39
1538.07 1.8889738516428078e+39
1538.47 1.898987624166194e+39
1538.86 1.8471289812037483e+39
1539.26 1.8872207623380013e+39
1539.66 1.8850415402604445e+39
1540.06 1.8622437734580914e+39
1540.46 1.851851562548152e+39
1540.86 1.822365921536183e+39
1541.26 1.7805569570945296e+39
1541.66 1.7311584669314245e+39
1542.06 1.67274683239329e+39
1542.46 1.6693576901076457e+39
1542.86 1.665223416043171e+39
1543.26 1.6709557935210366e+39
1543.66 1.659840624293224e+39
1544.06 1.6595455370590977e+39
1544.46 1.5716846603019195e+39
1544.86 1.561008064588404e+39
1545.26 1.6611236072361588e+39
1545.66 1.659257231005e+39
1546.06 1.670277352750456e+39
1546.46 1.644144911713703e+39
1546.86 1.6761240526789345e+39
1547.26 1.6723294553774947e+39
1547.66 1.6599519350664966e+39
1548.06 1.3368875373258012e+39
1548.47 1.825405000712355e+39
1548.87 1.8119724944042856e+39
1549.27 1.8135294053680785e+39
1549.67 1.817957166429683e+39
1550.07 1.8207012316199093e+39
1550.47 1.8200982438048627e+39
1550.88 1.54793318250124e+39
1551.28 2.0441626306423886e+39
1551.68 2.0153240931845674e+39
1552.08 1.970045554821458e+39
1552.48 1.9677255726705658e+39
1552.89 1.948053198971218e+39
1553.29 1.8399628572468583e+39
1553.69 1.9158081863188735e+39
1554.09 1.8949164427464204e+39
1554.5 1.8903914998468472e+39
1554.9 1.838776292051129e+39
1555.3 1.8562985024552713e+39
1555.71 1.8696557254833678e+39
1556.11 1.8500585782888803e+39
1556.51 1.8419329693732345e+39
1556.92 1.8524669284986022e+39
1557.32 1.7448754167260987e+39
1557.72 1.8531657749598688e+39
1558.13 1.8127695847273413e+39
1558.53 1.8512948358286433e+39
1558.93 1.8446565809111612e+39
1559.34 1.8285937831556115e+39
1559.74 1.8488725968750668e+39
1560.15 1.807594283564083e+39
1560.55 1.8190994100287725e+39
1560.96 1.8473727144550975e+39
1561.36 1.7805320898790115e+39
1561.77 1.844867097190174e+39
1562.17 1.8437520468566088e+39
1562.57 1.8417595979187052e+39
1562.98 1.844477767720885e+39
1563.39 1.8437213650188002e+39
1563.79 1.8137462865315983e+39
1564.19 1.8174435615334096e+39
1564.6 1.793652073380629e+39
1565.01 1.8416176915097814e+39
1565.41 1.840942899838521e+39
1565.82 1.8298919530136776e+39
1566.22 1.7746398315917837e+39
1566.63 1.787155482613884e+39
1567.04 1.8121157660716047e+39
1567.44 1.8384830498699817e+39
1567.85 1.8370102118254166e+39
1568.25 1.6245731795038437e+39
1568.66 1.785996566089559e+39
1569.07 1.8349435939631285e+39
1569.47 1.8326007123183287e+39
1569.88 1.8336334250169717e+39
1570.29 1.8225849385275115e+39
1570.69 1.8272104711706457e+39
1571.1 1.8306574172212976e+39
1571.51 1.8301021610886403e+39
1571.92 1.7823638087802066e+39
1572.32 1.8024143416464607e+39
1572.73 1.8160465580074597e+39
1573.14 1.8270160386247563e+39
1573.55 1.826581967193617e+39
1573.95 1.8259510839678382e+39
1574.36 1.8253194350124315e+39
1574.77 1.7296977904377938e+39
1575.18 1.7315278754349487e+39
1575.59 1.7535842328211984e+39
1575.99 1.7937046237101538e+39
1576.4 1.7692718532380286e+39
1576.81 1.7993826513120717e+39
1577.22 1.7471533118572938e+39
1577.63 1.8126389367800898e+39
1578.04 1.7419844032551747e+39
1578.45 1.814284598557577e+39
1578.86 1.8107885571360603e+39
1579.27 1.8019069401451053e+39
1579.68 1.652067995389082e+39
1580.08 1.8096067756694724e+39
1580.49 1.808507399896989e+39
1580.9 1.7711998620896257e+39
1581.31 1.790579380707695e+39
1581.72 1.8031422333182036e+39
1582.13 1.8031787077563008e+39
1582.54 1.7956561405181384e+39
1582.95 1.7986507239506184e+39
1583.36 1.7986108673163687e+39
1583.77 1.781405400260089e+39
1584.18 1.7918455241073208e+39
1584.59 1.7722522900856517e+39
1585.01 1.7062630028044883e+39
1585.42 1.7938206514646568e+39
1585.83 1.7107192270860326e+39
1586.24 1.7823986919661808e+39
1586.65 1.792031033129685e+39
1587.06 1.7909047685912697e+39
1587.47 1.7679501929198113e+39
1587.88 1.7886155232920614e+39
1588.3 1.7874514073718926e+39
1588.71 1.784858639257751e+39
1589.12 1.7845861979795994e+39
1589.53 1.782267663897376e+39
1589.94 1.7644966963632454e+39
1590.35 1.782533524867756e+39
1590.77 1.780563406844743e+39
1591.18 1.777595766224918e+39
1591.59 1.7613961694763972e+39
1592.0 1.665979378013372e+39
1592.42 1.777164401245516e+39
1592.83 1.7770849955061768e+39
1593.24 1.77412296108874e+39
1593.66 1.7544956200112342e+39
1594.07 1.769664958817174e+39
1594.48 1.772612431167829e+39
1594.89 1.733777072539767e+39
1595.31 1.762770640799772e+39
1595.72 1.7650181439694453e+39
1596.14 1.7674972224870925e+39
1596.55 1.7658485031172145e+39
1596.96 1.7633997200807635e+39
1597.38 1.7524395178624613e+39
1597.79 1.760872358912098e+39
1598.2 1.7587349684824795e+39
1598.62 1.7356386554715777e+39
1599.03 1.7561768105373257e+39
1599.45 1.7544243240652874e+39
1599.86 1.733710596996052e+39
1600.28 1.7489191490435976e+39
1600.69 1.747666437215053e+39
1601.11 1.745846969337734e+39
1601.52 1.73635262969167e+39
1601.94 1.7164555111892478e+39
1602.35 1.742775247532753e+39
1602.77 1.7399820090267687e+39
1603.18 1.5244587995044707e+39
1603.6 1.7364370373408873e+39
1604.01 1.7368829446443368e+39
1604.43 1.731440749051038e+39
1604.84 1.6476697641149132e+39
1605.26 1.7323317861136388e+39
1605.68 1.7300810982451935e+39
1606.09 1.7276849562537542e+39
1606.51 1.7252539133362994e+39
1606.93 1.7149122424721396e+39
1607.34 1.7261783477231942e+39
1607.76 1.703711524461728e+39
1608.18 1.718683622663482e+39
1608.59 1.721952562241175e+39
1609.01 1.5582743805085677e+39
1609.43 1.7149207216775638e+39
1609.84 1.563352524958905e+39
1610.26 1.641598424952626e+39
1610.68 1.71671832336057e+39
1611.09 1.6993261991784472e+39
1611.51 1.7144058195176577e+39
1611.93 1.692899260049563e+39
1612.35 1.7118361828648952e+39
1612.77 1.6641485247360344e+39
1613.18 1.7082740813838235e+39
1613.6 1.7004945687396224e+39
1614.02 1.5596001826246523e+39
1614.44 1.7053004292057914e+39
1614.86 1.6950058483057003e+39
1615.28 1.6236601477741154e+39
1615.69 1.684515598991012e+39
1616.11 1.6767049284453802e+39
1616.53 1.6990099079727188e+39
1616.95 1.6864213349274038e+39
1617.37 1.696756237696097e+39
1617.79 1.6854949192346945e+39
1618.21 1.6945420206173454e+39
1618.63 1.680788967105973e+39
1619.05 1.691855227550929e+39
1619.47 1.6875757107991174e+39
1619.89 1.688369863802573e+39
1620.31 1.6353888731278057e+39
1620.73 1.6479134895212193e+39
1621.15 1.5532769911076184e+39
1621.57 1.531146287383612e+39
1621.99 1.6843608428530474e+39
1622.41 1.6766572444961003e+39
1622.83 1.681945573273588e+39
1623.25 1.6708940542637236e+39
1623.67 1.6523062645341915e+39
1624.09 1.6281357328778523e+39
1624.51 1.6775235864495027e+39
1624.93 1.58828255150965e+39
1625.35 1.647999826997462e+39
1625.78 1.6737701750060427e+39
1626.2 1.6539312493623403e+39
1626.62 1.673572643748657e+39
1627.04 1.6716493782370792e+39
1627.46 1.6225961729764423e+39
1627.88 1.670405128161234e+39
1628.31 1.6640222558377645e+39
1628.73 1.6707115714966842e+39
1629.15 1.5633318599272464e+39
1629.57 1.6697561342837027e+39
1629.99 1.6683052927342907e+39
1630.42 1.6537330149302153e+39
1630.84 1.6678901797792585e+39
1631.26 1.6670172761836233e+39
1631.68 1.554854045315866e+39
1632.11 1.571618770803785e+39
1632.53 1.6562965311367026e+39
1632.95 1.6651466824212492e+39
1633.38 1.6647054115917544e+39
1633.8 1.6616072814177573e+39
1634.22 1.660450488153816e+39
1634.65 1.637868667103491e+39
1635.07 1.661759237689786e+39
1635.49 1.6590605788345198e+39
1635.92 1.6568662517035075e+39
1636.34 1.6563563015840332e+39
1636.77 1.6558801694617405e+39
1637.19 1.6518698229268504e+39
1637.61 1.615585657089536e+39
1638.04 1.6309092129363443e+39
1638.46 1.5491003245061964e+39
1638.89 1.6297259973736488e+39
1639.31 1.5915203042639568e+39
1639.74 1.6118395016862135e+39
1640.16 1.45436404903862e+39
1640.59 1.4803078508155097e+39
1641.01 1.6704710389010862e+39
1641.44 1.65901972951603e+39
1641.86 1.530070856518698e+39
1642.29 1.6474654173875255e+39
1642.71 1.6264666541075224e+39
1643.14 1.6435738665780127e+39
1643.57 1.641329793609093e+39
1643.99 1.610065455786967e+39
1644.42 1.638690774820056e+39
1644.84 1.6351478562236995e+39
1645.27 1.6265838274112285e+39
1645.7 1.6248194470818114e+39
1646.12 1.6339542049747318e+39
1646.55 1.6325336912688313e+39
1646.98 1.6171994623843398e+39
1647.41 1.6297290857361838e+39
1647.83 1.6284109151645822e+39
1648.26 1.6267413643932418e+39
1648.69 1.621815003953321e+39
1649.11 1.6202584596557423e+39
1649.54 1.6172706730786457e+39
1649.97 1.610253702524945e+39
1650.4 1.6203074612153426e+39
1650.82 1.618402803625747e+39
1651.25 1.6181046409149116e+39
1651.68 1.6047006515981493e+39
1652.11 1.6146136785501637e+39
1652.54 1.5935580633484006e+39
1652.96 1.5265121864738475e+39
1653.39 1.5256061487607544e+39
1653.82 1.610502530551262e+39
1654.25 1.6053142968079884e+39
1654.68 1.5816551893158636e+39
1655.11 1.606765810825548e+39
1655.54 1.6032145005504802e+39
1655.96 1.6036807020223147e+39
1656.39 1.6054961998009353e+39
1656.82 1.6018783286597156e+39
1657.25 1.6035878243288783e+39
1657.68 1.5831216397102592e+39
1658.11 1.5978505146278455e+39
1658.54 1.6003839824733375e+39
1658.97 1.5803004797369182e+39
1659.4 1.6006215044578445e+39
1659.83 1.5943295771931688e+39
1660.26 1.5993743121478426e+39
1660.69 1.599113249407399e+39
1661.12 1.5981968412518374e+39
1661.55 1.5508022964702842e+39
1661.98 1.5934405875726156e+39
1662.42 1.571952328999788e+39
1662.85 1.597703165194636e+39
1663.28 1.597407615255678e+39
1663.71 1.5968019201248065e+39
1664.14 1.5963334461721954e+39
1664.57 1.5938686980298587e+39
1665.0 1.5899664045044903e+39
1665.43 1.5931733633131594e+39
1665.86 1.5917777871962545e+39
1666.3 1.58997037873644e+39
1666.73 1.5880635149997785e+39
1667.16 1.585782570767864e+39
1667.59 1.584598489033653e+39
1668.03 1.547643534186518e+39
1668.46 1.5663768725855448e+39
1668.89 1.5790390618689537e+39
1669.32 1.5774855543072564e+39
1669.76 1.5578947154074126e+39
1670.19 1.5731310870785563e+39
1670.62 1.5681331393496563e+39
1671.05 1.48494623383687e+39
1671.49 1.5686009298788552e+39
1671.92 1.558334516872524e+39
1672.35 1.5570057074362437e+39
1672.79 1.5383778562413655e+39
1673.22 1.5664269275184817e+39
1673.65 1.4627324127149404e+39
1674.09 1.5670964894869523e+39
1674.52 1.566806715344113e+39
1674.96 1.5672253299778057e+39
1675.39 1.5508348369249054e+39
1675.82 1.5620880586314163e+39
1676.26 1.565471842893736e+39
1676.69 1.5637297639181326e+39
1677.13 1.525563842329912e+39
1677.56 1.5653733537552543e+39
1678.0 1.5659249669179464e+39
1678.43 1.564924465466102e+39
1678.87 1.563822076360926e+39
1679.3 1.5631599560572544e+39
1679.74 1.5622271819166987e+39
1680.17 1.5613298708731182e+39
1680.61 1.5603307540059494e+39
1681.04 1.5594679316861522e+39
1681.48 1.5585706304894212e+39
1681.92 1.52725438323019e+39
1682.35 1.5567115524408645e+39
1682.79 1.555815678599917e+39
1683.22 1.5548880212950553e+39
1683.66 1.5534234345738073e+39
1684.1 1.5530316324758695e+39
1684.53 1.5516034554398527e+39
1684.97 1.551245451094275e+39
1685.41 1.549850955218811e+39
1685.84 1.5413304126803547e+39
1686.28 1.5466999632275664e+39
1686.72 1.489755375618727e+39
1687.15 1.5438880501571024e+39
1687.59 1.5166255288886844e+39
1688.03 1.5412459815605166e+39
1688.47 1.5402254419233163e+39
1688.9 1.5388749968086172e+39
1689.34 1.5374581076259617e+39
1689.78 1.5360756088957087e+39
1690.22 1.526742698550107e+39
1690.66 1.5082809736433116e+39
1691.09 1.5319696984414286e+39
1691.53 1.5305590112780333e+39
1691.97 1.5290515326914047e+39
1692.41 1.5258683538198884e+39
1692.85 1.5262404967103345e+39
1693.29 1.525066954420731e+39
1693.72 1.5237970049374952e+39
1694.16 1.5223955675872235e+39
1694.6 1.495848509317503e+39
1695.04 1.5066545246404583e+39
1695.48 1.5180352454880483e+39
1695.92 1.515103765111336e+39
1696.36 1.5157012126151604e+39
1696.8 1.5105595029307968e+39
1697.24 1.512685964787194e+39
1697.68 1.511977626051659e+39
1698.12 1.509609127752204e+39
1698.56 1.509324140331348e+39
1699.0 1.501807118908738e+39
1699.44 1.5063830611008e+39
1699.88 1.502727920118695e+39
1700.32 1.4874104430567288e+39
1700.76 1.4649938441717162e+39
1701.2 1.4854080743943533e+39
1701.64 1.4983609314759105e+39
1702.08 1.498238883055307e+39
1702.53 1.4968252804091598e+39
1702.97 1.4964131237956123e+39
1703.41 1.494939694166867e+39
1703.85 1.4939509552170805e+39
1704.29 1.492577014234152e+39
1704.73 1.490786869570551e+39
1705.18 1.4899599331950574e+39
1705.62 1.4814910073787878e+39
1706.06 1.486740143707285e+39
1706.5 1.475842018816664e+39
1706.94 1.4755643501655332e+39
1707.39 1.4395870205102348e+39
1707.83 1.4819784038480476e+39
1708.27 1.4799140642010337e+39
1708.71 1.4777253868989917e+39
1709.16 1.47792318172199e+39
1709.6 1.4763412258735157e+39
1710.04 1.4720333223407337e+39
1710.49 1.4735299915067885e+39
1710.93 1.466324264003351e+39
1711.37 1.3379682863836112e+39
1711.82 1.469181317662688e+39
1712.26 1.4626268041972832e+39
1712.7 1.3792950066887843e+39
1713.15 1.4652867425351038e+39
1713.59 1.4640332189667063e+39
1714.04 1.4627165107018472e+39
1714.48 1.4613707731461666e+39
1714.93 1.4595210780878765e+39
1715.37 1.453916312021165e+39
1715.81 1.4564579184981813e+39
1716.26 1.452300406649469e+39
1716.7 1.449870904322127e+39
1717.15 1.3944317607209384e+39
1717.59 1.413236435359585e+39
1718.04 1.3957541484563145e+39
1718.48 1.0941838943250435e+39
1718.93 1.461641636190572e+39
1719.38 1.442182636326853e+39
1719.82 1.450619805702341e+39
1720.27 1.4480354058913546e+39
1720.71 1.4458619217451903e+39
1721.16 1.447204384607705e+39
1721.6 1.4301304934459658e+39
1722.05 1.4443523670351502e+39
1722.5 1.3654953823796804e+39
1722.94 1.442219292769852e+39
1723.39 1.443185412314304e+39
1723.84 1.4404906887060933e+39
1724.28 1.3838948565272095e+39
1724.73 1.4383629530692736e+39
1725.18 1.439542933892075e+39
1725.62 1.32584230883378e+39
1726.07 1.4386232246701075e+39
1726.52 1.4332231494211293e+39
1726.97 1.4373037328427335e+39
1727.41 1.3962374840705457e+39
1727.86 1.4360791809766743e+39
1728.31 1.4220696091080682e+39
1728.76 1.4340827229175783e+39
1729.2 1.434490159477823e+39
1729.65 1.434032337807857e+39
1730.1 1.4319718101484824e+39
1730.55 1.431329921230697e+39
1731.0 1.4321663754374493e+39
1731.45 1.3947142938332265e+39
1731.9 1.43119013756348e+39
1732.34 1.4301799837889333e+39
1732.79 1.4223917241014043e+39
1733.24 1.4294193872472246e+39
1733.69 1.4285012474684036e+39
1734.14 1.4279522417803252e+39
1734.59 1.4271270465769488e+39
1735.04 1.4272231186197944e+39
1735.49 1.426030038856554e+39
1735.94 1.4247153179033054e+39
1736.39 1.4089970894979842e+39
1736.84 1.422609572792714e+39
1737.29 1.4091549766838023e+39
1737.74 1.4202934228045273e+39
1738.19 1.41569250021606e+39
1738.64 1.4132024534554636e+39
1739.09 1.4051775907522303e+39
1739.54 1.4079634135941103e+39
1739.99 1.4144919020559277e+39
1740.44 1.4134316110039218e+39
1740.9 1.410883275911262e+39
1741.35 1.4111299330346422e+39
1741.8 1.41001139801714e+39
1742.25 1.399023592014742e+39
1742.7 1.4076860604178524e+39
1743.15 1.4065399006994545e+39
1743.6 1.4053923281523617e+39
1744.06 1.4042130757650728e+39
1744.51 1.4030361103670246e+39
1744.96 1.4013779197206386e+39
1745.41 1.3866369628669717e+39
1745.86 1.4003837716419392e+39
1746.32 1.4005629385217762e+39
1746.77 1.3998702754584875e+39
1747.22 1.3955427512106458e+39
1747.68 1.3956009916332324e+39
1748.13 1.3939213958621904e+39
1748.58 1.3976419872821733e+39
1749.04 1.393918935839009e+39
1749.49 1.395448853804174e+39
1749.94 1.3961400241863136e+39
1750.4 1.394699361980683e+39
1750.85 1.3952100700823183e+39
1751.3 1.3565536820006315e+39
1751.76 1.3176570546907764e+39
1752.21 1.393681699779794e+39
1752.67 1.3931416734061368e+39
1753.12 1.3770947591040002e+39
1753.57 1.3875823732372958e+39
1754.03 1.388088626473936e+39
1754.48 1.3909870759627142e+39
1754.94 1.390507624812869e+39
1755.39 1.3891316054316533e+39
1755.85 1.387516832991811e+39
1756.3 1.3861138889901694e+39
1756.76 1.3845621323685922e+39
1757.21 1.38292426017121e+39
1757.67 1.3814651434497192e+39
1758.12 1.379089582658952e+39
1758.58 1.3716372162120824e+39
1759.04 1.3766839002397377e+39
1759.49 1.375262215830576e+39
1759.95 1.3736634615538563e+39
1760.4 1.361934805194397e+39
1760.86 1.3638047662953493e+39
1761.32 1.364945552071612e+39
1761.77 1.3673809319580362e+39
1762.23 1.365528703883605e+39
1762.69 1.3637083094496545e+39
1763.14 1.3614821238108724e+39
1763.6 1.3604853176210918e+39
1764.06 1.3596060243604883e+39
1764.51 1.3582616315722193e+39
1764.97 1.3265072406642783e+39
1765.43 1.3557488259416453e+39
1765.89 1.3549888289514291e+39
1766.34 1.3542305369639346e+39
1766.8 1.3534425627723972e+39
1767.26 1.3524817871137614e+39
1767.72 1.3497230552167884e+39
1768.18 1.3503010889010094e+39
1768.64 1.3502121691866639e+39
1769.09 1.3494286918036571e+39
1769.55 1.3442777906346845e+39
1770.01 1.3476577088556802e+39
1770.47 1.3429461024068065e+39
1770.93 1.3460044901051642e+39
1771.39 1.3453374802638806e+39
1771.85 1.344410848007001e+39
1772.31 1.3439176983741032e+39
1772.77 1.3430779634507363e+39
1773.22 1.3417205175798287e+39
1773.68 1.3410829294032854e+39
1774.14 1.3382883362661987e+39
1774.6 1.3392331427696514e+39
1775.06 1.339142899338157e+39
1775.52 1.3383338544973886e+39
1775.98 1.3240121360189992e+39
1776.44 1.3358561587664292e+39
1776.9 1.3337308460705938e+39
1777.36 1.3355608779103138e+39
1777.82 1.3224886895337592e+39
1778.29 1.3341462322250772e+39
1778.75 1.3322241429028423e+39
1779.21 1.3319632041169873e+39
1779.67 1.3319882859821796e+39
1780.13 1.3312126155441077e+39
1780.59 1.3295519593258638e+39
1781.05 1.3285208368427204e+39
1781.52 1.3290864615174295e+39
1781.98 1.323529342925074e+39
1782.44 1.327310442754393e+39
1782.9 1.3264232513644325e+39
1783.36 1.3263053666110054e+39
1783.82 1.3255610570769965e+39
1784.29 1.3248726875667792e+39
1784.75 1.3235615008117571e+39
1785.21 1.3234450964264146e+39
1785.68 1.3226739362664376e+39
1786.14 1.3159296186272724e+39
1786.6 1.3217880586520375e+39
1787.06 1.321132475912125e+39
1787.53 1.3206460141552696e+39
1787.99 1.3200475859206872e+39
1788.45 1.3178637158313392e+39
1788.92 1.3182838047069028e+39
1789.38 1.3185354321716063e+39
1789.84 1.3178528525205128e+39
1790.31 1.3161797059849214e+39
1790.77 1.315637982283788e+39
1791.24 1.3160552678125706e+39
1791.7 1.3135373040813244e+39
1792.17 1.284270732868441e+39
1792.63 1.3144846099936771e+39
1793.09 1.3037152452426366e+39
1793.56 1.3133438177670988e+39
1794.02 1.3128025765118171e+39
1794.49 1.3106267951185712e+39
1794.95 1.3096927890558111e+39
1795.42 1.3110364032951308e+39
1795.89 1.3093131402048862e+39
1796.35 1.3094760866285054e+39
1796.81 1.3029937435754754e+39
1797.28 1.3071636720039028e+39
1797.75 1.3067937953839808e+39
1798.21 1.3062289180686093e+39
1798.68 1.3038419115657976e+39
1799.15 1.3048169241987443e+39
1799.61 1.3040567211666503e+39
1800.08 1.3028479330101877e+39
1800.55 1.3007462387923961e+39
1801.01 1.3008538123117474e+39
1801.48 1.287680926902309e+39
1801.94 1.2986116250303138e+39
1802.41 1.2995264782552746e+39
1802.88 1.2986564717455733e+39
1803.35 1.2966172642074983e+39
1803.81 1.2973092597853677e+39
1804.28 1.2956614578900685e+39
1804.75 1.2958506453653387e+39
1805.22 1.2933435687336798e+39
1805.68 1.2856171983628135e+39
1806.15 1.2912527285906021e+39
1806.62 1.289335756955135e+39
1807.09 1.288389218396353e+39
1807.56 1.2618273946928981e+39
1808.03 1.2852837195803672e+39
1808.49 1.2837351815545116e+39
1808.96 1.2824627189748247e+39
1809.43 1.256567036346628e+39
1809.9 1.2792625162249341e+39
1810.37 1.2771172618639574e+39
1810.84 1.2763167675017994e+39
1811.31 1.2517836320791763e+39
1811.78 1.2724493218657604e+39
1812.25 1.2650141001820345e+39
1812.72 1.2685666081497924e+39
1813.19 1.2678800657641393e+39
1813.66 1.2670307784659412e+39
1814.13 1.2655304221802933e+39
1814.6 1.2641403133598514e+39
1815.07 1.2599928596157936e+39
1815.54 1.2607698193498697e+39
1816.01 1.2593579820183804e+39
1816.48 1.2610806495163985e+39
1816.95 1.2606411435541416e+39
1817.42 1.2523098718580117e+39
1817.89 1.2597084089352077e+39
1818.36 1.2592422246806684e+39
1818.83 1.2579126243056802e+39
1819.31 1.2528704765709662e+39
1819.78 1.257034108253006e+39
1820.25 1.2573234759236029e+39
1820.72 1.2568577327689083e+39
1821.19 1.2443559108858343e+39
1821.67 1.2271673181472851e+39
1822.14 1.2549748261818293e+39
1822.61 1.2547248222080379e+39
1823.08 1.249052721284397e+39
1823.55 1.2539289683541568e+39
1824.03 1.2534895170268522e+39
1824.5 1.2529977332812883e+39
1824.97 1.2464775826977149e+39
1825.44 1.2088494614212717e+39
1825.92 1.250609648161498e+39
1826.39 1.2495826974518424e+39
1826.86 1.2341619508966893e+39
1827.34 1.2456348000920275e+39
1827.81 1.2464563652610604e+39
1828.29 1.2453529447263476e+39
1828.76 1.2428385792989184e+39
1829.23 1.242591866889034e+39
1829.71 1.2428767528918183e+39
1830.18 1.238348034890335e+39
1830.66 1.2384192770788896e+39
1831.13 1.2398732845112458e+39
1831.61 1.2386957498442258e+39
1832.08 1.2381044165566974e+39
1832.56 1.236981522344386e+39
1833.03 1.2344579735863e+39
1833.51 1.2351910052912107e+39
1833.98 1.2342047355004709e+39
1834.46 1.2332972537888036e+39
1834.93 1.231520208587891e+39
1835.41 1.230799295237769e+39
1835.88 1.2287097942430705e+39
1836.36 1.2272011401539425e+39
1836.83 1.2245142057197437e+39
1837.31 1.1897781676629422e+39
1837.79 1.2221113436196457e+39
1838.26 1.2150031779661024e+39
1838.74 1.2186173217179852e+39
1839.22 1.217851193771803e+39
1839.69 1.2161745343843819e+39
1840.17 1.1868756146763251e+39
1840.65 1.2129295867105832e+39
1841.12 1.2113376173815925e+39
1841.6 1.2071327477178304e+39
1842.08 1.2072522588143624e+39
1842.56 1.1980252607354051e+39
1843.03 1.2042905462166062e+39
1843.51 1.1989812503311622e+39
1843.99 1.1977655797032347e+39
1844.47 1.1974478316333543e+39
1844.94 1.194520412359842e+39
1845.42 1.1950169178208442e+39
1845.9 1.1888804049582644e+39
1846.38 1.1825496463317913e+39
1846.86 1.193336226280831e+39
1847.34 1.191101285038278e+39
1847.82 1.1924634973764654e+39
1848.29 1.1912252864817656e+39
1848.77 1.1904709454758147e+39
1849.25 1.1885209486706868e+39
1849.73 1.1879970148619622e+39
1850.21 1.179699104405907e+39
1850.69 1.1846912584125765e+39
1851.17 1.1835354902731433e+39
1851.65 1.1847611916333389e+39
1852.13 1.1796609713765554e+39
1852.61 1.179291649535626e+39
1853.09 1.1819025874049653e+39
1853.57 1.1809258899132182e+39
1854.05 1.1767230661364059e+39
1854.53 1.178722549646e+39
1855.01 1.1712163093624784e+39
1855.49 1.1766742035017009e+39
1855.97 1.1772118503445648e+39
1856.45 1.1767421768953502e+39
1856.94 1.1763215842523576e+39
1857.42 1.1758520943914078e+39
1857.9 1.1746032605377311e+39
1858.38 1.1684713613448282e+39
1858.86 1.1743938479459687e+39
1859.34 1.17405041036323e+39
1859.83 1.1671202506207764e+39
1860.31 1.1731614384574103e+39
1860.79 1.172241130578897e+39
1861.27 1.1723495813526865e+39
1861.76 1.1717543113678326e+39
1862.24 1.1714614687979575e+39
1862.72 1.1710182841673545e+39
1863.2 1.1700242491477003e+39
1863.69 1.1700557457928306e+39
1864.17 1.1696880423269468e+39
1864.65 1.163804079337545e+39
1865.14 1.1643829800699041e+39
1865.62 1.1659611063481347e+39
1866.1 1.1683414867020075e+39
1866.58 1.1640814873467618e+39
1867.07 1.167955222808675e+39
1867.55 1.1679877482707103e+39
1868.04 1.1677938513355576e+39
1868.52 1.1675763562054415e+39
1869.01 1.1675323797712943e+39
1869.49 1.167064995106115e+39
1869.97 1.1640795097264906e+39
1870.46 1.166881110155181e+39
1870.94 1.155187445978874e+39
1871.43 1.1648259721226205e+39
1871.91 1.1664567684102332e+39
1872.4 1.166214476711777e+39
1872.88 1.1647510228277538e+39
1873.37 1.1659559394550698e+39
1873.85 1.1553317980365864e+39
1874.34 1.1616861004018421e+39
1874.83 1.1650307748290166e+39
1875.31 1.1635684359163419e+39
1875.8 1.162355383636562e+39
1876.29 1.1494713289434816e+39
1876.77 1.1589616698831792e+39
1877.26 1.1571808730251983e+39
1877.74 1.155453735539146e+39
1878.23 1.1536536902671665e+39
1878.72 1.1518811312931883e+39
1879.2 1.1500635340207119e+39
1879.69 1.1483211223863205e+39
1880.18 1.1466304400199912e+39
1880.67 1.1413963072147657e+39
1881.15 1.1380368947502699e+39
1881.64 1.1356573007891745e+39
1882.13 1.1359029628487808e+39
1882.62 1.1362486791985192e+39
1883.1 1.1334649131788994e+39
1883.59 1.1341736256237755e+39
1884.08 1.132192199720607e+39
1884.57 1.1222462784980779e+39
1885.06 1.0815777770813484e+39
1885.55 1.1275218096801911e+39
1886.04 1.1220453328485713e+39
1886.52 1.1234193716209688e+39
1887.01 1.1216488543827763e+39
1887.5 1.1099965727554987e+39
1887.99 1.1207717883664055e+39
1888.48 1.1193882421664289e+39
1888.97 1.118104898412239e+39
1889.46 1.1095695131426986e+39
1889.95 1.1153519079638038e+39
1890.44 1.1125983672028757e+39
1890.93 1.110207592946142e+39
1891.42 1.1089348566342231e+39
1891.91 1.1073323927362041e+39
1892.4 1.1070083068487774e+39
1892.89 1.1012853312545977e+39
1893.38 1.1059586159275621e+39
1893.87 1.1020514307504379e+39
1894.36 1.0978071912541964e+39
1894.85 1.1017811163318235e+39
1895.34 1.0884341555983165e+39
1895.84 1.1014047964981692e+39
1896.33 1.0989854531852247e+39
1896.82 1.0895485883398807e+39
1897.31 1.1014068241494016e+39
1897.8 1.1023960363687352e+39
1898.29 1.1025615332319042e+39
1898.79 1.0914562399945916e+39
1899.28 1.0353778819986306e+39
1899.77 1.1027974381723025e+39
1900.26 1.1033165015244493e+39
1900.76 1.1032684383066834e+39
1901.25 1.1033408105226427e+39
1901.74 1.1031793618808581e+39
1902.23 1.1038904601230075e+39
1902.73 1.1040578163565824e+39
1903.22 1.0848224652137811e+39
1903.71 1.10272055229362e+39
1904.21 1.10298189619939e+39
1904.7 1.104849558130159e+39
1905.19 1.1039558103196233e+39
1905.69 1.1030377831673392e+39
1906.18 1.1020040552564792e+39
1906.68 1.099652811866085e+39
1907.17 1.099326897849261e+39
1907.66 1.0933323417266586e+39
1908.16 1.0956731474235208e+39
1908.65 1.0947169546342534e+39
1909.15 1.09464875370578e+39
1909.64 1.0934596484986668e+39
1910.14 1.0911740306860209e+39
1910.63 1.0909906197680284e+39
1911.13 1.0898273374601083e+39
1911.62 1.080373614600661e+39
1912.12 1.087366368554158e+39
1912.61 1.0861386175469757e+39
1913.11 1.0849108674452225e+39
1913.61 1.0797567502262552e+39
1914.1 1.063518890009121e+39
1914.6 1.081235341887054e+39
1915.09 1.0638590124343327e+39
1915.59 1.0788142770563539e+39
1916.09 1.0779388108049384e+39
1916.58 1.0751579694904257e+39
1917.08 1.0724748039742778e+39
1917.58 1.0747667630473466e+39
1918.07 1.0733455460781944e+39
1918.57 1.0684518458869246e+39
1919.07 1.0720385593511934e+39
1919.56 1.066901580195761e+39
1920.06 1.070277157387673e+39
1920.56 1.0678350841103535e+39
1921.06 1.0673342265939524e+39
1921.56 1.0602954571632193e+39
1922.05 1.0657881683934344e+39
1922.55 1.0656748228416806e+39
1923.05 1.0337340008131425e+39
1923.55 1.0627673216750032e+39
1924.05 1.0612259397072228e+39
1924.55 1.0546333838022347e+39
1925.05 1.0609543153206804e+39
1925.54 1.0607292475174995e+39
1926.04 1.050255497889251e+39
1926.54 1.0604575073504552e+39
1927.04 1.0599600853144041e+39
1927.54 1.0593950588732781e+39
1928.04 1.0578813294887401e+39
1928.54 1.0581527934001132e+39
1929.04 1.056212264337162e+39
1929.54 1.0590576664481788e+39
1930.04 1.0586962863500856e+39
1930.54 1.0582445908293372e+39
1931.04 1.058945635152308e+39
1931.54 1.045493006269726e+39
1932.04 1.0586522186328128e+39
1932.54 1.0584489673237414e+39
1933.04 1.0583134954919987e+39
1933.55 1.0580857360925623e+39
1934.05 1.0579723197691058e+39
1934.55 1.0578136888244608e+39
1935.05 1.0576098595277773e+39
1935.55 1.0572705176765749e+39
1936.05 1.0568409342789057e+39
1936.55 1.0557798502844372e+39
1937.06 1.0495732724585088e+39
1937.56 1.0539294876448642e+39
1938.06 1.0537710874295843e+39
1938.56 1.0549413432506257e+39
1939.06 1.0536567734998769e+39
1939.57 1.0537899065515915e+39
1940.07 1.050061095151757e+39
1940.57 1.0513185715887897e+39
1941.08 1.053071213185985e+39
1941.58 1.0496135544736553e+39
1942.08 1.0523082198992784e+39
1942.58 1.0519268565309569e+39
1943.09 1.0514993183116791e+39
1943.59 1.0475093810603927e+39
1944.1 1.0507806290080811e+39
1944.6 1.0503996201029066e+39
1945.1 1.0497943891102937e+39
1945.61 1.0481575541845816e+39
1946.11 1.046770008821605e+39
1946.62 1.044957657211305e+39
1947.12 1.0436847201587556e+39
1947.63 1.0421003156712813e+39
1948.13 1.0394759043768658e+39
1948.64 1.0387405055374553e+39
1949.14 1.0374751385750257e+39
1949.65 1.033139585804259e+39
1950.15 1.0344837093864682e+39
1950.66 1.033001591215133e+39
1951.16 1.0311267102123134e+39
1951.67 1.0299132070753092e+39
1952.17 1.0283951405701918e+39
1952.68 1.015355033043423e+39
1953.19 1.0236134618439212e+39
1953.69 1.0236321091038359e+39
1954.2 1.0112367784654426e+39
1954.7 1.0185048069453534e+39
1955.21 1.0187824397820537e+39
1955.72 1.0193863169402987e+39
1956.22 1.019709101923886e+39
1956.73 1.01963893177621e+39
1957.24 1.0192207099244799e+39
1957.75 1.019520254844039e+39
1958.25 1.0194731252680419e+39
1958.76 1.0161453022263013e+39
1959.27 1.0139302831445353e+39
1959.78 1.0191941394559518e+39
1960.29 1.007191508004642e+39
1960.79 1.0180730711424895e+39
1961.3 1.0164595775457036e+39
1961.81 1.0187547491996845e+39
1962.32 1.0189435081966632e+39
1962.83 1.0183928724295143e+39
1963.33 1.0190614192722658e+39
1963.84 1.0190108529462675e+39
1964.35 1.0154208010355484e+39
1964.86 1.0168017405639155e+39
1965.37 1.0151028548553984e+39
1965.88 1.0188736441200573e+39
1966.39 1.0188883258686253e+39
1966.9 1.0187071698583096e+39
1967.41 1.0181563037307761e+39
1967.92 1.0181708553956312e+39
1968.43 1.0175767040786324e+39
1968.94 1.0180259175913147e+39
1969.45 1.0178229596302104e+39
1969.96 1.0176417329413898e+39
1970.47 1.0174822280291323e+39
1970.98 1.0173227060833928e+39
1971.49 1.0156868264536243e+39
1972.0 1.0150070061505871e+39
1972.52 1.0165842620990443e+39
1973.03 1.0165140950629543e+39
1973.54 1.0160531051543198e+39
1974.05 1.0161999697886491e+39
1974.56 1.01604288172521e+39
1975.07 1.0160594341599125e+39
1975.58 1.015446564434409e+39
1976.1 1.0080487735458934e+39
1976.61 1.0136788062703694e+39
1977.12 1.0121585993691111e+39
1977.63 1.0091522189164671e+39
1978.15 1.0092099142159332e+39
1978.66 1.0060405777762913e+39
1979.17 9.880745617455744e+38
1979.69 1.0044580428201177e+39
1980.2 1.0032504710222382e+39
1980.71 1.0018089887282926e+39
1981.22 1.000305503988782e+39
1981.74 9.988028879868348e+38
1982.25 9.878357514541487e+38
1982.77 9.894506281485005e+38
1983.28 9.944175374288547e+38
1983.79 9.927344741118541e+38
1984.31 9.824009270000984e+38
1984.82 9.898613474015606e+38
1985.34 9.899788993961317e+38
1985.85 9.891900166634292e+38
1986.36 9.882118888992364e+38
1986.88 9.871490314970132e+38
1987.4 9.804862175888402e+38
1987.91 9.841246551979493e+38
1988.43 9.847036118644362e+38
1988.94 9.838976409786053e+38
1989.46 9.828391991080427e+38
1989.97 9.751668919041604e+38
1990.49 9.813340242616937e+38
1991.0 9.804469320701299e+38
1991.52 9.72626200154179e+38
1992.04 9.712899779284976e+38
1992.55 9.876032693882241e+38
1993.07 9.77006452061258e+38
1993.58 9.761439846761488e+38
1994.1 9.634577880796166e+38
1994.62 9.742105693563458e+38
1995.14 9.731414326872051e+38
1995.65 9.68866595039774e+38
1996.17 9.7283242483351e+38
1996.69 9.72428224219687e+38
1997.2 9.720255270834757e+38
1997.72 9.717252045548909e+38
1998.24 9.71238418517738e+38
1998.76 9.710633148183585e+38
1999.28 9.706819894604561e+38
1999.8 9.698247413644089e+38
2000.31 9.657092719841668e+38
2000.83 9.694572194153407e+38
2001.35 9.693244719331082e+38
2001.87 9.649210802398936e+38
2002.39 9.674474673717036e+38
2002.91 9.68306035533371e+38
2003.43 9.679666939539057e+38
2003.94 9.676494310256574e+38
2004.46 9.67268937974597e+38
2004.98 9.668472782437092e+38
2005.5 9.658283600206596e+38
2006.02 9.638643132900415e+38
2006.54 9.652143547500295e+38
2007.06 9.646089077432474e+38
2007.58 9.640243588582899e+38
2008.1 9.634401111598397e+38
2008.62 9.624453309800641e+38
2009.14 9.58788581173856e+38
2009.67 9.61708346096118e+38
2010.19 9.45089534609233e+38
2010.71 9.373803364428488e+38
2011.23 9.596323869591367e+38
2011.75 9.593779198275025e+38
2012.27 9.569966035760695e+38
2012.79 9.581511664700513e+38
2013.31 9.534509160766464e+38
2013.84 9.566995246367325e+38
2014.36 9.564240101549437e+38
2014.88 9.558425324965819e+38
2015.4 9.544667467169118e+38
2015.93 9.55086619399129e+38
2016.45 9.547706164054489e+38
2016.97 9.544546685146989e+38
2017.49 9.472428439188452e+38
2018.02 9.518289909594032e+38
2018.54 9.535668282578892e+38
2019.06 9.525215986090356e+38
2019.58 9.529409288836454e+38
2020.11 9.526269104311098e+38
2020.63 9.52293942883603e+38
2021.16 9.519800398263077e+38
2021.68 9.516472015933783e+38
2022.2 9.513347365504082e+38
2022.73 9.495606971487039e+38
2023.25 9.507492345091343e+38
2023.78 9.503950246952335e+38
2024.3 9.501030595906994e+38
2024.82 9.497503160232046e+38
2025.35 9.488695635014838e+38
2025.88 9.470384897772019e+38
2026.4 9.463224947214292e+38
2026.93 9.450609309910887e+38
2027.45 9.42956875026133e+38
2027.98 9.420213798852384e+38
2028.5 9.411684305183948e+38
2029.03 9.400340385661924e+38
2029.55 9.388222024317523e+38
2030.08 9.371106614801412e+38
2030.61 9.363405865594109e+38
2031.13 9.350337451227642e+38
2031.66 9.338070620917173e+38
2032.19 9.323434701943111e+38
2032.71 9.312813622952006e+38
2033.24 9.300406019721659e+38
2033.77 9.281481358115897e+38
2034.29 9.274664428401036e+38
2034.82 9.260925191016232e+38
2035.35 9.20865263237413e+38
2035.88 9.246509413293529e+38
2036.4 9.244642566692834e+38
2036.93 9.239806963911276e+38
2037.46 9.224543989739208e+38
2037.99 9.185780847511518e+38
2038.52 9.224328784315897e+38
2039.04 9.218727458029517e+38
2039.57 9.19662868271993e+38
2040.1 9.155832281789154e+38
2040.63 9.203070333600565e+38
2041.16 9.159115018322934e+38
2041.69 9.193428429051394e+38
2042.22 9.188610480478214e+38
2042.74 9.183220380019183e+38
2043.28 9.177806408549712e+38
2043.8 9.173203923379205e+38
2044.33 9.167612588100534e+38
2044.86 9.156165771752833e+38
2045.39 9.153120364703493e+38
2045.92 9.144231927512467e+38
2046.45 9.101540748320977e+38
2046.98 9.128249503747537e+38
2047.52 9.115298696714904e+38
2048.05 9.110532235863478e+38
2048.58 9.101304370500462e+38
2049.11 9.09286075910587e+38
2049.64 9.082294833964217e+38
2050.17 9.197385141901232e+38
2050.7 9.192573469902475e+38
2051.23 9.183647899807566e+38
2051.76 9.161039047397366e+38
2052.3 9.166004113053095e+38
2052.83 9.15457526521755e+38
2053.36 9.147265076864121e+38
2053.89 9.13879046710349e+38
2054.43 9.130505419915509e+38
2054.96 9.121267259549855e+38
2055.49 9.116704203360152e+38
2056.02 9.103012184531136e+38
2056.55 9.071331261998592e+38
2057.09 9.103789880437806e+38
2057.62 9.08100757122047e+38
2058.16 9.094666444911142e+38
2058.69 9.085848817710112e+38
2059.22 8.99036128992637e+38
2059.76 9.078668128077267e+38
2060.29 9.020085740189283e+38
2060.82 9.072650173927356e+38
2061.36 9.0678879012705e+38
2061.89 9.063913954858745e+38
2062.43 8.96709381901144e+38
2062.96 9.054990960766235e+38
2063.5 9.050622061037692e+38
2064.03 9.046460703010399e+38
2064.56 9.034973668508167e+38
2065.1 8.974358675953312e+38
2065.64 8.91189761840309e+38
2066.17 9.038091183445387e+38
2066.71 9.037986525026755e+38
2067.24 9.038089664040223e+38
2067.78 9.038179913853962e+38
2068.31 9.038475372953214e+38
2068.85 8.933338933635613e+38
2069.39 9.038075825469458e+38
2069.92 9.037598915203717e+38
2070.46 9.037687705298208e+38
2071.0 9.03739042612972e+38
2071.53 9.035755379888225e+38
2072.07 9.037386302086858e+38
2072.61 9.037281018621952e+38
2073.14 9.037381028344355e+38
2073.68 9.037079797218086e+38
2074.22 9.027523091234581e+38
2074.76 9.002398391267614e+38
2075.29 8.979658556809742e+38
2075.83 8.955437086675255e+38
2076.37 8.93166481611476e+38
2076.91 8.903399650367573e+38
2077.45 8.88374905839152e+38
2077.98 8.855277535490705e+38
2078.52 8.856105336045183e+38
2079.06 8.855044675438543e+38
2079.6 8.745024262536234e+38
2080.14 8.835573469851574e+38
2080.68 8.849408559401081e+38
2081.22 8.846461211590435e+38
2081.76 8.84521184021306e+38
2082.3 8.843396470009079e+38
2082.84 8.841015403781981e+38
2083.38 8.835995979487624e+38
2083.92 8.82721316405138e+38
2084.46 8.835192357932362e+38
2085.0 8.739529734542508e+38
2085.54 8.816505893215359e+38
2086.08 8.812437553275107e+38
2086.62 8.77631122981277e+38
2087.16 8.792493069570752e+38
2087.7 8.764510659784763e+38
2088.24 8.772081568811217e+38
2088.78 8.762080176138095e+38
2089.32 8.740529494519879e+38
2089.87 8.739490169725694e+38
2090.41 8.731572769625866e+38
2090.95 8.685629996107179e+38
2091.49 8.711486484485728e+38
2092.03 8.66491427093532e+38
2092.57 8.548064981360898e+38
2093.12 8.680782773331786e+38
2093.66 8.64745075066761e+38
2094.2 8.647353462128283e+38
2094.75 8.650196884753959e+38
2095.29 8.644575547811016e+38
2095.83 8.633988874154042e+38
2096.38 8.629652294935481e+38
2096.92 8.636547785345433e+38
2097.46 8.633876654790689e+38
2098.0 8.622198496367752e+38
2098.55 8.585612682518062e+38
2099.09 8.626037493674838e+38
2099.64 8.622437110534011e+38
2100.18 8.620503005731101e+38
2100.73 8.611947386591974e+38
2101.27 8.615157250826301e+38
2101.81 8.61065981894333e+38
2102.36 8.610188442606546e+38
2102.9 8.607160092956948e+38
2103.45 8.527654379604513e+38
2103.99 8.601276695087246e+38
2104.54 8.508946783361417e+38
2105.08 8.595578776557423e+38
2105.63 8.583023853375711e+38
2106.18 8.584929163051331e+38
2106.72 8.579529134662534e+38
2107.27 8.573206501188554e+38
2107.81 8.566534889969954e+38
2108.36 8.552936798675226e+38
2108.91 8.5475570997511e+38
2109.45 8.549841053917645e+38
2110.0 8.545190755245948e+38
2110.55 8.539814547509742e+38
2111.09 8.5340892449978e+38
2111.64 8.528173948516065e+38
2112.19 8.522807180213821e+38
2112.74 8.517261858905782e+38
2113.28 8.507923384144643e+38
2113.83 8.505829956170782e+38
2114.38 8.497940093117235e+38
2114.93 8.490057242397427e+38
2115.48 8.491410033213824e+38
2116.02 8.485358950824236e+38
2116.57 8.483818366372935e+38
2117.12 8.479024875972099e+38
2117.67 8.477123323447983e+38
2118.22 8.470347115486011e+38
2118.77 8.470251338669071e+38
2119.32 8.46131590075033e+38
2119.87 8.463202844660787e+38
2120.42 8.459499878466213e+38
2120.97 8.445354226515677e+38
2121.51 8.452469328356916e+38
2122.06 8.448049639602558e+38
2122.61 8.445446167345724e+38
2123.17 8.441932502663793e+38
2123.72 8.438970682053753e+38
2124.26 8.42380595735388e+38
2124.82 8.43125202540383e+38
2125.37 8.4254195210965e+38
2125.92 8.417617383979812e+38
2126.47 8.417710733982028e+38
2127.02 8.402213002057078e+38
2127.57 8.3947892624561e+38
2128.12 8.241338646468656e+38
2128.67 8.379603521325236e+38
2129.23 8.371656292165563e+38
2129.78 8.350042966061756e+38
2130.33 8.353359461976018e+38
2130.88 8.350271239581154e+38
2131.43 8.273216696319713e+38
2131.99 8.313751982487104e+38
2132.54 8.324493877377767e+38
2133.09 8.318225171953538e+38
2133.65 8.312304056837262e+38
2134.2 8.301446117019326e+38
2134.75 8.244663656011302e+38
2135.3 8.28559321829156e+38
2135.86 8.276873873460537e+38
2136.41 8.268350646730616e+38
2136.97 8.255606338179323e+38
2137.52 8.251320234241922e+38
2138.07 8.22897341320993e+38
2138.63 8.232221184699759e+38
2139.18 8.225844706375798e+38
2139.74 8.214390009951886e+38
2140.29 8.207677492639455e+38
2140.84 8.19992300342767e+38
2141.4 8.189201529951303e+38
2141.96 8.181801607625822e+38
2142.51 8.174071063890858e+38
2143.06 8.159573714546259e+38
2143.62 8.15463146502515e+38
2144.18 8.132721961115502e+38
2144.73 8.139576279930743e+38
2145.29 8.133956704889075e+38
2145.84 8.13492528761933e+38
2146.4 8.140038647202861e+38
2146.96 8.128535129436752e+38
2147.51 8.128291429134574e+38
2148.07 8.123887349492565e+38
2148.63 8.116031124665875e+38
2149.18 7.54648009432496e+38
2149.74 8.118639629547241e+38
2150.3 8.068113134144199e+38
2150.85 8.108826332772232e+38
2151.41 8.11014105049167e+38
2151.97 8.108349713633919e+38
2152.53 8.089157312604558e+38
2153.08 8.103742914137552e+38
2153.64 8.101779494566875e+38
2154.2 8.099471489932778e+38
2154.76 8.097163766183226e+38
2155.32 8.092961857759191e+38
2155.88 8.086868778037558e+38
2156.44 8.080608064025942e+38
2156.99 8.073503457997773e+38
2157.55 8.06742420116261e+38
2158.11 8.061013400012525e+38
2158.67 8.055124630216755e+38
2159.23 8.041367341721626e+38
2159.79 8.041477248381053e+38
2160.35 7.98399070449308e+38
2160.91 8.02990146329384e+38
2161.47 7.949992895689687e+38
2162.03 8.011352051107596e+38
2162.59 8.010607287861091e+38
2163.15 7.991655952272004e+38
2163.71 7.671913932627998e+38
2164.27 7.990847431189963e+38
2164.83 7.985516402209524e+38
2165.4 7.979171646180659e+38
2165.96 7.06499313539674e+38
2166.52 7.967367853266346e+38
2167.08 7.96121819847453e+38
2167.64 7.939022253067465e+38
2168.2 7.948256416941707e+38
2168.76 7.941614275940562e+38
2169.33 7.936317125005116e+38
2169.89 7.929684494171088e+38
2170.45 7.922551938341527e+38
2171.01 7.91761330777487e+38
2171.58 7.910985632899883e+38
2172.14 7.905045389955682e+38
2172.7 7.899125114130572e+38
2173.27 7.89303183248473e+38
2173.83 7.886617515435312e+38
2174.39 7.880878149044882e+38
2174.96 7.730977078178791e+38
2175.52 7.868732585437277e+38
2176.08 7.861167762561842e+38
2176.65 7.85677180322845e+38
2177.21 7.850052109542266e+38
2177.78 7.844161575999401e+38
2178.34 7.746443174839836e+38
2178.91 7.832569191463977e+38
2179.47 7.76461352687407e+38
2180.03 7.819842294054934e+38
2180.6 7.81380961158806e+38
2181.17 7.797836600553806e+38
2181.73 7.801932955405751e+38
2182.3 7.79591341759442e+38
2182.86 7.74652289864032e+38
2183.43 7.78373196844351e+38
2183.99 7.778396305615058e+38
2184.56 7.772063891306156e+38
2185.12 7.766570797157337e+38
2185.69 7.761730958840053e+38
2186.26 7.758376556570945e+38
2186.82 7.75388564623678e+38
2187.39 6.868168464799368e+38
2187.96 7.723248156217345e+38
2188.53 7.743900209196781e+38
2189.09 7.738118075448608e+38
2189.66 7.734629751506571e+38
2190.23 7.732948716192239e+38
2190.79 7.728158463100394e+38
2191.36 7.724837688254057e+38
2191.93 7.719386920223526e+38
2192.5 7.717871683778357e+38
2193.07 7.715209596118282e+38
2193.64 7.709928407212231e+38
2194.21 7.706298988925503e+38
2194.77 7.703023908839713e+38
2195.34 7.697616237774962e+38
2195.91 7.691069130859221e+38
2196.48 7.673443205344367e+38
2197.05 7.677828394509818e+38
2197.62 7.670483762221802e+38
2198.19 7.664935542395856e+38
2198.76 7.658740928989036e+38
2199.33 7.651089648606856e+38
2199.9 7.645879578546456e+38
2200.47 7.639862179806533e+38
2201.04 7.628991310375001e+38
2201.61 7.627998936339518e+38
2202.18 7.621340754965108e+38
2202.75 7.615496163128404e+38
2203.32 7.609333010913127e+38
2203.89 7.602529541136443e+38
2204.46 7.597182464874895e+38
2205.03 7.591677910763266e+38
2205.61 7.585524555876182e+38
2206.18 7.579385003628797e+38
2206.75 7.574374811010725e+38
2207.32 7.568565033432617e+38
2207.89 7.56259916593734e+38
2208.47 7.556468656167098e+38
2209.04 7.550689780761653e+38
2209.61 7.530538594265027e+38
2210.18 7.539480905711067e+38
2210.76 7.531158846146807e+38
2211.33 7.528120049537449e+38
2211.9 7.521891912380144e+38
2212.48 7.51550103288968e+38
2213.05 7.510716098984501e+38
2213.62 7.505138473333013e+38
2214.2 7.499238424547893e+38
2214.77 7.485572881216504e+38
2215.34 6.622619289415945e+38
2215.92 7.480314005952093e+38
2216.49 7.474274700232427e+38
2217.07 7.467754902719327e+38
2217.64 7.461407523002993e+38
2218.22 7.453793145763969e+38
2218.79 7.447930989107314e+38
2219.37 7.441118653397318e+38
2219.94 7.434951242902564e+38
2220.52 7.427521277595254e+38
2221.09 7.422151147204678e+38
2221.67 7.415362241180233e+38
2222.25 7.408265684673149e+38
2222.82 7.401654889922304e+38
2223.4 7.395197926264199e+38
2223.97 7.388781471811233e+38
2224.55 7.38220702906179e+38
2225.13 7.376731792877327e+38
2225.7 7.372673572714995e+38
2226.28 7.369389348255798e+38
2226.86 7.365794396830498e+38
2227.43 7.36049467601536e+38
2228.01 7.359084624817373e+38
2228.59 7.355182500101256e+38
2229.17 7.350970949915876e+38
2229.74 7.348325330030606e+38
2230.32 7.345205666925359e+38
2230.9 7.334473852524629e+38
2231.48 7.338489456879834e+38
2232.06 7.335360501488826e+38
2232.64 7.331611773946112e+38
2233.21 7.327562913587223e+38
2233.79 7.325058009179926e+38
2234.37 7.31976424457837e+38
2234.95 7.31788099777932e+38
2235.53 7.313365915333549e+38
2236.11 7.3083893547235e+38
2236.69 7.300479814831524e+38
2237.27 7.299527196903922e+38
2237.85 7.294868266457043e+38
2238.43 7.289753003538958e+38
2239.01 7.284805918401222e+38
2239.59 7.280478241816319e+38
2240.17 7.27599898541334e+38
2240.75 7.271368449689984e+38
2241.33 7.266740691032958e+38
2241.91 7.262115707950465e+38
2242.49 7.257032896240196e+38
2243.07 7.252874062544952e+38
2243.66 7.24824920206829e+38
2244.24 7.243328856710663e+38
2244.82 7.23657463772798e+38
2245.4 7.233038771072138e+38
2245.98 7.226599454176117e+38
2246.56 7.220470837541534e+38
2247.15 7.213881511464237e+38
2247.73 7.208068505799703e+38
2248.31 7.201803267319009e+38
2248.89 7.195847763853344e+38
2249.48 7.18928092209973e+38
2250.06 7.183032008176108e+38
2250.64 7.176636811072127e+38
2251.23 7.170542274477032e+38
2251.81 7.16415821124254e+38
2252.39 7.157779851660871e+38
2252.98 7.148225767678549e+38
2253.56 6.41441144851487e+38
2254.15 7.139723293939683e+38
2254.73 7.12327823749691e+38
2255.31 7.128678504147858e+38
2255.9 7.124584226202578e+38
2256.48 7.120801133836237e+38
2257.07 7.117462812633709e+38
2257.65 7.113983646848036e+38
2258.24 7.108845553647201e+38
2258.82 7.106571148281176e+38
2259.41 7.102788357927134e+38
2260.0 7.099607248577338e+38
2260.58 7.09598574429723e+38
2261.17 7.092067530348992e+38
2261.75 7.08876260313512e+38
2262.34 7.078420692498469e+38
2262.93 7.081093803103974e+38
2263.51 7.07764383798295e+38
2264.1 7.074336824642124e+38
2264.69 7.06849283309958e+38
2265.27 7.066689867954232e+38
2265.86 7.050124889129709e+38
2266.45 7.057999042031514e+38
2267.03 7.053516370436379e+38
2267.62 7.049028476512538e+38
2268.21 7.043056022586514e+38
2268.8 7.039912378024869e+38
2269.39 7.035284426764346e+38
2269.97 7.030964171721944e+38
2270.56 7.026341818487969e+38
2271.15 7.021722366024794e+38
2271.74 7.017253939222776e+38
2272.33 7.012788205250429e+38
2272.92 7.008473091405443e+38
2273.51 7.004308304938014e+38
2274.09 6.999267348676792e+38
2274.68 6.995255355033544e+38
2275.27 6.991097934762409e+38
2275.86 6.987680081990996e+38
2276.45 6.983674168194154e+38
2277.04 6.979081263208627e+38
2277.63 6.9743440786803e+38
2278.22 6.971816198143201e+38
2278.81 6.968553759173345e+38
2279.41 6.953685376691963e+38
2280.0 6.96143730353933e+38
2280.59 6.957885441022443e+38
2281.18 6.95404175374896e+38
2281.77 6.950346618585815e+38
2282.36 6.946653242341271e+38
2282.95 6.943986922522444e+38
2283.54 6.93941821033244e+38
2284.14 6.935722896533017e+38
2284.73 6.931891056819806e+38
2285.32 6.926453969408901e+38
2285.91 6.919269763673004e+38
2286.5 6.911947446644555e+38
2287.1 6.904770768882929e+38
2287.69 6.762371823603456e+38
2288.28 6.890456157515609e+38
2288.88 6.883012155421959e+38
2289.47 6.875729277822695e+38
2290.06 6.868599100058006e+38
2290.66 6.861468605497519e+38
2291.25 6.853634645516479e+38
2291.84 6.846685981070818e+38
2292.44 6.839448668486078e+38
2293.03 6.832082970116169e+38
2293.63 6.82471781702508e+38
2294.22 6.817655753097829e+38
2294.81 6.810314324941536e+38
2295.41 6.806126377299606e+38
2296.0 6.803094687556695e+38
2296.6 6.797622263277173e+38
2297.2 6.7953018266872804e+38
2297.79 6.4308773324531775e+38
2298.39 6.7913852766980174e+38
2298.98 6.78821588576295e+38
2299.58 6.785039767115077e+38
2300.17 6.782443856036033e+38
2300.77 6.7792699827076714e+38
2301.37 6.776525427498637e+38
2301.96 6.773504174742084e+38
2302.56 6.770618917401325e+38
2303.16 6.7678771464494214e+38
2303.75 6.763862149376146e+38
2304.35 6.7616920668144665e+38
2304.95 6.7586686145216416e+38
2305.54 6.752810188933595e+38
2306.14 6.746665164846133e+38
2306.74 6.355531722007139e+38
2307.34 6.7332426292928445e+38
2307.94 6.730079134240572e+38
2308.53 6.724093987108773e+38
2309.13 6.718247735223553e+38
2309.73 6.712265355704068e+38
2310.33 6.7062883515644065e+38
2310.93 6.700739634120132e+38
2311.53 6.6949138043871864e+38
2312.13 6.689093069538563e+38
2312.73 6.683418008146546e+38
2313.32 6.677474716321218e+38
2313.93 6.6708195417168265e+38
2314.52 6.6658769144836094e+38
2315.12 6.656873588127934e+38
2315.72 6.6396418727190856e+38
2316.32 6.6203707451801445e+38
2316.93 6.603094674885604e+38
2317.52 6.585190676494578e+38
2318.13 6.567461947013519e+38
2318.73 6.5562595866887444e+38
2319.33 6.531351399379473e+38
2319.93 6.5084578338866445e+38
2320.53 6.495455531844108e+38
2321.13 6.477451833999409e+38
2321.73 6.459502148191164e+38
2322.33 6.4409419057164465e+38
2322.94 6.4224352830632705e+38
2323.54 6.405335562769025e+38
2324.14 6.386813336513934e+38
2324.74 6.369016153160361e+38
2325.35 6.365911366767687e+38
2325.95 6.373484253013815e+38
2326.55 6.380933299928292e+38
2327.16 6.3886522904228046e+38
2327.76 6.395718628332597e+38
2328.36 6.402659293781796e+38
2328.97 6.4114817656281826e+38
2329.57 6.419248296970648e+38
2330.17 6.426492702884718e+38
2330.78 6.43387416069697e+38
2331.38 6.441677200638896e+38
2331.98 6.448002944251853e+38
2332.59 6.456900671722406e+38
2333.19 6.4628358885335814e+38
2333.8 6.472163212542867e+38
2334.4 6.479744810858895e+38
2335.01 6.487328787471026e+38
2335.61 6.481994641760638e+38
2336.22 6.476793568583758e+38
2336.82 6.471332414987827e+38
2337.43 6.465189849049038e+38
2338.03 6.4609503439050625e+38
2338.64 6.455758178460671e+38
2339.25 6.450705497404696e+38
2339.85 6.445258618856748e+38
2340.46 6.440214182905865e+38
2341.07 6.434499007912572e+38
2341.67 6.430009701184475e+38
2342.28 6.42457308377831e+38
2342.89 6.419275699222131e+38
2343.5 6.41425165083947e+38
2344.1 6.4092389121392735e+38
2344.71 6.404222723173442e+38
2345.32 6.400683573999932e+38
2345.93 6.39874710113182e+38
2346.53 6.396416295636629e+38
2347.14 6.3946146261375675e+38
2347.75 6.3914734720680704e+38
2348.36 6.374826816801633e+38
2348.97 6.3882737788340455e+38
2349.58 6.362164072526542e+38
2350.19 6.3845393591122356e+38
2350.79 6.383282116296915e+38
2351.4 6.380679923903377e+38
2352.01 6.3786132300152746e+38
2352.62 6.3766805781841524e+38
2353.23 6.374217286187193e+38
2353.84 6.372428319793456e+38
2354.45 6.369705190657315e+38
2355.06 6.3681838634258904e+38
2355.67 6.362261813411177e+38
2356.28 6.3567449375192936e+38
2356.89 6.3507007161616596e+38
2357.5 6.344795306971156e+38
2358.12 6.3387553211231754e+38
2358.73 6.332728658642324e+38
2359.34 6.326840383330185e+38
2359.95 6.321090088181216e+38
2360.56 6.3148161977603916e+38
2361.17 6.308809026687602e+38
2361.78 6.3030676202399175e+38
2362.4 6.297192166931224e+38
2363.01 6.291198151575885e+38
2363.62 6.285078431358219e+38
2364.24 6.27895729223438e+38
2364.85 6.273243641845428e+38
2365.46 6.2685846202049665e+38
2366.07 6.265895444556396e+38
2366.69 6.262151301068989e+38
2367.3 6.25894060316329e+38
2367.91 6.2553387131545034e+38
2368.53 6.251992810051814e+38
2369.14 6.24826597187133e+38
2369.76 6.244796194542024e+38
2370.37 6.241205098544823e+38
2370.98 6.237876888236349e+38
2371.6 6.233369209563211e+38
2372.21 6.230696470357512e+38
2372.83 6.227105390014071e+38
2373.44 6.2236538766867984e+38
2374.06 6.220196629267133e+38
2374.67 6.215188708618624e+38
2375.29 6.212125606013175e+38
2375.91 6.206597441382344e+38
2376.52 6.2008224574365196e+38
2377.14 6.194531229087079e+38
2377.75 6.189290010738358e+38
2378.37 6.183528836053284e+38
2378.99 6.178031411955822e+38
2379.6 6.172159357327785e+38
2380.22 6.166801131217233e+38
2380.83 6.160553813118106e+38
2381.45 6.155334490868032e+38
2382.07 6.149605678952329e+38
2382.69 6.144010687686847e+38
2383.3 6.138300055580476e+38
2383.92 6.1325874896089214e+38
2384.54 6.126752406212194e+38
2385.16 6.128975999225897e+38
2385.78 6.112532695610891e+38
2386.4 5.671236518242613e+38
2387.01 6.0762453081022294e+38
2387.63 6.111401969723216e+38
2388.25 6.1086404551265405e+38
2388.87 6.1058799758762646e+38
2389.49 6.103247968876271e+38
2390.11 6.100489497878792e+38
2390.73 6.097732061516525e+38
2391.35 6.0952301725446355e+38
2391.97 6.09247468144577e+38
2392.59 6.089847385027168e+38
2393.21 6.0870942578754814e+38
2393.83 6.0843421642041344e+38
2394.45 6.0814641508237436e+38
2395.07 6.0788410763207005e+38
2395.69 6.07304896917538e+38
2396.31 6.0692889761890594e+38
2396.93 6.064518542716766e+38
2397.55 6.059498934704832e+38
2398.17 6.05486254400513e+38
2398.79 6.025541427747419e+38
2399.42 6.045592827909146e+38
2400.04 6.0408409641944674e+38
2400.66 6.035968046675853e+38
2401.28 6.031229190492227e+38
2401.91 6.026360943333676e+38
2402.53 6.021504040575152e+38
2403.15 6.01627463249748e+38
2403.77 6.012052785419583e+38
2404.4 6.007074783453261e+38
2405.02 5.995354212400646e+38
2405.64 5.994645770096592e+38
2406.27 5.994304664755417e+38
2406.89 5.989973087325492e+38
2407.51 5.985769376903892e+38
2408.14 5.981810541585419e+38
2408.76 5.977732340421701e+38
2409.39 5.9733910662958206e+38
2410.01 5.968936083488818e+38
2410.64 5.964973992762322e+38
2411.26 5.960773587046617e+38
2411.89 5.956692568745182e+38
2412.51 5.952497823628725e+38
2413.14 5.948174398297109e+38
2413.76 5.943985495770308e+38
2414.39 5.90488515942918e+38
2415.01 5.93585599894878e+38
2415.64 5.9332744798918285e+38
2416.26 5.931072118440925e+38
2416.89 5.92775490650649e+38
2417.52 5.926418176986042e+38
2418.14 5.9239783121073e+38
2418.77 5.921408389001226e+38
2419.4 5.916867236444708e+38
2420.02 5.916771645416077e+38
2420.65 5.914327353577535e+38
2421.28 5.912130100453259e+38
2421.91 5.909564187103768e+38
2422.53 5.906883663365661e+38
2423.16 5.894001177874098e+38
2423.79 5.902616786404983e+38
2424.42 5.9000541019933246e+38
2425.05 5.89908892699926e+38
2425.68 5.8918633444624844e+38
2426.3 5.885757320130289e+38
2426.93 5.881609111739581e+38
2427.56 5.87611805323818e+38
2428.19 5.870876637119463e+38
2428.82 5.865517892576915e+38
2429.45 5.860042179759311e+38
2430.08 5.854693530564518e+38
2430.71 5.849471576642066e+38
2431.34 5.8440111684671504e+38
2431.97 5.8378272140321484e+38
2432.6 5.833348691858178e+38
2433.23 5.8279033136257914e+38
2433.86 5.822463025848723e+38
2434.49 5.817148917352007e+38
2435.12 5.812081489359678e+38
2435.75 5.80931336035007e+38
2436.39 5.806297368730102e+38
2437.02 5.803531598179009e+38
2437.65 5.800646330875693e+38
2438.28 5.797521216125457e+38
2438.91 5.7921091353833235e+38
2439.54 5.791034722787788e+38
2440.18 5.788388112311789e+38
2440.81 5.781902483497053e+38
2441.44 5.781419890369524e+38
2442.07 5.780335171821117e+38
2442.71 5.7774409777828465e+38
2443.34 5.774555705859723e+38
2443.97 5.771431748174357e+38
2444.61 5.768661296356834e+38
2445.24 5.7654203160923025e+38
2445.88 5.761933797952547e+38
2446.51 5.758456913535826e+38
2447.14 5.754981976789461e+38
2447.78 5.747439417208828e+38
2448.41 5.748030257387886e+38
2449.05 5.743957511301373e+38
2449.68 5.74062254084149e+38
2450.32 5.736805118528735e+38
2450.95 5.73240216004231e+38
2451.59 5.73025627330767e+38
2452.22 5.726809722646325e+38
2452.86 5.723357625223768e+38
2453.49 5.71991495181825e+38
2454.13 5.716466729791172e+38
2454.76 5.7130279299170676e+38
2455.4 5.708635094553376e+38
2456.04 5.702469155746026e+38
2456.67 5.699393561481544e+38
2457.31 5.6946519549287674e+38
2457.95 5.6900129837807686e+38
2458.58 5.685385607730381e+38
2459.22 5.680636200418797e+38
2459.86 5.6756551254196965e+38
2460.5 5.671149229617014e+38
2461.14 5.666294063646569e+38
2461.77 5.659923809941081e+38
2462.41 5.6571909530215006e+38
2463.05 5.652464978575087e+38
2463.69 5.64727424670521e+38
2464.33 5.643141890674854e+38
2464.96 5.638435428280914e+38
2465.6 5.634545267850133e+38
2466.24 5.630545221559293e+38
2466.88 5.62643121741713e+38
2467.52 5.622553352835482e+38
2468.16 5.618445006618829e+38
2468.8 5.601548841692511e+38
2469.44 5.610120734746379e+38
2470.08 5.606602462831214e+38
2470.72 5.602853906388324e+38
2471.36 5.5987594899042894e+38
2472.0 5.594899958541228e+38
2472.64 5.590927075341993e+38
2473.28 5.586725298106398e+38
2473.92 5.582990487950506e+38
2474.56 5.5790279205869824e+38
2475.21 5.575175929559503e+38
2475.85 5.572026987742647e+38
2476.49 5.5688796487170625e+38
2477.13 5.565733911814117e+38
2477.77 5.56235924838962e+38
2478.42 5.56404952782079e+38
2479.06 5.556068368863494e+38
2479.7 5.552699077220396e+38
2480.34 5.549446646575128e+38
2480.99 5.5463031671308105e+38
2481.63 5.54293931536133e+38
2482.27 5.539348921256319e+38
2482.92 5.536785853095929e+38
2483.56 5.5335436564548784e+38
2484.2 5.5301886525677306e+38
2484.85 5.526370019110048e+38
2485.49 5.5216466864695805e+38
2486.14 5.515320597225379e+38
2486.78 5.508895655735138e+38
2487.42 5.5024785427005975e+38
2488.07 5.496289148312398e+38
2488.71 5.489660122666981e+38
2489.36 5.483485769474636e+38
2490.0 5.477099595022313e+38
2490.65 5.470821581954221e+38
2491.29 5.463765774255988e+38
2491.94 5.4581794579211545e+38
2492.59 5.4518095764643625e+38
2493.23 5.445229927993835e+38
2493.88 5.437189008597697e+38
2494.52 5.4096755062875015e+38
2495.17 5.427993849881896e+38
2495.82 5.427155876646172e+38
2496.47 5.426093375871016e+38
2497.11 5.425487218049999e+38
2497.76 5.421509331379952e+38
2498.41 5.423922414878129e+38
2499.05 5.422868776991968e+38
2499.7 5.421919643300926e+38
