WAVE FLUX
1000.04 1.625491896845902e+39
1000.53 1.5892827082180868e+39
1001.02 1.5007221214508838e+39
1001.51 1.627153612919964e+39
1002.01 1.4295670611153385e+39
1002.5 1.5787413995787417e+39
1002.99 1.580066625920769e+39
1003.48 1.616657768594127e+39
1003.97 1.6142938858974463e+39
1004.46 1.6173977008734947e+39
1004.96 1.6156316069141128e+39
1005.45 1.5140201862389794e+39
1005.94 7.72756423561117e+38
1006.43 1.5918283593385387e+39
1006.93 1.498739835088708e+39
1007.42 1.5989149014875355e+39
1007.92 1.398657536523534e+39
1008.41 1.6028558716826412e+39
1008.91 1.5277888056899368e+39
1009.4 1.6096569235252354e+39
1009.9 1.007310076503603e+39
1010.39 6.869780618121708e+38
1010.89 1.5882481884158596e+39
1011.38 1.4452392262060428e+39
1011.88 1.5914281364970846e+39
1012.37 1.3915912320769068e+39
1012.87 1.2239632247439012e+39
1013.37 1.5836926756894592e+39
1013.86 1.5830135858967938e+39
1014.36 1.596793478769363e+39
1014.86 1.4973332307128407e+39
1015.36 1.555106651428767e+39
1015.85 1.5130242256253474e+39
1016.35 1.5241226783749442e+39
1016.85 1.5530772117126354e+39
1017.35 1.4035432451030894e+39
1017.85 1.3360250805604845e+39
1018.35 1.2124900711439738e+39
1018.85 1.5188425914091018e+39
1019.35 1.5219381883122698e+39
1019.85 1.3304319397949434e+39
1020.35 1.468312785618005e+39
1020.85 1.525842897285004e+39
1021.35 1.460789233565603e+39
1021.85 1.498406822461971e+39
1022.35 1.493805929922199e+39
1022.85 1.3305711328350468e+39
1023.35 1.4758200511053926e+39
1023.85 1.4036589710314027e+39
1024.35 1.429828951202601e+39
1024.86 1.3854211542383195e+39
1025.36 5.45089129379482e+38
1025.86 2.5056855132558504e+38
1026.37 1.091233437363866e+39
1026.87 1.0336835068537457e+39
1027.37 1.0504118717682264e+39
1027.88 1.0460561237786892e+39
1028.38 1.0411643785404475e+39
1028.89 1.0531320649675044e+39
1029.39 1.0552523412289016e+39
1029.9 9.662096460882177e+38
1030.4 1.0366369409809459e+39
1030.91 8.11284016174886e+38
1031.41 9.797414187600277e+38
1031.92 1.2485621280976005e+39
1032.42 1.2422932111891012e+39
1032.93 1.273550877405658e+39
1033.44 1.1855984590927434e+39
1033.94 9.721936007897255e+38
1034.45 1.1550160581875712e+39
1034.96 1.0655183300774346e+39
1035.46 4.96387099149098e+38
1035.97 1.1101049795256193e+39
1036.48 1.1024503461199772e+39
1036.99 6.144091829257568e+38
1037.5 1.3433784910824486e+39
1038.01 1.3128483873850642e+39
1038.51 1.7019126265712025e+39
1039.02 1.5820731526768195e+39
1039.53 1.3758519140593192e+39
1040.04 1.584362413560722e+39
1040.55 1.5816800583255956e+39
1041.06 1.5893964105528117e+39
1041.57 1.4637012470230667e+39
1042.08 1.5590550205524476e+39
1042.59 1.548266801289609e+39
1043.11 1.5476070178584426e+39
1043.62 1.5310355362215314e+39
1044.13 1.5461736185562688e+39
1044.64 1.5439813932333596e+39
1045.15 1.533579285415966e+39
1045.67 1.5338782686309715e+39
1046.18 1.5243158225871972e+39
1046.69 1.5233810760437176e+39
1047.2 1.5247969032161753e+39
1047.72 1.5242161464091826e+39
1048.23 1.5294304815636432e+39
1048.75 1.5323008891547112e+39
1049.26 1.5246768372327627e+39
1049.78 1.5222020641547277e+39
1050.29 1.52466869074955e+39
1050.81 1.5132488888399145e+39
1051.32 1.4781394508637262e+39
1051.83 1.5194152356130665e+39
1052.35 1.5114753770984012e+39
1052.87 1.450869768777677e+39
1053.38 1.5070530820948076e+39
1053.9 1.5134996093265044e+39
1054.42 1.5128170192075368e+39
1054.93 1.511469710886283e+39
1055.45 1.3340237823695645e+39
1055.97 1.460360378509853e+39
1056.49 1.502628873808933e+39
1057.01 1.4978759346801596e+39
1057.52 1.4705509272137418e+39
1058.04 1.4928724322270654e+39
1058.56 1.4348601486993216e+39
1059.08 1.456538960387688e+39
1059.6 1.4831476189643237e+39
1060.12 1.372916885609473e+39
1060.64 1.4183884265238176e+39
1061.16 1.2695746359287548e+39
1061.68 1.1856818330331928e+39
1062.2 1.399963987847695e+39
1062.72 4.321392245953438e+38
1063.24 1.360273222660305e+39
1063.76 1.4658295768471468e+39
1064.28 1.45090054115917e+39
1064.81 1.4612059605294867e+39
1065.33 1.459267221354497e+39
1065.85 1.3029791792177836e+39
1066.37 1.451849817656801e+39
1066.9 1.460244042536976e+39
1067.42 1.4406538637952775e+39
1067.94 1.3871576116000667e+39
1068.47 1.449894285104269e+39
1068.99 1.1899440957208338e+39
1069.52 1.401283842112458e+39
1070.04 1.396269864739897e+39
1070.56 1.2518194768739965e+39
1071.09 1.439009849472394e+39
1071.61 1.4488588518571247e+39
1072.14 1.3975353245857914e+39
1072.67 1.3917682456613516e+39
1073.19 1.4039413172814698e+39
1073.72 1.3799523204533394e+39
1074.24 1.3849256301009964e+39
1074.77 1.421241888775854e+39
1075.3 1.3744353845836234e+39
1075.82 1.4389085179055107e+39
1076.35 1.4344551081853193e+39
1076.88 1.4383356454051145e+39
1077.41 1.43877763196094e+39
1077.94 1.369181759184495e+39
1078.47 1.4295883102497642e+39
1078.99 1.398572830347087e+39
1079.52 1.379556578316809e+39
1080.05 1.4134186734159642e+39
1080.58 1.411185774755416e+39
1081.11 1.3839773040903623e+39
1081.64 1.3815998342914214e+39
1082.17 1.4019877150736072e+39
1082.7 1.379871328949109e+39
1083.23 1.2333359161955746e+39
1083.77 1.3387151476368491e+39
1084.3 1.3508912659766841e+39
1084.83 1.1923793625814506e+39
1085.36 1.338280115455333e+39
1085.89 1.3318346187260819e+39
1086.43 1.3640557620275814e+39
1086.96 1.3758282121901803e+39
1087.49 1.3879897198882616e+39
1088.02 1.3074466469694501e+39
1088.56 1.3326804253143029e+39
1089.09 1.2222394769270588e+39
1089.63 1.1446854227785777e+39
1090.16 1.3602637423354035e+39
1090.69 1.356519016499466e+39
1091.23 1.3494904255652867e+39
1091.77 1.386567535522399e+39
1092.3 1.3414243440008438e+39
1092.84 1.3749835781635324e+39
1093.37 1.3255097150853964e+39
1093.91 1.409130390960284e+39
1094.44 1.4085863996765053e+39
1094.98 1.410543900493591e+39
1095.52 1.2479585974975556e+39
1096.06 1.3756405495721918e+39
1096.59 1.1491406698796315e+39
1097.13 1.3981663945937233e+39
1097.67 1.1744842481123465e+39
1098.21 1.2223524647533809e+39
1098.74 1.3929553232641968e+39
1099.28 1.3928043794989363e+39
1099.82 1.370832223850107e+39
1100.36 1.3905160241626612e+39
1100.9 1.389053213946918e+39
1101.44 1.3693762472805e+39
1101.98 1.375957779992895e+39
1102.52 1.3842906638591905e+39
1103.06 1.2944805579743986e+39
1103.6 1.3645947196558904e+39
1104.15 1.2361060485380601e+39
1104.69 1.3589394161831615e+39
1105.23 1.3685857820744558e+39
1105.77 1.3688141327008767e+39
1106.31 1.3656113088138252e+39
1106.85 1.3438191486115591e+39
1107.4 1.3489747926973541e+39
1107.94 9.441948143880512e+38
1108.48 8.550985431479135e+38
1109.03 1.350459357830245e+39
1109.57 1.3342423079788845e+39
1110.11 1.302623419909048e+39
1110.66 1.3349650230186115e+39
1111.2 1.3205439816215324e+39
1111.75 1.3261282127574935e+39
1112.29 1.275031376874244e+39
1112.84 1.340508398206442e+39
1113.39 1.3439162795927365e+39
1113.93 1.3180616415317864e+39
1114.48 1.3410256621149233e+39
1115.02 1.2860635620085162e+39
1115.57 1.3281662306073366e+39
1116.12 1.249339274929791e+39
1116.67 1.2580631288558257e+39
1117.21 1.2996346499943358e+39
1117.76 1.2877295148871531e+39
1118.31 1.2983042923436365e+39
1118.86 1.3340641551535434e+39
1119.41 1.2510212320461042e+39
1119.95 1.3297222360553032e+39
1120.5 1.327130060042113e+39
1121.05 1.2695494207260455e+39
1121.6 1.3154940618181131e+39
1122.15 1.3176529306864931e+39
1122.7 1.3166893807441431e+39
1123.25 1.3079348025675446e+39
1123.8 5.245465234750294e+38
1124.36 1.2806578874809662e+39
1124.91 9.526531297470173e+38
1125.46 1.2904661386256015e+39
1126.01 1.2924343597680612e+39
1126.56 1.2858517623395245e+39
1127.11 1.280186434138844e+39
1127.67 1.2754292845811645e+39
1128.22 4.641717523405286e+38
1128.77 8.065292013745363e+38
1129.33 1.2949455280471039e+39
1129.88 1.2625698645455085e+39
1130.44 1.037521014128756e+39
1130.99 1.2943675221997156e+39
1131.54 1.3085138585475846e+39
1132.1 1.3154381128192591e+39
1132.65 1.306930583308568e+39
1133.21 1.3069078882793324e+39
1133.77 1.3094750647750628e+39
1134.32 1.2394339759593948e+39
1134.88 1.2476568576920991e+39
1135.43 1.3113610264379313e+39
1135.99 1.3104021580043972e+39
1136.55 1.3092027330973225e+39
1137.1 1.3072789936532376e+39
1137.66 1.3041292456486203e+39
1138.22 1.298025246884342e+39
1138.78 1.2933781372874333e+39
1139.34 9.539103493119764e+38
1139.9 9.58162215772178e+38
1140.45 1.2890532520512132e+39
1141.01 1.2956340362058184e+39
1141.57 8.484544810401283e+38
1142.13 1.2934397858013224e+39
1142.69 1.2917489959946313e+39
1143.25 1.2894070898230826e+39
1143.81 1.275741511799171e+39
1144.38 1.0753781124981528e+39
1144.94 9.758502068899985e+38
1145.5 1.2836837295019896e+39
1146.06 1.2825363628666269e+39
1146.62 1.2805641932001307e+39
1147.18 1.2769476467084645e+39
1147.75 1.2734318405796613e+39
1148.31 1.275372342271623e+39
1148.87 1.2740558430935676e+39
1149.44 1.2752362355182331e+39
1150.0 1.254767724881088e+39
1150.0 1.254767724881088e+39
1150.3 1.271656043370034e+39
1150.6 1.2746088223635719e+39
1150.89 1.234031520466854e+39
1151.19 1.2546778820262112e+39
1151.49 1.2738502187821899e+39
1151.79 1.273051093234769e+39
1152.09 1.2717253450754071e+39
1152.39 1.2694654082867458e+39
1152.69 1.1927069554671641e+39
1152.98 1.2683373665321954e+39
1153.28 1.2685048632619061e+39
1153.58 1.2588968298633217e+39
1153.88 1.2117996627378527e+39
1154.18 1.1992482469610508e+39
1154.48 1.264362930022871e+39
1154.78 1.262871500195868e+39
1155.08 1.2312568573317565e+39
1155.38 1.2432975978930873e+39
1155.68 1.2601759906195845e+39
1155.98 1.0462273031276032e+39
1156.28 1.2565968337317906e+39
1156.57 1.2265193629888023e+39
1156.88 1.2452347135873534e+39
1157.18 1.2486427549386045e+39
1157.47 1.2352800952008496e+39
1157.78 1.2371530117869944e+39
1158.07 9.84741271933143e+38
1158.38 1.241073509751341e+39
1158.68 1.2331480858907483e+39
1158.97 1.226371273056148e+39
1159.28 1.2237429648038025e+39
1159.58 1.2021507478739985e+39
1159.88 1.2511302587769296e+39
1160.18 1.2006413005984375e+39
1160.48 1.249818162118281e+39
1160.78 1.2560400645020233e+39
1161.08 1.2560894524579624e+39
1161.38 1.2489588506270997e+39
1161.68 1.25139674026218e+39
1161.98 1.2338242406689821e+39
1162.28 1.2537153501223401e+39
1162.58 1.2564805751839386e+39
1162.89 1.2543358680794631e+39
1163.19 1.009419698694442e+39
1163.49 1.243565269388582e+39
1163.79 1.189157958692573e+39
1164.09 1.2381775222200127e+39
1164.39 1.1950691274293482e+39
1164.7 1.2126614204720822e+39
1165.0 1.0013486689043178e+39
1165.3 1.2286898342152654e+39
1165.6 1.1115486112691743e+39
1165.9 9.610381038951117e+38
1166.21 1.2303644169446682e+39
1166.51 1.2255216695832108e+39
1166.81 1.0242010477687996e+39
1167.11 1.2148300017773266e+39
1167.42 1.0723710524011765e+39
1167.72 1.2054544089548928e+39
1168.02 1.2243800187545427e+39
1168.32 1.2152166719187841e+39
1168.63 1.1893326949115033e+39
1168.93 9.155821963923424e+38
1169.23 1.2168999799509778e+39
1169.54 1.2059335035223911e+39
1169.84 1.218089590417277e+39
1170.14 1.189838709746215e+39
1170.44 1.0295062533076605e+39
1170.75 1.1798131544165908e+39
1171.05 7.269207202371478e+38
1171.35 1.2129535329179583e+39
1171.66 1.18545158508936e+39
1171.96 8.782788092812908e+38
1172.27 1.2079428315142935e+39
1172.57 1.1840903749823216e+39
1172.87 1.142259687920017e+39
1173.18 1.2007919591950091e+39
1173.48 1.1002785037615241e+39
1173.79 1.1897692777584e+39
1174.09 1.161586529081986e+39
1174.4 1.184178795554109e+39
1174.7 1.1368617877811342e+39
1175.0 4.567576294878311e+38
1175.31 4.749568899291436e+38
1175.61 4.7365417754922565e+38
1175.92 4.537418262580231e+38
1176.22 7.661401514064227e+38
1176.53 9.969720331263506e+38
1176.83 1.1741217658643573e+39
1177.14 1.1738984917607559e+39
1177.44 1.1752139427897843e+39
1177.75 1.1399272790080749e+39
1178.05 1.1735481233875754e+39
1178.36 1.0904236549060712e+39
1178.66 1.1914156925124374e+39
1178.97 1.1765537762296606e+39
1179.27 1.1920569837502537e+39
1179.58 1.196916755649012e+39
1179.89 1.178318396259246e+39
1180.19 1.1988020788803546e+39
1180.5 1.0819183494493911e+39
1180.8 1.1811429819714083e+39
1181.11 1.2018441152666844e+39
1181.42 1.0905725007659365e+39
1181.72 1.1121387265113054e+39
1182.03 1.2038400140393243e+39
1182.33 1.2043564878678582e+39
1182.64 1.1859971116595876e+39
1182.95 6.28104207321847e+38
1183.25 1.1773287915229194e+39
1183.56 1.1803061940153047e+39
1183.87 1.1900112893433384e+39
1184.17 1.144961563292845e+39
1184.48 5.521909674849502e+38
1184.79 1.0679770924728978e+39
1185.09 1.2084993003251016e+39
1185.4 1.0098830154364368e+39
1185.71 1.2027102104406502e+39
1186.02 1.1927483191813932e+39
1186.32 1.197690544664508e+39
1186.63 1.0704401358451268e+39
1186.94 1.1743038686775184e+39
1187.25 1.1878359474694973e+39
1187.56 1.1827252432888107e+39
1187.86 1.1774172790853937e+39
1188.17 1.1787380123677402e+39
1188.48 1.1695935953235116e+39
1188.79 1.1768778112615108e+39
1189.09 1.1726483322092649e+39
1189.4 1.1412932897065964e+39
1189.71 1.1726317956443835e+39
1190.02 1.166995095907192e+39
1190.33 1.1440836884980357e+39
1190.64 1.1686452735782478e+39
1190.94 1.1646596853142296e+39
1191.25 7.349709150064067e+38
1191.56 1.162901478674793e+39
1191.87 1.1614750630319556e+39
1192.18 1.1549342442169015e+39
1192.49 1.1554044910342271e+39
1192.8 1.1434886165225727e+39
1193.11 1.044594175448488e+39
1193.42 1.1507602563624492e+39
1193.73 1.0915577894922144e+39
1194.04 1.1181013144495605e+39
1194.34 1.1095779073478819e+39
1194.65 1.1440674190329952e+39
1194.96 1.1411916819821802e+39
1195.27 1.1227598723171686e+39
1195.58 1.1204534026200534e+39
1195.89 1.1198518187236404e+39
1196.2 9.08760987028538e+38
1196.51 1.1061528446737627e+39
1196.82 1.1010886058687692e+39
1197.13 1.0897326395431293e+39
1197.44 1.0922608958895878e+39
1197.75 1.0950974671184433e+39
1198.06 1.099205871134667e+39
1198.38 1.0510927086875666e+39
1198.69 1.096764414541785e+39
1199.0 1.1007269405866128e+39
1199.31 1.109571777673668e+39
1199.62 1.111787495698871e+39
1199.93 1.1081758174941699e+39
1200.24 1.091482349445799e+39
1200.55 1.0836872758294366e+39
1200.86 1.016382357244153e+39
1201.17 1.0869178782848308e+39
1201.48 1.071308852162128e+39
1201.8 1.0478625224709681e+39
1202.11 5.436464850406315e+38
1202.42 1.0797525125808744e+39
1202.73 1.0825063043984867e+39
1203.04 1.0642376165429939e+39
1203.35 1.0629801866194487e+39
1203.67 1.0827809157631054e+39
1203.98 1.0832456928976438e+39
1204.29 1.0789809479138746e+39
1204.6 1.0776563737448451e+39
1204.92 1.0646301807850012e+39
1205.23 1.0703223952801923e+39
1205.54 1.0581863179023857e+39
1205.85 1.0665659028737386e+39
1206.16 1.0435332317301858e+39
1206.48 3.628509460219226e+38
1206.79 1.0605182113753625e+39
1207.1 1.0525560133336275e+39
1207.42 1.040096417583694e+39
1207.73 1.0587856637284243e+39
1208.04 1.05088477835656e+39
1208.35 1.0105446048404118e+39
1208.67 1.0079822054912115e+39
1208.98 1.0581421471382656e+39
1209.29 1.042321758108106e+39
1209.61 1.0414033378628522e+39
1209.92 1.0489732821517394e+39
1210.23 1.045709253502159e+39
1210.55 9.940388961386967e+38
1210.86 1.0400033424368058e+39
1211.18 1.0234424710717307e+39
1211.49 1.0188026724415472e+39
1211.8 1.0218941183888408e+39
1212.12 1.0208994764775365e+39
1212.43 1.0324956097268396e+39
1212.75 1.0212150899046178e+39
1213.06 1.0070376621608175e+39
1213.38 1.0295350269781417e+39
1213.69 9.341770909158316e+38
1214.0 9.734896180753884e+38
1214.32 1.0262262601594008e+39
1214.63 9.94039544652078e+38
1214.95 1.0228410813812367e+39
1215.26 4.968166701961597e+38
1215.58 4.06693714775195e+38
1215.89 3.588018308106912e+38
1216.21 1.03715998326802e+39
1216.52 1.0383424956443462e+39
1216.84 8.661919039089561e+38
1217.15 7.368602494368725e+38
1217.47 1.0422068537804754e+39
1217.79 6.011088404933277e+38
1218.1 1.0462169539057968e+39
1218.42 9.907399141719454e+38
1218.73 6.133044811484486e+38
1219.05 1.0509303737816912e+39
1219.36 1.0532627936664998e+39
1219.68 1.0548508737032943e+39
1220.0 7.889931914254838e+38
1220.31 1.0537788532071411e+39
1220.63 1.0557281395836359e+39
1220.94 8.501432286513597e+38
1221.26 5.803497566068331e+38
1221.58 1.0580517721626134e+39
1221.9 9.857790114683815e+38
1222.21 9.638337439546286e+38
1222.53 1.0416442663535148e+39
1222.84 1.041814797710879e+39
1223.16 6.68809852134855e+38
1223.48 1.0587599150832114e+39
1223.8 6.336070662994297e+38
1224.11 1.0647499778837269e+39
1224.43 1.0702297017514533e+39
1224.75 1.0705045602637382e+39
1225.06 1.0773707849459217e+39
1225.38 1.0766313768621e+39
1225.7 1.0573024407199358e+39
1226.02 9.609318239219558e+38
1226.34 1.0893917596658033e+39
1226.65 1.0899428231419498e+39
1226.97 1.0905474783875469e+39
1227.29 1.0385527134744083e+39
1227.61 1.0913560640815806e+39
1227.93 1.0875769780605378e+39
1228.24 1.0624206596682654e+39
1228.56 1.0680564070583975e+39
1228.88 1.0929702412621168e+39
1229.2 1.077778401050789e+39
1229.52 9.593451496023874e+38
1229.84 8.966827806333485e+38
1230.16 1.0915210498498169e+39
1230.47 9.634467055869987e+38
1230.79 9.475578316366146e+38
1231.11 1.068613306172052e+39
1231.43 1.0632022966173633e+39
1231.75 1.0563616218486207e+39
1232.07 1.0482880726134844e+39
1232.39 1.0305704690642063e+39
1232.71 1.0310711919640269e+39
1233.03 1.0179631714458607e+39
1233.35 1.0026017164288286e+39
1233.67 1.0224683826203612e+39
1233.99 1.017854177066766e+39
1234.31 1.0124468283739738e+39
1234.63 9.686599154895338e+38
1234.95 9.998574982740754e+38
1235.27 9.777198953476254e+38
1235.59 9.887883006667413e+38
1235.91 9.811913192158107e+38
1236.23 9.609923500073648e+38
1236.55 9.743505379543033e+38
1236.87 9.728339338298918e+38
1237.19 9.265976403804758e+38
1237.51 9.7671111987564e+38
1237.83 9.810962847445624e+38
1238.15 9.795905710464418e+38
1238.47 9.710395178190113e+38
1238.79 8.119217786482599e+38
1239.11 1.1142927854324401e+39
1239.44 1.0879474992071616e+39
1239.76 1.0706731269860844e+39
1240.08 1.0426772603309291e+39
1240.4 1.0364484347596776e+39
1240.72 1.0259618693979543e+39
1241.04 1.0204894309827874e+39
1241.36 1.0257967951319395e+39
1241.69 1.03338540382094e+39
1242.01 1.0384969866997459e+39
1242.33 1.04930234959809e+39
1242.65 1.0280129125797103e+39
1242.97 1.2109717555006338e+39
1243.3 1.1619943681979782e+39
1243.62 1.1829311159398659e+39
1243.94 1.1672780443077174e+39
1244.26 1.1503009342529833e+39
1244.58 1.153389727975312e+39
1244.91 1.1413779643147785e+39
1245.23 1.1146031194062671e+39
1245.55 1.117158964635132e+39
1245.88 1.118080049234366e+39
1246.2 1.0448191219954427e+39
1246.52 1.0646847360783451e+39
1246.84 1.0971204852232245e+39
1247.17 1.0942524345676668e+39
1247.49 4.560129604424358e+38
1247.81 8.800855469234609e+38
1248.14 9.84926200208863e+38
1248.46 1.0739409252788836e+39
1248.79 1.0908003729301051e+39
1249.11 1.0960636680607582e+39
1249.43 1.0860957574478923e+39
1249.76 1.0990262945717577e+39
1250.08 1.089931169864765e+39
1250.4 1.0247560082830238e+39
1250.73 1.0329191002805084e+39
1251.05 1.0665704069385719e+39
1251.38 1.0897387627973958e+39
1251.7 1.0825828658912042e+39
1252.03 1.0847176022308327e+39
1252.35 1.0828227283686934e+39
1252.68 1.0777903705360986e+39
1253.0 1.0813747812270633e+39
1253.32 1.0854935829604714e+39
1253.65 9.866926604641433e+38
1253.97 1.0455151502029891e+39
1254.3 1.0835125839787322e+39
1254.62 1.0795371023157845e+39
1254.95 9.768700903885197e+38
1255.27 8.29838366259687e+38
1255.6 1.0807837114396075e+39
1255.93 1.079986399891222e+39
1256.25 1.0806228832413468e+39
1256.58 8.790476572138824e+38
1256.9 1.0536768984836231e+39
1257.23 1.056066930739843e+39
1257.55 1.0578772779107886e+39
1257.88 1.0185654938446316e+39
1258.2 1.0762820341317718e+39
1258.53 9.887048473597109e+38
1258.86 9.061501590783157e+38
1259.18 1.0655348680898951e+39
1259.51 1.0591985129069473e+39
1259.84 1.0674790517910084e+39
1260.16 1.068082312866646e+39
1260.49 1.0662910743699402e+39
1260.82 1.0522062462761426e+39
1261.14 1.0639822280492185e+39
1261.47 1.0645862053968378e+39
1261.8 1.0323895886358175e+39
1262.12 1.0632297714473442e+39
1262.45 1.0617376927723533e+39
1262.78 1.0608795964965348e+39
1263.11 1.0592210124393489e+39
1263.43 1.0564967485851895e+39
1263.76 1.0559574915082222e+39
1264.09 1.0562409590853535e+39
1264.42 1.0403362216569157e+39
1264.74 1.0469495075403532e+39
1265.07 1.046535203200777e+39
1265.4 1.026702280026567e+39
1265.73 1.0198293032663824e+39
1266.06 1.0394910230520476e+39
1266.38 1.0009327342001796e+39
1266.71 9.845367847577521e+38
1267.04 1.039059951356297e+39
1267.37 1.029789030642075e+39
1267.7 1.0500485310163182e+39
1268.03 1.0472541829381161e+39
1268.35 1.054898134907913e+39
1268.68 1.041137052023555e+39
1269.01 9.690401375692439e+38
1269.34 1.0502682343541574e+39
1269.67 1.040492794644555e+39
1270.0 9.86343790047409e+38
1270.33 1.0412623336967874e+39
1270.66 9.707625076369234e+38
1270.99 1.0551392512360072e+39
1271.32 1.0554672653013382e+39
1271.65 1.0595006638355434e+39
1271.97 1.0551056974847544e+39
1272.31 1.0594068921098063e+39
1272.63 9.954172661503693e+38
1272.96 1.0555577557621244e+39
1273.29 1.0506529055722933e+39
1273.62 8.537548378392887e+38
1273.95 1.0565658968066196e+39
1274.28 1.0484834434206036e+39
1274.61 1.059644672608108e+39
1274.94 1.0609433789554239e+39
1275.28 1.0605210408149383e+39
1275.61 1.0609459946262942e+39
1275.94 1.0388967407125962e+39
1276.27 1.0607516511867308e+39
1276.6 1.0567165198924354e+39
1276.93 9.770004430769646e+38
1277.26 1.0587986176245782e+39
1277.59 1.0443697383983327e+39
1277.92 1.056837240934514e+39
1278.25 1.0459966208143492e+39
1278.58 1.058410342270794e+39
1278.92 8.716779995695534e+38
1279.25 1.0573209873201093e+39
1279.58 1.0507944698868987e+39
1279.91 1.053960012084637e+39
1280.24 1.0545254932819434e+39
1280.57 1.0536435593054302e+39
1280.91 1.0554906469424976e+39
1281.24 1.0369249356142526e+39
1281.57 1.0129949763841612e+39
1281.9 1.0520980028955624e+39
1282.23 1.0310427904690219e+39
1282.57 1.0500531370749316e+39
1282.9 1.04555657937036e+39
1283.23 1.0442511464501656e+39
1283.56 1.0278823770588963e+39
1283.9 1.0102255215481945e+39
1284.23 9.397479544448501e+38
1284.56 1.0325546845740815e+39
1284.9 1.0429876281191814e+39
1285.23 1.0331657545411195e+39
1285.56 1.037769666386497e+39
1285.9 9.921751717126353e+38
1286.23 1.0308108905505403e+39
1286.56 1.0307254852758338e+39
1286.9 1.0397343650676991e+39
1287.23 1.0377948759620983e+39
1287.56 9.916105001076267e+38
1287.9 1.034754743515005e+39
1288.23 9.726557324435056e+38
1288.56 1.030895675318967e+39
1288.9 1.0224766185066784e+39
1289.23 9.666752277894669e+38
1289.57 1.0239444301581917e+39
1289.9 1.0214728956264616e+39
1290.23 1.0233037117002781e+39
1290.57 1.0232665610365412e+39
1290.9 1.0195371590213231e+39
1291.24 9.381534170741777e+38
1291.57 9.278651213698974e+38
1291.91 1.0173968007555734e+39
1292.24 1.0019837862274216e+39
1292.58 1.0146237225111357e+39
1292.91 1.0136096162594397e+39
1293.25 9.746078870374125e+38
1293.58 1.0088617603709574e+39
1293.92 9.774780659472415e+38
1294.25 1.0076774788680342e+39
1294.59 5.000176315634572e+38
1294.92 1.0022475496719257e+39
1295.26 9.875442645217018e+38
1295.59 9.949582100007676e+38
1295.93 9.89795304664411e+38
1296.27 7.007233909011563e+38
1296.6 9.231840267758918e+38
1296.94 9.88977165015653e+38
1297.28 9.94491142718102e+38
1297.61 9.652127874597173e+38
1297.95 9.912126055085789e+38
1298.28 9.953480997593098e+38
1298.62 9.831485102176186e+38
1298.96 4.718663546102171e+38
1299.29 9.823290210945427e+38
1299.63 9.810348462740758e+38
1299.97 9.899580153842498e+38
1300.3 9.513613949348943e+38
1300.64 9.63042266404092e+38
1300.98 9.4256975306133e+38
1301.32 9.778390074118093e+38
1301.65 9.914739766488982e+38
1301.99 9.920000857398479e+38
1302.33 9.905329840644604e+38
1302.67 9.919872792311041e+38
1303.0 9.845621584110335e+38
1303.34 4.760086459941943e+38
1303.68 9.795469580307208e+38
1304.02 9.89560075087132e+38
1304.35 9.911237600294423e+38
1304.69 9.88053664936191e+38
1305.03 9.885088414078855e+38
1305.37 9.361107064391372e+38
1305.71 9.682926702626573e+38
1306.05 8.629869809244741e+38
1306.38 9.916873606583456e+38
1306.72 9.824696482995286e+38
1307.06 9.924647919433516e+38
1307.4 9.107756067703195e+38
1307.74 9.896420771843271e+38
1308.08 9.902785962618727e+38
1308.42 9.880904806197806e+38
1308.76 8.001524694573193e+38
1309.09 9.878688779550282e+38
1309.43 9.830997529311277e+38
1309.77 9.65988882953221e+38
1310.11 9.430445372841506e+38
1310.45 9.900007581077533e+38
1310.79 9.900481053830741e+38
1311.13 9.532256339423736e+38
1311.47 9.80154159462786e+38
1311.81 9.076857230198779e+38
1312.15 9.928639118188115e+38
1312.49 9.427184801908642e+38
1312.83 9.936843898817516e+38
1313.17 9.937316726254893e+38
1313.51 9.93278784965728e+38
1313.85 9.946637862731955e+38
1314.19 9.957095490907224e+38
1314.53 9.603206772180286e+38
1314.88 9.914015753010551e+38
1315.22 9.931919212393439e+38
1315.56 9.831517243811231e+38
1315.9 9.763073974416156e+38
1316.24 9.795675566610322e+38
1316.58 9.962819433805019e+38
1316.92 9.886228629000302e+38
1317.26 9.963732060762173e+38
1317.6 9.956228233239413e+38
1317.94 9.878554125477454e+38
1318.29 9.598909867066858e+38
1318.63 9.403533570580739e+38
1318.97 9.919226368432629e+38
1319.31 9.54471272599931e+38
1319.65 9.539915678792371e+38
1320.0 9.895239456257124e+38
1320.34 9.400742804033161e+38
1320.68 9.635320438466779e+38
1321.02 9.879181066136539e+38
1321.36 8.79033650597498e+38
1321.71 9.86430458151094e+38
1322.05 9.858440094877858e+38
1322.39 9.856841904643697e+38
1322.74 9.840875591420072e+38
1323.08 9.47737596205213e+38
1323.42 9.82377166331689e+38
1323.76 9.750030879928763e+38
1324.11 9.780785557801003e+38
1324.45 9.218209969635448e+38
1324.79 9.537824855270596e+38
1325.14 9.748195210555713e+38
1325.48 9.761975019760299e+38
1325.82 9.359069680155362e+38
1326.17 9.598691515743555e+38
1326.51 9.465127053668835e+38
1326.85 9.33194511059414e+38
1327.2 9.422213994674864e+38
1327.54 9.513994973488155e+38
1327.89 9.659450738771634e+38
1328.23 9.589144089128686e+38
1328.58 9.533936516463812e+38
1328.92 9.556992958130033e+38
1329.27 9.611652524335509e+38
1329.61 9.618202994852367e+38
1329.95 9.4433475429787e+38
1330.3 9.354356993415669e+38
1330.64 9.549465304391448e+38
1330.99 9.492105155882056e+38
1331.33 9.214931102713145e+38
1331.68 8.77325611936395e+38
1332.02 9.498929961934406e+38
1332.37 9.052801852132718e+38
1332.71 9.50146376532284e+38
1333.06 9.38661400184351e+38
1333.41 9.46183118534519e+38
1333.75 9.464594705816717e+38
1334.1 9.43891232719328e+38
1334.44 6.03594457685368e+38
1334.79 9.268810725722513e+38
1335.13 9.160339265250792e+38
1335.48 9.424357304546537e+38
1335.83 7.158555490028846e+38
1336.17 8.488528225988589e+38
1336.52 9.111459345195304e+38
1336.86 9.166217532124815e+38
1337.21 9.43039006522898e+38
1337.56 9.446501671791004e+38
1337.91 9.395112217034149e+38
1338.25 9.449000002260278e+38
1338.6 4.810280723584775e+38
1338.94 9.479564620322384e+38
1339.29 9.482772102204846e+38
1339.64 8.640453413320071e+38
1339.99 9.492648966134041e+38
1340.33 9.262057858907812e+38
1340.68 9.495574205922367e+38
1341.03 9.432285235429253e+38
1341.38 9.451621617780248e+38
1341.72 9.470332238605195e+38
1342.07 9.440311792026363e+38
1342.42 8.213316762867155e+38
1342.77 9.433548998921523e+38
1343.11 8.748031055786057e+38
1343.46 4.961717295460482e+38
1343.81 9.473710740873833e+38
1344.16 9.364117159440858e+38
1344.51 9.47771688475378e+38
1344.86 9.303566364196988e+38
1345.21 9.483443836023881e+38
1345.55 8.8372841754947e+38
1345.9 9.475099993894675e+38
1346.25 9.392004897626196e+38
1346.6 9.463757652664072e+38
1346.95 9.485524148358347e+38
1347.3 8.209034555854156e+38
1347.65 9.459055854810438e+38
1348.0 8.844397694805827e+38
1348.35 9.51128698986525e+38
1348.7 9.474426298357257e+38
1349.05 9.406551998331678e+38
1349.4 9.486190545137814e+38
1349.74 9.470115420998666e+38
1350.09 9.445249548863686e+38
1350.44 9.281016349783963e+38
1350.8 9.46238395569405e+38
1351.15 9.3856045257999e+38
1351.49 8.465134351020287e+38
1351.84 9.42857325884883e+38
1352.2 9.440571910885106e+38
1352.55 9.227701913996248e+38
1352.9 9.323643838376259e+38
1353.25 9.407069072147215e+38
1353.6 9.415581150667645e+38
1353.95 9.412504286245208e+38
1354.3 9.291114974333943e+38
1354.65 9.384074735728817e+38
1355.0 9.369892349243469e+38
1355.35 8.881543479330918e+38
1355.7 9.330949557453789e+38
1356.06 7.44006448752193e+38
1356.41 9.185619578341e+38
1356.76 9.332663081395702e+38
1357.11 7.249563866779778e+38
1357.46 9.305747922187552e+38
1357.81 9.019988267529129e+38
1358.17 9.289078330115855e+38
1358.52 8.806002727850891e+38
1358.87 9.246033262775263e+38
1359.22 7.958002538155306e+38
1359.57 9.244187800506722e+38
1359.93 9.041787239942874e+38
1360.28 9.205563442346839e+38
1360.63 9.126721465161978e+38
1360.98 9.2007880611506e+38
1361.34 8.904498536590088e+38
1361.69 8.273993558879705e+38
1362.04 8.950928851761361e+38
1362.4 9.13426024631509e+38
1362.75 9.150220332969902e+38
1363.1 7.89152337923164e+38
1363.46 7.920072537973017e+38
1363.81 8.87966215523399e+38
1364.16 9.131980966399277e+38
1364.52 9.121095599671143e+38
1364.87 8.52427865070964e+38
1365.22 8.91116995993703e+38
1365.58 7.788001117949533e+38
1365.93 8.999986469286509e+38
1366.29 9.02270981907095e+38
1366.64 9.081206008107381e+38
1366.99 8.701552916592109e+38
1367.35 9.039335034053558e+38
1367.7 9.064614070314921e+38
1368.06 9.052770194104973e+38
1368.41 8.971359580727285e+38
1368.77 9.020682428028896e+38
1369.12 8.989810990633016e+38
1369.48 8.764050975835455e+38
1369.83 8.956927704782125e+38
1370.19 8.928528819982209e+38
1370.54 8.900003405042818e+38
1370.9 8.305174262250082e+38
1371.25 8.137238551686259e+38
1371.61 8.605708772140146e+38
1371.96 8.319311916128122e+38
1372.32 9.025976822616576e+38
1372.67 8.720670499003674e+38
1373.03 8.547945962277222e+38
1373.39 8.849781494362506e+38
1373.74 7.88193347970706e+38
1374.1 7.849297165119312e+38
1374.45 8.946399135076573e+38
1374.81 8.320185823855933e+38
1375.17 9.005535783126643e+38
1375.52 8.561768524900314e+38
1375.88 8.979739307299977e+38
1376.23 8.715631281002623e+38
1376.59 8.921636738615545e+38
1376.95 8.775217947140978e+38
1377.31 8.857872094579063e+38
1377.66 8.387788454438898e+38
1378.02 8.524009611377686e+38
1378.38 8.964167259128293e+38
1378.73 8.240483277106365e+38
1379.09 8.429562246275717e+38
1379.45 8.822076885843968e+38
1379.81 8.956647642462951e+38
1380.16 8.106593818287672e+38
1380.52 8.665275726431258e+38
1380.88 8.865011997925635e+38
1381.24 8.432109285754104e+38
1381.6 7.346053455240381e+38
1381.95 8.946059894124475e+38
1382.31 8.910775742179335e+38
1382.67 8.866134942277513e+38
1383.03 8.933141786922522e+38
1383.39 8.920232967736808e+38
1383.75 8.707150401204287e+38
1384.1 8.392104053445512e+38
1384.46 8.839019760150811e+38
1384.82 8.801354693275419e+38
1385.18 8.839227583842531e+38
1385.54 8.744214472582431e+38
1385.9 8.379045412858424e+38
1386.26 7.817874272533178e+38
1386.62 8.675881313822071e+38
1386.98 8.750192291220108e+38
1387.34 7.60094062509149e+38
1387.7 8.755972597011467e+38
1388.06 8.32354267246042e+38
1388.42 8.652105537892651e+38
1388.78 8.653188257269511e+38
1389.14 8.724915331455747e+38
1389.49 8.717451980642349e+38
1389.85 8.720725757942789e+38
1390.21 8.657695322247375e+38
1390.58 8.695736319364792e+38
1390.94 8.389142146185442e+38
1391.3 8.694135734234538e+38
1391.66 8.690465143605085e+38
1392.02 8.647126613910773e+38
1392.38 8.456602734875423e+38
1392.74 8.561298824503738e+38
1393.1 7.98870767276388e+38
1393.46 8.561475194035486e+38
1393.82 4.718300935095457e+38
1394.18 8.410960528043892e+38
1394.55 8.450978410449695e+38
1394.91 8.48247721517027e+38
1395.27 8.250993173079702e+38
1395.63 8.602443704121211e+38
1395.99 7.386905184885004e+38
1396.35 8.590079957866243e+38
1396.72 8.495261882704688e+38
1397.08 8.127841873601936e+38
1397.44 8.16889522734235e+38
1397.8 8.418302327922684e+38
1398.16 5.314641001088045e+38
1398.53 8.56285949291673e+38
1398.89 7.492846168655971e+38
1399.25 8.589769251561694e+38
1399.61 8.50074387558116e+38
1399.98 6.990612074277287e+38
1400.34 7.867295729289574e+38
1400.7 6.930206902458083e+38
1401.07 7.942610278067428e+38
1401.43 8.470052554155712e+38
1401.79 8.464538555630862e+38
1402.16 8.53583873493257e+38
1402.52 8.467400452368176e+38
1402.88 3.921974866071323e+38
1403.25 6.816611954376625e+38
1403.61 8.575891859485439e+38
1403.97 8.461352407181642e+38
1404.34 8.479755360221739e+38
1404.7 8.505153302487444e+38
1405.06 8.505612083770888e+38
1405.43 8.503759987026538e+38
1405.79 8.463082260073776e+38
1406.16 8.071153081832244e+38
1406.52 8.34938680849492e+38
1406.89 7.031524998615291e+38
1407.25 7.042931946717436e+38
1407.62 8.451918736511728e+38
1407.98 8.48263510144232e+38
1408.35 8.474996397433043e+38
1408.71 6.484088240168567e+38
1409.08 7.402547522953426e+38
1409.44 6.67103450669471e+38
1409.81 6.599280630407992e+38
1410.17 7.7855733633164e+38
1410.54 8.193766810027766e+38
1410.9 8.471061209410204e+38
1411.27 8.064802355461894e+38
1411.64 7.79346748547575e+38
1412.0 8.360749048878695e+38
1412.37 8.415429074031404e+38
1412.73 8.464482773319702e+38
1413.1 8.475935229488233e+38
1413.46 8.46095971746155e+38
1413.83 8.466233819774785e+38
1414.2 7.987376044497107e+38
1414.56 7.091343249010824e+38
1414.93 8.385500390869493e+38
1415.3 8.278431457113487e+38
1415.67 8.285851874388381e+38
1416.03 8.38035693957592e+38
1416.4 8.434775953269348e+38
1416.77 8.426786042961222e+38
1417.13 7.916429980332046e+38
1417.5 8.410433386743153e+38
1417.87 8.309846629362991e+38
1418.23 8.253174139286278e+38
1418.6 8.280331893849077e+38
1418.97 8.365448175235207e+38
1419.34 8.349157679990635e+38
1419.71 8.066483285545278e+38
1420.07 7.241306213603131e+38
1420.44 7.279469222208408e+38
1420.81 8.310738687921126e+38
1421.18 6.0185427621354596e+38
1421.55 8.33834222861695e+38
1421.92 8.250069832395336e+38
1422.28 8.25293958069324e+38
1422.65 7.641587701229669e+38
1423.02 8.30771409421694e+38
1423.39 8.31912890747743e+38
1423.76 8.340803833622112e+38
1424.13 8.31244066218291e+38
1424.5 6.324544226354709e+38
1424.87 8.340231394721349e+38
1425.23 8.349207573824765e+38
1425.6 8.321003957966535e+38
1425.97 7.93464230572998e+38
1426.34 6.4933674560327196e+38
1426.71 8.065787784060782e+38
1427.08 8.331290638343677e+38
1427.45 5.866391095046141e+38
1427.82 6.020845502689784e+38
1428.19 6.525343016955081e+38
1428.56 6.981522619623498e+38
1428.93 6.2293013076165035e+38
1429.3 7.837741707796825e+38
1429.68 8.223007390863009e+38
1430.05 8.197093347183256e+38
1430.42 6.562872253330274e+38
1430.79 7.839205478374353e+38
1431.16 8.243831445419697e+38
1431.53 8.042312497896177e+38
1431.9 8.078488825862839e+38
1432.27 8.268226753651359e+38
1432.64 8.259816403030615e+38
1433.01 8.083606615823626e+38
1433.38 8.239832734721145e+38
1433.76 8.125206713561076e+38
1434.13 8.22215341498291e+38
1434.5 7.411955282942838e+38
1434.87 8.19218772448163e+38
1435.24 6.633931338699956e+38
1435.61 8.144151423114608e+38
1435.99 8.042571747190588e+38
1436.36 8.191094475645277e+38
1436.73 7.945743988364167e+38
1437.1 7.924853775856979e+38
1437.48 7.970467304681421e+38
1437.85 8.062056768451245e+38
1438.22 8.121382214753434e+38
1438.59 8.050236833831907e+38
1438.97 8.022687688974836e+38
1439.34 8.165074815406844e+38
1439.71 7.4585619466445e+38
1440.09 8.193654303657138e+38
1440.46 7.147895294370301e+38
1440.83 7.374087984709531e+38
1441.21 7.439786871751705e+38
1441.58 8.181738605830566e+38
1441.95 8.161143207916762e+38
1442.33 7.951894783406669e+38
1442.7 7.613425424877787e+38
1443.07 8.11535710069475e+38
1443.45 7.48056013238558e+38
1443.82 8.176614131313188e+38
1444.2 8.031378127480729e+38
1444.57 8.167966733053995e+38
1444.95 6.919963467347748e+38
1445.32 8.116370648423352e+38
1445.69 7.984546454225746e+38
1446.07 8.0950675882466e+38
1446.44 8.044618106334595e+38
1446.82 7.6313869373037e+38
1447.19 7.755971151553608e+38
1447.57 7.533901275764748e+38
1447.94 8.082209554854597e+38
1448.32 8.11210091989098e+38
1448.69 8.089651105810497e+38
1449.07 6.887746648558869e+38
1449.45 7.777943075376133e+38
1449.82 7.320608684468552e+38
1450.2 7.886676467451769e+38
1450.57 8.072577311335753e+38
1450.95 7.756900838902385e+38
1451.33 7.963953090151016e+38
1451.7 7.87732744232545e+38
1452.08 7.898897954379088e+38
1452.45 6.846724356790929e+38
1452.83 7.994409974294813e+38
1453.21 8.026523619668496e+38
1453.58 7.025243298543881e+38
1453.96 7.543949933234475e+38
1454.34 7.463821674587706e+38
1454.71 7.033158884211605e+38
1455.09 8.016485750406164e+38
1455.47 6.7555747019149e+38
1455.85 7.876659266039944e+38
1456.22 7.058407153262815e+38
1456.6 7.777044978711684e+38
1456.98 7.971029588359168e+38
1457.36 6.639747713929515e+38
1457.73 7.072976456355099e+38
1458.11 7.913324726367644e+38
1458.49 6.6136666784506035e+38
1458.87 7.912681131643334e+38
1459.24 5.86481877218375e+38
1459.62 7.862512718854983e+38
1460.0 7.903609659033437e+38
1460.38 7.444531999536944e+38
1460.76 6.902802582408823e+38
1461.14 7.853186592401129e+38
1461.52 7.689048500474576e+38
1461.9 7.868806587048757e+38
1462.27 6.883965827922562e+38
1462.65 6.56223544565049e+38
1463.03 7.847087741223652e+38
1463.41 7.835526914182893e+38
1463.79 7.435833701204906e+38
1464.17 7.535571284369559e+38
1464.55 7.815507840370673e+38
1464.93 7.519031080562248e+38
1465.31 7.11706257854574e+38
1465.69 7.749933278792041e+38
1466.07 7.8193611682854e+38
1466.45 7.280683863777156e+38
1466.83 6.901482588303149e+38
1467.21 7.688084556037376e+38
1467.59 7.763126940628434e+38
1467.97 7.683420141431808e+38
1468.35 7.673843896792924e+38
1468.73 7.734661055507344e+38
1469.11 7.664828530025906e+38
1469.49 7.70820043960332e+38
1469.87 6.593254231670467e+38
1470.25 7.003040444856659e+38
1470.64 7.658843493715412e+38
1471.02 7.449876799729568e+38
1471.4 7.645678051576156e+38
1471.78 7.407722596806643e+38
1472.16 7.183628353806739e+38
1472.54 6.6045044879211186e+38
1472.92 7.611280368590317e+38
1473.31 7.604054478068495e+38
1473.69 7.720639643562468e+38
1474.07 7.719264246840419e+38
1474.45 7.686712511621146e+38
1474.83 7.702488390277158e+38
1475.21 7.652413313598648e+38
1475.6 7.020783440478196e+38
1475.98 7.73241678541392e+38
1476.36 7.424082403847796e+38
1476.74 7.723683135814083e+38
1477.13 7.75698830138493e+38
1477.51 7.152746638151822e+38
1477.89 7.621188594657122e+38
1478.28 6.243017845393635e+38
1478.66 7.724710976354765e+38
1479.04 7.709293187962644e+38
1479.43 6.6996034335125926e+38
1479.81 7.619079869603489e+38
1480.19 7.574025115148597e+38
1480.58 7.628845239811727e+38
1480.96 7.618641569222131e+38
1481.34 7.470985813459946e+38
1481.73 7.611252525060427e+38
1482.11 7.631550228762909e+38
1482.5 7.632797394721141e+38
1482.88 7.628829190438212e+38
1483.27 6.894715322839349e+38
1483.65 7.55054124966551e+38
1484.03 7.206836910173798e+38
1484.42 7.071926047086318e+38
1484.8 7.539293585957035e+38
1485.19 7.521348529843335e+38
1485.57 7.59387775210991e+38
1485.96 7.326674852235588e+38
1486.34 7.45181007997194e+38
1486.73 7.490049054086821e+38
1487.11 7.58258632000429e+38
1487.5 7.57899484665791e+38
1487.89 6.900300661029447e+38
1488.27 7.571118264350361e+38
1488.66 7.564779257860269e+38
1489.04 7.368766283358465e+38
1489.43 7.422751556666291e+38
1489.81 6.1563008423518404e+38
1490.2 7.013538691096475e+38
1490.59 7.512106656529626e+38
1490.97 7.497107678539434e+38
1491.36 7.533693913443294e+38
1491.75 7.421360725364039e+38
1492.13 7.27938169613867e+38
1492.52 7.515620639947336e+38
1492.91 7.499940667335659e+38
1493.29 7.507288816105373e+38
1493.68 5.130116268566628e+38
1494.07 7.434644600195416e+38
1494.45 6.98971734864003e+38
1494.84 7.454138476419136e+38
1495.23 6.101899637410172e+38
1495.62 7.154107923472651e+38
1496.01 7.456573646766043e+38
1496.39 7.391614292538467e+38
1496.78 7.449150680187569e+38
1497.17 7.437157789389178e+38
1497.56 6.260607488560439e+38
1497.94 6.083478648826935e+38
1498.33 7.410207424431279e+38
1498.72 5.943285011058565e+38
1499.11 6.392805620360008e+38
1499.5 7.040444812632866e+38
1499.89 7.25513295800412e+38
1500.28 6.352374596764583e+38
1500.66 7.384079252817031e+38
1501.05 7.371855396547683e+38
1501.44 7.110113922285116e+38
1501.83 4.8297205706223076e+38
1502.22 6.540794221828767e+38
1502.61 7.3741038156383e+38
1503.0 7.186674488630267e+38
1503.39 7.285347028374089e+38
1503.78 7.09423622357432e+38
1504.17 7.081530852262719e+38
1504.56 5.554969775463833e+38
1504.95 7.27845987972235e+38
1505.34 6.956580395459255e+38
1505.73 6.1765406767343396e+38
1506.12 7.136675746111849e+38
1506.51 7.300382803808958e+38
1506.9 7.041201189873649e+38
1507.29 7.278705894136605e+38
1507.68 7.181129553856423e+38
1508.07 7.242430429246502e+38
1508.46 7.245075939968219e+38
1508.85 6.546482560243824e+38
1509.24 7.106512146133583e+38
1509.64 7.181847362451687e+38
1510.03 7.18381655979022e+38
1510.42 7.183827027825818e+38
1510.81 7.130820857851805e+38
1511.2 5.958957044973428e+38
1511.59 6.556355924701712e+38
1511.98 7.003850038862836e+38
1512.38 6.706889197718533e+38
1512.77 5.691556123026474e+38
1513.16 6.798115618929382e+38
1513.55 6.123007120276397e+38
1513.94 7.12586673696975e+38
1514.34 7.144687420889442e+38
1514.73 7.147129077518868e+38
1515.12 7.138371270347356e+38
1515.52 6.453839947458343e+38
1515.91 7.070279000856953e+38
1516.3 6.803889744897269e+38
1516.69 5.5934825000611104e+38
1517.09 7.080275183315437e+38
1517.48 7.153206121997671e+38
1517.87 6.972391742458587e+38
1518.27 7.142508994792622e+38
1518.66 6.86945615302644e+38
1519.05 6.5918521997253094e+38
1519.45 7.125354393262348e+38
1519.84 7.128436892354169e+38
1520.23 7.123747027056146e+38
1520.63 5.206310548290698e+38
1521.02 7.061884381673484e+38
1521.42 6.97801576840365e+38
1521.81 7.105028957573001e+38
1522.21 7.085212542070209e+38
1522.6 7.096170096006748e+38
1522.99 7.091820926098745e+38
1523.39 6.924048195865768e+38
1523.79 7.05792668966041e+38
1524.18 6.750788355662303e+38
1524.57 6.7612201820012715e+38
1524.97 6.347107503298009e+38
1525.36 5.371852657743386e+38
1525.76 6.550187564122493e+38
1526.16 6.343809382885975e+38
1526.55 6.900068581566974e+38
1526.95 6.515655267064518e+38
1527.34 6.465136506163212e+38
1527.74 5.558211239569981e+38
1528.14 6.362702894266362e+38
1528.53 6.755892083772808e+38
1528.93 6.668125174704356e+38
1529.32 6.993188024020549e+38
1529.72 6.944122931521044e+38
1530.12 4.258717715401992e+38
1530.51 6.234842301435633e+38
1530.91 6.967200612066013e+38
1531.31 5.5574548634637795e+38
1531.7 6.214094815549573e+38
1532.1 6.093819046521652e+38
1532.5 5.332012655404292e+38
1532.9 4.286496467935174e+38
1533.29 4.3982990035564954e+38
1533.69 6.829503017266075e+38
1534.09 6.589756563185464e+38
1534.48 6.764369279408818e+38
1534.88 6.36546513027075e+38
1535.28 6.8038130198015796e+38
1535.68 5.712455233927311e+38
1536.08 6.838828229215277e+38
1536.47 6.487068476918821e+38
1536.87 6.608931298195479e+38
1537.27 5.2154553034822696e+38
1537.67 6.6182407290284375e+38
1538.07 6.0072646196641614e+38
1538.47 6.610133838390037e+38
1538.86 5.551000709009574e+38
1539.26 6.441733933480719e+38
1539.66 6.5774971075541294e+38
1540.06 5.7099648199491424e+38
1540.46 5.820837910462747e+38
1540.86 6.4335495007384286e+38
1541.26 6.4969293198352175e+38
1541.66 6.487205577153041e+38
1542.06 5.298273419305491e+38
1542.46 5.794251036761318e+38
1542.86 6.028109882891381e+38
1543.26 6.3515989647403344e+38
1543.66 5.773149981777739e+38
1544.06 5.990915684184583e+38
1544.46 4.1281587551839875e+38
1544.86 3.985882642278847e+38
1545.26 6.093088180592358e+38
1545.66 5.733906601071264e+38
1546.06 6.107744882109117e+38
1546.46 4.711949971696753e+38
1546.86 5.9086395587501535e+38
1547.26 5.662395716337695e+38
1547.66 5.3046957995809394e+38
1548.06 4.028725538064468e+38
1548.47 6.618370193191839e+38
1548.87 6.35691013865688e+38
1549.27 6.353446174516738e+38
1549.67 6.228433759520319e+38
1550.07 6.0481858002621186e+38
1550.47 6.049141185591285e+38
1550.88 4.372260236054577e+38
1551.28 6.986085790928328e+38
1551.68 7.016146191712845e+38
1552.08 5.95835501056553e+38
1552.48 6.870870965861508e+38
1552.89 6.798538250445196e+38
1553.29 4.658462301791512e+38
1553.69 6.809039014892854e+38
1554.09 6.318913256299459e+38
1554.5 6.7582006380785394e+38
1554.9 5.157455612580822e+38
1555.3 6.441083210589618e+38
1555.71 6.686452180486037e+38
1556.11 5.848089416694122e+38
1556.51 5.802020280766982e+38
1556.92 6.397071786853992e+38
1557.32 5.3863195679630756e+38
1557.72 6.636627585213498e+38
1558.13 6.432532591887283e+38
1558.53 6.6216915906217265e+38
1558.93 6.185472574383454e+38
1559.34 5.952650222830166e+38
1559.74 6.544073532642677e+38
1560.15 5.42519937031067e+38
1560.55 5.332187472902215e+38
1560.96 6.596521039917208e+38
1561.36 4.675215708747747e+38
1561.77 6.584063662113547e+38
1562.17 6.464088221543602e+38
1562.57 6.26606453032731e+38
1562.98 6.586088575040171e+38
1563.39 6.581287151626368e+38
1563.79 6.417516446432918e+38
1564.19 5.366962481420695e+38
1564.6 4.8755525534736876e+38
1565.01 6.5466263448397366e+38
1565.41 6.525531007923834e+38
1565.82 5.895900055684886e+38
1566.22 4.745632068596235e+38
1566.63 4.781750564421731e+38
1567.04 5.420509840426131e+38
1567.44 6.553621819167864e+38
1567.85 6.516067409337113e+38
1568.25 3.938636282972789e+38
1568.66 4.839417316528639e+38
1569.07 6.463549586901777e+38
1569.47 6.3782698776175804e+38
1569.88 6.561810103326806e+38
1570.29 6.2732979192615095e+38
1570.69 6.386883753603624e+38
1571.1 6.404277718539062e+38
1571.51 6.530203533506176e+38
1571.92 6.341461879338212e+38
1572.32 6.385331053260305e+38
1572.73 6.4855067096664574e+38
1573.14 6.541671181247045e+38
1573.55 6.541051368552332e+38
1573.95 6.539830877762915e+38
1574.36 6.538617022909694e+38
1574.77 4.3060905314264006e+38
1575.18 4.407906924994065e+38
1575.59 4.593956861976012e+38
1575.99 6.440683444290316e+38
1576.4 5.377593132888587e+38
1576.81 6.017525954749399e+38
1577.22 4.7510977678541015e+38
1577.63 6.385116365132487e+38
1578.04 4.577634489401112e+38
1578.45 6.519514844963639e+38
1578.86 6.412338485363054e+38
1579.27 5.997606331629935e+38
1579.68 5.992548278796686e+38
1580.08 6.482499660270309e+38
1580.49 6.5075388935831506e+38
1580.9 5.0115088875690254e+38
1581.31 6.283942242227397e+38
1581.72 6.386279495388833e+38
1582.13 6.482062430156552e+38
1582.54 6.249017003853263e+38
1582.95 6.424137842109993e+38
1583.36 6.383260918295879e+38
1583.77 5.521534661597704e+38
1584.18 6.1260618004441516e+38
1584.59 6.366525431214215e+38
1585.01 4.30368267128522e+38
1585.42 6.4287671007941924e+38
1585.83 4.5183482111203306e+38
1586.24 6.071537652166914e+38
1586.65 6.472308567117202e+38
1587.06 6.4690435130747856e+38
1587.47 5.434413463386658e+38
1587.88 6.463838377587017e+38
1588.3 6.456918676453702e+38
1588.71 6.362454625121464e+38
1589.12 6.414046742033181e+38
1589.53 6.4282998414064774e+38
1589.94 6.3084328445638275e+38
1590.35 6.450016042336491e+38
1590.77 6.399232272118557e+38
1591.18 6.35230668224513e+38
1591.59 5.924221766114034e+38
1592.0 4.217575421401749e+38
1592.42 6.366358393531106e+38
1592.83 6.423522614558833e+38
1593.24 6.261248950805503e+38
1593.66 6.298847579255949e+38
1594.07 6.0684479739659584e+38
1594.48 6.325711438924874e+38
1594.89 5.5157853685576726e+38
1595.31 6.169126569503605e+38
1595.72 6.133360800705766e+38
1596.14 6.401998670287512e+38
1596.55 6.394408504450506e+38
1596.96 6.3924845722971545e+38
1597.38 6.0983977364702295e+38
1597.79 6.377051568751858e+38
1598.2 6.363853542372654e+38
1598.62 6.065040196411956e+38
1599.03 6.369132675638262e+38
1599.45 6.3634651559188195e+38
1599.86 6.2981835904839836e+38
1600.28 6.042655941357142e+38
1600.69 6.210672889487264e+38
1601.11 6.1514497153811796e+38
1601.52 5.711086813784375e+38
1601.94 5.033002527565173e+38
1602.35 6.3253399364792135e+38
1602.77 6.319566505727345e+38
1603.18 3.879493501415012e+38
1603.6 6.0837782383768826e+38
1604.01 6.3029798516184194e+38
1604.43 6.269270517917507e+38
1604.84 4.3282410192393166e+38
1605.26 6.287722096304221e+38
1605.68 6.129734967589379e+38
1606.09 6.121076414493606e+38
1606.51 6.2079135446168906e+38
1606.93 5.834019280624289e+38
1607.34 6.244862041034073e+38
1607.76 5.266433833436162e+38
1608.18 5.896819064007605e+38
1608.59 6.1576292596960455e+38
1609.01 3.851509330738893e+38
1609.43 6.057635862704405e+38
1609.84 3.870806788805364e+38
1610.26 4.340964811574563e+38
1610.68 6.231677880099743e+38
1611.09 5.400294163899956e+38
1611.51 6.232732182664252e+38
1611.93 5.2118676500607356e+38
1612.35 6.226579543457719e+38
1612.77 4.919413754270204e+38
1613.18 6.216615280915688e+38
1613.6 5.723756725485043e+38
1614.02 3.86123106565114e+38
1614.44 6.211144762154253e+38
1614.86 6.188731619788747e+38
1615.28 4.3027096937077494e+38
1615.69 5.3336425828835114e+38
1616.11 5.127717491982349e+38
1616.53 6.1409976576883606e+38
1616.95 6.147651804018372e+38
1617.37 6.1733393867987065e+38
1617.79 5.55378405219755e+38
1618.21 6.155350997145426e+38
1618.63 5.496865640225995e+38
1619.05 6.0859567391831894e+38
1619.47 6.020945287710131e+38
1619.89 6.133156169676176e+38
1620.31 4.9264031835199375e+38
1620.73 5.081315817660297e+38
1621.15 3.853734036907271e+38
1621.57 3.804249553558877e+38
1621.99 6.075599093951777e+38
1622.41 5.68014127119917e+38
1622.83 6.062845531646284e+38
1623.25 5.862876682592073e+38
1623.67 5.034458941074978e+38
1624.09 4.727468898332304e+38
1624.51 6.055528554084616e+38
1624.93 4.120213322489173e+38
1625.35 5.8481915014951416e+38
1625.78 5.868352083491635e+38
1626.2 5.14641557169747e+38
1626.62 6.029269125619858e+38
1627.04 5.9254771449381726e+38
1627.46 4.5636464451580116e+38
1627.88 5.85710065315715e+38
1628.31 5.554910858558586e+38
1628.73 6.026048504893194e+38
1629.15 4.043480922245539e+38
1629.57 6.0406104878939625e+38
1629.99 6.026326518248605e+38
1630.42 5.2822306225441786e+38
1630.84 6.0333584884561404e+38
1631.26 6.015266580267609e+38
1631.68 3.96807557692652e+38
1632.11 4.045110451165285e+38
1632.53 5.473131593139348e+38
1632.95 6.0362815475831714e+38
1633.38 6.0417220803980676e+38
1633.8 5.8819218172859865e+38
1634.22 5.940751164308745e+38
1634.65 5.348487992812398e+38
1635.07 5.997005026774765e+38
1635.49 5.913180543391723e+38
1635.92 5.846972537044443e+38
1636.34 5.939849331006935e+38
1636.77 6.027115268298804e+38
1637.19 5.775396324198529e+38
1637.61 5.835397551039895e+38
1638.04 5.3435358330088e+38
1638.46 5.595942325614325e+38
1638.89 6.002732147970365e+38
1639.31 5.078670003861284e+38
1639.74 5.975324789468796e+38
1640.16 3.663785530689975e+38
1640.59 4.4740805340301095e+38
1641.01 5.9902588458906585e+38
1641.44 5.992391988508777e+38
1641.86 3.890029183285938e+38
1642.29 5.9075088565176415e+38
1642.71 5.0965170970195095e+38
1643.14 5.977264437946297e+38
1643.57 5.955014811633231e+38
1643.99 5.850098899309162e+38
1644.42 5.8889399200702156e+38
1644.84 5.704805733779164e+38
1645.27 5.331896318343064e+38
1645.7 5.852435004574419e+38
1646.12 5.8934260839321484e+38
1646.55 5.937408217868708e+38
1646.98 5.226838911238206e+38
1647.41 5.910026556895579e+38
1647.83 5.918830136197848e+38
1648.26 5.8921132751449905e+38
1648.69 5.799092528028513e+38
1649.11 5.58692491114372e+38
1649.54 5.872604719495184e+38
1649.97 5.267258172750471e+38
1650.4 5.7940224421543905e+38
1650.82 5.788974455968573e+38
1651.25 5.861215761867607e+38
1651.68 5.176228897953013e+38
1652.11 5.778063683727958e+38
1652.54 5.781159541385834e+38
1652.96 3.8956142222837574e+38
1653.39 3.990703691409132e+38
1653.82 5.7932122787594696e+38
1654.25 5.52497008753108e+38
1654.68 5.738434298337445e+38
1655.11 5.792269796128997e+38
1655.54 5.798529516893237e+38
1655.96 5.763584961997484e+38
1656.39 5.8069784789545736e+38
1656.82 5.56918098488477e+38
1657.25 5.747368591135305e+38
1657.68 5.339033134763762e+38
1658.11 5.458521948802392e+38
1658.54 5.644113623979026e+38
1658.97 4.8786591398527056e+38
1659.4 5.7332970226798175e+38
1659.83 5.793258673276651e+38
1660.26 5.792546331088308e+38
1660.69 5.639106574348493e+38
1661.12 5.73658960289948e+38
1661.55 4.4491886098407505e+38
1661.98 5.7862814646892875e+38
1662.42 4.723711152264306e+38
1662.85 5.817770986359009e+38
1663.28 5.818638758206287e+38
1663.71 5.8144904387828456e+38
1664.14 5.82024274067519e+38
1664.57 5.704740377666415e+38
1665.0 5.479474041042502e+38
1665.43 5.710325651372761e+38
1665.86 5.801556464293999e+38
1666.3 5.791507867982073e+38
1666.73 5.765750795994295e+38
1667.16 5.7276203876026495e+38
1667.59 5.744091223353651e+38
1668.03 4.4554566415545236e+38
1668.46 4.9654943215751e+38
1668.89 5.731165870011376e+38
1669.32 5.6659491701980304e+38
1669.76 4.84488567440932e+38
1670.19 5.62154129702989e+38
1670.62 5.437544318586682e+38
1671.05 3.8617464483929945e+38
1671.49 5.671839215470111e+38
1671.92 5.103552689512473e+38
1672.35 5.113562091961924e+38
1672.79 4.577241331761804e+38
1673.22 5.6115838177296944e+38
1673.65 3.7584739962481146e+38
1674.09 5.668662003246986e+38
1674.52 5.664616653593538e+38
1674.96 5.6864514518994296e+38
1675.39 5.573366326737239e+38
1675.82 5.321141931842598e+38
1676.26 5.636441217061449e+38
1676.69 5.401360912519776e+38
1677.13 4.370205647175995e+38
1677.56 5.691264032456009e+38
1678.0 5.700384124712031e+38
1678.43 5.696315107537331e+38
1678.87 5.664809642485438e+38
1679.3 5.696456247337814e+38
1679.74 5.695107176331514e+38
1680.17 5.6937536594183554e+38
1680.61 5.6744792437003396e+38
1681.04 5.6910509647968326e+38
1681.48 5.670369242308367e+38
1681.92 4.572581069476165e+38
1682.35 5.683387335708074e+38
1682.79 5.6852637198316815e+38
1683.22 5.680042731418034e+38
1683.66 5.615272832238208e+38
1684.1 5.6808274073536746e+38
1684.53 5.6716188994551874e+38
1684.97 5.6787713337640875e+38
1685.41 5.6707282151675514e+38
1685.84 5.191048980153559e+38
1686.28 5.601930796909547e+38
1686.72 4.126966218603429e+38
1687.15 5.53134413481046e+38
1687.59 4.605469646940369e+38
1688.03 5.606395811936329e+38
1688.47 5.632218934739356e+38
1688.9 5.626151829131839e+38
1689.34 5.6202230759831504e+38
1689.78 5.6123899344992815e+38
1690.22 5.151327583111518e+38
1690.66 4.588650966080693e+38
1691.09 5.594913998381809e+38
1691.53 5.590412475022057e+38
1691.97 5.526919330979598e+38
1692.41 5.370907130368502e+38
1692.85 5.5487834499361184e+38
1693.29 5.562334833733413e+38
1693.72 5.561133574796831e+38
1694.16 5.554767267394803e+38
1694.6 4.5422942529572126e+38
1695.04 4.912607681187991e+38
1695.48 5.507276827705786e+38
1695.92 5.418618615428271e+38
1696.36 5.5273045568964615e+38
1696.8 5.433139501368067e+38
1697.24 5.509402694915947e+38
1697.68 5.5115906027905454e+38
1698.12 5.372667371070785e+38
1698.56 5.501222417045337e+38
1699.0 5.092214860434262e+38
1699.44 5.471475882478392e+38
1699.88 5.457282262627964e+38
1700.32 4.715547707753281e+38
1700.76 4.2539356083220405e+38
1701.2 5.399470310059474e+38
1701.64 5.2343704773474885e+38
1702.08 5.414182525950539e+38
1702.53 5.406760049355582e+38
1702.97 5.433374439195832e+38
1703.41 5.402956188824386e+38
1703.85 5.437811551532647e+38
1704.29 5.413258425867902e+38
1704.73 5.413809882479546e+38
1705.18 5.422108299838915e+38
1705.62 5.305509412548938e+38
1706.06 5.334400755920594e+38
1706.5 4.836225459870733e+38
1706.94 5.370936329151398e+38
1707.39 3.936302253205892e+38
1707.83 5.388628860697377e+38
1708.27 5.278018164722311e+38
1708.71 5.244195670781833e+38
1709.16 5.371478331690652e+38
1709.6 5.360459349785301e+38
1710.04 5.260320956804653e+38
1710.49 5.3130079402953855e+38
1710.93 4.910331540706586e+38
1711.37 3.479422875889556e+38
1711.82 5.2593521122653436e+38
1712.26 5.141042541649619e+38
1712.7 3.610970486913455e+38
1713.15 5.273608627470253e+38
1713.59 5.2783281300152254e+38
1714.04 5.2883299756588676e+38
1714.48 5.2841874058277115e+38
1714.93 5.273231058180123e+38
1715.37 4.904036078246407e+38
1715.81 5.2352089913450964e+38
1716.26 5.10747933744716e+38
1716.7 5.223576897092271e+38
1717.15 3.933975685130009e+38
1717.59 5.2286602287034034e+38
1718.04 4.80601802415427e+38
1718.48 3.5367066636396554e+38
1718.93 5.187135475134791e+38
1719.38 4.572056730393234e+38
1719.82 5.1576862234354916e+38
1720.27 5.250486259453643e+38
1720.71 4.98560527719352e+38
1721.16 5.179757425806312e+38
1721.6 4.451525181437255e+38
1722.05 5.132283565493689e+38
1722.5 3.7730553861899975e+38
1722.94 5.009746444093224e+38
1723.39 5.233383735890322e+38
1723.84 5.034659797679875e+38
1724.28 3.725919154019471e+38
1724.73 5.077388374144023e+38
1725.18 5.175294416809505e+38
1725.62 3.469194943266306e+38
1726.07 5.2265814877674376e+38
1726.52 4.9143380461555906e+38
1726.97 5.1976113589837676e+38
1727.41 4.067508938557572e+38
1727.86 5.209277097671073e+38
1728.31 4.539990693756121e+38
1728.76 5.0913227238753415e+38
1729.2 5.191975573926094e+38
1729.65 5.220482020818236e+38
1730.1 5.194787976241182e+38
1730.55 5.032880742184803e+38
1731.0 5.218980804493637e+38
1731.45 4.8648856936874966e+38
1731.9 5.218373841885904e+38
1732.34 5.180804599525525e+38
1732.79 4.796733736396909e+38
1733.24 5.187959694473505e+38
1733.69 5.150731790540126e+38
1734.14 5.151598909908908e+38
1734.59 5.172250437792934e+38
1735.04 5.216003679263337e+38
1735.49 5.209551083011625e+38
1735.94 5.179793862221789e+38
1736.39 4.488293470684145e+38
1736.84 5.197308112070832e+38
1737.29 4.575538875076055e+38
1737.74 5.18245727877286e+38
1738.19 4.873159484432904e+38
1738.64 4.807299016348359e+38
1739.09 4.77727125369935e+38
1739.54 5.141208911063148e+38
1739.99 5.1212419840109964e+38
1740.44 5.1594075245548125e+38
1740.9 4.99247791910996e+38
1741.35 5.129754144088274e+38
1741.8 5.1463466758678096e+38
1742.25 4.6148642540637816e+38
1742.7 5.136761406683534e+38
1743.15 5.1331974218355324e+38
1743.6 5.119293187663207e+38
1744.06 5.1238724724309414e+38
1744.51 5.119620730481142e+38
1744.96 5.073207888240249e+38
1745.41 4.490953523474288e+38
1745.86 5.1037597812203236e+38
1746.32 5.114003871114904e+38
1746.77 5.100613319362358e+38
1747.22 4.82882880387114e+38
1747.68 4.869197043767241e+38
1748.13 4.857445380018594e+38
1748.58 5.081167821482235e+38
1749.04 4.891331188000118e+38
1749.49 4.906803802077233e+38
1749.94 5.1002320475327996e+38
1750.4 5.007568115167253e+38
1750.85 5.1102762920205284e+38
1751.3 4.09065608154376e+38
1751.76 3.965591957832381e+38
1752.21 5.107854834093472e+38
1752.67 5.099796600250844e+38
1753.12 4.344404603206943e+38
1753.57 4.785910338874406e+38
1754.03 5.0551286037442996e+38
1754.48 5.098227727830773e+38
1754.94 5.088567807689017e+38
1755.39 5.101782978832404e+38
1755.85 5.088422891083887e+38
1756.3 5.0880022833357276e+38
1756.76 5.081473196609147e+38
1757.21 5.0743734525123144e+38
1757.67 5.0677466849101824e+38
1758.12 4.955625632385705e+38
1758.58 4.578686434743482e+38
1759.04 4.9895319972617836e+38
1759.49 5.04028917850083e+38
1759.95 5.033820500578515e+38
1760.4 4.5803762899454805e+38
1760.86 4.696383130928811e+38
1761.32 4.727269505270393e+38
1761.77 5.00677321882982e+38
1762.23 4.9299867820792175e+38
1762.69 4.987253545331395e+38
1763.14 4.9413666326401745e+38
1763.6 4.87310166162196e+38
1764.06 4.954910361631014e+38
1764.51 4.960455580955597e+38
1764.97 3.9340007228710824e+38
1765.43 4.956938053658018e+38
1765.89 4.954618229039253e+38
1766.34 4.940631765530362e+38
1766.8 4.950875988476205e+38
1767.26 4.933657736775864e+38
1767.72 4.935822476684136e+38
1768.18 4.8837658882238426e+38
1768.64 4.897552286014912e+38
1769.09 4.940749856112903e+38
1769.55 4.5539441450960936e+38
1770.01 4.928518370038713e+38
1770.47 4.576857722816228e+38
1770.93 4.9044039923921704e+38
1771.39 4.9095590369339184e+38
1771.85 4.888492035189083e+38
1772.31 4.926695102241497e+38
1772.77 4.9192531244319386e+38
1773.22 4.86361429276083e+38
1773.68 4.878116344953566e+38
1774.14 4.9005450097724824e+38
1774.6 4.796602654801498e+38
1775.06 4.911964207652253e+38
1775.52 4.903209132468959e+38
1775.98 4.2635770503675345e+38
1776.44 4.9027244301748775e+38
1776.9 4.859267206703316e+38
1777.36 4.902906179747878e+38
1777.82 4.278560432417612e+38
1778.29 4.8977568540062535e+38
1778.75 4.7170204750700514e+38
1779.21 4.8364717349739565e+38
1779.67 4.890649494184477e+38
1780.13 4.8841461668363964e+38
1780.59 4.8210296642661854e+38
1781.05 4.7113075348220856e+38
1781.52 4.880821645510164e+38
1781.98 4.540458816999742e+38
1782.44 4.858695916834823e+38
1782.9 4.7952578367214926e+38
1783.36 4.871118261139135e+38
1783.82 4.8689434311093274e+38
1784.29 4.866551834715146e+38
1784.75 4.811834828657677e+38
1785.21 4.862315654826826e+38
1785.68 4.861469241239829e+38
1786.14 4.7612585565875474e+38
1786.6 4.860431424435306e+38
1787.06 4.8454977200080315e+38
1787.53 4.858735221888318e+38
1787.99 4.822108955620005e+38
1788.45 4.679459505640431e+38
1788.92 4.767603202641838e+38
1789.38 4.857432025324664e+38
1789.84 4.848549261025862e+38
1790.31 4.726695689551226e+38
1790.77 4.772593402266336e+38
1791.24 4.833283307809281e+38
1791.7 4.574100066931538e+38
1792.17 3.832339846014334e+38
1792.63 4.849961658111764e+38
1793.09 4.306503609675129e+38
1793.56 4.823049033911182e+38
1794.02 4.837319445603133e+38
1794.49 4.847456790242544e+38
1794.95 4.64238875326236e+38
1795.42 4.848402455853661e+38
1795.89 4.77533370403646e+38
1796.35 4.84242437763054e+38
1796.81 4.644505891392579e+38
1797.28 4.825384461591088e+38
1797.75 4.805106217712572e+38
1798.21 4.7772142673614084e+38
1798.68 4.763724424027797e+38
1799.15 4.811520141486106e+38
1799.61 4.8102387665613595e+38
1800.08 4.758629948218332e+38
1800.55 4.755208305381492e+38
1801.01 4.697161631777894e+38
1801.48 4.1237272970313665e+38
1801.94 4.751302970371936e+38
1802.41 4.800388769404904e+38
1802.88 4.791719484886083e+38
1803.35 4.6726650915613556e+38
1803.81 4.795692319336145e+38
1804.28 4.748759016066017e+38
1804.75 4.789993651873287e+38
1805.22 4.6894393816361485e+38
1805.68 4.4891862434200844e+38
1806.15 4.726639595723969e+38
1806.62 4.663761462460657e+38
1807.09 4.7444147842829364e+38
1807.56 4.661386997737171e+38
1808.03 4.7264346041664095e+38
1808.49 4.713511366491454e+38
1808.96 4.730992412150258e+38
1809.43 3.838248911326407e+38
1809.9 4.70953703681183e+38
1810.37 4.674460876350133e+38
1810.84 4.686903969430913e+38
1811.31 3.842217653739653e+38
1811.78 4.6072147109936504e+38
1812.25 4.297812707974048e+38
1812.72 4.478894911087289e+38
1813.19 4.562608815294535e+38
1813.66 4.659519217394227e+38
1814.13 4.651524161359878e+38
1814.6 4.64712350971512e+38
1815.07 4.406052131889923e+38
1815.54 4.604601956150844e+38
1816.01 4.480077556289657e+38
1816.48 4.622431526162207e+38
1816.95 4.617953422804016e+38
1817.42 4.19804072026828e+38
1817.89 4.632893561976167e+38
1818.36 4.622323092716403e+38
1818.83 4.625283026936097e+38
1819.31 4.233524289735624e+38
1819.78 4.5599585627264676e+38
1820.25 4.6269330779588404e+38
1820.72 4.6273778089381556e+38
1821.19 4.047185774250313e+38
1821.67 3.6436662955093194e+38
1822.14 4.579556761377933e+38
1822.61 4.60905518794948e+38
1823.08 4.238290330969753e+38
1823.55 4.616738956592361e+38
1824.03 4.615719837850254e+38
1824.5 4.616476942448605e+38
1824.97 4.241539668428946e+38
1825.44 3.470967586365044e+38
1825.92 4.591918435644475e+38
1826.39 4.5924626571206236e+38
1826.86 3.953486219733104e+38
1827.34 4.464932316758893e+38
1827.81 4.5726925891921194e+38
1828.29 4.5211851108171934e+38
1828.76 4.534343124904124e+38
1829.23 4.462288883254765e+38
1829.71 4.5726841717672465e+38
1830.18 4.2790899396329146e+38
1830.66 4.375453076034744e+38
1831.13 4.552376979474055e+38
1831.61 4.4702947099015105e+38
1832.08 4.551287425590452e+38
1832.56 4.5187241177924656e+38
1833.03 4.4865980096526205e+38
1833.51 4.5204080162640064e+38
1833.98 4.529660415260312e+38
1834.46 4.529170604027023e+38
1834.93 4.44337551386295e+38
1835.41 4.518447336138775e+38
1835.88 4.513144903505023e+38
1836.36 4.492856156982866e+38
1836.83 4.400970222479479e+38
1837.31 3.486897991612642e+38
1837.79 4.417497749918745e+38
1838.26 4.123983711636362e+38
1838.74 4.397363162384336e+38
1839.22 4.469115145176691e+38
1839.69 4.463060376965398e+38
1840.17 3.5396728892418515e+38
1840.65 4.450375015958361e+38
1841.12 4.44444610011631e+38
1841.6 4.237872834582837e+38
1842.08 4.361180557077678e+38
1842.56 3.946292939429411e+38
1843.03 4.3635883279703995e+38
1843.51 4.0992160684495446e+38
1843.99 4.138014866537823e+38
1844.47 4.2145260650143385e+38
1844.94 4.1350473106753075e+38
1845.42 4.204830655378295e+38
1845.9 4.271747126868876e+38
1846.38 4.1785662841610306e+38
1846.86 4.28495616668354e+38
1847.34 4.165273377556339e+38
1847.82 4.358713692624826e+38
1848.29 4.351719722881462e+38
1848.77 4.3412951011879675e+38
1849.25 4.230247611757519e+38
1849.73 4.285523832441276e+38
1850.21 3.925632151022054e+38
1850.69 4.179909203293192e+38
1851.17 4.158584995701305e+38
1851.65 4.334204542221272e+38
1852.13 4.040566408491864e+38
1852.61 4.071052757282567e+38
1853.09 4.321494628194649e+38
1853.57 4.317005164511132e+38
1854.05 3.993693585920565e+38
1854.53 4.306575942566155e+38
1855.01 3.855317507535113e+38
1855.49 4.221212193694472e+38
1855.97 4.301150144835208e+38
1856.45 4.300771740107904e+38
1856.94 4.298934181303957e+38
1857.42 4.298068960482794e+38
1857.9 4.249762785821703e+38
1858.38 4.275461426479136e+38
1858.86 4.275956856204681e+38
1859.34 4.2929559816630035e+38
1859.83 3.919309782941194e+38
1860.31 4.290451786512016e+38
1860.79 4.246267664864821e+38
1861.27 4.271171149931531e+38
1861.76 4.2740878695947624e+38
1862.24 4.284472905369383e+38
1862.72 4.283803553954875e+38
1863.2 4.2322011306000296e+38
1863.69 4.281496888381047e+38
1864.17 4.277337334021448e+38
1864.65 4.147952963623661e+38
1865.14 3.9800704441705474e+38
1865.62 4.083385383105869e+38
1866.1 4.265666886124349e+38
1866.58 3.994799864956085e+38
1867.07 4.264431162661538e+38
1867.55 4.286723758295654e+38
1868.04 4.288969981937052e+38
1868.52 4.286549820138318e+38
1869.01 4.2902538690057204e+38
1869.49 4.279581246532228e+38
1869.97 4.0660164233926555e+38
1870.46 4.295926326953726e+38
1870.94 3.756952639445129e+38
1871.43 4.157104064435569e+38
1871.91 4.299559707517088e+38
1872.4 4.280417378998975e+38
1872.88 4.2741252403485255e+38
1873.37 4.301247305872923e+38
1873.85 3.8089925922188175e+38
1874.34 4.064243326127517e+38
1874.83 4.313578399814663e+38
1875.31 4.221518767306599e+38
1875.8 4.2758293156312426e+38
1876.29 3.7593771106760884e+38
1876.77 4.2891459040778e+38
1877.26 4.27537481228694e+38
1877.74 4.2753831768406536e+38
1878.23 4.2677455252260765e+38
1878.72 4.261666540639752e+38
1879.2 4.2546296161926025e+38
1879.69 4.245970291442697e+38
1880.18 4.240979187527607e+38
1880.67 3.98830689115757e+38
1881.15 3.911157092184374e+38
1881.64 3.8796035039324595e+38
1882.13 3.962853784359451e+38
1882.62 4.167948708954141e+38
1883.1 3.9967392224448975e+38
1883.59 4.192206847644207e+38
1884.08 4.172691327713581e+38
1884.57 3.7608805893121254e+38
1885.06 3.349671309853164e+38
1885.55 4.1665695955879885e+38
1886.04 3.888865235422295e+38
1886.52 4.024559405259973e+38
1887.01 3.988727300186793e+38
1887.5 3.613918172525772e+38
1887.99 4.134809922049498e+38
1888.48 4.122001266705998e+38
1888.97 4.129017233635566e+38
1889.46 3.748836789060363e+38
1889.95 4.1183784202855865e+38
1890.44 4.099858879324465e+38
1890.93 3.912734566817204e+38
1891.42 3.918321883517561e+38
1891.91 3.898507352274224e+38
1892.4 3.9820943459812e+38
1892.89 3.746305170109523e+38
1893.38 4.080707687855445e+38
1893.87 3.888383297478375e+38
1894.36 3.783785172950396e+38
1894.85 4.05850290279575e+38
1895.34 3.567172278517659e+38
1895.84 3.976981306927264e+38
1896.33 3.88329221874342e+38
1896.82 3.5589545088209326e+38
1897.31 3.984108730321631e+38
1897.8 4.071414492881524e+38
1898.29 4.072339589652847e+38
1898.79 3.488401812487403e+38
1899.28 2.86432716601846e+38
1899.77 4.050726113928788e+38
1900.26 4.078537155168133e+38
1900.76 4.078818412400831e+38
1901.25 4.051101110660195e+38
1901.74 4.079471023089158e+38
1902.23 4.061122926098609e+38
1902.73 4.083362929606235e+38
1903.22 3.814917409653795e+38
1903.71 3.937226963046975e+38
1904.21 3.939994933194549e+38
1904.7 4.0908769995321725e+38
1905.19 4.03482165881673e+38
1905.69 4.033545933060513e+38
1906.18 4.079685230838942e+38
1906.68 3.974147479150527e+38
1907.17 4.045266421660664e+38
1907.66 3.733445535959896e+38
1908.16 4.024794584318596e+38
1908.65 3.968126642770222e+38
1909.15 4.04197799682944e+38
1909.64 4.043261459891725e+38
1910.14 3.8926549910568946e+38
1910.63 4.033109835541357e+38
1911.13 4.030189530039662e+38
1911.62 3.617631349485524e+38
1912.12 4.020525472738499e+38
1912.61 4.015519098052195e+38
1913.11 4.0104298558843255e+38
1913.61 3.740538141705826e+38
1914.1 3.3856618940902054e+38
1914.6 3.991309802966966e+38
1915.09 3.413221329951807e+38
1915.59 3.942876910023302e+38
1916.09 3.9101527578635365e+38
1916.58 3.811550453624282e+38
1917.08 3.717830811718199e+38
1917.58 3.916357595582614e+38
1918.07 3.876911881658608e+38
1918.57 3.6618931435242485e+38
1919.07 3.923015993588978e+38
1919.56 3.66147370795028e+38
1920.06 3.933781457350247e+38
1920.56 3.908204356693577e+38
1921.06 3.832395443035229e+38
1921.56 3.573347230005531e+38
1922.05 3.8655081047721264e+38
1922.55 3.940286649530243e+38
1923.05 3.193414912466421e+38
1923.55 3.885953867161802e+38
1924.05 3.793965171820308e+38
1924.55 3.552532968584078e+38
1925.05 3.9246026082759774e+38
1925.54 3.911287197972578e+38
1926.04 3.473572418246879e+38
1926.54 3.9237065532694205e+38
1927.04 3.884531707142759e+38
1927.54 3.850023527930455e+38
1928.04 3.757022081217629e+38
1928.54 3.790680669078978e+38
1929.04 3.803229938574098e+38
1929.54 3.864694709031851e+38
1930.04 3.84539888478378e+38
1930.54 3.8658298711394465e+38
1931.04 3.918015815786821e+38
1931.54 3.4046549510483635e+38
1932.04 3.920765648028221e+38
1932.54 3.91597074352716e+38
1933.04 3.921029049374834e+38
1933.55 3.916234878475655e+38
1934.05 3.920937713633129e+38
1934.55 3.9205801213942486e+38
1935.05 3.91968959752628e+38
1935.55 3.918000197734957e+38
1936.05 3.915246839543456e+38
1936.55 3.849899381544753e+38
1937.06 3.66532822397275e+38
1937.56 3.793207726977558e+38
1938.06 3.775380442806626e+38
1938.56 3.912484644989403e+38
1939.06 3.826411767443581e+38
1939.57 3.858435945657507e+38
1940.07 3.6438778834370255e+38
1940.57 3.745135653306859e+38
1941.08 3.907952580522512e+38
1941.58 3.686248584491077e+38
1942.08 3.905555100279538e+38
1942.58 3.902190060412757e+38
1943.09 3.895650785823491e+38
1943.59 3.657223719592929e+38
1944.1 3.901119939151677e+38
1944.6 3.8970517538722094e+38
1945.1 3.883825637873173e+38
1945.61 3.8774923133084304e+38
1946.11 3.8817066656213136e+38
1946.62 3.847733695813821e+38
1947.12 3.865727556019238e+38
1947.63 3.868966608725839e+38
1948.13 3.759253932368217e+38
1948.64 3.8258166490680726e+38
1949.14 3.8479753400684676e+38
1949.65 3.634713458965907e+38
1950.15 3.83839003619124e+38
1950.66 3.834909889502617e+38
1951.16 3.7935205239996585e+38
1951.67 3.823190781649722e+38
1952.17 3.815830821998202e+38
1952.68 3.3449386733163967e+38
1953.19 3.664159458671995e+38
1953.69 3.776603688117463e+38
1954.2 3.3381885345579155e+38
1954.7 3.607762662324147e+38
1955.21 3.703409777512904e+38
1955.72 3.7162549998631745e+38
1956.22 3.785647465586027e+38
1956.73 3.7863270013616175e+38
1957.24 3.740802492862596e+38
1957.75 3.780914363156439e+38
1958.25 3.790681900067963e+38
1958.76 3.555579863481697e+38
1959.27 3.4605027659053014e+38
1959.78 3.7704480964401676e+38
1960.29 3.309814312462259e+38
1960.79 3.6950246683666556e+38
1961.3 3.590700514597165e+38
1961.81 3.744197744962245e+38
1962.32 3.769289963188075e+38
1962.83 3.7231226378297335e+38
1963.33 3.791363153537748e+38
1963.84 3.794102984945783e+38
1964.35 3.558999356519992e+38
1964.86 3.631738899379823e+38
1965.37 3.550690084710027e+38
1965.88 3.8037042351975235e+38
1966.39 3.8049026965850126e+38
1966.9 3.798348292173347e+38
1967.41 3.803248297773861e+38
1967.92 3.767222252366595e+38
1968.43 3.7428855717366446e+38
1968.94 3.803566956187907e+38
1969.45 3.7927150017888036e+38
1969.96 3.80001727995377e+38
1970.47 3.8019028384151625e+38
1970.98 3.801290639248868e+38
1971.49 3.768267169903745e+38
1972.0 3.682109294225104e+38
1972.52 3.7818481517897964e+38
1973.03 3.7936816767720505e+38
1973.54 3.758253474772749e+38
1974.05 3.7969294385310365e+38
1974.56 3.7940811146543834e+38
1975.07 3.796220669339871e+38
1975.58 3.7399501980378534e+38
1976.1 3.4477714991920086e+38
1976.61 3.788456523160604e+38
1977.12 3.78115604368303e+38
1977.63 3.6964464820718006e+38
1978.15 3.769330669628145e+38
1978.66 3.621844600695933e+38
1979.17 3.445355957070545e+38
1979.69 3.721694436212143e+38
1980.2 3.746725238635075e+38
1980.71 3.742218037561152e+38
1981.22 3.734161197000877e+38
1981.74 3.730515471724996e+38
1982.25 3.701041682322875e+38
1982.77 3.3896082130468205e+38
1983.28 3.713029015022294e+38
1983.79 3.684779280873569e+38
1984.31 3.2931595760524086e+38
1984.82 3.5941753615570715e+38
1985.34 3.693771841086704e+38
1985.85 3.690246379107144e+38
1986.36 3.677632280038625e+38
1986.88 3.65602536322785e+38
1987.4 3.3585017276404843e+38
1987.91 3.549297673175433e+38
1988.43 3.6745026752871984e+38
1988.94 3.670495995084035e+38
1989.46 3.6496740211171415e+38
1989.97 3.3180372849626878e+38
1990.49 3.6591672735037096e+38
1991.0 3.656170590565839e+38
1991.52 3.3093746820164494e+38
1992.04 3.2796374996117218e+38
1992.55 3.650671003144733e+38
1993.07 3.640832276298711e+38
1993.58 3.637274935869683e+38
1994.1 3.1903725217750477e+38
1994.62 3.6316534568732896e+38
1995.14 3.5884705431657896e+38
1995.65 3.3680112878543515e+38
1996.17 3.627669785442701e+38
1996.69 3.627328913089616e+38
1997.2 3.6254259762314495e+38
1997.72 3.6253314376217574e+38
1998.24 3.61400430162055e+38
1998.76 3.620463988455754e+38
1999.28 3.622911362096343e+38
1999.8 3.56857711089615e+38
2000.31 3.3578370088590328e+38
2000.83 3.602165400432092e+38
2001.35 3.61990077883771e+38
2001.87 3.3667662705695144e+38
2002.39 3.51206611983476e+38
2002.91 3.620267651032069e+38
2003.43 3.62008904265497e+38
2003.94 3.619171082396455e+38
2004.46 3.618746369535298e+38
2004.98 3.605884050043571e+38
2005.5 3.5736706201933714e+38
2006.02 3.5644419699793605e+38
2006.54 3.6083768688595366e+38
2007.06 3.599709337132212e+38
2007.58 3.59977738544019e+38
2008.1 3.599029946781394e+38
2008.62 3.550032656128326e+38
2009.14 3.3618314074569955e+38
2009.67 3.588813145928926e+38
2010.19 3.2753216723872277e+38
2010.71 3.196214853710672e+38
2011.23 3.547149657325092e+38
2011.75 3.575853554272558e+38
2012.27 3.426029735540141e+38
2012.79 3.561919200534532e+38
2013.31 3.3020798987480556e+38
2013.84 3.5630199837454114e+38
2014.36 3.5588910010119476e+38
2014.88 3.556377475039814e+38
2015.4 3.4607031221383726e+38
2015.93 3.545649875104056e+38
2016.45 3.545955405739435e+38
2016.97 3.553578284799032e+38
2017.49 3.4039176644786465e+38
2018.02 3.422677895546162e+38
2018.54 3.555383463170632e+38
2019.06 3.510396607747363e+38
2019.58 3.556803075366355e+38
2020.11 3.556869622664491e+38
2020.63 3.556209692478433e+38
2021.16 3.5570011676551986e+38
2021.68 3.556582708994116e+38
2022.2 3.557131075077703e+38
2022.73 3.484941855431869e+38
2023.25 3.557664811490291e+38
2023.78 3.555716250552583e+38
2024.3 3.5577146113073554e+38
2024.82 3.557940254618359e+38
2025.35 3.553172645588187e+38
2025.88 3.4944105948974764e+38
2026.4 3.5197347147756014e+38
2026.93 3.538587028669873e+38
2027.45 3.5299237398591866e+38
2027.98 3.519927204784777e+38
2028.5 3.5061437370947975e+38
2029.03 3.517264868618433e+38
2029.55 3.511993457898566e+38
2030.08 3.465592872654366e+38
2030.61 3.501238609395462e+38
2031.13 3.494882576902107e+38
2031.66 3.490040921616601e+38
2032.19 3.465998027806977e+38
2032.71 3.475806765771665e+38
2033.24 3.474845402422002e+38
2033.77 3.406110771062365e+38
2034.29 3.459732303172329e+38
2034.82 3.434965944935051e+38
2035.35 3.1827126432826222e+38
2035.88 3.419486514491679e+38
2036.4 3.453477258086132e+38
2036.93 3.453616148705019e+38
2037.46 3.356835599660987e+38
2037.99 3.187949603069633e+38
2038.52 3.451295247104048e+38
2039.04 3.4486197974227774e+38
2039.57 3.31260435324635e+38
2040.1 3.195672454548448e+38
2040.63 3.4421700716962665e+38
2041.16 3.1949858477280527e+38
2041.69 3.44603608835471e+38
2042.22 3.4448481759751935e+38
2042.74 3.440229182796086e+38
2043.28 3.443253067717437e+38
2043.8 3.4417528073982036e+38
2044.33 3.441189435320072e+38
2044.86 3.3747982996878695e+38
2045.39 3.42125842785424e+38
2045.92 3.43327271984411e+38
2046.45 3.2000082476083308e+38
2046.98 3.426091222286693e+38
2047.52 3.382973995864182e+38
2048.05 3.4178415548281435e+38
2048.58 3.4148061051135766e+38
2049.11 3.4099191976465424e+38
2049.64 3.3941061910229438e+38
2050.17 3.4081073588969805e+38
2050.7 3.450892239774376e+38
2051.23 3.4429094981790304e+38
2051.76 3.3543000338570445e+38
2052.3 3.439677868959275e+38
2052.83 3.411415737166328e+38
2053.36 3.429140009653027e+38
2053.89 3.427957643415076e+38
2054.43 3.424293606380637e+38
2054.96 3.4203223369652955e+38
2055.49 3.41860056144897e+38
2056.02 3.415177182908627e+38
2056.55 3.1810360628492285e+38
2057.09 3.413750208287628e+38
2057.62 3.266201496496928e+38
2058.16 3.408537976239566e+38
2058.69 3.3657880674992365e+38
2059.22 3.00188744914996e+38
2059.76 3.3744524476994078e+38
2060.29 3.1016774883590594e+38
2060.82 3.4025033671731385e+38
2061.36 3.3979401271776877e+38
2061.89 3.3985358542393577e+38
2062.43 3.018092950265152e+38
2062.96 3.3962646422296662e+38
2063.5 3.3937843542521686e+38
2064.03 3.389231187849879e+38
2064.56 3.378938841136777e+38
2065.1 3.2913859794348815e+38
2065.64 3.3448627668406514e+38
2066.17 3.3922996519578968e+38
2066.71 3.3931273971558113e+38
2067.24 3.3895748774978787e+38
2067.78 3.3944752125605433e+38
2068.31 3.3963025711202353e+38
2068.85 3.0055938109300246e+38
2069.39 3.397960201145122e+38
2069.92 3.3994811837899387e+38
2070.46 3.3963839620368987e+38
2071.0 3.4008317119246848e+38
2071.53 3.394346614470473e+38
2072.07 3.398098567856649e+38
2072.61 3.404013472043741e+38
2073.14 3.405768265976471e+38
2073.68 3.406982995708648e+38
2074.22 3.403413742714431e+38
2074.76 3.376971640881096e+38
2075.29 3.382156448141863e+38
2075.83 3.3605218079662348e+38
2076.37 3.358902821737155e+38
2076.91 3.2906587318785136e+38
2077.45 3.335357187937082e+38
2077.98 3.3091491457973742e+38
2078.52 3.3164058407728627e+38
2079.06 3.324958795190897e+38
2079.6 2.9293841764654217e+38
2080.14 3.3235609959433586e+38
2080.68 3.3315311593782576e+38
2081.22 3.3306817454082385e+38
2081.76 3.331039497239311e+38
2082.3 3.3340394866153644e+38
2082.84 3.3346240638255528e+38
2083.38 3.3293208665151244e+38
2083.92 3.3312624297869688e+38
2084.46 3.337133826141747e+38
2085.0 2.9525760790303757e+38
2085.54 3.2695332511231607e+38
2086.08 3.3289943901413557e+38
2086.62 3.316103883759303e+38
2087.16 3.319991725831518e+38
2087.7 3.1657231667800653e+38
2088.24 3.3115375524210704e+38
2088.78 3.305970220484587e+38
2089.32 3.1999545434058995e+38
2089.87 3.2709222481005013e+38
2090.41 3.2937238611781496e+38
2090.95 3.067640305282262e+38
2091.49 3.284963709897002e+38
2092.03 3.0528502199411707e+38
2092.57 3.121559710937447e+38
2093.12 3.2718305775291793e+38
2093.66 3.093598500421283e+38
2094.2 3.177742374433404e+38
2094.75 3.2541799703983304e+38
2095.29 3.255708037091828e+38
2095.83 3.182074364247449e+38
2096.38 3.165744474148322e+38
2096.92 3.2500494841687657e+38
2097.46 3.252017132097647e+38
2098.0 3.1663997779181207e+38
2098.55 3.164373627061876e+38
2099.09 3.2493061162225363e+38
2099.64 3.2416419588102503e+38
2100.18 3.246690901882283e+38
2100.73 3.239326140450453e+38
2101.27 3.2451063231809526e+38
2101.81 3.239651282758321e+38
2102.36 3.2436693786574957e+38
2102.9 3.242105956149218e+38
2103.45 3.010785520422522e+38
2103.99 3.2283626561786698e+38
2104.54 2.9364370604219837e+38
2105.08 3.2383535440212243e+38
2105.63 3.159952817009771e+38
2106.18 3.2333288239486705e+38
2106.72 3.2319160972298975e+38
2107.27 3.23174893864904e+38
2107.81 3.2147908343934842e+38
2108.36 3.220381067738084e+38
2108.91 3.1945734852723868e+38
2109.45 3.2063654835450377e+38
2110.0 3.2228710110803664e+38
2110.55 3.2208796224299588e+38
2111.09 3.2189613326373723e+38
2111.64 3.216243642320963e+38
2112.19 3.215421053514441e+38
2112.74 3.2134338779231732e+38
2113.28 3.208320837317127e+38
2113.83 3.20953468212799e+38
2114.38 3.1828753455228167e+38
2114.93 3.1921654301778365e+38
2115.48 3.197934605023485e+38
2116.02 3.2044394924580714e+38
2116.57 3.2030414801986204e+38
2117.12 3.1832793688368716e+38
2117.67 3.201189401150776e+38
2118.22 3.1709369469153855e+38
2118.77 3.1985410383056254e+38
2119.32 3.1421640429082136e+38
2119.87 3.196328817260024e+38
2120.42 3.1923297319062986e+38
2120.97 3.1299620083233584e+38
2121.51 3.1893978497896453e+38
2122.06 3.1879332518348106e+38
2122.61 3.1907290093298207e+38
2123.17 3.1795269931421173e+38
2123.72 3.187869697379729e+38
2124.26 3.082718172550727e+38
2124.82 3.173490867534207e+38
2125.37 3.1821056298234493e+38
2125.92 3.1715789712063626e+38
2126.47 3.1760854926618e+38
2127.02 3.170888462071201e+38
2127.57 3.166775535702892e+38
2128.12 2.785966511899606e+38
2128.67 3.1584224518102156e+38
2129.23 3.1536125006218133e+38
2129.78 3.144677867043022e+38
2130.33 3.1092550323933438e+38
2130.88 3.1426440632396067e+38
2131.43 3.0994446399847654e+38
2131.99 3.1229534363184647e+38
2132.54 3.1257628290031866e+38
2133.09 3.1260253578560602e+38
2133.65 3.12027716977616e+38
2134.2 3.1178550620393604e+38
2134.75 3.1034656035913175e+38
2135.3 3.1106909703812284e+38
2135.86 3.1084177333759357e+38
2136.41 3.1058638993815515e+38
2136.97 3.0566643617223908e+38
2137.52 3.1005527656020478e+38
2138.07 2.9782287959990024e+38
2138.63 3.081754335246859e+38
2139.18 3.0945282854285964e+38
2139.74 3.0885578495239103e+38
2140.29 3.082667879470477e+38
2140.84 3.087605778807367e+38
2141.4 3.070992102514359e+38
2141.96 3.0728490330925047e+38
2142.51 3.0803501440292328e+38
2143.06 3.0624570726715832e+38
2143.62 3.062158997485341e+38
2144.18 2.943430395861048e+38
2144.73 3.0697528990387215e+38
2145.29 3.063345061855735e+38
2145.84 3.069919505195735e+38
2146.4 3.0640659928947146e+38
2146.96 3.0398627029297037e+38
2147.51 3.0699259880339467e+38
2148.07 3.0665705817125924e+38
2148.63 3.017039763827773e+38
2149.18 2.9094116940327e+38
2149.74 3.0694936005700822e+38
2150.3 3.0406297586499273e+38
2150.85 3.0668808620074764e+38
2151.41 3.069362187749663e+38
2151.97 3.070107117020273e+38
2152.53 2.9340100328642835e+38
2153.08 3.0698581595515855e+38
2153.64 3.0700468132951527e+38
2154.2 3.070304921636116e+38
2154.76 3.0695202333079175e+38
2155.32 3.067346249901062e+38
2155.88 3.065729015631106e+38
2156.44 3.0627252510561273e+38
2156.99 3.0582689571591064e+38
2157.55 3.0570715557312234e+38
2158.11 3.054075874248048e+38
2158.67 3.0470788623464884e+38
2159.23 2.9793278146720115e+38
2159.79 3.0436582620031532e+38
2160.35 3.0235822319935795e+38
2160.91 3.0398970125763292e+38
2161.47 3.011994157193032e+38
2162.03 2.9838110051533385e+38
2162.59 3.0270586288241322e+38
2163.15 3.0256668106936175e+38
2163.71 2.7117861793927045e+38
2164.27 3.0215848110230943e+38
2164.83 3.0181446847686754e+38
2165.4 3.017578082083898e+38
2165.96 2.739605368241676e+38
2166.52 3.0130992307863873e+38
2167.08 3.010214709634768e+38
2167.64 2.8786813805399863e+38
2168.2 3.0065630069617193e+38
2168.76 2.9947901141580308e+38
2169.33 3.0015569335955465e+38
2169.89 2.9996336461907917e+38
2170.45 2.9822119140658125e+38
2171.01 2.994909022895045e+38
2171.58 2.983993018511816e+38
2172.14 2.990598544996492e+38
2172.7 2.987803188566177e+38
2173.27 2.9859573855699298e+38
2173.83 2.976084164893062e+38
2174.39 2.975456756484866e+38
2174.96 2.9423526052035973e+38
2175.52 2.9743375691451994e+38
2176.08 2.9734410446886173e+38
2176.65 2.971132834741014e+38
2177.21 2.9678848505704305e+38
2177.78 2.9652451953249327e+38
2178.34 2.9435575770057394e+38
2178.91 2.9597709237361428e+38
2179.47 2.939786658812845e+38
2180.03 2.9499638896006912e+38
2180.6 2.9510125727186e+38
2181.17 2.8540610487575694e+38
2181.73 2.9450999439679737e+38
2182.3 2.9427477806932644e+38
2182.86 2.9292376053405775e+38
2183.43 2.93299867767567e+38
2183.99 2.934172718996828e+38
2184.56 2.927585427936258e+38
2185.12 2.929353724944228e+38
2185.69 2.9145866216602548e+38
2186.26 2.91773385815354e+38
2186.82 2.92909274478889e+38
2187.39 2.661034384890941e+38
2187.96 2.9207133834683404e+38
2188.53 2.9255896762784545e+38
2189.09 2.9161824297069754e+38
2189.66 2.9276695165737708e+38
2190.23 2.929240657272599e+38
2190.79 2.919887208716916e+38
2191.36 2.925357673923015e+38
2191.93 2.9052145600153415e+38
2192.5 2.929160714734798e+38
2193.07 2.9293396487661637e+38
2193.64 2.9283915186209573e+38
2194.21 2.927775342305821e+38
2194.77 2.9292798479929004e+38
2195.34 2.927603472157725e+38
2195.91 2.9246037710513148e+38
2196.48 2.911968815268272e+38
2197.05 2.91867949922139e+38
2197.62 2.915754787089549e+38
2198.19 2.9130307391284697e+38
2198.76 2.9096505798919004e+38
2199.33 2.89688392955211e+38
2199.9 2.904084718828533e+38
2200.47 2.9016340286816615e+38
2201.04 2.8853093202534637e+38
2201.61 2.895100457276598e+38
2202.18 2.8894517324485124e+38
2202.75 2.889301226119324e+38
2203.32 2.8852303837146662e+38
2203.89 2.875108209819893e+38
2204.46 2.877170977606641e+38
2205.03 2.8784534397588117e+38
2205.61 2.875569569865849e+38
2206.18 2.8723627437911734e+38
2206.75 2.8694191657408668e+38
2207.32 2.865700309900443e+38
2207.89 2.8627634794593604e+38
2208.47 2.8591186647597188e+38
2209.04 2.8567067073408335e+38
2209.61 2.73058885921329e+38
2210.18 2.8502770389327483e+38
2210.76 2.8228560532117516e+38
2211.33 2.8428975106324466e+38
2211.9 2.840242481777784e+38
2212.48 2.836756195635171e+38
2213.05 2.83276061415877e+38
2213.62 2.8314598647294493e+38
2214.2 2.8283681637868965e+38
2214.77 2.8235537737000656e+38
2215.34 2.5612092012156097e+38
2215.92 2.811532520998236e+38
2216.49 2.8141217687433547e+38
2217.07 2.8119391377345333e+38
2217.64 2.8091853763887136e+38
2218.22 2.7952841790994286e+38
2218.79 2.802101467071597e+38
2219.37 2.795308292649703e+38
2219.94 2.7963633683218893e+38
2220.52 2.7931831180956946e+38
2221.09 2.7896270741502027e+38
2221.67 2.7867695823184286e+38
2222.25 2.7837890411932885e+38
2222.82 2.7798047261989072e+38
2223.4 2.777585356142272e+38
2223.97 2.7743628314699637e+38
2224.55 2.770894069244848e+38
2225.13 2.768243424218384e+38
2225.7 2.766908373024284e+38
2226.28 2.7694554097223745e+38
2226.86 2.770061879046627e+38
2227.43 2.7516836567237506e+38
2228.01 2.769394533739316e+38
2228.59 2.7635553383476352e+38
2229.17 2.7692288273033413e+38
2229.74 2.771714281805209e+38
2230.32 2.771881966992037e+38
2230.9 2.768979175914199e+38
2231.48 2.772971137609314e+38
2232.06 2.773453634134252e+38
2232.64 2.7736224505278714e+38
2233.21 2.763082893605293e+38
2233.79 2.7744611751545372e+38
2234.37 2.76085745183634e+38
2234.95 2.7754262018419194e+38
2235.53 2.772771030698676e+38
2236.11 2.7700557009877374e+38
2236.69 2.733751660081808e+38
2237.27 2.7643202560848457e+38
2237.85 2.7616130863025772e+38
2238.43 2.7539833945106655e+38
2239.01 2.7494824238241173e+38
2239.59 2.7528223007133586e+38
2240.17 2.7495665200210315e+38
2240.75 2.74706000536402e+38
2241.33 2.744369525276351e+38
2241.91 2.741557634175956e+38
2242.49 2.7378196841922648e+38
2243.07 2.7354474457606027e+38
2243.66 2.7326453095505995e+38
2244.24 2.7276238159467937e+38
2244.82 2.708304900965724e+38
2245.4 2.724068962732789e+38
2245.98 2.721400750181933e+38
2246.56 2.7170757697384444e+38
2247.15 2.7153359637328116e+38
2247.73 2.7124922495601822e+38
2248.31 2.7081201708208806e+38
2248.89 2.7068136569840985e+38
2249.48 2.702879174346234e+38
2250.06 2.701208592019539e+38
2250.64 2.698196484798001e+38
2251.23 2.6954931058347885e+38
2251.81 2.690844166492245e+38
2252.39 2.6896064680381972e+38
2252.98 2.6689308841564453e+38
2253.56 2.4688664679331193e+38
2254.15 2.681106552936195e+38
2254.73 2.676967657216048e+38
2255.31 2.676644720425435e+38
2255.9 2.675777954909695e+38
2256.48 2.674245593024697e+38
2257.07 2.6739839278385875e+38
2257.65 2.6731775748470234e+38
2258.24 2.658332971914674e+38
2258.82 2.670841425880065e+38
2259.41 2.669070896521884e+38
2260.0 2.6698956426616878e+38
2260.58 2.669029862457171e+38
2261.17 2.6628623539217186e+38
2261.75 2.66723965832099e+38
2262.34 2.6040181116045276e+38
2262.93 2.6656921837615514e+38
2263.51 2.664345737469535e+38
2264.1 2.6596314598618426e+38
2264.69 2.662799556775893e+38
2265.27 2.6624172314429865e+38
2265.86 2.627719410770974e+38
2266.45 2.6606913280668424e+38
2267.03 2.65946727782425e+38
2267.62 2.6585448834013296e+38
2268.21 2.6411531033583013e+38
2268.8 2.656820998496547e+38
2269.39 2.6559593907998377e+38
2269.97 2.6546172062334255e+38
2270.56 2.6542361625177897e+38
2271.15 2.6533752038004618e+38
2271.74 2.652334578124116e+38
2272.33 2.650874786201157e+38
2272.92 2.650314277054264e+38
2273.51 2.649514233112428e+38
2274.09 2.6415981809991886e+38
2274.68 2.6476746074498535e+38
2275.27 2.6468751726694836e+38
2275.86 2.6454778226995153e+38
2276.45 2.6447984523099743e+38
2277.04 2.6402369418247366e+38
2277.63 2.634789842125242e+38
2278.22 2.6376283800329976e+38
2278.81 2.6411266452164135e+38
2279.41 2.638300840436793e+38
2280.0 2.639292921110421e+38
2280.59 2.6384954079879764e+38
2281.18 2.6375192042045613e+38
2281.77 2.636483702390419e+38
2282.36 2.6358060144231688e+38
2282.95 2.634890182592597e+38
2283.54 2.6340342595197772e+38
2284.14 2.6328828057745837e+38
2284.73 2.632147602137467e+38
2285.32 2.6294503862974165e+38
2285.91 2.626399684968668e+38
2286.5 2.622937467514996e+38
2287.1 2.6188292586174154e+38
2287.69 2.3543853583744965e+38
2288.28 2.611929382064888e+38
2288.88 2.6084869069322748e+38
2289.47 2.6049894623493016e+38
2290.06 2.5934545613912805e+38
2290.66 2.5979505740607706e+38
2291.25 2.593587922418227e+38
2291.84 2.5908714845820355e+38
2292.44 2.5862291190389532e+38
2293.03 2.5838706897920093e+38
2293.63 2.5790078133966872e+38
2294.22 2.5767141642915833e+38
2294.81 2.5728523512794437e+38
2295.41 2.5707390016755708e+38
2296.0 2.569091095448294e+38
2296.6 2.5399816740103957e+38
2297.2 2.562555032738151e+38
2297.79 1.926694900214838e+38
2298.39 2.5636116961445695e+38
2298.98 2.5612157326334923e+38
2299.58 2.5445829336175536e+38
2300.17 2.558742642912252e+38
2300.77 2.5568716604002737e+38
2301.37 2.555579341811564e+38
2301.96 2.5540561896079867e+38
2302.56 2.5525921656840363e+38
2303.16 2.550725490926526e+38
2303.75 2.5396052570136685e+38
2304.35 2.5481466545428205e+38
2304.95 2.546628278111858e+38
2305.54 2.543902939750054e+38
2306.14 2.541008863801255e+38
2306.74 2.4427434409689276e+38
2307.34 2.5285955995714824e+38
2307.94 2.5325178643677765e+38
2308.53 2.5295217925840996e+38
2309.13 2.5267581456182333e+38
2309.73 2.523655429484341e+38
2310.33 2.5208412213551805e+38
2310.93 2.517859506502549e+38
2311.53 2.515108548105621e+38
2312.13 2.512247084633321e+38
2312.73 2.5093888651889502e+38
2313.32 2.504156641048175e+38
2313.93 2.4908226470513082e+38
2314.52 2.5006644152754365e+38
2315.12 2.4961850645821758e+38
2315.72 2.485475334507523e+38
2316.32 2.458326516391997e+38
2316.93 2.4523185358127544e+38
2317.52 2.451300139208412e+38
2318.13 2.4412828186931803e+38
2318.73 2.4297703146890693e+38
2319.33 2.419732705233778e+38
2319.93 2.356980864284089e+38
2320.53 2.397726735623806e+38
2321.13 2.3868002560139984e+38
2321.73 2.3758708555910118e+38
2322.33 2.359019608329096e+38
2322.94 2.3408632151855614e+38
2323.54 2.3428965902536386e+38
2324.14 2.331692825799319e+38
2324.74 2.3202295855331574e+38
2325.35 2.3191045038811606e+38
2325.95 2.325992054655551e+38
2326.55 2.331532767923658e+38
2327.16 2.336718393822824e+38
2327.76 2.338958826462822e+38
2328.36 2.335768097391528e+38
2328.97 2.3565947214715418e+38
2329.57 2.3626896423951368e+38
2330.17 2.36875849789365e+38
2330.78 2.373880259672234e+38
2331.38 2.3805162902236344e+38
2331.98 2.3719748670832284e+38
2332.59 2.3935755631481736e+38
2333.19 2.381114241645586e+38
2333.8 2.4050243415316574e+38
2334.4 2.411585647418516e+38
2335.01 2.41669243472299e+38
2335.61 2.4113905130817858e+38
2336.22 2.4131716993885935e+38
2336.82 2.4107598209065487e+38
2337.43 2.3968001067406158e+38
2338.03 2.4059915953709455e+38
2338.64 2.3997326394295704e+38
2339.25 2.397923902609561e+38
2339.85 2.3967650088390496e+38
2340.46 2.3958775053102014e+38
2341.07 2.3879738436155155e+38
2341.67 2.3913487409119245e+38
2342.28 2.388899094411648e+38
2342.89 2.386505800832235e+38
2343.5 2.384114888837081e+38
2344.1 2.3816183472885213e+38
2344.71 2.3792859948355646e+38
2345.32 2.3781900180183836e+38
2345.93 2.3785435702577944e+38
2346.53 2.3791650473349593e+38
2347.14 2.379518650419631e+38
2347.75 2.3700110954128648e+38
2348.36 2.3783465964419344e+38
2348.97 2.379558964199888e+38
2349.58 2.3782480670006317e+38
2350.19 2.3815017033700615e+38
2350.79 2.3822311593452764e+38
2351.4 2.3823698156442485e+38
2352.01 2.3825621994794095e+38
2352.62 2.383184784189586e+38
2353.23 2.3804742962337664e+38
2353.84 2.3839996602805078e+38
2354.45 2.375437600923923e+38
2355.06 2.3829315175815173e+38
2355.67 2.3809194292591863e+38
2356.28 2.377728205918461e+38
2356.89 2.3742197845680438e+38
2357.5 2.371037588887156e+38
2358.12 2.3672724882766625e+38
2358.73 2.3642597024626934e+38
2359.34 2.3608778282765853e+38
2359.95 2.3575008231046212e+38
2360.56 2.3541817977629528e+38
2361.17 2.3504961415475853e+38
2361.78 2.347398748048473e+38
2362.4 2.3440943797184533e+38
2363.01 2.340318964137398e+38
2363.62 2.3364442616326e+38
2364.24 2.3337344833593178e+38
2364.85 2.3309747878160195e+38
2365.46 2.3287436368709035e+38
2366.07 2.328089626362991e+38
2366.69 2.3228729532306102e+38
2367.3 2.3273074346437016e+38
2367.91 2.3264962294053915e+38
2368.53 2.3258431268203982e+38
2369.14 2.3250323823830647e+38
2369.76 2.3241699370672826e+38
2370.37 2.323569361806217e+38
2370.98 2.322759295769311e+38
2371.6 2.3114461235895742e+38
2372.21 2.321402154079048e+38
2372.83 2.3206455160915892e+38
2373.44 2.3198886153180423e+38
2374.06 2.319080062674349e+38
2374.67 2.2997304337874423e+38
2375.29 2.3164701700600845e+38
2375.91 2.3130002512315657e+38
2376.52 2.3095351152921966e+38
2377.14 2.3004655324939326e+38
2377.75 2.303349229631261e+38
2378.37 2.300003439552894e+38
2378.99 2.2966107489306547e+38
2379.6 2.2933260864690497e+38
2380.22 2.2900466135874993e+38
2380.83 2.286307321428006e+38
2381.45 2.2832954081975114e+38
2382.07 2.2799275603504906e+38
2382.69 2.2765133851409593e+38
2383.3 2.2731039187681564e+38
2383.92 2.2696488726337123e+38
2384.54 2.266454629575241e+38
2385.16 2.2614285683582324e+38
2385.78 2.2641600453399986e+38
2386.4 2.1439723458697757e+38
2387.01 2.1401864736999785e+38
2387.63 2.2658760014759616e+38
2388.25 2.2661587710500384e+38
2388.87 2.2665437438974416e+38
2389.49 2.266724286231239e+38
2390.11 2.2640441812322406e+38
2390.73 2.2675965373989097e+38
2391.35 2.2679815859280874e+38
2391.97 2.268162069609175e+38
2392.59 2.2687517170413228e+38
2393.21 2.269085100787055e+38
2393.83 2.2695208420132128e+38
2394.45 2.2680123845133487e+38
2395.07 2.269880544156508e+38
2395.69 2.267042231780886e+38
2396.31 2.2643606519623057e+38
2396.93 2.2615802601751413e+38
2397.55 2.256919666099028e+38
2398.17 2.2560297502967866e+38
2398.79 2.1727681952333665e+38
2399.42 2.2504933254134455e+38
2400.04 2.246260902362534e+38
2400.66 2.2398643642688674e+38
2401.28 2.2421641890325303e+38
2401.91 2.239362011573529e+38
2402.53 2.232331779650044e+38
2403.15 2.2241204830984415e+38
2403.77 2.2310256030006916e+38
2404.4 2.2235210627889644e+38
2405.02 2.2223443403445065e+38
2405.64 2.2226706957972703e+38
2406.27 2.2235988526033314e+38
2406.89 2.222371856358899e+38
2407.51 2.221395845338701e+38
2408.14 2.220070322180596e+38
2408.76 2.2184950217613715e+38
2409.39 2.2183706282190963e+38
2410.01 2.214099811294871e+38
2410.64 2.216322193571407e+38
2411.26 2.2152984270118714e+38
2411.89 2.214225591117166e+38
2412.51 2.2132027185686253e+38
2413.14 2.2122305432786168e+38
2413.76 2.2111088436584803e+38
2414.39 2.1984133984096665e+38
2415.01 2.209166170181982e+38
2415.64 2.208842710267769e+38
2416.26 2.2086681929390807e+38
2416.89 2.2077476724463593e+38
2417.52 2.208170997800822e+38
2418.14 2.207996703523699e+38
2418.77 2.2077232598801875e+38
2419.4 2.1802583701344514e+38
2420.02 2.207325193003108e+38
2420.65 2.207001961304328e+38
2421.28 2.206280888378769e+38
2421.91 2.2063057844474013e+38
2422.53 2.20623079200992e+38
2423.16 2.2033734244863723e+38
2423.79 2.205683738035983e+38
2424.42 2.203820168756088e+38
2425.05 2.20473898850669e+38
2425.68 2.202379562530438e+38
2426.3 2.1993777926426927e+38
2426.93 2.1965290354167487e+38
2427.56 2.193683991997084e+38
2428.19 2.190743915777337e+38
2428.82 2.187807809289706e+38
2429.45 2.1834483305961308e+38
2430.08 2.1820458221010993e+38
2430.71 2.1790232558155723e+38
2431.34 2.176299118244846e+38
2431.97 2.1702017913296194e+38
2432.6 2.170469848080696e+38
2433.23 2.1675608876262985e+38
2433.86 2.1622186732956546e+38
2434.49 2.161705900794729e+38
2435.12 2.159100540684657e+38
2435.75 2.1584425452148842e+38
2436.39 2.1597791325564325e+38
2437.02 2.159899284040714e+38
2437.65 2.1601654017327774e+38
2438.28 2.1600421591989827e+38
2438.91 2.1319303949289403e+38
2439.54 2.160574273036933e+38
2440.18 2.160791999672634e+38
2440.81 2.1485819312000468e+38
2441.44 2.160252688270065e+38
2442.07 2.1610536930964026e+38
2442.71 2.1614169936938505e+38
2443.34 2.1615851533327137e+38
2443.97 2.158930244370559e+38
2444.61 2.1619704586536177e+38
2445.24 2.1576129151341713e+38
2445.88 2.159629120355859e+38
2446.51 2.1575597096841278e+38
2447.14 2.15612367872701e+38
2447.78 2.1498401160414648e+38
2448.41 2.1526242006965027e+38
2449.05 2.1450458787373266e+38
2449.68 2.1491311334056337e+38
2450.32 2.1403602575366624e+38
2450.95 2.1451610772091494e+38
2451.59 2.143927431484494e+38
2452.22 2.1421632282530843e+38
2452.86 2.1404490269634554e+38
2453.49 2.1386876554988993e+38
2454.13 2.1369280654194116e+38
2454.76 2.1351695619325407e+38
2455.4 2.1334128357762285e+38
2456.04 2.1311294380280355e+38
2456.67 2.1296634680895943e+38
2457.31 2.126713106988976e+38
2457.95 2.126015264111343e+38
2458.58 2.1241208898004394e+38
2459.22 2.1222763108109937e+38
2459.86 2.1203855624726486e+38
2460.5 2.118305641814352e+38
2461.14 2.116752095927738e+38
2461.77 2.0862964980741465e+38
2462.41 2.11312448374144e+38
2463.05 2.111194277948023e+38
2463.69 2.104284184672119e+38
2464.33 2.1075764240899835e+38
2464.96 2.1057457807734565e+38
2465.6 2.1036802923750138e+38
2466.24 2.1016171282647807e+38
2466.88 2.0994614284976908e+38
2467.52 2.0974496262922578e+38
2468.16 2.0953925628518875e+38
2468.8 2.090887906922407e+38
2469.44 2.091190300533485e+38
2470.08 2.0891393677011647e+38
2470.72 2.0870904431889533e+38
2471.36 2.084996580025072e+38
2472.0 2.082904816401527e+38
2472.64 2.0807214553072627e+38
2473.28 2.0770902164357257e+38
2473.92 2.076735965989336e+38
2474.56 2.0746532432967236e+38
2475.21 2.073272935167716e+38
2475.85 2.0732930078124507e+38
2476.49 2.073266369880939e+38
2477.13 2.073239697451697e+38
2477.77 2.0732596657492073e+38
2478.42 2.0728598678962515e+38
2479.06 2.073206458711596e+38
2479.7 2.073226322750177e+38
2480.34 2.0732461527444047e+38
2480.99 2.073312934848551e+38
2481.63 2.0632752445000316e+38
2482.27 2.0566172199615306e+38
2482.92 2.073371599171774e+38
2483.56 2.073344070450019e+38
2484.2 2.0729897857767227e+38
2484.85 2.0731025068495327e+38
2485.49 2.071068928937424e+38
2486.14 2.0682924939221596e+38
2486.78 2.0654730200795257e+38
2487.42 2.0626109934155457e+38
2488.07 2.0596141687264174e+38
2488.71 2.0540306063196074e+38
2489.36 2.0539108014850202e+38
2490.0 2.0511111250038787e+38
2490.65 2.0482234162902882e+38
2491.29 2.0445110652260984e+38
2491.94 2.042506018445711e+38
2492.59 2.0394928500885925e+38
2493.23 2.0355216470982438e+38
2493.88 2.0338916209162678e+38
2494.52 2.0273293206940327e+38
2495.17 2.0290820363952705e+38
2495.82 2.0299224348144706e+38
2496.47 2.030580365084701e+38
2497.11 2.0315124972885292e+38
2497.76 2.028150383525037e+38
2498.41 2.033149760953406e+38
2499.05 2.0335340665054093e+38
2499.7 2.0347886419693743e+38
