WAVE FLUX
1000.04 6.824874854181101e+38
1000.53 6.324171582226271e+38
1001.02 5.495222937044568e+38
1001.51 6.796838421332934e+38
1002.01 5.992797293751365e+38
1002.5 6.332793752779157e+38
1002.99 6.3931913957543e+38
1003.48 6.806670578856219e+38
1003.97 6.800505070495236e+38
1004.46 6.81015659739274e+38
1004.96 6.797783717198989e+38
1005.45 5.882531161059377e+38
1005.94 2.9569919366862954e+38
1006.43 6.690758902520962e+38
1006.93 5.800672971051882e+38
1007.42 6.716211843796282e+38
1007.92 6.1170230228120204e+38
1008.41 6.679218498184953e+38
1008.91 5.916361657964967e+38
1009.4 6.759486602927167e+38
1009.9 3.0702819497916844e+38
1010.39 2.350226158320552e+38
1010.89 6.686188137989709e+38
1011.38 6.249093041449281e+38
1011.88 6.657789969142291e+38
1012.37 4.828571195227551e+38
1012.87 5.240945569114684e+38
1013.37 6.626401552169066e+38
1013.86 6.635517181102558e+38
1014.36 6.62414163665406e+38
1014.86 6.3846729562838816e+38
1015.36 6.547962227483053e+38
1015.85 5.887095061309021e+38
1016.35 6.021197728807258e+38
1016.85 6.52313470894343e+38
1017.35 5.7074667921178075e+38
1017.85 5.834844951193949e+38
1018.35 3.942593164865846e+38
1018.85 6.4150306412376734e+38
1019.35 6.153992690702567e+38
1019.85 4.5205787636665065e+38
1020.35 6.149811221547221e+38
1020.85 6.400563282923876e+38
1021.35 5.940034568081314e+38
1021.85 6.325040833118041e+38
1022.35 6.378476325131273e+38
1022.85 4.844805194218226e+38
1023.35 6.339713999352218e+38
1023.85 6.110873895391222e+38
1024.35 6.20458459422986e+38
1024.86 6.082460622269196e+38
1025.36 2.6296996354291775e+38
1025.86 9.173509250529513e+37
1026.37 5.245907883870542e+38
1026.87 4.960819566239507e+38
1027.37 5.479637101467633e+38
1027.88 5.5157545770579856e+38
1028.38 5.361528780960215e+38
1028.89 5.401297564697405e+38
1029.39 5.2427573533288725e+38
1029.9 4.214754556693251e+38
1030.4 4.947815676222745e+38
1030.91 3.064132685164382e+38
1031.41 4.606798144579945e+38
1031.92 5.648785130035269e+38
1032.42 5.531380607562986e+38
1032.93 6.028111547604243e+38
1033.44 5.3567302483335986e+38
1033.94 3.998549883557557e+38
1034.45 5.4607363282055395e+38
1034.96 5.1244504343157506e+38
1035.46 1.826331916746825e+38
1035.97 4.994131591665104e+38
1036.48 5.030714583527867e+38
1036.99 1.7858989089252547e+38
1037.5 4.699432952388669e+38
1038.01 4.8008575132836155e+38
1038.51 6.528082802360267e+38
1039.02 6.100420824096809e+38
1039.53 5.320037217573873e+38
1040.04 6.122808191437105e+38
1040.55 6.146944057815314e+38
1041.06 6.491773315347769e+38
1041.57 6.0331433471178735e+38
1042.08 6.467534389779149e+38
1042.59 6.4316955205429655e+38
1043.11 6.4933221723342515e+38
1043.62 6.4597959819605285e+38
1044.13 6.5055258627302725e+38
1044.64 6.4785113367453195e+38
1045.15 6.391731650466962e+38
1045.67 6.4566814920124386e+38
1046.18 6.388790612822296e+38
1046.69 6.444932277626987e+38
1047.2 6.448728831694889e+38
1047.72 6.457900661218375e+38
1048.23 6.4327456743627456e+38
1048.75 6.476404105173289e+38
1049.26 6.435529726449386e+38
1049.78 6.343277835477967e+38
1050.29 6.38755840688889e+38
1050.81 6.322880354494477e+38
1051.32 5.953758471156776e+38
1051.83 6.401361972497997e+38
1052.35 6.3121046735649405e+38
1052.87 6.096134197818337e+38
1053.38 6.348686061235841e+38
1053.9 6.386677892758966e+38
1054.42 6.3878149087958114e+38
1054.93 6.389830695778604e+38
1055.45 4.757309308630787e+38
1055.97 6.175439290740981e+38
1056.49 6.343827386250538e+38
1057.01 6.299813708351878e+38
1057.52 6.0298650806631714e+38
1058.04 6.314297994439821e+38
1058.56 5.700873364940235e+38
1059.08 5.9496287588726776e+38
1059.6 6.237013310653767e+38
1060.12 5.581075007064269e+38
1060.64 6.023612718684519e+38
1061.16 4.4623850880513385e+38
1061.68 3.907349977427071e+38
1062.2 5.8782574214779246e+38
1062.72 1.555070246133256e+38
1063.24 5.1523703833601265e+38
1063.76 6.180902223423879e+38
1064.28 6.013109785915293e+38
1064.81 6.139614698914835e+38
1065.33 6.163390578214875e+38
1065.85 4.747247136396349e+38
1066.37 6.055111357373454e+38
1066.9 6.169103634678097e+38
1067.42 5.9469687334883534e+38
1067.94 5.775203958257231e+38
1068.47 6.054279805033296e+38
1068.99 3.946219665712128e+38
1069.52 5.558314535883059e+38
1070.04 5.958847864337e+38
1070.56 4.293479218114242e+38
1071.09 6.0579063419675495e+38
1071.61 6.091846837022486e+38
1072.14 5.763738178299014e+38
1072.67 5.8694627124693714e+38
1073.19 5.879540427977819e+38
1073.72 5.609164567174324e+38
1074.24 5.788256445586425e+38
1074.77 5.982575580182892e+38
1075.3 5.8170410246641165e+38
1075.82 6.086786950444924e+38
1076.35 6.047386011644964e+38
1076.88 6.0667850000869006e+38
1077.41 6.085852533251369e+38
1077.94 5.3923158434312176e+38
1078.47 6.048571577226698e+38
1078.99 5.959019199586455e+38
1079.52 5.583516233606064e+38
1080.05 5.9849128351480285e+38
1080.58 5.9755511912783246e+38
1081.11 5.920029826873215e+38
1081.64 5.914847612181427e+38
1082.17 5.937726152198403e+38
1082.7 5.861782905006083e+38
1083.23 4.496070814850809e+38
1083.77 5.6399670411282896e+38
1084.3 5.7129276196789714e+38
1084.83 4.806839647510394e+38
1085.36 5.64190949510947e+38
1085.89 5.631146051407374e+38
1086.43 5.605644383983924e+38
1086.96 5.811947364946591e+38
1087.49 5.8389130081374056e+38
1088.02 5.0032251127355945e+38
1088.56 5.595045582148315e+38
1089.09 4.291668042679386e+38
1089.63 3.8994107923714395e+38
1090.16 5.526655582902103e+38
1090.69 5.7631457811082976e+38
1091.23 5.795365312086025e+38
1091.77 5.7555504816018804e+38
1092.3 5.6966998072946415e+38
1092.84 5.824723441317279e+38
1093.37 5.158712563711204e+38
1093.91 5.9679136211975695e+38
1094.44 5.9526547283639364e+38
1094.98 5.956665622094866e+38
1095.52 4.5914312927918624e+38
1096.06 5.720649183563377e+38
1096.59 3.818869011415788e+38
1097.13 5.921125548234659e+38
1097.67 3.967093877014281e+38
1098.21 4.294334641384709e+38
1098.74 5.895931412425915e+38
1099.28 5.892997303861598e+38
1099.82 5.752116178429548e+38
1100.36 5.884861797015759e+38
1100.9 5.884909828651521e+38
1101.44 5.6498126431638326e+38
1101.98 5.837236922849687e+38
1102.52 5.853420967495889e+38
1103.06 5.437248774061909e+38
1103.6 5.742175046590958e+38
1104.15 4.494643925555015e+38
1104.69 5.717221396089466e+38
1105.23 5.788696146631482e+38
1105.77 5.740052125691983e+38
1106.31 5.7730737746679846e+38
1106.85 5.6532041163476374e+38
1107.4 5.618526198886901e+38
1107.94 4.304397096562065e+38
1108.48 2.645518119188362e+38
1109.03 5.6408919619747915e+38
1109.57 5.647499785966282e+38
1110.11 5.451714880017307e+38
1110.66 5.6838983866956714e+38
1111.2 5.522758936550434e+38
1111.75 5.626926787980581e+38
1112.29 5.3435013538403565e+38
1112.84 5.674935752215225e+38
1113.39 5.6901920065392035e+38
1113.93 5.574032025258916e+38
1114.48 5.659237756592511e+38
1115.02 5.5184174498520916e+38
1115.57 5.6102158982969396e+38
1116.12 5.386038271168791e+38
1116.67 4.950913012390433e+38
1117.21 5.409824627241906e+38
1117.76 5.5738795397020134e+38
1118.31 5.481398839125742e+38
1118.86 5.63552047664494e+38
1119.41 4.811147209140815e+38
1119.95 5.6246527343325295e+38
1120.5 5.615072557815914e+38
1121.05 5.375426652333744e+38
1121.6 5.5542080127019616e+38
1122.15 5.5763998211048485e+38
1122.7 5.568729172205119e+38
1123.25 5.506543064839993e+38
1123.8 1.921276417178472e+38
1124.36 5.314597661122653e+38
1124.91 3.1789809980446336e+38
1125.46 5.372997229084407e+38
1126.01 5.432777842364079e+38
1126.56 5.384670718211056e+38
1127.11 5.393083134475415e+38
1127.67 5.387173840124063e+38
1128.22 1.6368041087401684e+38
1128.77 2.7311813068723284e+38
1129.33 5.393277547386265e+38
1129.88 5.029351022316332e+38
1130.44 3.3681798263305186e+38
1130.99 5.451338669569906e+38
1131.54 5.540928879959724e+38
1132.1 5.569733777813162e+38
1132.65 5.539097613875324e+38
1133.21 5.537999752034877e+38
1133.77 5.539506532341926e+38
1134.32 5.269699242337299e+38
1134.88 5.141754867131215e+38
1135.43 5.5162044155154375e+38
1135.99 5.5519953667293e+38
1136.55 5.520053725946984e+38
1137.1 5.498145055846779e+38
1137.66 5.517560648802143e+38
1138.22 5.506661980838894e+38
1138.78 5.454573590747978e+38
1139.34 3.175179163578722e+38
1139.9 3.747608248200096e+38
1140.45 5.366497895362867e+38
1141.01 5.466182162566728e+38
1141.57 2.7642269678015703e+38
1142.13 5.470295740818964e+38
1142.69 5.4671893769218564e+38
1143.25 5.424246910106592e+38
1143.81 5.377132188633012e+38
1144.38 3.823426720799628e+38
1144.94 3.290782672197726e+38
1145.5 5.43526024848158e+38
1146.06 5.429294274086883e+38
1146.62 5.413953116973055e+38
1147.18 5.381992197518082e+38
1147.75 5.387621353051674e+38
1148.31 5.360531947021889e+38
1148.87 5.365514396651409e+38
1149.44 5.4042607688111596e+38
1150.0 5.2568071583250825e+38
1150.0 5.2568071583250825e+38
1150.3 5.335402093628123e+38
1150.6 5.392670617761514e+38
1150.89 4.956501140628006e+38
1151.19 5.163934372696375e+38
1151.49 5.3952520452220295e+38
1151.79 5.3879088944691166e+38
1152.09 5.3378269850939544e+38
1152.39 5.3648703459767995e+38
1152.69 5.0429440179750254e+38
1152.98 5.339204768339832e+38
1153.28 5.321951126342888e+38
1153.58 5.2326342613313954e+38
1153.88 4.962132901294362e+38
1154.18 5.021318329223738e+38
1154.48 5.3183707328411134e+38
1154.78 5.304464716596177e+38
1155.08 5.0740909178870726e+38
1155.38 5.167220706281677e+38
1155.68 5.297392090680954e+38
1155.98 3.707324602349688e+38
1156.28 5.279842705126704e+38
1156.57 5.1429177943395704e+38
1156.88 5.226455994040912e+38
1157.18 5.253532533948854e+38
1157.47 5.198378497551146e+38
1157.78 5.2009358086728e+38
1158.07 3.3960959395609858e+38
1158.38 5.224422574738763e+38
1158.68 5.200601749812346e+38
1158.97 5.083124463204486e+38
1159.28 5.1554776490514664e+38
1159.58 4.8899353007415596e+38
1159.88 5.2936092377265185e+38
1160.18 4.954230073910496e+38
1160.48 5.313632397266587e+38
1160.78 5.324365823035556e+38
1161.08 5.324530928388693e+38
1161.38 5.2317610350755115e+38
1161.68 5.276013718048549e+38
1161.98 5.230192754980586e+38
1162.28 5.305354665048412e+38
1162.58 5.319814936602933e+38
1162.89 5.3095845799160255e+38
1163.19 4.226161802886141e+38
1163.49 5.2653742633442245e+38
1163.79 4.6921523376474935e+38
1164.09 5.228020485404534e+38
1164.39 5.062234432221001e+38
1164.7 4.984453119938297e+38
1165.0 4.1473662287370936e+38
1165.3 5.175112481544358e+38
1165.6 4.619994745260132e+38
1165.9 3.975707926383866e+38
1166.21 5.189708019004873e+38
1166.51 5.177304324918597e+38
1166.81 3.849691321873004e+38
1167.11 5.165310650684842e+38
1167.42 4.500671255752862e+38
1167.72 5.136124793549817e+38
1168.02 5.12400483148703e+38
1168.32 5.140682837870115e+38
1168.63 5.092162791483248e+38
1168.93 4.1787068458835574e+38
1169.23 5.145657439329184e+38
1169.54 5.123353890820464e+38
1169.84 5.149454570507784e+38
1170.14 4.8473803631938836e+38
1170.44 4.331730175087043e+38
1170.75 4.9772673712840196e+38
1171.05 2.991906463092487e+38
1171.35 5.1312445568540754e+38
1171.66 4.9313116083050396e+38
1171.96 3.693529358972865e+38
1172.27 5.112863929964033e+38
1172.57 5.003592098644874e+38
1172.87 4.6487630536071536e+38
1173.18 5.079113057788685e+38
1173.48 4.62212825782961e+38
1173.79 5.0034095116830375e+38
1174.09 4.898745139172154e+38
1174.4 4.972159207864987e+38
1174.7 4.7873524354122756e+38
1175.0 1.6679649183276652e+38
1175.31 1.7631780757945676e+38
1175.61 1.7788258010037475e+38
1175.92 1.6611575153641064e+38
1176.22 2.9019542618914086e+38
1176.53 4.014310601237895e+38
1176.83 4.906702296129968e+38
1177.14 4.914214297928469e+38
1177.44 4.911283723540031e+38
1177.75 4.778836923851609e+38
1178.05 4.8654909744048544e+38
1178.36 4.590207428945455e+38
1178.66 5.023599150601204e+38
1178.97 4.992123637806474e+38
1179.27 5.011402866505041e+38
1179.58 5.063120502243532e+38
1179.89 4.867667557061994e+38
1180.19 5.074150898552375e+38
1180.5 4.55764870674694e+38
1180.8 4.862526185608584e+38
1181.11 5.094548404751044e+38
1181.42 4.609186418520921e+38
1181.72 4.6475708067674755e+38
1182.03 5.1060158852246354e+38
1182.33 5.109012904445628e+38
1182.64 5.0717039591213536e+38
1182.95 2.5190570944608767e+38
1183.25 4.97402176439202e+38
1183.56 5.001709952727881e+38
1183.87 4.991620087309193e+38
1184.17 4.842319541695479e+38
1184.48 2.1657138103354885e+38
1184.79 4.074704724297758e+38
1185.09 5.132136851323764e+38
1185.4 4.273477868633922e+38
1185.71 5.088190127231141e+38
1186.02 5.073346786438174e+38
1186.32 5.092605945517018e+38
1186.63 4.5335640604824915e+38
1186.94 4.994406122813907e+38
1187.25 5.053272243801804e+38
1187.56 5.034630807655412e+38
1187.86 5.018651464659558e+38
1188.17 5.018843203161087e+38
1188.48 4.973999084425765e+38
1188.79 5.005740283560425e+38
1189.09 4.97946274510307e+38
1189.4 4.852568758120219e+38
1189.71 4.9827487327392936e+38
1190.02 4.956094805151284e+38
1190.33 4.858054060274067e+38
1190.64 4.9640684518948644e+38
1190.94 4.934894904691947e+38
1191.25 3.0646726241389853e+38
1191.56 4.943979067641903e+38
1191.87 4.908425132786988e+38
1192.18 4.914196692126073e+38
1192.49 4.903223095838025e+38
1192.8 4.814684988016254e+38
1193.11 4.4319906557098654e+38
1193.42 4.8819294116954946e+38
1193.73 4.64393414612422e+38
1194.04 4.518760054004104e+38
1194.34 4.4202337989120336e+38
1194.65 4.872461295873595e+38
1194.96 4.867096439528733e+38
1195.27 4.741255995643838e+38
1195.58 4.775671290260779e+38
1195.89 4.759336439459365e+38
1196.2 3.97050629674058e+38
1196.51 4.697814394279632e+38
1196.82 4.664392357501823e+38
1197.13 4.622084457093368e+38
1197.44 4.57884321341861e+38
1197.75 4.6520061771690754e+38
1198.06 4.660796020588846e+38
1198.38 4.481796396259816e+38
1198.69 4.661677041630166e+38
1199.0 4.6764041795117794e+38
1199.31 4.714659508640032e+38
1199.62 4.7147353078798485e+38
1199.93 4.721656328205107e+38
1200.24 4.638395726222522e+38
1200.55 4.597792624089584e+38
1200.86 4.0702375681067905e+38
1201.17 4.646968707497445e+38
1201.48 4.44842610984115e+38
1201.8 4.175093294906109e+38
1202.11 2.0183731548602026e+38
1202.42 4.594301552582416e+38
1202.73 4.6066000407456996e+38
1203.04 4.5204605396038166e+38
1203.35 4.559783622225134e+38
1203.67 4.59919442910726e+38
1203.98 4.604225429346978e+38
1204.29 4.56118063788945e+38
1204.6 4.5724123629542076e+38
1204.92 4.4122993673355706e+38
1205.23 4.520256836248931e+38
1205.54 4.484112314803487e+38
1205.85 4.4799613968978736e+38
1206.16 4.391212804451399e+38
1206.48 1.0662630062789453e+38
1206.79 4.429007967210576e+38
1207.1 4.38946247398519e+38
1207.42 4.2956754009610685e+38
1207.73 4.453976532773535e+38
1208.04 4.3683739878318114e+38
1208.35 4.254437552544251e+38
1208.67 4.2550797087895026e+38
1208.98 4.486750182703926e+38
1209.29 4.4130071514904745e+38
1209.61 4.43147153684691e+38
1209.92 4.432669476350384e+38
1210.23 4.4200841002672256e+38
1210.55 3.968663971591514e+38
1210.86 4.391992887470398e+38
1211.18 4.2382486007987024e+38
1211.49 4.352343145959133e+38
1211.8 4.301854764902201e+38
1212.12 4.306451848714573e+38
1212.43 4.35559297429144e+38
1212.75 4.3299672849899544e+38
1213.06 4.2979389463243014e+38
1213.38 4.345043793000402e+38
1213.69 3.9443226603478956e+38
1214.0 4.109879168402059e+38
1214.32 4.339968726106834e+38
1214.63 4.015034165377968e+38
1214.95 4.337665567270412e+38
1215.26 2.1428532935895833e+38
1215.58 1.2789649043603813e+38
1215.89 1.0924603047311937e+38
1216.21 4.392401503609818e+38
1216.52 4.4006603988020536e+38
1216.84 3.6501689256284545e+38
1217.15 3.1059043040996377e+38
1217.47 4.420297906309257e+38
1217.79 2.516979633208281e+38
1218.1 4.437261781236126e+38
1218.42 4.205440314550678e+38
1218.73 2.5466592620767674e+38
1219.05 4.459172482500813e+38
1219.36 4.46912360474419e+38
1219.68 4.477047174538494e+38
1220.0 3.3231157719952803e+38
1220.31 4.473824331401192e+38
1220.63 4.465510676110616e+38
1220.94 3.586615259799064e+38
1221.26 2.3830118537448884e+38
1221.58 4.484983681894571e+38
1221.9 4.089168242717272e+38
1222.21 4.079629275313062e+38
1222.53 4.4026835339952694e+38
1222.84 4.4444014388456154e+38
1223.16 2.780418022422768e+38
1223.48 4.475162956693121e+38
1223.8 2.6045982332579265e+38
1224.11 4.472380781930167e+38
1224.43 4.536891589390746e+38
1224.75 4.550447400948936e+38
1225.06 4.5665125013569395e+38
1225.38 4.56352449545799e+38
1225.7 4.5200219683645994e+38
1226.02 3.6811333086847235e+38
1226.34 4.626080636369737e+38
1226.65 4.62824631224791e+38
1226.97 4.602094398229248e+38
1227.29 4.40708676997712e+38
1227.61 4.630727986353057e+38
1227.93 4.62585544304253e+38
1228.24 4.507809417108278e+38
1228.56 4.564274406552778e+38
1228.88 4.639632456902031e+38
1229.2 4.5796817681471214e+38
1229.52 4.0453616958271365e+38
1229.84 3.7839297399405125e+38
1230.16 4.624763224958126e+38
1230.47 4.247271393522036e+38
1230.79 3.989457190844021e+38
1231.11 4.613579845659211e+38
1231.43 4.58054613601874e+38
1231.75 4.599701197234007e+38
1232.07 4.592364491061064e+38
1232.39 4.544879826368078e+38
1232.71 4.5808882989283e+38
1233.03 4.475544218501226e+38
1233.35 4.483020627398986e+38
1233.67 4.573759129381406e+38
1233.99 4.5663061217530365e+38
1234.31 4.573011026711599e+38
1234.63 4.426695206624594e+38
1234.95 4.57049919571718e+38
1235.27 4.47153413295141e+38
1235.59 4.540862939271972e+38
1235.91 4.529654470582691e+38
1236.23 4.347042476162437e+38
1236.55 4.528544801161844e+38
1236.87 4.517464272322979e+38
1237.19 4.282307292389344e+38
1237.51 4.5074156820763076e+38
1237.83 4.494416415028908e+38
1238.15 4.4686122932909005e+38
1238.47 4.38403963051128e+38
1238.79 3.683055084199992e+38
1239.11 4.73836927483059e+38
1239.44 4.682306387433976e+38
1239.76 4.6556589490256375e+38
1240.08 4.628140404724575e+38
1240.4 4.604772256378192e+38
1240.72 4.589110405825521e+38
1241.04 4.584234484264759e+38
1241.36 4.591707460317997e+38
1241.69 4.588386685557408e+38
1242.01 4.577052734618728e+38
1242.33 4.5644458782356366e+38
1242.65 4.51486876331232e+38
1242.97 4.866987799816314e+38
1243.3 4.644299654705032e+38
1243.62 4.812888887473587e+38
1243.94 4.785972854884696e+38
1244.26 4.758595094799755e+38
1244.58 4.77907063054572e+38
1244.91 4.7563748865726686e+38
1245.23 4.606461854619998e+38
1245.55 4.66367958740314e+38
1245.88 4.666301390762945e+38
1246.2 4.3392586085133e+38
1246.52 4.441555209365209e+38
1246.84 4.595603284800121e+38
1247.17 4.570684712914315e+38
1247.49 1.582383030023904e+38
1247.81 3.555384046444618e+38
1248.14 4.299075574557417e+38
1248.46 4.412627310018605e+38
1248.79 4.597109330287142e+38
1249.11 4.621701303546009e+38
1249.43 4.6094436319429166e+38
1249.76 4.638988942900462e+38
1250.08 4.593611144131234e+38
1250.4 4.433991967328046e+38
1250.73 4.468653597556397e+38
1251.05 4.553488056338221e+38
1251.38 4.5900503065146636e+38
1251.7 4.535381417593909e+38
1252.03 4.593719797990401e+38
1252.35 4.5946627531133415e+38
1252.68 4.50761669635043e+38
1253.0 4.57983826294571e+38
1253.32 4.5861928896097516e+38
1253.65 4.222072761562186e+38
1253.97 4.493112337647633e+38
1254.3 4.576122543766621e+38
1254.62 4.559660724675823e+38
1254.95 4.1244076676121184e+38
1255.27 3.4663589754237925e+38
1255.6 4.5667189007942824e+38
1255.93 4.5643302203242536e+38
1256.25 4.569241951395109e+38
1256.58 3.643404820359038e+38
1256.9 4.4582737752955185e+38
1257.23 4.4666402411661525e+38
1257.55 4.494275359138642e+38
1257.88 4.3002138037161915e+38
1258.2 4.546251935440454e+38
1258.53 3.767796704659135e+38
1258.86 3.842984677814959e+38
1259.18 4.497609211391197e+38
1259.51 4.455536658405779e+38
1259.84 4.491897183459395e+38
1260.16 4.514688159734409e+38
1260.49 4.464428439158379e+38
1260.82 4.446534025620376e+38
1261.14 4.4958411802526e+38
1261.47 4.4988475410129116e+38
1261.8 4.4167773716656626e+38
1262.12 4.487270429637941e+38
1262.45 4.4913908481991064e+38
1262.78 4.490370367449005e+38
1263.11 4.480677115297612e+38
1263.43 4.4743389885449405e+38
1263.76 4.464350984749795e+38
1264.09 4.472186442073272e+38
1264.42 4.434991489163281e+38
1264.74 4.417077410951946e+38
1265.07 4.382507034084708e+38
1265.4 4.178942107809052e+38
1265.73 4.357126474500201e+38
1266.06 4.4132867235980415e+38
1266.38 4.332161581760188e+38
1266.71 4.165353964863422e+38
1267.04 4.402877506825053e+38
1267.37 4.3885566459694474e+38
1267.7 4.437309831147672e+38
1268.03 4.403743246356373e+38
1268.35 4.463583711169919e+38
1268.68 4.400484968916313e+38
1269.01 3.833958034800319e+38
1269.34 4.45273034454612e+38
1269.67 4.408284897809689e+38
1270.0 4.144889435409364e+38
1270.33 4.430072552576163e+38
1270.66 4.119096636360216e+38
1270.99 4.4559113888034394e+38
1271.32 4.457549540580953e+38
1271.65 4.471866494988904e+38
1271.97 4.4364764782361455e+38
1272.31 4.466318294692409e+38
1272.63 4.202175681159004e+38
1272.96 4.455442198017403e+38
1273.29 4.440133764487292e+38
1273.62 3.57412159003295e+38
1273.95 4.4638236302595705e+38
1274.28 4.4480466107773846e+38
1274.61 4.466948733703964e+38
1274.94 4.47432765907117e+38
1275.28 4.473067121354008e+38
1275.61 4.473090682606499e+38
1275.94 4.39102075896689e+38
1276.27 4.4703303349692145e+38
1276.6 4.456588195045125e+38
1276.93 4.258141427715169e+38
1277.26 4.436402022217011e+38
1277.59 4.391876726097519e+38
1277.92 4.44557533840014e+38
1278.25 4.44797258692599e+38
1278.58 4.454549345262149e+38
1278.92 3.3315682357311808e+38
1279.25 4.448559367638775e+38
1279.58 4.433754817141375e+38
1279.91 4.412583906349478e+38
1280.24 4.4369186522062706e+38
1280.57 4.432052678715154e+38
1280.91 4.4408426340731495e+38
1281.24 4.398135313209298e+38
1281.57 4.25477982094094e+38
1281.9 4.428729364176714e+38
1282.23 4.3761764840999805e+38
1282.57 4.4112812854555064e+38
1282.9 4.405729204427599e+38
1283.23 4.39525297598495e+38
1283.56 4.2353235694159275e+38
1283.9 4.2943575535947744e+38
1284.23 3.677218730658422e+38
1284.56 4.3611037962259635e+38
1284.9 4.3827386200560164e+38
1285.23 4.3527489015001116e+38
1285.56 4.368187443084228e+38
1285.9 4.252768447031943e+38
1286.23 4.353383028151418e+38
1286.56 4.280787855904162e+38
1286.9 4.3659157644132625e+38
1287.23 4.361550382754726e+38
1287.56 4.134799218356749e+38
1287.9 4.3496596784218424e+38
1288.23 4.136360757875023e+38
1288.56 4.334520724321019e+38
1288.9 4.310230191201542e+38
1289.23 4.052314048283022e+38
1289.57 4.293869485835524e+38
1289.9 4.298710870070959e+38
1290.23 4.297981715844447e+38
1290.57 4.2995477847415586e+38
1290.9 4.261459946093301e+38
1291.24 3.534000907596569e+38
1291.57 3.8092203441020245e+38
1291.91 4.276452042412589e+38
1292.24 4.200360833987653e+38
1292.58 4.262610814637119e+38
1292.91 4.260296868936972e+38
1293.25 3.880950293287925e+38
1293.58 4.23374824659416e+38
1293.92 4.107445424328665e+38
1294.25 4.236625486519254e+38
1294.59 1.5452891969661754e+38
1294.92 4.2057497720584324e+38
1295.26 4.166322469885159e+38
1295.59 4.176151931763096e+38
1295.93 4.0746683090749246e+38
1296.27 2.8600719343372215e+38
1296.6 3.771030141736373e+38
1296.94 4.15133322694945e+38
1297.28 4.165135984784118e+38
1297.61 4.097586820227754e+38
1297.95 4.153533146468521e+38
1298.28 4.177195804047993e+38
1298.62 4.020498896907068e+38
1298.96 1.5627666998800203e+38
1299.29 4.1290220598248125e+38
1299.63 4.13925866363503e+38
1299.97 4.1668846168626494e+38
1300.3 3.989073382740543e+38
1300.64 4.094279577413016e+38
1300.98 4.0483262516071775e+38
1301.32 4.103931359630464e+38
1301.65 4.162170567597556e+38
1301.99 4.1662848096868616e+38
1302.33 4.166913682702549e+38
1302.67 4.1714618710915835e+38
1303.0 4.148089793208298e+38
1303.34 1.5253666597293318e+38
1303.68 4.14039938633733e+38
1304.02 4.1744029519974415e+38
1304.35 4.146560334914046e+38
1304.69 4.139469545993941e+38
1305.03 4.166903124935747e+38
1305.37 3.8101805205615516e+38
1305.71 4.1285513122460665e+38
1306.05 3.7117470448708175e+38
1306.38 4.180059158468118e+38
1306.72 4.158310436175354e+38
1307.06 4.182566336413881e+38
1307.4 3.972978342989657e+38
1307.74 4.1761370486352e+38
1308.08 4.1739205125182755e+38
1308.42 4.163580366022682e+38
1308.76 3.2296651104313565e+38
1309.09 4.1664521333664746e+38
1309.43 4.120825314316119e+38
1309.77 4.057072360259752e+38
1310.11 3.971369999444699e+38
1310.45 4.166700125380806e+38
1310.79 4.167322675208083e+38
1311.13 4.0863514125717144e+38
1311.47 4.121979488412303e+38
1311.81 3.953072671708398e+38
1312.15 4.170997208459445e+38
1312.49 3.725319222620287e+38
1312.83 4.176012413716431e+38
1313.17 4.176383201035869e+38
1313.51 4.175793118774825e+38
1313.85 4.178145679426305e+38
1314.19 4.182051870937916e+38
1314.53 4.08369296340293e+38
1314.88 4.174131554354834e+38
1315.22 4.178545794570207e+38
1315.56 4.1422732965043395e+38
1315.9 4.1177950758042486e+38
1316.24 4.0310087132897094e+38
1316.58 4.180047234061675e+38
1316.92 4.169324635164783e+38
1317.26 4.162893369523449e+38
1317.6 4.1772683613953564e+38
1317.94 4.161332896425085e+38
1318.29 4.093939058283476e+38
1318.63 3.966598857151747e+38
1318.97 4.164710788298023e+38
1319.31 4.030165880985425e+38
1319.65 4.0031376763791004e+38
1320.0 4.155318842493835e+38
1320.34 4.034833175037966e+38
1320.68 4.098439241156936e+38
1321.02 4.1472412639712975e+38
1321.36 3.8554439242867565e+38
1321.71 4.1386247600962815e+38
1322.05 4.1379445959422534e+38
1322.39 4.136068653407009e+38
1322.74 4.128817943433774e+38
1323.08 3.989500413351148e+38
1323.42 4.117605929455795e+38
1323.76 4.047293991914886e+38
1324.11 4.084018632220115e+38
1324.45 3.901975182299846e+38
1324.79 3.981671208200307e+38
1325.14 4.077949276632728e+38
1325.48 4.089695951866991e+38
1325.82 3.988773474914548e+38
1326.17 4.03297953895813e+38
1326.51 4.016093377810851e+38
1326.85 3.912557609944428e+38
1327.2 3.907938950333334e+38
1327.54 3.887300527420217e+38
1327.89 4.057399995708512e+38
1328.23 4.029389952959357e+38
1328.58 4.010043375878487e+38
1328.92 4.010342352297266e+38
1329.27 4.036571206184378e+38
1329.61 4.017758838471962e+38
1329.95 3.958024721811707e+38
1330.3 3.8871128494862396e+38
1330.64 4.011224254739891e+38
1330.99 4.0117450705737825e+38
1331.33 3.927042297582899e+38
1331.68 3.8154277341700766e+38
1332.02 3.998657788942021e+38
1332.37 3.8045889983298035e+38
1332.71 3.996994571093035e+38
1333.06 3.956682345271259e+38
1333.41 3.9810773121289e+38
1333.75 3.979595753264061e+38
1334.1 3.975342174998926e+38
1334.44 1.8591940124198458e+38
1334.79 3.7881790666413684e+38
1335.13 3.8132243028292005e+38
1335.48 3.96385421997722e+38
1335.83 2.322723922401516e+38
1336.17 3.6136530679202136e+38
1336.52 3.8331647129067746e+38
1336.86 3.884525228896536e+38
1337.21 3.968177408247545e+38
1337.56 3.968800458228441e+38
1337.91 3.951595415217337e+38
1338.25 3.973339918319037e+38
1338.6 2.0775438013478656e+38
1338.94 3.9773677697508355e+38
1339.29 3.980062611980289e+38
1339.64 3.702456236489931e+38
1339.99 3.983173293857114e+38
1340.33 3.900018539473919e+38
1340.68 3.98160033329272e+38
1341.03 3.96964781387245e+38
1341.38 3.9442176336255385e+38
1341.72 3.9747219823955985e+38
1342.07 3.962312688516675e+38
1342.42 3.028783795186911e+38
1342.77 3.965371365213544e+38
1343.11 3.776191595071659e+38
1343.46 2.1325449818215394e+38
1343.81 3.956495406788184e+38
1344.16 3.921290641925842e+38
1344.51 3.955256205205919e+38
1344.86 3.7429518153441436e+38
1345.21 3.951269611029374e+38
1345.55 3.773924755847312e+38
1345.9 3.941027864824559e+38
1346.25 3.918056826990528e+38
1346.6 3.9294857958086055e+38
1346.95 3.945697085066651e+38
1347.3 3.400809947654848e+38
1347.65 3.954297615480589e+38
1348.0 3.678434955818578e+38
1348.35 3.977212044139246e+38
1348.7 3.969687542169196e+38
1349.05 3.932929947444254e+38
1349.4 3.9687909111057266e+38
1349.74 3.954712138012824e+38
1350.09 3.9362659458177894e+38
1350.44 3.866961756855332e+38
1350.8 3.9579216680887256e+38
1351.15 3.9419087305630294e+38
1351.49 3.6938540401324064e+38
1351.84 3.94650894584497e+38
1352.2 3.947969703329446e+38
1352.55 3.828222343607939e+38
1352.9 3.916525469545875e+38
1353.25 3.927735751430928e+38
1353.6 3.936203631380161e+38
1353.95 3.935023729549811e+38
1354.3 3.818257177063874e+38
1354.65 3.9126617498296956e+38
1355.0 3.922518342977512e+38
1355.35 3.681298818233537e+38
1355.7 3.9113791166599535e+38
1356.06 3.053130769135941e+38
1356.41 3.842044411442691e+38
1356.76 3.907673320339671e+38
1357.11 3.0685621566205085e+38
1357.46 3.899404703743268e+38
1357.81 3.764639742923556e+38
1358.17 3.889156495566695e+38
1358.52 3.756040548164169e+38
1358.87 3.8738609445164395e+38
1359.22 3.3559571367278662e+38
1359.57 3.869229354579398e+38
1359.93 3.789534994852369e+38
1360.28 3.850660043686238e+38
1360.63 3.818378645351171e+38
1360.98 3.838276682375539e+38
1361.34 3.75471123679489e+38
1361.69 3.506475158655426e+38
1362.04 3.754393932861582e+38
1362.4 3.8150557168279266e+38
1362.75 3.826227879085291e+38
1363.1 3.478035349409133e+38
1363.46 2.920920509124867e+38
1363.81 3.7442610359208815e+38
1364.16 3.823211224011607e+38
1364.52 3.820405229893904e+38
1364.87 3.622387438804447e+38
1365.22 3.661065773663473e+38
1365.58 3.447638572888725e+38
1365.93 3.78861319062674e+38
1366.29 3.780706052893793e+38
1366.64 3.803781890962036e+38
1366.99 3.499173365275698e+38
1367.35 3.782940616610117e+38
1367.7 3.791135068245078e+38
1368.06 3.784611648548286e+38
1368.41 3.763107591752031e+38
1368.77 3.7809440863251136e+38
1369.12 3.766140278012402e+38
1369.48 3.588636633479915e+38
1369.83 3.77082180536747e+38
1370.19 3.753651223389083e+38
1370.54 3.7624906979269576e+38
1370.9 3.605419604561975e+38
1371.25 3.540888390912106e+38
1371.61 3.53290812727464e+38
1371.96 3.596773876744395e+38
1372.32 3.76774833880377e+38
1372.67 3.705786685655996e+38
1373.03 3.3873754461701956e+38
1373.39 3.704467555811038e+38
1373.74 3.439648304402723e+38
1374.1 3.322186912555382e+38
1374.45 3.687221133131808e+38
1374.81 3.492277869000046e+38
1375.17 3.74859619530634e+38
1375.52 3.562489757487809e+38
1375.88 3.7574060623649406e+38
1376.23 3.67734214600971e+38
1376.59 3.744299609992848e+38
1376.95 3.5235650704376e+38
1377.31 3.618036377190166e+38
1377.66 3.5512348283595214e+38
1378.02 3.5115771973606896e+38
1378.38 3.7397416784567185e+38
1378.73 3.461020985456197e+38
1379.09 3.61073044046292e+38
1379.45 3.6954570736063436e+38
1379.81 3.737603057398102e+38
1380.16 3.522868489161654e+38
1380.52 3.622634725113041e+38
1380.88 3.6343787873058004e+38
1381.24 3.504179993012064e+38
1381.6 3.0387165300271033e+38
1381.95 3.736835704172161e+38
1382.31 3.727628862447962e+38
1382.67 3.683196886242776e+38
1383.03 3.72981906121038e+38
1383.39 3.725537771682258e+38
1383.75 3.589657407724281e+38
1384.1 3.549145316249108e+38
1384.46 3.675410468582751e+38
1384.82 3.6813686868326036e+38
1385.18 3.695680147709915e+38
1385.54 3.6674399541186136e+38
1385.9 3.259255656336166e+38
1386.26 3.2938462801357534e+38
1386.62 3.614643036142993e+38
1386.98 3.661632101159112e+38
1387.34 3.187853981679766e+38
1387.7 3.656632428759667e+38
1388.06 3.53677877906272e+38
1388.42 3.624733655994028e+38
1388.78 3.627516299387175e+38
1389.14 3.639540852585225e+38
1389.49 3.6397753360123224e+38
1389.85 3.640464663662989e+38
1390.21 3.569557456736326e+38
1390.58 3.633732450009617e+38
1390.94 3.560954095055506e+38
1391.3 3.626317702958639e+38
1391.66 3.6167887008458704e+38
1392.02 3.597866450236866e+38
1392.38 3.4315671060441804e+38
1392.74 3.5531298777853256e+38
1393.1 3.3730300685173493e+38
1393.46 3.5657142606866485e+38
1393.82 1.866250410185599e+38
1394.18 3.4881224199705114e+38
1394.55 3.500646796772021e+38
1394.91 3.509465343183183e+38
1395.27 3.19320422343341e+38
1395.63 3.56784257506083e+38
1395.99 3.0692938344707917e+38
1396.35 3.572287191190111e+38
1396.72 3.544848767736331e+38
1397.08 3.4609815302624345e+38
1397.44 3.4178086003101314e+38
1397.8 3.5361617778336914e+38
1398.16 2.149048855501995e+38
1398.53 3.547311143668979e+38
1398.89 3.14030713545683e+38
1399.25 3.579112605718678e+38
1399.61 3.553953668386664e+38
1399.98 2.9401856156441088e+38
1400.34 3.3095811055992177e+38
1400.7 2.9142611281772895e+38
1401.07 3.3308537402993504e+38
1401.43 3.502949746869765e+38
1401.79 3.535565119684985e+38
1402.16 3.559251565724615e+38
1402.52 3.537826509947507e+38
1402.88 1.4158408277100881e+38
1403.25 2.4982144807401292e+38
1403.61 3.5701792731426655e+38
1403.97 3.5407745059202325e+38
1404.34 3.549660358003022e+38
1404.7 3.548033039005689e+38
1405.06 3.547645687563321e+38
1405.43 3.5433062545335494e+38
1405.79 3.518303998542546e+38
1406.16 3.31528377030985e+38
1406.52 3.495820543848648e+38
1406.89 2.7754750544000743e+38
1407.25 3.1352425931245684e+38
1407.62 3.519308355343473e+38
1407.98 3.523625855083696e+38
1408.35 3.525378748447214e+38
1408.71 2.722265885185681e+38
1409.08 3.2216935236350277e+38
1409.44 3.0199172393637303e+38
1409.81 2.8143394269376953e+38
1410.17 3.21575286018274e+38
1410.54 3.409576016838576e+38
1410.9 3.527242530178741e+38
1411.27 3.3572101242189326e+38
1411.64 3.3145839561783027e+38
1412.0 3.467976539777782e+38
1412.37 3.473644186474371e+38
1412.73 3.529582435622057e+38
1413.1 3.533141853013474e+38
1413.46 3.53067634232824e+38
1413.83 3.528432403703209e+38
1414.2 3.3265171009430963e+38
1414.56 2.9844786105910818e+38
1414.93 3.470460941047699e+38
1415.3 3.48313357934633e+38
1415.67 3.368517989758832e+38
1416.03 3.4581251089857226e+38
1416.4 3.51649217406347e+38
1416.77 3.513842954060089e+38
1417.13 3.0520936751242366e+38
1417.5 3.508320784890172e+38
1417.87 3.3870268408294243e+38
1418.23 3.4711695320213404e+38
1418.6 3.4014621648105256e+38
1418.97 3.4838369346694155e+38
1419.34 3.448140321972682e+38
1419.71 3.369473399470859e+38
1420.07 3.0862817027985194e+38
1420.44 2.993974016496977e+38
1420.81 3.4566730383277925e+38
1421.18 2.4799544023966815e+38
1421.55 3.458347680676047e+38
1421.92 3.428795450425173e+38
1422.28 3.3567931542034576e+38
1422.65 3.151019181111188e+38
1423.02 3.452758581854283e+38
1423.39 3.4546286630840874e+38
1423.76 3.462897386807647e+38
1424.13 3.42396524411319e+38
1424.5 2.469217201734543e+38
1424.87 3.4669813954218844e+38
1425.23 3.467215955737804e+38
1425.6 3.455114250709431e+38
1425.97 3.288098855047143e+38
1426.34 2.6789486884638016e+38
1426.71 3.3466787912442202e+38
1427.08 3.460303692175124e+38
1427.45 2.407576751981231e+38
1427.82 2.4671547140372072e+38
1428.19 2.6884985507258087e+38
1428.56 2.8843742218519684e+38
1428.93 2.587956050328713e+38
1429.3 3.2183912520463645e+38
1429.68 3.427044103614253e+38
1430.05 3.420443959515055e+38
1430.42 2.726541785489485e+38
1430.79 3.3337245617978527e+38
1431.16 3.4349292186355514e+38
1431.53 3.351463323892304e+38
1431.9 3.4166239551171065e+38
1432.27 3.449039806908535e+38
1432.64 3.445114288581184e+38
1433.01 3.3968068980693563e+38
1433.38 3.436945455406877e+38
1433.76 3.3412323728764168e+38
1434.13 3.4317157955581954e+38
1434.5 3.1173307873929285e+38
1434.87 3.421660975343467e+38
1435.24 2.7967130240082395e+38
1435.61 3.3644940781069302e+38
1435.99 3.268863545717154e+38
1436.36 3.415332242691012e+38
1436.73 3.200066922487255e+38
1437.1 3.3110274102073614e+38
1437.48 3.34190823067769e+38
1437.85 3.3497793983950534e+38
1438.22 3.335339040558527e+38
1438.59 3.3736196143272044e+38
1438.97 3.3579738748991757e+38
1439.34 3.3853138073217013e+38
1439.71 3.0496211731865297e+38
1440.09 3.4141413535043145e+38
1440.46 3.1247635179558293e+38
1440.83 3.1585140202462265e+38
1441.21 3.1190976848900154e+38
1441.58 3.40943370974996e+38
1441.95 3.404374987323282e+38
1442.33 3.2872966303639296e+38
1442.7 3.176739838438647e+38
1443.07 3.399663549238317e+38
1443.45 3.119718520979054e+38
1443.82 3.4019144986923027e+38
1444.2 3.345065755013692e+38
1444.57 3.3973019021693036e+38
1444.95 2.866841129492441e+38
1445.32 3.346269150820082e+38
1445.69 3.34919416635912e+38
1446.07 3.3659690381187135e+38
1446.44 3.3407115231997544e+38
1446.82 3.1590634552482814e+38
1447.19 3.1417223189990232e+38
1447.57 3.1486778097510485e+38
1447.94 3.3664072826327436e+38
1448.32 3.363556713027079e+38
1448.69 3.3620037650625646e+38
1449.07 2.877039228537486e+38
1449.45 3.2438973992903034e+38
1449.82 3.0819594293057732e+38
1450.2 3.2911628019489007e+38
1450.57 3.3578917583880023e+38
1450.95 3.2319847362171263e+38
1451.33 3.3238460809208537e+38
1451.7 3.2354320063481784e+38
1452.08 3.286388004524181e+38
1452.45 2.8297039334056754e+38
1452.83 3.3332328259315542e+38
1453.21 3.3332916053426737e+38
1453.58 3.063286185289611e+38
1453.96 3.1503720768710257e+38
1454.34 3.1133840053132967e+38
1454.71 3.074851347525015e+38
1455.09 3.3247190578570995e+38
1455.47 2.878277404202311e+38
1455.85 3.275453842659029e+38
1456.22 3.075048637217339e+38
1456.6 3.1807000964679096e+38
1456.98 3.310715624132741e+38
1457.36 2.746778489435218e+38
1457.73 3.064204593447908e+38
1458.11 3.2656947657553053e+38
1458.49 2.7459368064367763e+38
1458.87 3.280731181231193e+38
1459.24 2.4880945494403134e+38
1459.62 3.2392562404336813e+38
1460.0 3.2788122828993673e+38
1460.38 3.084246545011519e+38
1460.76 3.0125429001689855e+38
1461.14 3.265060723988406e+38
1461.52 3.198232719173734e+38
1461.9 3.2663541273624217e+38
1462.27 2.8433893291283054e+38
1462.65 2.9047164146657987e+38
1463.03 3.2633320639986288e+38
1463.41 3.248887576962288e+38
1463.79 3.0932131072686442e+38
1464.17 3.162953767492512e+38
1464.55 3.2515936355134932e+38
1464.93 3.1808211839651736e+38
1465.31 2.887207882863352e+38
1465.69 3.175056028960691e+38
1466.07 3.2489179627509236e+38
1466.45 2.871010359761999e+38
1466.83 2.810807475005375e+38
1467.21 3.1991590917522828e+38
1467.59 3.2286214029534046e+38
1467.97 3.1986790075608396e+38
1468.35 3.165578372677196e+38
1468.73 3.2181825481720956e+38
1469.11 3.1991023798756488e+38
1469.49 3.1936226958125234e+38
1469.87 2.4606346546028643e+38
1470.25 2.9336211247138514e+38
1470.64 3.191415726690788e+38
1471.02 2.9948309109757818e+38
1471.4 3.1994503210185335e+38
1471.78 3.103942490824126e+38
1472.16 3.085698743535869e+38
1472.54 2.8915689139541037e+38
1472.92 3.0936047400830903e+38
1473.31 3.1532916954482086e+38
1473.69 3.2123002769503715e+38
1474.07 3.2116858300866516e+38
1474.45 3.206387635768951e+38
1474.83 3.2079253858790414e+38
1475.21 3.1228136603409298e+38
1475.6 3.029363577046197e+38
1475.98 3.1951647214346813e+38
1476.36 3.0801124982845373e+38
1476.74 3.1875749580784307e+38
1477.13 3.1950117645233144e+38
1477.51 2.987070485575064e+38
1477.89 3.1490503793711887e+38
1478.28 2.5875351493415725e+38
1478.66 3.18631163881603e+38
1479.04 3.1842907270053047e+38
1479.43 2.9058006273549618e+38
1479.81 3.15416762056688e+38
1480.19 3.146722042608279e+38
1480.58 3.170261748525746e+38
1480.96 3.163639017086177e+38
1481.34 3.1119887934829367e+38
1481.73 3.154629536408121e+38
1482.11 3.1695511851517553e+38
1482.5 3.169422228001393e+38
1482.88 3.1578848591455333e+38
1483.27 2.9200457196481004e+38
1483.65 3.133618888361372e+38
1484.03 3.0038211581780722e+38
1484.42 2.9541892201109064e+38
1484.8 3.127078087041471e+38
1485.19 3.1344574329978356e+38
1485.57 3.150136805880307e+38
1485.96 3.0653860272434267e+38
1486.34 3.037507891968131e+38
1486.73 3.1245551519255327e+38
1487.11 3.1431314188751706e+38
1487.5 3.1412873626470787e+38
1487.89 2.8798526477493503e+38
1488.27 3.1378600695049894e+38
1488.66 3.1333812760037987e+38
1489.04 3.066635522421754e+38
1489.43 3.0768829524705665e+38
1489.81 2.5660987909412927e+38
1490.2 2.9806257607423002e+38
1490.59 3.1186409809109103e+38
1490.97 3.0794072043657106e+38
1491.36 3.1178594597993158e+38
1491.75 3.0184122486792444e+38
1492.13 3.0127515662100237e+38
1492.52 3.113103691140512e+38
1492.91 3.1080315398119664e+38
1493.29 3.099337387077718e+38
1493.68 1.938817585735579e+38
1494.07 3.0831573104668924e+38
1494.45 2.9058070689380907e+38
1494.84 3.100542520488984e+38
1495.23 2.4188790612506955e+38
1495.62 2.954635770131382e+38
1496.01 3.0907841790418203e+38
1496.39 3.0736021080013382e+38
1496.78 3.0828549349507594e+38
1497.17 3.0772218003888154e+38
1497.56 2.5671374836302045e+38
1497.94 2.5834241356097685e+38
1498.33 3.0601244258898136e+38
1498.72 2.4052725409612934e+38
1499.11 2.6669785327858273e+38
1499.5 2.9088772975117658e+38
1499.89 3.0097337961968586e+38
1500.28 2.3109209604443345e+38
1500.66 3.0608912845503975e+38
1501.05 3.0534171810402857e+38
1501.44 2.9597716188922883e+38
1501.83 1.8510047909939804e+38
1502.22 2.689332217918559e+38
1502.61 3.0516420178079153e+38
1503.0 2.874613623364059e+38
1503.39 3.0215543823758056e+38
1503.78 2.9573490698169197e+38
1504.17 2.9043500563993234e+38
1504.56 2.2585842997317156e+38
1504.95 2.9812493774204154e+38
1505.34 2.8760921011122363e+38
1505.73 2.5424636432379482e+38
1506.12 2.8838107224372848e+38
1506.51 3.0211185788230495e+38
1506.9 2.9251151459508172e+38
1507.29 3.013791458096762e+38
1507.68 2.9310349633094712e+38
1508.07 3.003625829624241e+38
1508.46 2.999955881918552e+38
1508.85 2.69834245246561e+38
1509.24 2.8729140960460515e+38
1509.64 2.9825299550124448e+38
1510.03 2.965118300893853e+38
1510.42 2.9745715670211157e+38
1510.81 2.953795194460695e+38
1511.2 2.3433999602474022e+38
1511.59 2.4359418167197692e+38
1511.98 2.8964614999274303e+38
1512.38 2.5605829785262127e+38
1512.77 2.316623579475608e+38
1513.16 2.734392283436859e+38
1513.55 2.301065617567048e+38
1513.94 2.9434581111158398e+38
1514.34 2.9540449633774912e+38
1514.73 2.955066907827951e+38
1515.12 2.9491869461267168e+38
1515.52 2.4479626578823587e+38
1515.91 2.8863849199555407e+38
1516.3 2.801801092070161e+38
1516.69 2.3115828941008205e+38
1517.09 2.8760688481742606e+38
1517.48 2.9574614608359393e+38
1517.87 2.8923362754063602e+38
1518.27 2.9509858723725998e+38
1518.66 2.7084337594463532e+38
1519.05 2.8256035372068948e+38
1519.45 2.949997894423241e+38
1519.84 2.949383417084867e+38
1520.23 2.9475003485281925e+38
1520.63 2.1327098013996076e+38
1521.02 2.928224848198979e+38
1521.42 2.895775060133518e+38
1521.81 2.9401329723223895e+38
1522.21 2.933814534262335e+38
1522.6 2.936185730909239e+38
1522.99 2.9347093596460355e+38
1523.39 2.842942921871349e+38
1523.79 2.9214982639134756e+38
1524.18 2.8008425974613064e+38
1524.57 2.6337525566349077e+38
1524.97 2.504413988480035e+38
1525.36 2.104595928602595e+38
1525.76 2.4643160367782812e+38
1526.16 2.6216540090876606e+38
1526.55 2.8220703085254695e+38
1526.95 2.6549869751079745e+38
1527.34 2.6457812240979276e+38
1527.74 2.2314332733566154e+38
1528.14 2.622747755366481e+38
1528.53 2.8206296163941442e+38
1528.93 2.75599735903307e+38
1529.32 2.8829163916675306e+38
1529.72 2.858256107995122e+38
1530.12 1.6336775373925845e+38
1530.51 2.5108914069784557e+38
1530.91 2.8686180705156745e+38
1531.31 1.986921823138495e+38
1531.7 2.2876616528709544e+38
1532.1 2.5092206456310214e+38
1532.5 2.179834105331382e+38
1532.9 1.6928980844882473e+38
1533.29 1.741202809079198e+38
1533.69 2.8409514900027147e+38
1534.09 2.738680165938379e+38
1534.48 2.819380745203313e+38
1534.88 2.652789612515237e+38
1535.28 2.826226717072477e+38
1535.68 2.3526498465600168e+38
1536.08 2.833929381040743e+38
1536.47 2.6785156956837266e+38
1536.87 2.7517932743870724e+38
1537.27 2.1623205618905572e+38
1537.67 2.8058359050586484e+38
1538.07 2.554764371210301e+38
1538.47 2.81094028015137e+38
1538.86 2.3652781530844e+38
1539.26 2.7380216101050955e+38
1539.66 2.8006308362406844e+38
1540.06 2.398630461157469e+38
1540.46 2.4922460013037288e+38
1540.86 2.721198120019018e+38
1541.26 2.79447138376909e+38
1541.66 2.7909453456874297e+38
1542.06 2.2478408734257716e+38
1542.46 2.48580168716846e+38
1542.86 2.608583126851222e+38
1543.26 2.7644010695722993e+38
1543.66 2.2286036880515335e+38
1544.06 2.578663557057997e+38
1544.46 1.714198933383288e+38
1544.86 1.6008160384846687e+38
1545.26 2.65457773702594e+38
1545.66 2.5148423428837908e+38
1546.06 2.7080380482278024e+38
1546.46 1.9360870286818025e+38
1546.86 2.5314744722337653e+38
1547.26 2.3109036661925765e+38
1547.66 2.0483101604260502e+38
1548.06 1.6859170678671834e+38
1548.47 2.8227051454766715e+38
1548.87 2.722682609613764e+38
1549.27 2.7428297233345106e+38
1549.67 2.710430905978424e+38
1550.07 2.532226037083394e+38
1550.47 2.5475717851931333e+38
1550.88 1.713404507558234e+38
1551.28 2.7437890293675594e+38
1551.68 2.802983744904765e+38
1552.08 2.064103101018834e+38
1552.48 2.771570775215098e+38
1552.89 2.703644038254681e+38
1553.29 1.7959074955156e+38
1553.69 2.7738479287457187e+38
1554.09 2.5747319427238803e+38
1554.5 2.766685510772085e+38
1554.9 2.083203854590506e+38
1555.3 2.5191377814541105e+38
1555.71 2.744819460105068e+38
1556.11 2.3638241202422766e+38
1556.51 2.048157972147271e+38
1556.92 2.4924962470311785e+38
1557.32 2.2627896444002373e+38
1557.72 2.7260548889798926e+38
1558.13 2.6785634660768915e+38
1558.53 2.7162137611712818e+38
1558.93 2.544062574684931e+38
1559.34 2.4655931648994546e+38
1559.74 2.7078012060109205e+38
1560.15 2.186412058539254e+38
1560.55 2.1508183088033573e+38
1560.96 2.7195861969556586e+38
1561.36 1.8177916803976198e+38
1561.77 2.717439951151089e+38
1562.17 2.6643763095653693e+38
1562.57 2.5416825667780644e+38
1562.98 2.7150918681081406e+38
1563.39 2.711201672400517e+38
1563.79 2.6481191997902712e+38
1564.19 2.1794050623906766e+38
1564.6 1.9724253842489055e+38
1565.01 2.703681582072088e+38
1565.41 2.6913396583487263e+38
1565.82 2.4245684900982936e+38
1566.22 1.936602758016335e+38
1566.63 1.9425579288844434e+38
1567.04 2.2319324634159102e+38
1567.44 2.707864812325996e+38
1567.85 2.695269661995018e+38
1568.25 1.484218562184974e+38
1568.66 1.9215987608489516e+38
1569.07 2.6649765785356898e+38
1569.47 2.645827374681874e+38
1569.88 2.722400929962538e+38
1570.29 2.5935047330643807e+38
1570.69 2.6110953583688887e+38
1571.1 2.656722948800064e+38
1571.51 2.6931077328531298e+38
1571.92 2.670063025466841e+38
1572.32 2.67969718833142e+38
1572.73 2.6895591112083074e+38
1573.14 2.7145549922426948e+38
1573.55 2.7133540178181366e+38
1573.95 2.711901412637195e+38
1574.36 2.712173522260642e+38
1574.77 1.6836229496962326e+38
1575.18 1.740562480349137e+38
1575.59 1.8680140019060886e+38
1575.99 2.690856551907679e+38
1576.4 2.2149990843818023e+38
1576.81 2.4851076501730236e+38
1577.22 1.9417658028387103e+38
1577.63 2.6397857773929038e+38
1578.04 1.855138316640954e+38
1578.45 2.6991053180806654e+38
1578.86 2.656087782411025e+38
1579.27 2.4826436198281824e+38
1579.68 2.5772869890742335e+38
1580.08 2.6671079948653314e+38
1580.49 2.695114479132827e+38
1580.9 2.023617813560274e+38
1581.31 2.6161927664314984e+38
1581.72 2.6435335652614983e+38
1582.13 2.679437419560605e+38
1582.54 2.572493842902539e+38
1582.95 2.6551860852951705e+38
1583.36 2.5822915543575095e+38
1583.77 2.2667581657970254e+38
1584.18 2.5207378075666975e+38
1584.59 2.64124733003758e+38
1585.01 1.6702583832115898e+38
1585.42 2.6437888199343697e+38
1585.83 1.8300545991231686e+38
1586.24 2.5048829316516413e+38
1586.65 2.667648063113963e+38
1587.06 2.6683949522521827e+38
1587.47 2.2136419315768822e+38
1587.88 2.669404629590166e+38
1588.3 2.652248751379851e+38
1588.71 2.56509166784883e+38
1589.12 2.6528025176624016e+38
1589.53 2.6605361865823017e+38
1589.94 2.623345352783086e+38
1590.35 2.6649386577137814e+38
1590.77 2.6437470641222934e+38
1591.18 2.624794671635567e+38
1591.59 2.4492376825349046e+38
1592.0 1.6697857482074841e+38
1592.42 2.6305185551183823e+38
1592.83 2.6494387032495467e+38
1593.24 2.587667719209292e+38
1593.66 2.6091543460096817e+38
1594.07 2.50055950475783e+38
1594.48 2.612794862618368e+38
1594.89 2.2466699872561424e+38
1595.31 2.5347854080020058e+38
1595.72 2.5326374165679677e+38
1596.14 2.643315014491565e+38
1596.55 2.639786790307032e+38
1596.96 2.6396472269613756e+38
1597.38 2.5217114991304923e+38
1597.79 2.632812506006905e+38
1598.2 2.6290843504156644e+38
1598.62 2.5166249359821336e+38
1599.03 2.6314744452582563e+38
1599.45 2.6296968009652557e+38
1599.86 2.61615779452878e+38
1600.28 2.4765286354828483e+38
1600.69 2.558736542532946e+38
1601.11 2.439025226888321e+38
1601.52 2.3564755974567333e+38
1601.94 1.911763359657201e+38
1602.35 2.616305500451244e+38
1602.77 2.614267586206579e+38
1603.18 1.5444542922779536e+38
1603.6 2.5181420530495955e+38
1604.01 2.6080377191610892e+38
1604.43 2.5938776744062605e+38
1604.84 1.7407568620596155e+38
1605.26 2.5999301934400612e+38
1605.68 2.5332558767905266e+38
1606.09 2.500894754653854e+38
1606.51 2.572534398214559e+38
1606.93 2.4170621116269344e+38
1607.34 2.586175435540574e+38
1607.76 1.8899481455023416e+38
1608.18 2.4359459353608527e+38
1608.59 2.5520074669437314e+38
1609.01 1.5014941661575022e+38
1609.43 2.5112098948735347e+38
1609.84 1.4928699468430538e+38
1610.26 1.7439080729850273e+38
1610.68 2.5800173675952332e+38
1611.09 2.2251257714683592e+38
1611.51 2.5782979542976094e+38
1611.93 2.1322563863034404e+38
1612.35 2.576084510616565e+38
1612.77 1.8799410044868056e+38
1613.18 2.5729310112484443e+38
1613.6 2.3645563214434225e+38
1614.02 1.467385967405095e+38
1614.44 2.5697788011849298e+38
1614.86 2.5657308936415273e+38
1615.28 1.7291183907692244e+38
1615.69 2.1960451476149912e+38
1616.11 2.1037905206959792e+38
1616.53 2.53845282465139e+38
1616.95 2.5515240505866923e+38
1617.37 2.5555753454749495e+38
1617.79 2.2850979119980308e+38
1618.21 2.5511686045345122e+38
1618.63 2.262642254474489e+38
1619.05 2.518729707479093e+38
1619.47 2.4659333925810403e+38
1619.89 2.5393515990329803e+38
1620.31 2.0075109394233854e+38
1620.73 2.077066822771845e+38
1621.15 1.4858109382509945e+38
1621.57 1.48762904983744e+38
1621.99 2.4932415175920246e+38
1622.41 2.3456115942106566e+38
1622.83 2.5167873738874342e+38
1623.25 2.432797963673255e+38
1623.67 2.0582372588369137e+38
1624.09 1.9407209954789865e+38
1624.51 2.513526226553565e+38
1624.93 1.6508552445299372e+38
1625.35 2.4478656926136666e+38
1625.78 2.4347353567372096e+38
1626.2 2.124410842332903e+38
1626.62 2.4962842882833883e+38
1627.04 2.4545190734433403e+38
1627.46 1.8676788220196447e+38
1627.88 2.340103024600076e+38
1628.31 2.0983279379648128e+38
1628.73 2.5044051095720775e+38
1629.15 1.5235620770816424e+38
1629.57 2.4997584153076944e+38
1629.99 2.498834034396463e+38
1630.42 2.1814440984576135e+38
1630.84 2.5037567803519373e+38
1631.26 2.47095190979029e+38
1631.68 1.4314588733818945e+38
1632.11 1.6020264465063545e+38
1632.53 2.256166479547773e+38
1632.95 2.502154266860779e+38
1633.38 2.50361048392446e+38
1633.8 2.436380994870477e+38
1634.22 2.4663767031829865e+38
1634.65 2.218004258204165e+38
1635.07 2.4573184881891057e+38
1635.49 2.4489875369645816e+38
1635.92 2.4244325812981093e+38
1636.34 2.4213065558615244e+38
1636.77 2.5026411667957082e+38
1637.19 2.3998649368211594e+38
1637.61 2.4604653301370848e+38
1638.04 2.2204174246342333e+38
1638.46 2.388786618347298e+38
1638.89 2.5038905509939544e+38
1639.31 2.0591926296757316e+38
1639.74 2.5048292086335457e+38
1640.16 1.4493176255052862e+38
1640.59 1.8032789079774923e+38
1641.01 2.5041157557202933e+38
1641.44 2.5044037799191756e+38
1641.86 1.5610121640898127e+38
1642.29 2.458914465342929e+38
1642.71 2.1167065460166306e+38
1643.14 2.490812056464371e+38
1643.57 2.452166729550716e+38
1643.99 2.453495628330808e+38
1644.42 2.3985172664703797e+38
1644.84 2.326057265728463e+38
1645.27 2.211073816027423e+38
1645.7 2.4408876951566897e+38
1646.12 2.444775808474675e+38
1646.55 2.4642241122972876e+38
1646.98 2.1552771143732384e+38
1647.41 2.4388261762419458e+38
1647.83 2.454848183525934e+38
1648.26 2.4275709071521362e+38
1648.69 2.3487861364959162e+38
1649.11 2.3184863017659907e+38
1649.54 2.431618088162118e+38
1649.97 2.1856050203933413e+38
1650.4 2.4022462515226754e+38
1650.82 2.4006405069588406e+38
1651.25 2.4265108997918207e+38
1651.68 2.1268431052639645e+38
1652.11 2.3483741998935483e+38
1652.54 2.412619926006353e+38
1652.96 1.532157095915818e+38
1653.39 1.6052960540836436e+38
1653.82 2.3871579274072995e+38
1654.25 2.2918630950253164e+38
1654.68 2.3971941931655463e+38
1655.11 2.4049837187086483e+38
1655.54 2.4019040435816373e+38
1655.96 2.3942954389041673e+38
1656.39 2.4097301824300318e+38
1656.82 2.1739035798141543e+38
1657.25 2.3842119846352425e+38
1657.68 2.2253909075645498e+38
1658.11 2.2587962025618703e+38
1658.54 2.3368663085585596e+38
1658.97 2.0172960862876127e+38
1659.4 2.3323344785727976e+38
1659.83 2.406203127590473e+38
1660.26 2.4012811560469503e+38
1660.69 2.336842818706666e+38
1661.12 2.377724403953392e+38
1661.55 1.8284607700623386e+38
1661.98 2.402189354306242e+38
1662.42 1.931467462197167e+38
1662.85 2.4093841561034902e+38
1663.28 2.4033581963459966e+38
1663.71 2.4065739976406656e+38
1664.14 2.4093563262617535e+38
1664.57 2.3641996660976876e+38
1665.0 2.2647687634214342e+38
1665.43 2.3634682488535887e+38
1665.86 2.4033588672692822e+38
1666.3 2.400061421077121e+38
1666.73 2.3804206021200195e+38
1667.16 2.3759707977311095e+38
1667.59 2.370510974544771e+38
1668.03 1.814422649174864e+38
1668.46 2.0452824394886057e+38
1668.89 2.382327727972213e+38
1669.32 2.3338367650994826e+38
1669.76 1.9889214540585713e+38
1670.19 2.3389756501462935e+38
1670.62 2.2663874024160454e+38
1671.05 1.5544448881721063e+38
1671.49 2.3647114059291565e+38
1671.92 2.1202335598866704e+38
1672.35 2.127506846422997e+38
1672.79 1.8949863098536754e+38
1673.22 2.3141922491454557e+38
1673.65 1.5003059792116258e+38
1674.09 2.3603319593658988e+38
1674.52 2.3423442209297655e+38
1674.96 2.362863294592888e+38
1675.39 2.3260261280641426e+38
1675.82 2.208238706307522e+38
1676.26 2.2987181830494708e+38
1676.69 2.2399693413328866e+38
1677.13 1.7882455258118637e+38
1677.56 2.3615475041572282e+38
1678.0 2.3614860875462876e+38
1678.43 2.359255915519923e+38
1678.87 2.345508276021859e+38
1679.3 2.3556006127459726e+38
1679.74 2.357577215423988e+38
1680.17 2.356741937224936e+38
1680.61 2.3368783868632735e+38
1681.04 2.352985329930334e+38
1681.48 2.3382627419583212e+38
1681.92 1.8639017054769357e+38
1682.35 2.3499241062589765e+38
1682.79 2.350466737609807e+38
1683.22 2.34792789248832e+38
1683.66 2.284037019961356e+38
1684.1 2.3473130294770236e+38
1684.53 2.3405963556018753e+38
1684.97 2.3453704365288774e+38
1685.41 2.3430476187766893e+38
1685.84 2.1407170655243664e+38
1686.28 2.2827906232828805e+38
1686.72 1.6651364897887404e+38
1687.15 2.2717509052526164e+38
1687.59 1.8902918910880154e+38
1688.03 2.2980252021531975e+38
1688.47 2.3265979104772043e+38
1688.9 2.324451276071468e+38
1689.34 2.3226231309018593e+38
1689.78 2.317543043530065e+38
1690.22 2.1256656561850722e+38
1690.66 1.8804641370507553e+38
1691.09 2.3102980610544456e+38
1691.53 2.3094684008061705e+38
1691.97 2.282210455190172e+38
1692.41 2.1105555100944044e+38
1692.85 2.2910580260586804e+38
1693.29 2.2997227982132376e+38
1693.72 2.299302090257833e+38
1694.16 2.296755469021427e+38
1694.6 1.8588217326045122e+38
1695.04 1.825947274618845e+38
1695.48 2.2565918942671813e+38
1695.92 2.227146272528949e+38
1696.36 2.2860870478936916e+38
1696.8 2.241795056643242e+38
1697.24 2.2813154037479333e+38
1697.68 2.280132214554579e+38
1698.12 2.1531546236990996e+38
1698.56 2.2757416220621707e+38
1699.0 2.0719626072662368e+38
1699.44 2.257660877141402e+38
1699.88 2.2637931320686226e+38
1700.32 1.9413079101649548e+38
1700.76 1.742714307809738e+38
1701.2 2.244822222831098e+38
1701.64 2.0554633713156132e+38
1702.08 2.2194879853587067e+38
1702.53 2.2184544154653474e+38
1702.97 2.241281514576647e+38
1703.41 2.2072403867902756e+38
1703.85 2.2515154848750454e+38
1704.29 2.2419789680184318e+38
1704.73 2.2339305939692363e+38
1705.18 2.2453707263353407e+38
1705.62 2.2047559676699915e+38
1706.06 2.1659976789480246e+38
1706.5 1.9872796403945397e+38
1706.94 2.2293589350706457e+38
1707.39 1.4902665986322037e+38
1707.83 2.2316775696911582e+38
1708.27 2.1875137468097263e+38
1708.71 2.0902642564379796e+38
1709.16 2.2248494996633026e+38
1709.6 2.2108302031511114e+38
1710.04 2.171495740330726e+38
1710.49 2.1730436685620194e+38
1710.93 2.008331468273212e+38
1711.37 1.3567014590220824e+38
1711.82 2.127997147814292e+38
1712.26 2.1351255739514864e+38
1712.7 1.4171714673083151e+38
1713.15 2.1879822213999596e+38
1713.59 2.167131344151281e+38
1714.04 2.195097718440716e+38
1714.48 2.195843498651649e+38
1714.93 2.189181026060605e+38
1715.37 1.8629037034055986e+38
1715.81 2.1526083399447946e+38
1716.26 2.1181100140629184e+38
1716.7 2.1762126640537742e+38
1717.15 1.6022665586980336e+38
1717.59 2.185592854569864e+38
1718.04 2.014308925832389e+38
1718.48 1.4824278640761259e+38
1718.93 2.078432945657672e+38
1719.38 1.780800977564607e+38
1719.82 2.07122691502017e+38
1720.27 2.178875925285431e+38
1720.71 1.979350688100648e+38
1721.16 2.1070981125947662e+38
1721.6 1.780348797486904e+38
1722.05 2.0719598567126562e+38
1722.5 1.4684233153263484e+38
1722.94 2.0491761481859506e+38
1723.39 2.164635491230916e+38
1723.84 1.992076627044872e+38
1724.28 1.462377024071064e+38
1724.73 2.1048867839061315e+38
1725.18 2.1293631072802134e+38
1725.62 1.3664091612686771e+38
1726.07 2.163286090117214e+38
1726.52 1.999276816372492e+38
1726.97 2.152081423995092e+38
1727.41 1.614130332382338e+38
1727.86 2.1456592548038565e+38
1728.31 1.8721587010330706e+38
1728.76 2.0557224382446465e+38
1729.2 2.1289329344946553e+38
1729.65 2.161321190896926e+38
1730.1 2.1524571292426725e+38
1730.55 2.0191453364963583e+38
1731.0 2.1585850742746595e+38
1731.45 1.931977172536778e+38
1731.9 2.158547465432404e+38
1732.34 2.119335284492607e+38
1732.79 1.9883966794280753e+38
1733.24 2.1346926237269826e+38
1733.69 2.0956995646743344e+38
1734.14 2.1087963822829153e+38
1734.59 2.1400111498607565e+38
1735.04 2.1574277051350345e+38
1735.49 2.1525120863148786e+38
1735.94 2.1279608094312823e+38
1736.39 1.849750542027626e+38
1736.84 2.1497434674494823e+38
1737.29 1.8910964196508125e+38
1737.74 2.1403823062017716e+38
1738.19 1.86532713055324e+38
1738.64 1.9090045158085003e+38
1739.09 1.972563180601536e+38
1739.54 2.1295962761593878e+38
1739.99 2.1136522369589267e+38
1740.44 2.1340176195367398e+38
1740.9 2.0018347684969993e+38
1741.35 2.1106953069247948e+38
1741.8 2.1280617704414718e+38
1742.25 1.9057717319223396e+38
1742.7 2.117851230390875e+38
1743.15 2.1232169593806064e+38
1743.6 2.1173286299942492e+38
1744.06 2.1191962069256473e+38
1744.51 2.1166609254803613e+38
1744.96 2.0699294832366718e+38
1745.41 1.870877177205063e+38
1745.86 2.1116848877153704e+38
1746.32 2.1137068696250524e+38
1746.77 2.1011903469806647e+38
1747.22 1.8474759106167387e+38
1747.68 1.9148208932924205e+38
1748.13 1.8792602431554187e+38
1748.58 2.08652850425971e+38
1749.04 1.8928589585121625e+38
1749.49 2.0235132811835792e+38
1749.94 2.0986658886212764e+38
1750.4 2.0061034251020262e+38
1750.85 2.109539206649925e+38
1751.3 1.6682659188336179e+38
1751.76 1.593395127214245e+38
1752.21 2.10814830220774e+38
1752.67 2.1044381238597392e+38
1753.12 1.765223099535774e+38
1753.57 1.9567884191658103e+38
1754.03 2.0787970578176472e+38
1754.48 2.1005440396414724e+38
1754.94 2.083633091399024e+38
1755.39 2.1036244540463287e+38
1755.85 2.092913332779273e+38
1756.3 2.0984410664845602e+38
1756.76 2.0957873288508922e+38
1757.21 2.093467597732804e+38
1757.67 2.090491192860052e+38
1758.12 1.997554014856158e+38
1758.58 1.8170744127791715e+38
1759.04 2.057853258822606e+38
1759.49 2.081113515091824e+38
1759.95 2.0787658556524816e+38
1760.4 1.713701073382673e+38
1760.86 1.782488921102537e+38
1761.32 1.946646558494933e+38
1761.77 2.0689633373846273e+38
1762.23 2.0385317325605807e+38
1762.69 2.0617010005384332e+38
1763.14 2.041212454410577e+38
1763.6 1.9604247498137916e+38
1764.06 2.030236845632132e+38
1764.51 2.0480449469328835e+38
1764.97 1.6129129391079214e+38
1765.43 2.050130223730407e+38
1765.89 2.039424954938209e+38
1766.34 2.0347084858503258e+38
1766.8 2.0470115230062617e+38
1767.26 2.0391221582265306e+38
1767.72 2.039394931963691e+38
1768.18 2.0184638419714476e+38
1768.64 2.024482779577246e+38
1769.09 2.0413633296984894e+38
1769.55 1.7331816536669104e+38
1770.01 2.029182585326909e+38
1770.47 1.7457329465196533e+38
1770.93 2.0067653003818724e+38
1771.39 2.014840716012422e+38
1771.85 2.0174777501957852e+38
1772.31 2.0333388431457018e+38
1772.77 2.025728089135431e+38
1773.22 2.001542558410163e+38
1773.68 1.9881686200207404e+38
1774.14 2.0249382908097006e+38
1774.6 1.9655895094383804e+38
1775.06 2.0261623613163554e+38
1775.52 2.0145710565877837e+38
1775.98 1.5321910014612059e+38
1776.44 2.0214434062226654e+38
1776.9 1.9972603533286415e+38
1777.36 2.0223498876530046e+38
1777.82 1.7460534995812004e+38
1778.29 2.0203799907434872e+38
1778.75 1.888742778268869e+38
1779.21 1.990168539603952e+38
1779.67 2.0173999767530816e+38
1780.13 2.0120755940721735e+38
1780.59 1.9846472047469848e+38
1781.05 1.9167852926292962e+38
1781.52 2.0134714905598953e+38
1781.98 1.872432418974246e+38
1782.44 1.995183567254078e+38
1782.9 1.9680320995362732e+38
1783.36 2.009548564700103e+38
1783.82 2.0088620009168977e+38
1784.29 2.0079522315492674e+38
1784.75 1.985137933643855e+38
1785.21 1.9968781257847053e+38
1785.68 2.0056625383010382e+38
1786.14 1.975472405507554e+38
1786.6 2.0044854682713322e+38
1787.06 1.985070137152626e+38
1787.53 2.002169109559801e+38
1787.99 1.964157615863622e+38
1788.45 1.8796215773265232e+38
1788.92 1.931447313737764e+38
1789.38 2.001334790106094e+38
1789.84 1.991725263416448e+38
1790.31 1.8866036739305566e+38
1790.77 1.9652770497253173e+38
1791.24 1.9764843801996437e+38
1791.7 1.8046824181206212e+38
1792.17 1.5538485484818849e+38
1792.63 1.993805456563716e+38
1793.09 1.762313227513087e+38
1793.56 1.985709358625677e+38
1794.02 1.9834664457798876e+38
1794.49 1.9957705003285122e+38
1794.95 1.8013398293052313e+38
1795.42 1.9946716727624117e+38
1795.89 1.9655208207507004e+38
1796.35 1.9922314574092956e+38
1796.81 1.9146765912480806e+38
1797.28 1.9865077830564556e+38
1797.75 1.9572568699478124e+38
1798.21 1.962033087067687e+38
1798.68 1.9607305558886733e+38
1799.15 1.9812306784979573e+38
1799.61 1.9799917802694734e+38
1800.08 1.9250292594614987e+38
1800.55 1.9597847965040566e+38
1801.01 1.9342892046065696e+38
1801.48 1.6375411882824925e+38
1801.94 1.957109058755588e+38
1802.41 1.9762028913505083e+38
1802.88 1.9704945864745257e+38
1803.35 1.8495034381681816e+38
1803.81 1.9743502084816476e+38
1804.28 1.9525367333351113e+38
1804.75 1.9722929227934333e+38
1805.22 1.921569718933354e+38
1805.68 1.856868730932982e+38
1806.15 1.9465703752270454e+38
1806.62 1.9141897408205314e+38
1807.09 1.9448303694867242e+38
1807.56 1.9367971300049607e+38
1808.03 1.926945139810831e+38
1808.49 1.9403899534461674e+38
1808.96 1.9475776721097978e+38
1809.43 1.5658230966931252e+38
1809.9 1.9362612158290584e+38
1810.37 1.9087830771664594e+38
1810.84 1.9303077215555017e+38
1811.31 1.5612133398534591e+38
1811.78 1.8472003853881723e+38
1812.25 1.7664330616529132e+38
1812.72 1.7994575555385197e+38
1813.19 1.8518501992143498e+38
1813.66 1.914893555559597e+38
1814.13 1.909702515028174e+38
1814.6 1.912552310546221e+38
1815.07 1.8043587927899838e+38
1815.54 1.874033128425767e+38
1816.01 1.7503847195992847e+38
1816.48 1.8918261373987646e+38
1816.95 1.8777389275724616e+38
1817.42 1.7248024383892886e+38
1817.89 1.905601627136061e+38
1818.36 1.9042601832617442e+38
1818.83 1.9060999149975203e+38
1819.31 1.6525029814835399e+38
1819.78 1.8332377504144294e+38
1820.25 1.9050492869130523e+38
1820.72 1.905769531467207e+38
1821.19 1.6612201086251009e+38
1821.67 1.470687256115961e+38
1822.14 1.8575879212857513e+38
1822.61 1.8883504499991158e+38
1823.08 1.5928878252158757e+38
1823.55 1.9004352283012428e+38
1824.03 1.900340454861135e+38
1824.5 1.902309270925346e+38
1824.97 1.73173140010818e+38
1825.44 1.3950569531223676e+38
1825.92 1.8883746478156087e+38
1826.39 1.8846600739805052e+38
1826.86 1.6182239329228723e+38
1827.34 1.8398908667072538e+38
1827.81 1.884851865610691e+38
1828.29 1.827832492378014e+38
1828.76 1.8655741024263513e+38
1829.23 1.766893311884936e+38
1829.71 1.8845557324064166e+38
1830.18 1.7546073698329e+38
1830.66 1.7032969963849476e+38
1831.13 1.8770635086726637e+38
1831.61 1.822912501090687e+38
1832.08 1.8764026368710542e+38
1832.56 1.8436662597071076e+38
1833.03 1.816229213207317e+38
1833.51 1.864686216431115e+38
1833.98 1.8650139601391522e+38
1834.46 1.867407114850658e+38
1834.93 1.7811811837573045e+38
1835.41 1.8619162753909716e+38
1835.88 1.8585058654492634e+38
1836.36 1.8419602106133277e+38
1836.83 1.764033125277788e+38
1837.31 1.410699080838608e+38
1837.79 1.7779109852347232e+38
1838.26 1.5329763734540814e+38
1838.74 1.764738907392677e+38
1839.22 1.8435155885901107e+38
1839.69 1.841143404099575e+38
1840.17 1.4361056667820099e+38
1840.65 1.8362727071210274e+38
1841.12 1.833985414218744e+38
1841.6 1.6385612573934931e+38
1842.08 1.7902554752533203e+38
1842.56 1.4617406749456799e+38
1843.03 1.7686030840108334e+38
1843.51 1.5587455623292076e+38
1843.99 1.567171869559549e+38
1844.47 1.6519099644143893e+38
1844.94 1.5712723144805352e+38
1845.42 1.633164437915663e+38
1845.9 1.772890920995506e+38
1846.38 1.7099435222204533e+38
1846.86 1.7263569073113793e+38
1847.34 1.6155265945271587e+38
1847.82 1.7998924409788024e+38
1848.29 1.7957434448977066e+38
1848.77 1.7771934287609284e+38
1849.25 1.6822094868214854e+38
1849.73 1.7325689139513145e+38
1850.21 1.4350303552033419e+38
1850.69 1.6690319252497242e+38
1851.17 1.617944670617155e+38
1851.65 1.7895169598374e+38
1852.13 1.666397373899151e+38
1852.61 1.5485473797563755e+38
1853.09 1.7843613753348423e+38
1853.57 1.7822913866151385e+38
1854.05 1.5503170279202445e+38
1854.53 1.777280301811862e+38
1855.01 1.4306150966097627e+38
1855.49 1.6917418118769273e+38
1855.97 1.770734477191805e+38
1856.45 1.775726415391492e+38
1856.94 1.774396746399017e+38
1857.42 1.7746543073701363e+38
1857.9 1.728844448707964e+38
1858.38 1.7680649570425258e+38
1858.86 1.755659089679456e+38
1859.34 1.7722899555253447e+38
1859.83 1.4476488402231496e+38
1860.31 1.771371042463561e+38
1860.79 1.735708902643802e+38
1861.27 1.765022584581531e+38
1861.76 1.754523541672683e+38
1862.24 1.768530370394378e+38
1862.72 1.768041408906665e+38
1863.2 1.7272633261845328e+38
1863.69 1.7672190672624974e+38
1864.17 1.762667079311674e+38
1864.65 1.711251551619418e+38
1865.14 1.516954896042746e+38
1865.62 1.6011608183252347e+38
1866.1 1.7476028543597642e+38
1866.58 1.5005522032779041e+38
1867.07 1.7443469347418153e+38
1867.55 1.7670737291732833e+38
1868.04 1.7682275373790355e+38
1868.52 1.7639009405195894e+38
1869.01 1.766512307963014e+38
1869.49 1.7633141231549577e+38
1869.97 1.5536955639668952e+38
1870.46 1.7682273987122692e+38
1870.94 1.5462345808221226e+38
1871.43 1.6292235637598093e+38
1871.91 1.766355038966361e+38
1872.4 1.757313122412658e+38
1872.88 1.7579341722163817e+38
1873.37 1.7642438087268993e+38
1873.85 1.5611195558081452e+38
1874.34 1.6467482336323863e+38
1874.83 1.772630064496845e+38
1875.31 1.690161045688933e+38
1875.8 1.75880811685233e+38
1876.29 1.542847524207074e+38
1876.77 1.7618019204703345e+38
1877.26 1.7595599072061865e+38
1877.74 1.7581167235218293e+38
1878.23 1.7546970754590964e+38
1878.72 1.7523882833878336e+38
1879.2 1.7485416265127268e+38
1879.69 1.7454495992012956e+38
1880.18 1.7438954602894914e+38
1880.67 1.5104473362647492e+38
1881.15 1.455276609577677e+38
1881.64 1.5755978110962755e+38
1882.13 1.4942083931471503e+38
1882.62 1.6972755574639187e+38
1883.1 1.6018841015848247e+38
1883.59 1.723610283719789e+38
1884.08 1.7157981363906138e+38
1884.57 1.3626357813867603e+38
1885.06 1.2598305534981523e+38
1885.55 1.7131282839292696e+38
1886.04 1.4912083785590976e+38
1886.52 1.5769174638060378e+38
1887.01 1.5463730981213887e+38
1887.5 1.3043029624988886e+38
1887.99 1.70069417589117e+38
1888.48 1.6960820373793718e+38
1888.97 1.6977517671129847e+38
1889.46 1.3692849490312005e+38
1889.95 1.6935499252120163e+38
1890.44 1.680514586131115e+38
1890.93 1.502396959593116e+38
1891.42 1.509259359484137e+38
1891.91 1.4931629689745491e+38
1892.4 1.5723268031410927e+38
1892.89 1.3798375539750763e+38
1893.38 1.6781447386081685e+38
1893.87 1.4965565082239565e+38
1894.36 1.5111270162215047e+38
1894.85 1.6644470022506692e+38
1895.34 1.2741155779870366e+38
1895.84 1.6285520168137844e+38
1896.33 1.506755127294507e+38
1896.82 1.2762130139491321e+38
1897.31 1.586446668417516e+38
1897.8 1.6745388573301054e+38
1898.29 1.6748588963967001e+38
1898.79 1.3567882918913003e+38
1899.28 1.0131546906496735e+38
1899.77 1.651412977313999e+38
1900.26 1.6774595776926835e+38
1900.76 1.6776370886894361e+38
1901.25 1.647616730488525e+38
1901.74 1.6787004927662908e+38
1902.23 1.6684531195850617e+38
1902.73 1.6783707199665073e+38
1903.22 1.4541559526195425e+38
1903.71 1.5348148985759857e+38
1904.21 1.5518794404349254e+38
1904.7 1.6825234071397629e+38
1905.19 1.6248011997342726e+38
1905.69 1.6584091029902822e+38
1906.18 1.6779299162726056e+38
1906.68 1.5749814557517627e+38
1907.17 1.6499230333059447e+38
1907.66 1.377477393108669e+38
1908.16 1.6579540136772116e+38
1908.65 1.599066145071779e+38
1909.15 1.6575514490430145e+38
1909.64 1.6613929554449711e+38
1910.14 1.578001461538531e+38
1910.63 1.6550029853827234e+38
1911.13 1.6570063125933281e+38
1911.62 1.3144576600856992e+38
1912.12 1.653050070155876e+38
1912.61 1.6507983042219871e+38
1913.11 1.648587913363586e+38
1913.61 1.3988420956815664e+38
1914.1 1.2547360136522788e+38
1914.6 1.6410098187384684e+38
1915.09 1.2540846284577907e+38
1915.59 1.5976230793110928e+38
1916.09 1.5842955787250498e+38
1916.58 1.4723905885016257e+38
1917.08 1.395676302663933e+38
1917.58 1.573285782414163e+38
1918.07 1.5381691096856197e+38
1918.57 1.3575408880612946e+38
1919.07 1.5849880596535138e+38
1919.56 1.3696677075928028e+38
1920.06 1.6011868710803502e+38
1920.56 1.6103365550133428e+38
1921.06 1.5118094997552718e+38
1921.56 1.303098461096272e+38
1922.05 1.5410567670934758e+38
1922.55 1.6187268000547791e+38
1923.05 1.1889488394081708e+38
1923.55 1.5988346090301058e+38
1924.05 1.482656614761167e+38
1924.55 1.2927452179511916e+38
1925.05 1.612007477831862e+38
1925.54 1.6014100711942915e+38
1926.04 1.247814251935908e+38
1926.54 1.6113860719642064e+38
1927.04 1.5933338422943843e+38
1927.54 1.5366201980882297e+38
1928.04 1.4458090767800684e+38
1928.54 1.475382039143681e+38
1929.04 1.4984349337509938e+38
1929.54 1.5672870091998113e+38
1930.04 1.5494181545410216e+38
1930.54 1.5522892530746037e+38
1931.04 1.6065583654274035e+38
1931.54 1.2206183918055075e+38
1932.04 1.6096422117395398e+38
1932.54 1.6039317173020595e+38
1933.04 1.610261786655287e+38
1933.55 1.6041871624444435e+38
1934.05 1.6101847313316874e+38
1934.55 1.6099960199762313e+38
1935.05 1.6087468829164543e+38
1935.55 1.608767168265404e+38
1936.05 1.6054871165674848e+38
1936.55 1.537254937872432e+38
1937.06 1.441303220333167e+38
1937.56 1.5520831077607685e+38
1938.06 1.4772546014965498e+38
1938.56 1.6055060687265035e+38
1939.06 1.5184284683311292e+38
1939.57 1.5563671877683263e+38
1940.07 1.3658082523051253e+38
1940.57 1.4436558588520475e+38
1941.08 1.6035457924299057e+38
1941.58 1.3952575728026512e+38
1942.08 1.602428075591455e+38
1942.58 1.6011479500581933e+38
1943.09 1.5951410669267327e+38
1943.59 1.36955876229944e+38
1944.1 1.5996819274109714e+38
1944.6 1.5946909920792652e+38
1945.1 1.5941343739509762e+38
1945.61 1.580394031381634e+38
1946.11 1.5926223510276252e+38
1946.62 1.576878360559804e+38
1947.12 1.5826398901609854e+38
1947.63 1.5861225060239826e+38
1948.13 1.4816809568058355e+38
1948.64 1.5474541925917236e+38
1949.14 1.5774933506778876e+38
1949.65 1.378675737156576e+38
1950.15 1.5725297626486375e+38
1950.66 1.5727273876108776e+38
1951.16 1.5328497821830562e+38
1951.67 1.5679104215996166e+38
1952.17 1.5626303918506244e+38
1952.68 1.2000350675987602e+38
1953.19 1.4205570791301882e+38
1953.69 1.5460265848002267e+38
1954.2 1.1993879321757179e+38
1954.7 1.4107173778447849e+38
1955.21 1.4887373768836017e+38
1955.72 1.5123300344978e+38
1956.22 1.5517288950280392e+38
1956.73 1.5515064000531267e+38
1957.24 1.504418864639728e+38
1957.75 1.5429246810981125e+38
1958.25 1.5535254029778726e+38
1958.76 1.3376454611662042e+38
1959.27 1.2715493728497283e+38
1959.78 1.5304063127812096e+38
1960.29 1.1894953958165406e+38
1960.79 1.5155641227040045e+38
1961.3 1.3587505241478666e+38
1961.81 1.5020885400777807e+38
1962.32 1.5252503222301037e+38
1962.83 1.4818688330723048e+38
1963.33 1.5479846994040624e+38
1963.84 1.5489441703530716e+38
1964.35 1.3315821485905412e+38
1964.86 1.3921707685218273e+38
1965.37 1.3271815935084809e+38
1965.88 1.5572487662048664e+38
1966.39 1.5577243260904426e+38
1966.9 1.5503766507074535e+38
1967.41 1.5576135787129171e+38
1967.92 1.5238041330433372e+38
1968.43 1.5290562245614456e+38
1968.94 1.557104865412192e+38
1969.45 1.5454288520200374e+38
1969.96 1.5534190645669564e+38
1970.47 1.556595362229265e+38
1970.98 1.5562248676353085e+38
1971.49 1.532295488413965e+38
1972.0 1.5097997516771095e+38
1972.52 1.5359651877995277e+38
1973.03 1.5529926285864424e+38
1973.54 1.538773002016111e+38
1974.05 1.5540403989009335e+38
1974.56 1.5516006676522118e+38
1975.07 1.554461097423254e+38
1975.58 1.5316292867330418e+38
1976.1 1.2640051002733806e+38
1976.61 1.5511101889496083e+38
1977.12 1.546894649138562e+38
1977.63 1.5072111118961123e+38
1978.15 1.5436474189893643e+38
1978.66 1.4042635527254821e+38
1979.17 1.4210188633839816e+38
1979.69 1.5023861995294737e+38
1980.2 1.5331580244313754e+38
1980.71 1.5326187639562581e+38
1981.22 1.5290385922291327e+38
1981.74 1.527813793491826e+38
1982.25 1.5204002859904863e+38
1982.77 1.2436435857607919e+38
1983.28 1.5207419579548326e+38
1983.79 1.4960127346409608e+38
1984.31 1.1903355627121518e+38
1984.82 1.4080931224553433e+38
1985.34 1.511732503846154e+38
1985.85 1.510315223112711e+38
1986.36 1.4994299016170958e+38
1986.88 1.4798525095485404e+38
1987.4 1.2298571696384186e+38
1987.91 1.3804322080447825e+38
1988.43 1.5055620707639813e+38
1988.94 1.5044554688994156e+38
1989.46 1.4845747026066105e+38
1989.97 1.2102718569788512e+38
1990.49 1.495080952977524e+38
1991.0 1.4990598023416573e+38
1991.52 1.2070996477194753e+38
1992.04 1.1924785482798773e+38
1992.55 1.491813443231291e+38
1993.07 1.4921988503672238e+38
1993.58 1.4906978292550362e+38
1994.1 1.1607676895092695e+38
1994.62 1.4897866440132102e+38
1995.14 1.4453394327624142e+38
1995.65 1.250364683962169e+38
1996.17 1.4880489981785888e+38
1996.69 1.4878965214272836e+38
1997.2 1.4867359450905989e+38
1997.72 1.4862466466568254e+38
1998.24 1.4744662364854632e+38
1998.76 1.4813856878240504e+38
1999.28 1.484613972407702e+38
1999.8 1.4270970153498624e+38
2000.31 1.2482829677971061e+38
2000.83 1.4639321275643751e+38
2001.35 1.4821620141231692e+38
2001.87 1.2543319082707907e+38
2002.39 1.377536362276611e+38
2002.91 1.4836110946956151e+38
2003.43 1.4838601889772268e+38
2003.94 1.4831694443915287e+38
2004.46 1.483119484891277e+38
2004.98 1.4693397425786542e+38
2005.5 1.439753006762915e+38
2006.02 1.4316708247252489e+38
2006.54 1.4791639660846288e+38
2007.06 1.4718857381361467e+38
2007.58 1.4739947354041625e+38
2008.1 1.4754069151055562e+38
2008.62 1.4267377611376726e+38
2009.14 1.2613284172633891e+38
2009.67 1.4720202107567426e+38
2010.19 1.342622761453178e+38
2010.71 1.309337310103601e+38
2011.23 1.4357138600412488e+38
2011.75 1.4678968217169327e+38
2012.27 1.3238094308948493e+38
2012.79 1.4575271705052423e+38
2013.31 1.230583367861895e+38
2013.84 1.4629605909231074e+38
2014.36 1.4610215013908829e+38
2014.88 1.4611334055910977e+38
2015.4 1.3636783371568167e+38
2015.93 1.4497000099405531e+38
2016.45 1.4493505936659589e+38
2016.97 1.4574031193182048e+38
2017.49 1.400397643773768e+38
2018.02 1.3336821202852329e+38
2018.54 1.4584944443537553e+38
2019.06 1.4360723265726262e+38
2019.58 1.4600731040295072e+38
2020.11 1.45998722815855e+38
2020.63 1.4590451854738376e+38
2021.16 1.4597182662716976e+38
2021.68 1.458184239262002e+38
2022.2 1.459284497692847e+38
2022.73 1.3954115271979458e+38
2023.25 1.459474321318328e+38
2023.78 1.4571185764951795e+38
2024.3 1.4589749166479913e+38
2024.82 1.4590203145057747e+38
2025.35 1.455909020710536e+38
2025.88 1.3998981373452102e+38
2026.4 1.442459206678423e+38
2026.93 1.451157811424284e+38
2027.45 1.4486199041780334e+38
2027.98 1.4436070705047759e+38
2028.5 1.4222113157564784e+38
2029.03 1.4421667911642324e+38
2029.55 1.4401299796337767e+38
2030.08 1.395486766290643e+38
2030.61 1.4357119919369165e+38
2031.13 1.431970922216866e+38
2031.66 1.4306255342068382e+38
2032.19 1.4063112275260562e+38
2032.71 1.4212861918937228e+38
2033.24 1.4248004726427424e+38
2033.77 1.3573298469334842e+38
2034.29 1.4144771819614572e+38
2034.82 1.3934877948117836e+38
2035.35 1.1798182669653571e+38
2035.88 1.376188160339096e+38
2036.4 1.4146168093703439e+38
2036.93 1.4152923270830637e+38
2037.46 1.3172816613282643e+38
2037.99 1.1833609268501409e+38
2038.52 1.4141640759327741e+38
2039.04 1.4113034927898602e+38
2039.57 1.2772829906327517e+38
2040.1 1.1923080537570889e+38
2040.63 1.4048608076669268e+38
2041.16 1.1907440232661937e+38
2041.69 1.4111140314909753e+38
2042.22 1.4104897745459588e+38
2042.74 1.4058618525192937e+38
2043.28 1.4094637647342621e+38
2043.8 1.4037620943071244e+38
2044.33 1.4082178654147751e+38
2044.86 1.340318823155367e+38
2045.39 1.3912783076603024e+38
2045.92 1.4051417758906684e+38
2046.45 1.1983657969432171e+38
2046.98 1.4025305940397413e+38
2047.52 1.3598270725441854e+38
2048.05 1.3989598527187567e+38
2048.58 1.398399659552383e+38
2049.11 1.395100270886942e+38
2049.64 1.3780905213716807e+38
2050.17 1.3626774351966932e+38
2050.7 1.4097683835658227e+38
2051.23 1.4038625592440602e+38
2051.76 1.3716792455889309e+38
2052.3 1.4058834726733624e+38
2052.83 1.3788704731692413e+38
2053.36 1.399196088242066e+38
2053.89 1.4012930912183478e+38
2054.43 1.4001046403368327e+38
2054.96 1.3982533423249918e+38
2055.49 1.3976979170521772e+38
2056.02 1.3968585109205364e+38
2056.55 1.186698117039938e+38
2057.09 1.3959334582015354e+38
2057.62 1.253795802475996e+38
2058.16 1.392089702266279e+38
2058.69 1.3506356517466024e+38
2059.22 1.0880877575675415e+38
2059.76 1.3585129049429665e+38
2060.29 1.1359467133857451e+38
2060.82 1.3915527519253205e+38
2061.36 1.3869238722092357e+38
2061.89 1.3889091894844036e+38
2062.43 1.0942467576669814e+38
2062.96 1.3890280723601593e+38
2063.5 1.387567025174918e+38
2064.03 1.3829192394786362e+38
2064.56 1.382836966823254e+38
2065.1 1.3555645587426741e+38
2065.64 1.3664486238830864e+38
2066.17 1.3867495474102672e+38
2066.71 1.386479567715405e+38
2067.24 1.3853020369593941e+38
2067.78 1.3871295067562535e+38
2068.31 1.3881123297945778e+38
2068.85 1.1035435446519558e+38
2069.39 1.3880108237877028e+38
2069.92 1.3889316617367255e+38
2070.46 1.383777449225567e+38
2071.0 1.388484897346902e+38
2071.53 1.380837749567167e+38
2072.07 1.3880072988024951e+38
2072.61 1.386956255053407e+38
2073.14 1.3902292863468126e+38
2073.68 1.3908666974312279e+38
2074.22 1.3891860154918685e+38
2074.76 1.3777675405513944e+38
2075.29 1.3800794797933602e+38
2075.83 1.3643231062057704e+38
2076.37 1.3687817445855913e+38
2076.91 1.3162357221736999e+38
2077.45 1.3607581267874618e+38
2077.98 1.3325679869130087e+38
2078.52 1.3443334217670061e+38
2079.06 1.3517944541413607e+38
2079.6 1.082516660955548e+38
2080.14 1.3562445367301696e+38
2080.68 1.3579863969491666e+38
2081.22 1.3575561198298105e+38
2081.76 1.3560014979692164e+38
2082.3 1.3591376213885048e+38
2082.84 1.3592145285285684e+38
2083.38 1.3546427373394079e+38
2083.92 1.3570356464467258e+38
2084.46 1.3602351128717113e+38
2085.0 1.0667137460094998e+38
2085.54 1.293053125457128e+38
2086.08 1.3568354409676343e+38
2086.62 1.3520823689573585e+38
2087.16 1.3532255270839637e+38
2087.7 1.212953539085612e+38
2088.24 1.3485397458940828e+38
2088.78 1.3472041322266816e+38
2089.32 1.2433854890283086e+38
2089.87 1.3163797328898439e+38
2090.41 1.3433654419957185e+38
2090.95 1.1422926942622025e+38
2091.49 1.339955087213305e+38
2092.03 1.1341089731095193e+38
2092.57 1.2792633073828883e+38
2093.12 1.3347139812578399e+38
2093.66 1.1736425339895564e+38
2094.2 1.2452492226794893e+38
2094.75 1.3243739887332105e+38
2095.29 1.3282707377061553e+38
2095.83 1.2526674842986277e+38
2096.38 1.2401979864809184e+38
2096.92 1.3237003901656588e+38
2097.46 1.3272378698592086e+38
2098.0 1.2406874065926928e+38
2098.55 1.247574222542838e+38
2099.09 1.3263497487904698e+38
2099.64 1.3218759208504283e+38
2100.18 1.3248993781456681e+38
2100.73 1.3213208010665678e+38
2101.27 1.3244021002906963e+38
2101.81 1.3185550374730571e+38
2102.36 1.3242448757032814e+38
2102.9 1.323230328472576e+38
2103.45 1.2360053344664054e+38
2103.99 1.307831197233898e+38
2104.54 1.0762020605931707e+38
2105.08 1.3224844950960939e+38
2105.63 1.2456893941741539e+38
2106.18 1.318476380382086e+38
2106.72 1.3183269181278667e+38
2107.27 1.3195697515598396e+38
2107.81 1.307081246983488e+38
2108.36 1.3105793895021898e+38
2108.91 1.2865270625694781e+38
2109.45 1.297602920653876e+38
2110.0 1.3158250265591813e+38
2110.55 1.315062039358365e+38
2111.09 1.3140758519340533e+38
2111.64 1.3123748070826729e+38
2112.19 1.3126253779191845e+38
2112.74 1.3116554471711591e+38
2113.28 1.3076943102858759e+38
2113.83 1.309904816847421e+38
2114.38 1.2902010131080964e+38
2114.93 1.2923705521128081e+38
2115.48 1.2981852693780804e+38
2116.02 1.3080657027861272e+38
2116.57 1.3074723719649294e+38
2117.12 1.2868316538157478e+38
2117.67 1.3062054446935716e+38
2118.22 1.268961458256903e+38
2118.77 1.3053901803274313e+38
2119.32 1.2468832168554073e+38
2119.87 1.3046739469373246e+38
2120.42 1.300437649323422e+38
2120.97 1.258504544240451e+38
2121.51 1.2989588598601817e+38
2122.06 1.29881914905051e+38
2122.61 1.3022975368031332e+38
2123.17 1.289896902307134e+38
2123.72 1.3004737597547099e+38
2124.26 1.1974457480269122e+38
2124.82 1.2856669864959758e+38
2125.37 1.297951628753785e+38
2125.92 1.2890936957963951e+38
2126.47 1.2967066380386323e+38
2127.02 1.2955284394912815e+38
2127.57 1.2941243216516972e+38
2128.12 1.136748378716313e+38
2128.67 1.291167266718186e+38
2129.23 1.2892427423929118e+38
2129.78 1.2881596882100375e+38
2130.33 1.251354844962363e+38
2130.88 1.2868162219093889e+38
2131.43 1.275919826340216e+38
2131.99 1.2822346406800297e+38
2132.54 1.2778801322547292e+38
2133.09 1.281683595563686e+38
2133.65 1.2798780363092297e+38
2134.2 1.2789132431440104e+38
2134.75 1.2769362433119566e+38
2135.3 1.2762366498068929e+38
2135.86 1.2745407859657844e+38
2136.41 1.2737313807326e+38
2136.97 1.2238958830556605e+38
2137.52 1.2701256525159083e+38
2138.07 1.1517533593484921e+38
2138.63 1.254996383775772e+38
2139.18 1.2672878242591666e+38
2139.74 1.2622208195793215e+38
2140.29 1.2621328670986947e+38
2140.84 1.2636482785852108e+38
2141.4 1.2545297370053915e+38
2141.96 1.2479124649286991e+38
2142.51 1.2595230754828381e+38
2143.06 1.2526381560909884e+38
2143.62 1.2425751717755682e+38
2144.18 1.1288000450541003e+38
2144.73 1.2527713141751876e+38
2145.29 1.246913483165916e+38
2145.84 1.2535686093335485e+38
2146.4 1.2468626028776799e+38
2146.96 1.2206653570477217e+38
2147.51 1.2531498939962416e+38
2148.07 1.2516498852819786e+38
2148.63 1.1977008199101028e+38
2149.18 1.2098723247341208e+38
2149.74 1.2523185792460806e+38
2150.3 1.245076040518628e+38
2150.85 1.252076282975773e+38
2151.41 1.251108227416021e+38
2151.97 1.2526630634173684e+38
2152.53 1.1252724174393638e+38
2153.08 1.2513701950234547e+38
2153.64 1.2524875110572776e+38
2154.2 1.252551654792077e+38
2154.76 1.2514484014316806e+38
2155.32 1.2504849405289157e+38
2155.88 1.2509014903680794e+38
2156.44 1.2495359256880847e+38
2156.99 1.2468744985921708e+38
2157.55 1.2478724330137491e+38
2158.11 1.2466693397438997e+38
2158.67 1.241090223275484e+38
2159.23 1.1759068909943727e+38
2159.79 1.24148824469479e+38
2160.35 1.238263390763372e+38
2160.91 1.2416675499070282e+38
2161.47 1.2349412117389446e+38
2162.03 1.1876147701921258e+38
2162.59 1.2323605509832658e+38
2163.15 1.2370044771879991e+38
2163.71 1.1182775204997569e+38
2164.27 1.235065940360911e+38
2164.83 1.2320610685227609e+38
2165.4 1.2328761360790975e+38
2165.96 1.1558207855572386e+38
2166.52 1.2313713479653208e+38
2167.08 1.2299391611062046e+38
2167.64 1.1044952881762885e+38
2168.2 1.2291638930974707e+38
2168.76 1.2182136190463186e+38
2169.33 1.2271767363005324e+38
2169.89 1.226019956414061e+38
2170.45 1.209412930838753e+38
2171.01 1.2248572559503107e+38
2171.58 1.217146504834522e+38
2172.14 1.223256473389403e+38
2172.7 1.2217888471510539e+38
2173.27 1.221422274309543e+38
2173.83 1.2176401883347162e+38
2174.39 1.2135153303693172e+38
2174.96 1.2103037636702664e+38
2175.52 1.214968222020885e+38
2176.08 1.215336299660244e+38
2176.65 1.2154299976828813e+38
2177.21 1.2139588935078323e+38
2177.78 1.2123002509605966e+38
2178.34 1.2105593846242703e+38
2178.91 1.2110575123844797e+38
2179.47 1.2059610029044532e+38
2180.03 1.2037109428211348e+38
2180.6 1.207275568309746e+38
2181.17 1.1114519544762102e+38
2181.73 1.2052230977441195e+38
2182.3 1.2041476495957726e+38
2182.86 1.201029544210381e+38
2183.43 1.1963682254168862e+38
2183.99 1.2005843776136272e+38
2184.56 1.1948289903626971e+38
2185.12 1.1984470863178252e+38
2185.69 1.1798008114903404e+38
2186.26 1.1835845990752914e+38
2186.82 1.1969481625391802e+38
2187.39 1.1236000999812486e+38
2187.96 1.1952679630051324e+38
2188.53 1.19191896343381e+38
2189.09 1.1922945459349075e+38
2189.66 1.1955651380054512e+38
2190.23 1.19624397123038e+38
2190.79 1.184447141862675e+38
2191.36 1.190917068480606e+38
2191.93 1.1685795428845399e+38
2192.5 1.195363534399793e+38
2193.07 1.1947472665398597e+38
2193.64 1.1935878205773596e+38
2194.21 1.1926685703772536e+38
2194.77 1.1943577905351141e+38
2195.34 1.1936659557747578e+38
2195.91 1.1924530019151028e+38
2196.48 1.184128802125198e+38
2197.05 1.1902778658862224e+38
2197.62 1.1893793799465119e+38
2198.19 1.1884209560679514e+38
2198.76 1.1870917463527585e+38
2199.33 1.1721495129659418e+38
2199.9 1.1846913403502634e+38
2200.47 1.1841690170137369e+38
2201.04 1.1783176678992709e+38
2201.61 1.1811513457460041e+38
2202.18 1.1759491309478629e+38
2202.75 1.179148635529188e+38
2203.32 1.1779104711825175e+38
2203.89 1.1654462249649827e+38
2204.46 1.1710436201614402e+38
2205.03 1.1755007664027238e+38
2205.61 1.1746624201369126e+38
2206.18 1.1731637669775586e+38
2206.75 1.171962105358127e+38
2207.32 1.1691047493860925e+38
2207.89 1.170296237273793e+38
2208.47 1.1682146302850043e+38
2209.04 1.1676073251178315e+38
2209.61 1.0542081583637991e+38
2210.18 1.1658936569877128e+38
2210.76 1.1458318497999647e+38
2211.33 1.1620086027938368e+38
2211.9 1.161773557899933e+38
2212.48 1.1612751721833577e+38
2213.05 1.1578318404176453e+38
2213.62 1.1589245691712717e+38
2214.2 1.15769997494888e+38
2214.77 1.1552990290669513e+38
2215.34 1.0821407904160555e+38
2215.92 1.1444580695929794e+38
2216.49 1.1512685059973623e+38
2217.07 1.1491066883858724e+38
2217.64 1.1509304170708899e+38
2218.22 1.1359746290078394e+38
2218.79 1.1477552169377995e+38
2219.37 1.1420360004888256e+38
2219.94 1.146392285212574e+38
2220.52 1.1449579059283972e+38
2221.09 1.1408693992873567e+38
2221.67 1.1428530566892106e+38
2222.25 1.1418179484116302e+38
2222.82 1.1398818175330423e+38
2223.4 1.1394631393489053e+38
2223.97 1.1382972689949745e+38
2224.55 1.1369789553530471e+38
2225.13 1.1354054118793513e+38
2225.7 1.1334991668495484e+38
2226.28 1.1356600083189446e+38
2226.86 1.135494001057491e+38
2227.43 1.10931351462427e+38
2228.01 1.1332926703969132e+38
2228.59 1.1264507004845902e+38
2229.17 1.1316836801957985e+38
2229.74 1.1341962289815399e+38
2230.32 1.1332614053534966e+38
2230.9 1.1330725243238306e+38
2231.48 1.1334937760912424e+38
2232.06 1.1333270796491142e+38
2232.64 1.1328026737850701e+38
2233.21 1.1212989710846474e+38
2233.79 1.132287310899329e+38
2234.37 1.1165790783908247e+38
2234.95 1.1320577922316258e+38
2235.53 1.1313038943170347e+38
2236.11 1.1305486957404035e+38
2236.69 1.0921759977006033e+38
2237.27 1.128914341821183e+38
2237.85 1.1280364254776646e+38
2238.43 1.1219584071692958e+38
2239.01 1.1195183923252994e+38
2239.59 1.1254277003974962e+38
2240.17 1.1241180538148924e+38
2240.75 1.1237990552758817e+38
2241.33 1.12297462300542e+38
2241.91 1.1221501245313244e+38
2242.49 1.1207436640634768e+38
2243.07 1.1202994101695282e+38
2243.66 1.119526149463651e+38
2244.24 1.116207111032209e+38
2244.82 1.0917480064797352e+38
2245.4 1.1166750802891362e+38
2245.98 1.115698786905776e+38
2246.56 1.112962304486892e+38
2247.15 1.1131879608435146e+38
2247.73 1.1119804387454558e+38
2248.31 1.1082931490609581e+38
2248.89 1.1096780998677178e+38
2249.48 1.1080973819152926e+38
2250.06 1.1072979825027182e+38
2250.64 1.1058999648369312e+38
2251.23 1.1047681517150075e+38
2251.81 1.1012818961812019e+38
2252.39 1.1015605900032871e+38
2252.98 1.080503638408216e+38
2253.56 1.0434316451315828e+38
2254.15 1.098434064334232e+38
2254.73 1.0974104169169367e+38
2255.31 1.0971170376097519e+38
2255.9 1.0965855131360247e+38
2256.48 1.094477644559962e+38
2257.07 1.0958996951462436e+38
2257.65 1.0955483616114773e+38
2258.24 1.0766319471239605e+38
2258.82 1.0941275243145687e+38
2259.41 1.0924487088394642e+38
2260.0 1.0940960004906189e+38
2260.58 1.093718786191365e+38
2261.17 1.087195297344116e+38
2261.75 1.0929111845383423e+38
2262.34 1.0295036613568358e+38
2262.93 1.092127819201264e+38
2263.51 1.0910579662677933e+38
2264.1 1.0897171430018694e+38
2264.69 1.0909836602732474e+38
2265.27 1.0891778358399954e+38
2265.86 1.077881586006851e+38
2266.45 1.0893275674650147e+38
2267.03 1.0884550983667613e+38
2267.62 1.0879980852614221e+38
2268.21 1.0695781541049208e+38
2268.8 1.0866768055444507e+38
2269.39 1.0862720436354635e+38
2269.97 1.0851084536642583e+38
2270.56 1.0851209158298006e+38
2271.15 1.0845216134004116e+38
2271.74 1.0837758658642653e+38
2272.33 1.082639508534006e+38
2272.92 1.082575030180407e+38
2273.51 1.082000912426619e+38
2274.09 1.0721539528112137e+38
2274.68 1.0808056386036039e+38
2275.27 1.0802811381620105e+38
2275.86 1.0792219160535305e+38
2276.45 1.0789662364176755e+38
2277.04 1.0735171293395482e+38
2277.63 1.069616951922503e+38
2278.22 1.07160589495929e+38
2278.81 1.077206656084638e+38
2279.41 1.0740369466462102e+38
2280.0 1.0762437693046195e+38
2280.59 1.0746070873184454e+38
2281.18 1.0752734089691923e+38
2281.77 1.0746795851231565e+38
2282.36 1.0743743692315543e+38
2282.95 1.0738292146069308e+38
2283.54 1.073429677354055e+38
2284.14 1.0727159306278092e+38
2284.73 1.0720732573126629e+38
2285.32 1.0709692583489748e+38
2285.91 1.0702369992897376e+38
2286.5 1.068924149845869e+38
2287.1 1.066840061887477e+38
2287.69 9.633051930029637e+37
2288.28 1.0641230823789209e+38
2288.88 1.0635357013029745e+38
2289.47 1.0622293458904423e+38
2290.06 1.057318973538161e+38
2290.66 1.059597468611226e+38
2291.25 1.0571987452008552e+38
2291.84 1.0569721963632917e+38
2292.44 1.0540568305680022e+38
2293.03 1.054329256440652e+38
2293.63 1.0516790305695576e+38
2294.22 1.0516666888155494e+38
2294.81 1.0500195519608475e+38
2295.41 1.0494631395495774e+38
2296.0 1.048976715674276e+38
2296.6 1.0194624580480866e+38
2297.2 1.0449613316995462e+38
2297.79 7.30158071255066e+37
2298.39 1.046911313900997e+38
2298.98 1.0428656532698185e+38
2299.58 1.0400047478283613e+38
2300.17 1.0452706274941974e+38
2300.77 1.043150349941812e+38
2301.37 1.0440393376491027e+38
2301.96 1.0436257536465884e+38
2302.56 1.043086141412954e+38
2303.16 1.0413789312804504e+38
2303.75 1.0285790626247205e+38
2304.35 1.0412445586358432e+38
2304.95 1.0405898148607939e+38
2305.54 1.0392644747546688e+38
2306.14 1.0378810608539222e+38
2306.74 1.0132486200695788e+38
2307.34 1.0286014524598864e+38
2307.94 1.0349944141774228e+38
2308.53 1.0337525336944645e+38
2309.13 1.0333096041363354e+38
2309.73 1.0322590234329408e+38
2310.33 1.0312617504798936e+38
2310.93 1.0301282216333131e+38
2311.53 1.0292134318889177e+38
2312.13 1.0281071298537563e+38
2312.73 1.026767665801713e+38
2313.32 1.02332341279857e+38
2313.93 1.0111952955304398e+38
2314.52 1.0235894103695985e+38
2315.12 1.022267561816618e+38
2315.72 1.0183503308491613e+38
2316.32 9.96733638574121e+37
2316.93 1.005994188853264e+38
2317.52 1.0051314736479616e+38
2318.13 1.0023881048045849e+38
2318.73 9.985209784296385e+37
2319.33 9.95065858198897e+37
2319.93 9.385403506696174e+37
2320.53 9.872552379875802e+37
2321.13 9.83626912512167e+37
2321.73 9.798575472490656e+37
2322.33 9.692944171417679e+37
2322.94 9.573173324074596e+37
2323.54 9.682063614104949e+37
2324.14 9.64274913243977e+37
2324.74 9.596143588714741e+37
2325.35 9.594966980762405e+37
2325.95 9.617349024392939e+37
2326.55 9.630241571936037e+37
2327.16 9.64749598025641e+37
2327.76 9.621364417810585e+37
2328.36 9.53587905302225e+37
2328.97 9.719106871683816e+37
2329.57 9.738939104946113e+37
2330.17 9.757484756810584e+37
2330.78 9.765076275618163e+37
2331.38 9.791157258363386e+37
2331.98 9.626685936570914e+37
2332.59 9.838468574911253e+37
2333.19 9.652708549952723e+37
2333.8 9.86866014852041e+37
2334.4 9.893919424116935e+37
2335.01 9.898948367750133e+37
2335.61 9.894601250861274e+37
2336.22 9.9020731189767e+37
2336.82 9.893720268854218e+37
2337.43 9.757751325843029e+37
2338.03 9.877258733762656e+37
2338.64 9.798931055459866e+37
2339.25 9.82379596827798e+37
2339.85 9.831438541454171e+37
2340.46 9.835548747843082e+37
2341.07 9.769874401443014e+37
2341.67 9.821388698349945e+37
2342.28 9.818193640284528e+37
2342.89 9.809912156239618e+37
2343.5 9.802077747376704e+37
2344.1 9.759239375116058e+37
2344.71 9.75870114245681e+37
2345.32 9.779272716949252e+37
2345.93 9.767511657803397e+37
2346.53 9.776432661306842e+37
2347.14 9.774118098591478e+37
2347.75 9.6632748158006e+37
2348.36 9.768190387775907e+37
2348.97 9.711070149369968e+37
2349.58 9.765569680376126e+37
2350.19 9.763980403028909e+37
2350.79 9.763005893944525e+37
2351.4 9.760014804704818e+37
2352.01 9.748687108602742e+37
2352.62 9.756048091706614e+37
2353.23 9.720623344938515e+37
2353.84 9.752317646217811e+37
2354.45 9.651058949146356e+37
2355.06 9.728206139357076e+37
2355.67 9.722628555941326e+37
2356.28 9.72603292869361e+37
2356.89 9.713675351128179e+37
2357.5 9.704391957008063e+37
2358.12 9.689202457180342e+37
2358.73 9.683449848997605e+37
2359.34 9.672694471282692e+37
2359.95 9.648400870630979e+37
2360.56 9.648520454990281e+37
2361.17 9.632801552118461e+37
2361.78 9.630456368866621e+37
2362.4 9.614925613216221e+37
2363.01 9.603250781677154e+37
2363.62 9.593628474828187e+37
2364.24 9.574971807436916e+37
2364.85 9.578753985480287e+37
2365.46 9.54377661446618e+37
2366.07 9.558731048697173e+37
2366.69 9.507334302847017e+37
2367.3 9.535941996455624e+37
2367.91 9.552175007370179e+37
2368.53 9.5477799107564e+37
2369.14 9.541880492246336e+37
2369.76 9.536199261295684e+37
2370.37 9.532449524423257e+37
2370.98 9.526337223526903e+37
2371.6 9.418537536995653e+37
2372.21 9.517966413946526e+37
2372.83 9.512531545451292e+37
2373.44 9.50623804419539e+37
2374.06 9.502288788087012e+37
2374.67 9.29925212947257e+37
2375.29 9.490549425497308e+37
2375.91 9.44589795618493e+37
2376.52 9.467294123249813e+37
2377.14 9.376184589419626e+37
2377.75 9.451057810068854e+37
2378.37 9.440484365994749e+37
2378.99 9.42969639082914e+37
2379.6 9.41887811702898e+37
2380.22 9.408249393765975e+37
2380.83 9.393769397096708e+37
2381.45 9.354774633674669e+37
2382.07 9.376555820282503e+37
2382.69 9.312478271412855e+37
2383.3 9.351780097058502e+37
2383.92 9.314894055848723e+37
2384.54 9.330051628818916e+37
2385.16 9.273173486603052e+37
2385.78 9.305759373992915e+37
2386.4 9.021094767316012e+37
2387.01 8.872267766027828e+37
2387.63 9.318765326886975e+37
2388.25 9.317926355298117e+37
2388.87 9.316215027947148e+37
2389.49 9.299111880430331e+37
2390.11 9.281806811467957e+37
2390.73 9.313800970340155e+37
2391.35 9.311965279789397e+37
2391.97 9.308397198490798e+37
2392.59 9.30900682327939e+37
2393.21 9.30666014354132e+37
2393.83 9.305970774372843e+37
2394.45 9.282880935544179e+37
2395.07 9.301413658562394e+37
2395.69 9.28940060859771e+37
2396.31 9.228662681481304e+37
2396.93 9.27229283219812e+37
2397.55 9.240532229531264e+37
2398.17 9.252096877764553e+37
2398.79 8.963456545127204e+37
2399.42 9.227367829965068e+37
2400.04 9.175914091526658e+37
2400.66 9.195668659597249e+37
2401.28 9.202829017074192e+37
2401.91 9.192406315296276e+37
2402.53 9.145289674090743e+37
2403.15 9.083420640278453e+37
2403.77 9.162812080186422e+37
2404.4 9.101892401451423e+37
2405.02 9.138410610300675e+37
2405.64 9.084602628639668e+37
2406.27 9.13303044832627e+37
2406.89 9.12597887967857e+37
2407.51 9.103940500336242e+37
2408.14 9.111032654088248e+37
2408.76 9.098447922173108e+37
2409.39 9.103078566461931e+37
2410.01 9.057424993552245e+37
2410.64 9.094922184771051e+37
2411.26 9.041568697684475e+37
2411.89 9.055335244521098e+37
2412.51 9.078307570672334e+37
2413.14 9.072916837784016e+37
2413.76 9.066913079221148e+37
2414.39 9.037891086983459e+37
2415.01 9.0569427969119e+37
2415.64 9.053197431724196e+37
2416.26 9.050666610009261e+37
2416.89 9.02170312256192e+37
2417.52 9.043183180725778e+37
2418.14 9.041268879733695e+37
2418.77 9.037727086844061e+37
2419.4 8.725771526130082e+37
2420.02 9.031653420080809e+37
2420.65 9.027105786760049e+37
2421.28 9.019717998174572e+37
2421.91 9.01766992784534e+37
2422.53 9.017802416344178e+37
2423.16 9.01297635060055e+37
2423.79 9.009048672245585e+37
2424.42 8.984679608027937e+37
2425.05 8.997624620785698e+37
2425.68 8.994274500823407e+37
2426.3 8.983022711393377e+37
2426.93 8.972872127033576e+37
2427.56 8.962677079561061e+37
2428.19 8.951920228000915e+37
2428.82 8.94076125238099e+37
2429.45 8.910962109507713e+37
2430.08 8.912493506069118e+37
2430.71 8.899139339951343e+37
2431.34 8.897948603490208e+37
2431.97 8.852729527051919e+37
2432.6 8.87651652832171e+37
2433.23 8.865305374152154e+37
2433.86 8.826818987087153e+37
2434.49 8.843640850226403e+37
2435.12 8.830233577828757e+37
2435.75 8.81765338131632e+37
2436.39 8.83088599953739e+37
2437.02 8.826640923877353e+37
2437.65 8.82636875194398e+37
2438.28 8.822112085098302e+37
2438.91 8.497042292665004e+37
2439.54 8.82116597677759e+37
2440.18 8.814750531701106e+37
2440.81 8.77352358132058e+37
2441.44 8.808656874828093e+37
2442.07 8.810367343998333e+37
2442.71 8.811472917387937e+37
2443.34 8.809210934455575e+37
2443.97 8.795662393620209e+37
2444.61 8.804908860406079e+37
2445.24 8.760771465525443e+37
2445.88 8.789724315678678e+37
2446.51 8.778577951356314e+37
2447.14 8.776922881241056e+37
2447.78 8.766592095203208e+37
2448.41 8.766318716157524e+37
2449.05 8.70512309239489e+37
2449.68 8.76168234034228e+37
2450.32 8.690232155419532e+37
2450.95 8.745151664596598e+37
2451.59 8.744299390725682e+37
2452.22 8.738314590790602e+37
2452.86 8.732744938959491e+37
2453.49 8.727173337221052e+37
2454.13 8.721400389575423e+37
2454.76 8.714076472936447e+37
2455.4 8.699910254957916e+37
2456.04 8.699841241798155e+37
2456.67 8.689598373491455e+37
2457.31 8.669029859137748e+37
2457.95 8.676177305479673e+37
2458.58 8.666538797154438e+37
2459.22 8.660040661701348e+37
2459.86 8.648293389082202e+37
2460.5 8.63850384450236e+37
2461.14 8.625031264653145e+37
2461.77 8.514896768245497e+37
2462.41 8.616161064322242e+37
2463.05 8.60989545579491e+37
2463.69 8.546352054850837e+37
2464.33 8.595442441546902e+37
2464.96 8.587255286889924e+37
2465.6 8.569613180651071e+37
2466.24 8.5728253833266e+37
2466.88 8.565245263846717e+37
2467.52 8.542673133683888e+37
2468.16 8.551452690581359e+37
2468.8 8.54177772813163e+37
2469.44 8.536908601090294e+37
2470.08 8.528978239989958e+37
2470.72 8.522394701706828e+37
2471.36 8.503172731144991e+37
2472.0 8.507315637397074e+37
2472.64 8.498840762328551e+37
2473.28 8.467871156568825e+37
2473.92 8.484199729406668e+37
2474.56 8.4795541379089795e+37
2475.21 8.473771975177108e+37
2475.85 8.465521634844127e+37
2476.49 8.468313703689483e+37
2477.13 8.465394189666595e+37
2477.77 8.46343069075089e+37
2478.42 8.460350420515528e+37
2479.06 8.45682488828563e+37
2479.7 8.455619770962774e+37
2480.34 8.452895922336688e+37
2480.99 8.439730288006777e+37
2481.63 8.406896114124456e+37
2482.27 8.379091170111066e+37
2482.92 8.426460925003562e+37
2483.56 8.438155920737545e+37
2484.2 8.434110698866712e+37
2484.85 8.430810130328618e+37
2485.49 8.424861305224806e+37
2486.14 8.414387652354479e+37
2486.78 8.403164959692967e+37
2487.42 8.391968543253613e+37
2488.07 8.378900333020895e+37
2488.71 8.337678177684563e+37
2489.36 8.35770660034707e+37
2490.0 8.34656401033256e+37
2490.65 8.331322683369819e+37
2491.29 8.323390207561673e+37
2491.94 8.311914807208698e+37
2492.59 8.300654799553525e+37
2493.23 8.284003626896665e+37
2493.88 8.251185813625517e+37
2494.52 8.262763768897204e+37
2495.17 8.259094615577572e+37
2495.82 8.259973934304283e+37
2496.47 8.259914315813703e+37
2497.11 8.26096578837392e+37
2497.76 8.242749485074052e+37
2498.41 8.261823762857371e+37
2499.05 8.256586550626724e+37
2499.7 8.239821778070078e+37
