WAVE FLUX
1000.04 6.008529980591324e+38
1000.53 3.707195944752838e+38
1001.02 2.0009405517550585e+38
1001.51 5.642439096542874e+38
1002.01 4.3855898435203675e+38
1002.5 3.842005337374749e+38
1002.99 3.868358644391645e+38
1003.48 6.023022484211487e+38
1003.97 5.7254414315562454e+38
1004.46 5.9906550622931595e+38
1004.96 5.9329484346042014e+38
1005.45 2.4182595124481142e+38
1005.94 1.3165814436341794e+38
1006.43 5.487740436392413e+38
1006.93 2.386128542425955e+38
1007.42 5.760013730348162e+38
1007.92 4.908577845489383e+38
1008.41 5.162578333874536e+38
1008.91 2.44417020743137e+38
1009.4 5.6709574537818854e+38
1009.9 1.2060258978109231e+38
1010.39 1.8038494613575877e+38
1010.89 5.833900691565682e+38
1011.38 5.3251906115792676e+38
1011.88 5.760822455990242e+38
1012.37 1.4188091279526167e+38
1012.87 2.4322420251909224e+38
1013.37 5.6950781431024346e+38
1013.86 5.639680598004059e+38
1014.36 5.687790127220495e+38
1014.86 5.178165134184815e+38
1015.36 5.652041348041435e+38
1015.85 3.9189778428770825e+38
1016.35 3.014667424351369e+38
1016.85 5.6046259403094566e+38
1017.35 3.0173609102532676e+38
1017.85 4.7072493718233444e+38
1018.35 1.1113716157972892e+38
1018.85 5.677226697000099e+38
1019.35 3.790304155717231e+38
1019.85 1.2797211939989453e+38
1020.35 4.760556188844351e+38
1020.85 5.386779539132183e+38
1021.35 4.757505398864017e+38
1021.85 5.378964099499949e+38
1022.35 5.8893880860125886e+38
1022.85 1.5779900672544108e+38
1023.35 5.667604402180493e+38
1023.85 4.922207585093911e+38
1024.35 4.596185290099151e+38
1024.86 4.3180763248883454e+38
1025.36 1.995992264304081e+38
1025.86 2.3943085455922287e+37
1026.37 1.8857043081696855e+38
1026.87 1.3639486801974766e+38
1027.37 3.828899833386053e+38
1027.88 4.323991997529795e+38
1028.38 3.1563550464095015e+38
1028.89 4.459299210982497e+38
1029.39 3.791679980627554e+38
1029.9 1.2287048753254482e+38
1030.4 2.7298318371870338e+38
1030.91 1.1752703678025123e+38
1031.41 2.1753497697809724e+38
1031.92 3.3749885765174637e+38
1032.42 2.443794725314762e+38
1032.93 4.3701925462818226e+38
1033.44 2.7259281090575005e+38
1033.94 1.2363290284175342e+38
1034.45 2.9189950811670298e+38
1034.96 2.988831675184209e+38
1035.46 1.0879806788320527e+38
1035.97 2.9038658801957407e+38
1036.48 2.9599991042907214e+38
1036.99 1.4439424652048076e+38
1037.5 2.2671446573266116e+38
1038.01 3.16238708546112e+38
1038.51 5.649155439979502e+38
1039.02 4.74470297604369e+38
1039.53 3.3712760861267655e+38
1040.04 4.122213611241679e+38
1040.55 4.0396986421320294e+38
1041.06 5.835342186952996e+38
1041.57 4.368790300061553e+38
1042.08 5.5744938805686596e+38
1042.59 5.09582393913481e+38
1043.11 5.772019111344308e+38
1043.62 5.64646807661326e+38
1044.13 5.6970034233514735e+38
1044.64 5.285561928785981e+38
1045.15 4.710691762020989e+38
1045.67 5.1701011953818214e+38
1046.18 4.9373291078105364e+38
1046.69 5.478864010109957e+38
1047.2 5.478208973503369e+38
1047.72 5.572804359514749e+38
1048.23 5.5523740432180174e+38
1048.75 5.654218383482945e+38
1049.26 5.450825616189208e+38
1049.78 4.674778215701736e+38
1050.29 5.401001014420152e+38
1050.81 4.3511957926666945e+38
1051.32 3.0461403903444186e+38
1051.83 5.427330010822877e+38
1052.35 4.588211110547255e+38
1052.87 4.2948373256221005e+38
1053.38 5.2915721173148615e+38
1053.9 5.4976431401144635e+38
1054.42 5.530315158353159e+38
1054.93 5.580389576791893e+38
1055.45 1.4422818554001155e+38
1055.97 4.564579265471937e+38
1056.49 5.396773579519095e+38
1057.01 5.351654854578772e+38
1057.52 3.658405688632142e+38
1058.04 5.450042125642896e+38
1058.56 2.6895861803097303e+38
1059.08 3.603721424030455e+38
1059.6 5.306612528235014e+38
1060.12 3.026474926416811e+38
1060.64 4.649614103777091e+38
1061.16 1.2446429229847975e+38
1061.68 1.0693278181507472e+38
1062.2 3.504460732318319e+38
1062.72 1.129194863302028e+38
1063.24 2.013581618960004e+38
1063.76 5.283630926961099e+38
1064.28 4.028029770613094e+38
1064.81 5.314893183347274e+38
1065.33 5.346255208144675e+38
1065.85 1.667898253468629e+38
1066.37 4.304727136142335e+38
1066.9 5.4200475562973626e+38
1067.42 3.8977809968412004e+38
1067.94 3.565557269004443e+38
1068.47 4.2697101230919615e+38
1068.99 1.1294296413120435e+38
1069.52 2.6658179581346167e+38
1070.04 4.606988340198321e+38
1070.56 1.3029822719834353e+38
1071.09 5.017539360633672e+38
1071.61 5.234026053630337e+38
1072.14 3.516734402979867e+38
1072.67 4.400038184335196e+38
1073.19 4.792720390588112e+38
1073.72 3.3562526858465895e+38
1074.24 3.995251685154979e+38
1074.77 4.986949548689977e+38
1075.3 4.311349178024824e+38
1075.82 5.074255945921056e+38
1076.35 5.006220147908914e+38
1076.88 5.1640935003190085e+38
1077.41 5.22755197129889e+38
1077.94 3.25919009737396e+38
1078.47 5.207764928358001e+38
1078.99 5.0735592818082985e+38
1079.52 2.9026756248237897e+38
1080.05 5.0669105435877416e+38
1080.58 5.119105280882973e+38
1081.11 5.060665474766451e+38
1081.64 5.169399226356434e+38
1082.17 5.1819520882790645e+38
1082.7 4.859341669477162e+38
1083.23 1.419847350272341e+38
1083.77 4.0899186994909726e+38
1084.3 4.615274287648158e+38
1084.83 2.2187402610407278e+38
1085.36 4.228040145085026e+38
1085.89 4.078980592518922e+38
1086.43 3.407814337393016e+38
1086.96 4.7767144297329216e+38
1087.49 4.926744462418421e+38
1088.02 1.9511499529019192e+38
1088.56 3.93676854095334e+38
1089.09 1.2408514816636742e+38
1089.63 9.961714924708378e+37
1090.16 2.912425220687463e+38
1090.69 4.46056619567886e+38
1091.23 4.9090486840242956e+38
1091.77 3.804731339195936e+38
1092.3 4.103647135706241e+38
1092.84 4.595166187020522e+38
1093.37 2.0641678512693915e+38
1093.91 5.128225526108637e+38
1094.44 4.834966347392795e+38
1094.98 5.084769239983108e+38
1095.52 1.2414440821229793e+38
1096.06 3.442651387786146e+38
1096.59 9.904030245299284e+37
1097.13 5.006094944575827e+38
1097.67 1.1086053127081095e+38
1098.21 1.2061701685947401e+38
1098.74 4.918366515541406e+38
1099.28 4.956502061372629e+38
1099.82 3.9501391178461005e+38
1100.36 5.016820733567593e+38
1100.9 5.079146378885305e+38
1101.44 3.5685200981710596e+38
1101.98 4.9337601586869735e+38
1102.52 4.990415150688665e+38
1103.06 3.750505716507946e+38
1103.6 4.149398413899804e+38
1104.15 1.4018251266901026e+38
1104.69 4.072430308353076e+38
1105.23 4.829391847605036e+38
1105.77 4.295587224613568e+38
1106.31 4.874729333652248e+38
1106.85 4.0187891208026505e+38
1107.4 3.774177769582521e+38
1107.94 3.090056753040286e+38
1108.48 6.485637861707942e+37
1109.03 4.066256875712422e+38
1109.57 4.3477493783697174e+38
1110.11 3.436755238368622e+38
1110.66 4.7031630235172805e+38
1111.2 3.3955388673375297e+38
1111.75 4.660174104755991e+38
1112.29 3.1080939138507595e+38
1112.84 4.767218364375102e+38
1113.39 4.811279904016123e+38
1113.93 4.3019694651341045e+38
1114.48 4.3839525249660996e+38
1115.02 4.51295057594549e+38
1115.57 4.640269880834356e+38
1116.12 3.8731580429607375e+38
1116.67 1.9999964108121023e+38
1117.21 3.2377211324273013e+38
1117.76 4.529266625618603e+38
1118.31 4.32613412435665e+38
1118.86 4.9030033239462555e+38
1119.41 1.8650474699457893e+38
1119.95 4.891432875177043e+38
1120.5 4.894320333693063e+38
1121.05 3.919496286972946e+38
1121.6 4.687583393132844e+38
1122.15 4.623325557952415e+38
1122.7 4.784806370506616e+38
1123.25 4.721781703586352e+38
1123.8 1.1951257189673636e+38
1124.36 3.979502083111761e+38
1124.91 9.64390673973566e+37
1125.46 4.431663898265327e+38
1126.01 4.478128960244827e+38
1126.56 4.153350303019687e+38
1127.11 3.497710798053211e+38
1127.67 3.582760807903294e+38
1128.22 7.893654626346046e+37
1128.77 7.604202582727579e+37
1129.33 3.8940015081195034e+38
1129.88 2.39753288113139e+38
1130.44 7.642271234353554e+37
1130.99 4.5214860102331e+38
1131.54 4.604498756031244e+38
1132.1 4.8031749443299785e+38
1132.65 4.562711967564845e+38
1133.21 4.5866294685360665e+38
1133.77 4.5573142940090645e+38
1134.32 3.7563200763799414e+38
1134.88 3.0268398067869227e+38
1135.43 4.286904786267216e+38
1135.99 4.647278447753577e+38
1136.55 4.28167964657978e+38
1137.1 4.444780923832363e+38
1137.66 4.504440662834841e+38
1138.22 4.555440414979638e+38
1138.78 4.19198080891525e+38
1139.34 9.255729919645513e+37
1139.9 1.3797959621353471e+38
1140.45 3.917703056979742e+38
1141.01 4.569122528931993e+38
1141.57 1.0318464631744684e+38
1142.13 4.6355433946804095e+38
1142.69 4.6596837352882564e+38
1143.25 4.493301364146589e+38
1143.81 4.104848141499542e+38
1144.38 1.2007144984806e+38
1144.94 1.0664020993221212e+38
1145.5 4.6245805361491395e+38
1146.06 4.633103167686164e+38
1146.62 4.537930183866424e+38
1147.18 4.256203403217644e+38
1147.75 4.388069135305837e+38
1148.31 4.3483852036878655e+38
1148.87 4.223915139606289e+38
1149.44 4.621038919880294e+38
1150.0 3.5666760948178034e+38
1150.0 3.5666760948178034e+38
1150.3 4.182633559381915e+38
1150.6 4.586571690228897e+38
1150.89 2.6425259394627134e+38
1151.19 3.1611104600039857e+38
1151.49 4.624536850919359e+38
1151.79 4.583895772836738e+38
1152.09 4.474436329723482e+38
1152.39 4.470816830814984e+38
1152.69 3.338529381500925e+38
1152.98 4.284333068458938e+38
1153.28 4.273137795738716e+38
1153.58 3.422949532065405e+38
1153.88 2.4535669469690997e+38
1154.18 2.9974577300071304e+38
1154.48 4.3326362507547835e+38
1154.78 4.2376089458764244e+38
1155.08 2.999235113761257e+38
1155.38 3.3119414604336318e+38
1155.68 4.386718344400784e+38
1155.98 1.2198324535383851e+38
1156.28 4.356244144231537e+38
1156.57 3.710507168615273e+38
1156.88 4.0615099083534115e+38
1157.18 3.79953219134886e+38
1157.47 3.979746602734072e+38
1157.78 4.102640701255385e+38
1158.07 1.134151136782221e+38
1158.38 4.225705935346709e+38
1158.68 4.094415409503811e+38
1158.97 3.139389687788677e+38
1159.28 3.660526695179209e+38
1159.58 2.3562371598633895e+38
1159.88 4.418217157073385e+38
1160.18 2.585749869217208e+38
1160.48 4.48051234238108e+38
1160.78 4.025294667331878e+38
1161.08 4.5032791174536365e+38
1161.38 3.558947470592678e+38
1161.68 4.103709216777199e+38
1161.98 3.782765704906839e+38
1162.28 4.399052577646071e+38
1162.58 4.4832578580717984e+38
1162.89 4.4084604806414885e+38
1163.19 2.3607816635458462e+38
1163.49 4.3514133064707426e+38
1163.79 1.9670786166109658e+38
1164.09 4.2931266798055974e+38
1164.39 3.479692425919318e+38
1164.7 2.903909333536882e+38
1165.0 2.0457813299891905e+38
1165.3 4.202670611348402e+38
1165.6 2.717843428555749e+38
1165.9 2.2892686846293723e+38
1166.21 4.23180242438098e+38
1166.51 4.118688042555237e+38
1166.81 1.0020516276072504e+38
1167.11 3.9835914713406296e+38
1167.42 2.5926608899436485e+38
1167.72 3.875164944739507e+38
1168.02 3.7537774360311836e+38
1168.32 3.990012583410264e+38
1168.63 4.185824545334523e+38
1168.93 3.3729632723093145e+38
1169.23 4.152170715046467e+38
1169.54 4.19384616271842e+38
1169.84 4.221690139382474e+38
1170.14 2.564609477691072e+38
1170.44 2.546224944960891e+38
1170.75 3.534306032081005e+38
1171.05 1.7119908951849666e+38
1171.35 4.182394803863059e+38
1171.66 2.9682811596930624e+38
1171.96 2.1654607112534364e+38
1172.27 4.1683839591490716e+38
1172.57 3.530716817500747e+38
1172.87 2.1929872110166343e+38
1173.18 4.057565491938063e+38
1173.48 2.8097310697482195e+38
1173.79 3.69253286592674e+38
1174.09 3.384547145359577e+38
1174.4 3.728176413730043e+38
1174.7 3.1035822916145315e+38
1175.0 1.47088796792694e+38
1175.31 1.4959004479118853e+38
1175.61 1.4941075257429365e+38
1175.92 1.5426220052792342e+38
1176.22 1.3784130793325631e+38
1176.53 2.1176419933184413e+38
1176.83 4.1009943608489714e+38
1177.14 4.1638525268671296e+38
1177.44 3.816776672395978e+38
1177.75 3.453419293179904e+38
1178.05 3.6397956115283704e+38
1178.36 2.9246466363614285e+38
1178.66 4.1152947964294465e+38
1178.97 4.008276145279505e+38
1179.27 3.86637363659348e+38
1179.58 4.266947367838534e+38
1179.89 2.9345164419995896e+38
1180.19 4.298052734470142e+38
1180.5 2.8653980642185826e+38
1180.8 2.898941794313689e+38
1181.11 4.334823081393741e+38
1181.42 2.951401541042053e+38
1181.72 2.4863179234610885e+38
1182.03 4.322183099011636e+38
1182.33 4.3111884256416335e+38
1182.64 4.235295739409067e+38
1182.95 1.3476531165314705e+38
1183.25 3.40346543648736e+38
1183.56 3.7350727146573185e+38
1183.87 3.2638363765552926e+38
1184.17 3.2095623645331614e+38
1184.48 1.1951240539610712e+38
1184.79 1.4446618012352194e+38
1185.09 4.3053503223373576e+38
1185.4 2.5328823812043984e+38
1185.71 4.09236209119253e+38
1186.02 4.092494423114137e+38
1186.32 4.286911480417685e+38
1186.63 2.7984428260631895e+38
1186.94 3.9060767303081955e+38
1187.25 4.2092611084290224e+38
1187.56 4.107497815605087e+38
1187.86 4.21276246394459e+38
1188.17 4.209193562395302e+38
1188.48 3.87199431238503e+38
1188.79 4.1642051307670556e+38
1189.09 4.096205092847422e+38
1189.4 3.653817649122697e+38
1189.71 4.135514699102173e+38
1190.02 4.031306303364935e+38
1190.33 3.863355603052502e+38
1190.64 4.13850757810146e+38
1190.94 3.926817677018328e+38
1191.25 1.702035967451776e+38
1191.56 4.136598080051013e+38
1191.87 4.1090810404756366e+38
1192.18 4.020157680683405e+38
1192.49 3.953197707621497e+38
1192.8 3.218222232162344e+38
1193.11 2.7924682502691258e+38
1193.42 3.9026264883396585e+38
1193.73 3.236988140239432e+38
1194.04 3.259793971952408e+38
1194.34 2.9291167098593784e+38
1194.65 4.1624455869461326e+38
1194.96 4.180205611231483e+38
1195.27 3.577910177134434e+38
1195.58 4.068307432667152e+38
1195.89 4.056933143851232e+38
1196.2 2.490891102161462e+38
1196.51 3.957935101632207e+38
1196.82 3.801783409317103e+38
1197.13 3.793749754368427e+38
1197.44 3.605956094850342e+38
1197.75 3.941622573806928e+38
1198.06 3.963434574090445e+38
1198.38 3.3774159433533652e+38
1198.69 3.942678047102819e+38
1199.0 3.800706710477881e+38
1199.31 4.0118376624698315e+38
1199.62 4.024432345715295e+38
1199.93 4.060596764090113e+38
1200.24 3.9349126171802e+38
1200.55 3.408288264810862e+38
1200.86 2.125464718781009e+38
1201.17 3.985704710580337e+38
1201.48 2.770186773218614e+38
1201.8 2.6332656872189185e+38
1202.11 9.373692963420268e+37
1202.42 3.7682933284603865e+38
1202.73 4.010861929378992e+38
1203.04 3.63401112165733e+38
1203.35 3.957414232650747e+38
1203.67 3.978559617702717e+38
1203.98 4.102893244845121e+38
1204.29 4.062247586133033e+38
1204.6 4.062330510029666e+38
1204.92 2.9878470718770524e+38
1205.23 4.007324955571797e+38
1205.54 3.947760392324372e+38
1205.85 3.902073283674657e+38
1206.16 3.521184791705767e+38
1206.48 3.6422060795774587e+37
1206.79 3.7059879060856e+38
1207.1 3.3316025249066865e+38
1207.42 2.8889249750761614e+38
1207.73 3.9662919506507896e+38
1208.04 3.2964493878501755e+38
1208.35 3.206227922717521e+38
1208.67 3.2136916852601403e+38
1208.98 4.0427847689364545e+38
1209.29 3.699334495514876e+38
1209.61 3.966402835645098e+38
1209.92 3.8717133944343634e+38
1210.23 3.9304581203366515e+38
1210.55 1.973478252506587e+38
1210.86 3.891658415754054e+38
1211.18 2.8314030449168747e+38
1211.49 3.853822479751589e+38
1211.8 3.468197555425501e+38
1212.12 3.5863199782379814e+38
1212.43 3.849384913475921e+38
1212.75 3.826127707293771e+38
1213.06 3.7314015686867675e+38
1213.38 3.854746682857669e+38
1213.69 2.5555818038762567e+38
1214.0 3.0337259451539387e+38
1214.32 3.89201332875949e+38
1214.63 2.2133085891673737e+38
1214.95 3.9255193475733505e+38
1215.26 1.835019572736553e+38
1215.58 7.835915042028574e+37
1215.89 4.31003510120327e+37
1216.21 4.005403464681832e+38
1216.52 3.998147658035585e+38
1216.84 2.361033137338817e+38
1217.15 1.9451722180063666e+38
1217.47 3.9322036679600355e+38
1217.79 1.6314169278828607e+38
1218.1 3.966087169079468e+38
1218.42 3.0847245425370185e+38
1218.73 1.6650941775592792e+38
1219.05 3.958226435614927e+38
1219.36 3.971848264048367e+38
1219.68 3.9776180642107174e+38
1220.0 2.094073045419612e+38
1220.31 3.931399112843466e+38
1220.63 3.7623216058258094e+38
1220.94 1.937712812862925e+38
1221.26 1.4884463564545117e+38
1221.58 3.904119241683331e+38
1221.9 2.1588513856711412e+38
1222.21 2.690241342660196e+38
1222.53 3.502315645579846e+38
1222.84 3.762499952923127e+38
1223.16 1.5980272946678693e+38
1223.48 3.768193756419796e+38
1223.8 1.3821779085224056e+38
1224.11 3.5043044128629154e+38
1224.43 3.824193115605446e+38
1224.75 3.835726189235256e+38
1225.06 3.783921418288774e+38
1225.38 3.584891999445212e+38
1225.7 3.44164455378293e+38
1226.02 1.1514956178155272e+38
1226.34 3.9359863555883125e+38
1226.65 3.914021262912502e+38
1226.97 3.890743717826536e+38
1227.29 3.0978147745078736e+38
1227.61 3.899463141106924e+38
1227.93 3.786762847002918e+38
1228.24 3.3586399506935094e+38
1228.56 3.720432748300646e+38
1228.88 3.8462895072321224e+38
1229.2 3.635193263798641e+38
1229.52 2.2548799359613836e+38
1229.84 2.127827304618338e+38
1230.16 3.3174572150563254e+38
1230.47 3.249262301678853e+38
1230.79 1.9807279320118046e+38
1231.11 3.6135867821210365e+38
1231.43 3.584826742733054e+38
1231.75 3.626489697425472e+38
1232.07 3.635793485331624e+38
1232.39 3.418841274724932e+38
1232.71 3.590055507859995e+38
1233.03 2.643586511929079e+38
1233.35 3.1552159116619785e+38
1233.67 3.498215693893948e+38
1233.99 3.4080166120176265e+38
1234.31 3.490374315492025e+38
1234.63 3.2342713021488317e+38
1234.95 3.454034116914499e+38
1235.27 3.003194241208878e+38
1235.59 3.413525478463475e+38
1235.91 3.364381282475539e+38
1236.23 2.2425686691644496e+38
1236.55 3.3598744983951384e+38
1236.87 3.2725656573440204e+38
1237.19 2.7295198905187026e+38
1237.51 3.3701803827900886e+38
1237.83 3.407489584839197e+38
1238.15 3.4600581753301806e+38
1238.47 2.8583999049958498e+38
1238.79 3.454690994622407e+38
1239.11 3.945534218339943e+38
1239.44 3.785321697820668e+38
1239.76 3.8090944355932734e+38
1240.08 3.7514936362544615e+38
1240.4 3.619152301102261e+38
1240.72 3.615707911164011e+38
1241.04 3.590490201640916e+38
1241.36 3.627244387482726e+38
1241.69 3.59661889496295e+38
1242.01 3.675800913566964e+38
1242.33 3.474385009275744e+38
1242.65 3.8208737306093125e+38
1242.97 4.2302499323712726e+38
1243.3 3.500816947174319e+38
1243.62 4.1738965421358935e+38
1243.94 3.864882298882882e+38
1244.26 3.9969574262109655e+38
1244.58 4.051739939108704e+38
1244.91 4.023947105650475e+38
1245.23 3.119017802640283e+38
1245.55 3.7523321328785715e+38
1245.88 3.815077774338954e+38
1246.2 2.7308426772619407e+38
1246.52 3.2986774157971505e+38
1246.84 3.6580715447606935e+38
1247.17 3.4089043285562445e+38
1247.49 6.2536649569431765e+37
1247.81 1.5122228200441671e+38
1248.14 3.427652461235772e+38
1248.46 2.9220149523735307e+38
1248.79 3.73312914252227e+38
1249.11 3.81060817196637e+38
1249.43 3.780481988836747e+38
1249.76 3.8175531734913346e+38
1250.08 3.749610216543061e+38
1250.4 3.584068959217105e+38
1250.73 3.5971617073569365e+38
1251.05 3.642653477812586e+38
1251.38 3.395959089444599e+38
1251.7 3.1985815016180215e+38
1252.03 3.648886375540259e+38
1252.35 3.692880294294826e+38
1252.68 2.937477718827068e+38
1253.0 3.650591950510828e+38
1253.32 3.6368647353483954e+38
1253.65 2.6260703425258233e+38
1253.97 3.437918380218889e+38
1254.3 3.679011767171515e+38
1254.62 3.587311715339042e+38
1254.95 2.529047820630208e+38
1255.27 1.9781709306645085e+38
1255.6 3.7115991369320665e+38
1255.93 3.70216997306485e+38
1256.25 3.7469290926368374e+38
1256.58 2.1913900562232257e+38
1256.9 3.350051852883245e+38
1257.23 3.414126474036001e+38
1257.55 3.413419847494615e+38
1257.88 2.937363877235318e+38
1258.2 3.754814780024847e+38
1258.53 1.3197286401033791e+38
1258.86 2.343447010514306e+38
1259.18 3.671677509078947e+38
1259.51 3.318420676076539e+38
1259.84 3.3485938428865218e+38
1260.16 3.71514724488999e+38
1260.49 3.521731371711875e+38
1260.82 3.631261149815015e+38
1261.14 3.6844478679008485e+38
1261.47 3.689274866726039e+38
1261.8 3.34743370427662e+38
1262.12 3.636534183220442e+38
1262.45 3.660059760544644e+38
1262.78 3.7047481150044055e+38
1263.11 3.6184352123275076e+38
1263.43 3.666593418102647e+38
1263.76 3.614289667940752e+38
1264.09 3.672036928504509e+38
1264.42 3.632182143341486e+38
1264.74 3.5782010203052466e+38
1265.07 3.3578093290415876e+38
1265.4 2.166266518463331e+38
1265.73 3.386693461199463e+38
1266.06 3.43099899843305e+38
1266.38 3.5416494198185105e+38
1266.71 2.75522780276768e+38
1267.04 3.413298260833551e+38
1267.37 3.548042420842272e+38
1267.7 3.469494330296896e+38
1268.03 3.0812944331286682e+38
1268.35 3.6639517261498004e+38
1268.68 3.376736997651514e+38
1269.01 1.6757913233303854e+38
1269.34 3.651055779335315e+38
1269.67 3.3701315129798838e+38
1270.0 2.669182579554725e+38
1270.33 3.633504543854895e+38
1270.66 2.4455432705701317e+38
1270.99 3.574088935065213e+38
1271.32 3.638312767330115e+38
1271.65 3.662007371533148e+38
1271.97 3.581804797655079e+38
1272.31 3.6543922604906606e+38
1272.63 2.7948956081927404e+38
1272.96 3.545547639005178e+38
1273.29 3.41928377816243e+38
1273.62 2.0781569995151922e+38
1273.95 3.642237301340255e+38
1274.28 3.615484889868953e+38
1274.61 3.610726766212537e+38
1274.94 3.642043798482656e+38
1275.28 3.653971345674054e+38
1275.61 3.6579652910617885e+38
1275.94 3.318288266437215e+38
1276.27 3.659072998596505e+38
1276.6 3.642992248471314e+38
1276.93 3.3405472638300367e+38
1277.26 3.613985951333736e+38
1277.59 3.455956868249903e+38
1277.92 3.621380075690335e+38
1278.25 3.656377937828013e+38
1278.58 3.654618258713691e+38
1278.92 1.105566029551532e+38
1279.25 3.6284907759458294e+38
1279.58 3.469394584181166e+38
1279.91 3.2804217140857557e+38
1280.24 3.571681444523664e+38
1280.57 3.579056858725215e+38
1280.91 3.6294556155817175e+38
1281.24 3.56571224296722e+38
1281.57 2.9241617539046688e+38
1281.9 3.538221312992961e+38
1282.23 3.5126441807201366e+38
1282.57 3.561084126268072e+38
1282.9 3.552379204790358e+38
1283.23 3.5382178526918104e+38
1283.56 2.4831903152958826e+38
1283.9 3.42883871097148e+38
1284.23 1.3921093155338526e+38
1284.56 3.4737075681150324e+38
1284.9 3.509198098336578e+38
1285.23 3.3741609571719775e+38
1285.56 3.4653403597651615e+38
1285.9 3.356005506561719e+38
1286.23 3.3780288683373745e+38
1286.56 2.8116675537899655e+38
1286.9 3.508768035282374e+38
1287.23 3.5301422668814716e+38
1287.56 2.3537308461436165e+38
1287.9 3.3578493286981753e+38
1288.23 2.91121780029513e+38
1288.56 3.5057202335417025e+38
1288.9 3.4574099173780356e+38
1289.23 2.6361098908154065e+38
1289.57 3.3866083435029687e+38
1289.9 3.4308675011768345e+38
1290.23 3.453078769389806e+38
1290.57 3.4862589048689456e+38
1290.9 3.071805507339905e+38
1291.24 1.2447096600319993e+38
1291.57 1.8964810441350157e+38
1291.91 3.5102382472268884e+38
1292.24 3.100141925319429e+38
1292.58 3.503173771488519e+38
1292.91 3.521760124317435e+38
1293.25 1.9741444086739027e+38
1293.58 3.361919978111464e+38
1293.92 2.9941085364536832e+38
1294.25 3.541615822542924e+38
1294.59 6.745775632074246e+37
1294.92 3.48953868008244e+38
1295.26 3.41602909193267e+38
1295.59 3.440828115641769e+38
1295.93 2.7160104557400048e+38
1296.27 1.5680723093588902e+38
1296.6 1.7798011496521124e+38
1296.94 3.411899595589245e+38
1297.28 3.415208424715817e+38
1297.61 3.3015997874086316e+38
1297.95 3.284212235190891e+38
1298.28 3.42807993870015e+38
1298.62 2.442802202023971e+38
1298.96 8.851372547856084e+37
1299.29 3.0607925431273177e+38
1299.63 3.151525101530926e+38
1299.97 3.296573343935881e+38
1300.3 2.6097587077511083e+38
1300.64 3.2931306618018045e+38
1300.98 3.187206101187151e+38
1301.32 2.99337053799494e+38
1301.65 3.3962513138503318e+38
1301.99 3.389289455045926e+38
1302.33 3.405389624540124e+38
1302.67 3.417630062089186e+38
1303.0 3.2797584659149597e+38
1303.34 7.29859012116586e+37
1303.68 3.276519415027209e+38
1304.02 3.4439670332974084e+38
1304.35 3.40726267993398e+38
1304.69 3.1183857632085556e+38
1305.03 3.394440264207427e+38
1305.37 1.725878275406625e+38
1305.71 3.3612162589931773e+38
1306.05 2.2354666706473105e+38
1306.38 3.4548906908690175e+38
1306.72 3.412067171408877e+38
1307.06 3.456175490716212e+38
1307.4 3.1888777109462906e+38
1307.74 3.430786273390162e+38
1308.08 3.410095199535948e+38
1308.42 3.3834364009940383e+38
1308.76 1.7070919581003723e+38
1309.09 3.3897040244985047e+38
1309.43 3.299571215459506e+38
1309.77 3.1765500126251806e+38
1310.11 2.5343260533158152e+38
1310.45 3.351502136948609e+38
1310.79 3.348236983350896e+38
1311.13 3.230734585549627e+38
1311.47 3.0982895742890612e+38
1311.81 3.0760438240424535e+38
1312.15 3.3130728856001557e+38
1312.49 1.5625826245190274e+38
1312.83 3.3170518677188186e+38
1313.17 3.3095295317709512e+38
1313.51 3.3110159980048355e+38
1313.85 3.299488533952477e+38
1314.19 3.3087537027572025e+38
1314.53 3.0443252084253383e+38
1314.88 3.2638695819798797e+38
1315.22 3.2803514102046425e+38
1315.56 3.1873022946314484e+38
1315.9 3.104570314641438e+38
1316.24 2.340921091293325e+38
1316.58 3.3304536027576683e+38
1316.92 3.355427538863355e+38
1317.26 3.168853372302855e+38
1317.6 3.3807812965484367e+38
1317.94 3.3562377911403126e+38
1318.29 3.2400504830119026e+38
1318.63 2.718778602703299e+38
1318.97 3.361151942318661e+38
1319.31 2.845827744399591e+38
1319.65 2.7562785880589357e+38
1320.0 3.3583753988604866e+38
1320.34 3.207226550008065e+38
1320.68 3.297913117956428e+38
1321.02 3.3561825080572e+38
1321.36 2.962085824420152e+38
1321.71 3.34166817986202e+38
1322.05 3.353645900866567e+38
1322.39 3.3732936402303545e+38
1322.74 3.3394003732028354e+38
1323.08 2.8583495458527788e+38
1323.42 3.3127858128661873e+38
1323.76 2.8644310021194063e+38
1324.11 3.1362082519979216e+38
1324.45 2.8014400826535207e+38
1324.79 2.6503238814001433e+38
1325.14 3.1644265457282164e+38
1325.48 3.272528336994471e+38
1325.82 2.916406484962116e+38
1326.17 3.081110668433997e+38
1326.51 3.1897715291331528e+38
1326.85 2.8332549819991395e+38
1327.2 2.319768770870423e+38
1327.54 2.2181837560735797e+38
1327.89 3.2656230586178372e+38
1328.23 3.1685060884890144e+38
1328.58 3.1293900254258696e+38
1328.92 3.1152859781019384e+38
1329.27 3.2929164707718355e+38
1329.61 3.264945418012283e+38
1329.95 2.8956294707614565e+38
1330.3 2.4198105984792933e+38
1330.64 3.1894977635110425e+38
1330.99 3.2841029153988586e+38
1331.33 3.2017032957772737e+38
1331.68 3.069733831866646e+38
1332.02 3.042145182292138e+38
1332.37 2.6274269967788442e+38
1332.71 3.30250818672287e+38
1333.06 3.1509165029952783e+38
1333.41 3.2902809117689805e+38
1333.75 3.2574547754785813e+38
1334.1 3.2888972962649998e+38
1334.44 4.011050764558464e+37
1334.79 2.165402268930072e+38
1335.13 2.25879939307033e+38
1335.48 3.252825695013275e+38
1335.83 5.085008432167615e+37
1336.17 2.3478679437119147e+38
1336.52 2.7342564605579168e+38
1336.86 2.9592894824120298e+38
1337.21 3.264928879126417e+38
1337.56 3.2710315151521928e+38
1337.91 3.191370547702387e+38
1338.25 3.268268346433282e+38
1338.6 1.8824337906227835e+38
1338.94 3.2643074464189968e+38
1339.29 3.2667176326744777e+38
1339.64 2.65002447331537e+38
1339.99 3.265991103790859e+38
1340.33 2.8712695561663556e+38
1340.68 3.231772785331491e+38
1341.03 3.2313911971191996e+38
1341.38 2.821005925630244e+38
1341.72 3.227988811944302e+38
1342.07 3.1114692609009896e+38
1342.42 1.1348268469114527e+38
1342.77 3.1933961814123965e+38
1343.11 2.962655553544605e+38
1343.46 1.840176281917926e+38
1343.81 3.1792103323025755e+38
1344.16 2.9825630715700822e+38
1344.51 3.1595808903551654e+38
1344.86 1.978586404500434e+38
1345.21 3.1439481071825026e+38
1345.55 2.880817419559987e+38
1345.9 3.1024963872005934e+38
1346.25 3.0674619886090365e+38
1346.6 2.8488565505386198e+38
1346.95 3.1289594269332486e+38
1347.3 2.1655586547531897e+38
1347.65 3.0478722716949026e+38
1348.0 2.459125583064876e+38
1348.35 3.2241496779960063e+38
1348.7 3.1006921755096314e+38
1349.05 3.057603053098752e+38
1349.4 3.2138322858214817e+38
1349.74 3.1164005308234725e+38
1350.09 3.14864117526638e+38
1350.44 2.9631999316754794e+38
1350.8 3.198459083222258e+38
1351.15 3.1660269929303807e+38
1351.49 2.9061273542868893e+38
1351.84 3.1775724502643514e+38
1352.2 3.1918846323316503e+38
1352.55 2.5479191201462623e+38
1352.9 3.1334521556176577e+38
1353.25 3.0903961878878966e+38
1353.6 3.1100256363436325e+38
1353.95 3.1723878557705437e+38
1354.3 2.4353594290102137e+38
1354.65 3.0456545862628725e+38
1355.0 3.1752226296378675e+38
1355.35 2.182332035714974e+38
1355.7 3.150707467677077e+38
1356.06 1.4432694255879026e+38
1356.41 2.970149352283709e+38
1356.76 3.1668073673605386e+38
1357.11 1.7917475349612533e+38
1357.46 3.1580961738932636e+38
1357.81 2.430970583848872e+38
1358.17 3.1468603647508326e+38
1358.52 2.9014004673850437e+38
1358.87 3.0919769524924265e+38
1359.22 2.0998951005496097e+38
1359.57 3.0891412382681955e+38
1359.93 2.8703964122528827e+38
1360.28 3.012979117670545e+38
1360.63 2.890317989610624e+38
1360.98 2.9804711814191816e+38
1361.34 2.8331837630742902e+38
1361.69 2.1127855246265622e+38
1362.04 2.828922895542926e+38
1362.4 2.8729886260929327e+38
1362.75 3.0264368913757436e+38
1363.1 2.7575005289806598e+38
1363.46 1.1965113424375831e+38
1363.81 2.7214046083612924e+38
1364.16 3.0954697388016144e+38
1364.52 3.0732905985234546e+38
1364.87 2.4659994293460487e+38
1365.22 2.1033766167769357e+38
1365.58 2.7589564427686537e+38
1365.93 2.9399719594550747e+38
1366.29 2.969659369653913e+38
1366.64 3.0713961051436406e+38
1366.99 1.8151475484667837e+38
1367.35 2.9673885568903268e+38
1367.7 3.0573842024234236e+38
1368.06 3.0257605081453444e+38
1368.41 2.9533825945948416e+38
1368.77 3.071388592101019e+38
1369.12 2.981838124021439e+38
1369.48 2.049376417883e+38
1369.83 3.0707548319334525e+38
1370.19 3.0070835777525686e+38
1370.54 3.0576504966575293e+38
1370.9 2.8677004341208448e+38
1371.25 2.881718451201475e+38
1371.61 1.9915126385319567e+38
1371.96 2.7685406707531578e+38
1372.32 2.9306594909143976e+38
1372.67 2.9347450432487497e+38
1373.03 1.5979400182982328e+38
1373.39 2.7964419227081146e+38
1373.74 2.61791530606181e+38
1374.1 1.9420842550572637e+38
1374.45 2.4396687255470273e+38
1374.81 2.042160890862816e+38
1375.17 2.979515029746422e+38
1375.52 2.2312356010552807e+38
1375.88 3.0006196871737856e+38
1376.23 2.7219308234150773e+38
1376.59 3.0170267907566435e+38
1376.95 1.8065008303699742e+38
1377.31 2.1663085579569655e+38
1377.66 2.4927655391332504e+38
1378.02 2.0423426479315796e+38
1378.38 2.925657270065685e+38
1378.73 2.305621027837713e+38
1379.09 2.820031787424057e+38
1379.45 2.9088569666777446e+38
1379.81 2.9698282261361565e+38
1380.16 2.8162683582846105e+38
1380.52 2.5745334340072757e+38
1380.88 2.309332943133528e+38
1381.24 2.275858791500554e+38
1381.6 1.9757497016941735e+38
1381.95 3.0261872350452985e+38
1382.31 3.0056803268518607e+38
1382.67 2.7224769114214683e+38
1383.03 2.917990681997304e+38
1383.39 2.9102619796899377e+38
1383.75 2.168292050512727e+38
1384.1 2.4487153317316677e+38
1384.46 2.7084575937484658e+38
1384.82 2.604406648085616e+38
1385.18 2.7694819357835826e+38
1385.54 2.6392053487209633e+38
1385.9 1.206205764833894e+38
1386.26 1.9546237428170304e+38
1386.62 2.3223544625179618e+38
1386.98 2.590170347347517e+38
1387.34 1.8942064603082682e+38
1387.7 2.5917135691710047e+38
1388.06 2.4137980427333536e+38
1388.42 2.5660400092579442e+38
1388.78 2.6019259156117087e+38
1389.14 2.5429175919322313e+38
1389.49 2.648374503711632e+38
1389.85 2.6667728716444243e+38
1390.21 2.3180974897793484e+38
1390.58 2.745513715720093e+38
1390.94 2.68954856719204e+38
1391.3 2.8025263424366017e+38
1391.66 2.8214622002736317e+38
1392.02 2.8042159560640012e+38
1392.38 1.9428223248822164e+38
1392.74 2.786401844236005e+38
1393.1 2.355023798709172e+38
1393.46 2.837774719320231e+38
1393.82 1.7622768604778114e+38
1394.18 2.55701161173365e+38
1394.55 2.5747512594797288e+38
1394.91 2.601277650605999e+38
1395.27 1.3766371265687818e+38
1395.63 2.7288501289884606e+38
1395.99 1.7454458838282204e+38
1396.35 2.7063602373958666e+38
1396.72 2.599538673152246e+38
1397.08 2.520372660247467e+38
1397.44 2.308405106050589e+38
1397.8 2.666690029018065e+38
1398.16 1.2743324813140412e+38
1398.53 2.675536570541646e+38
1398.89 1.9302655584506155e+38
1399.25 2.823838499565033e+38
1399.61 2.6553618168841665e+38
1399.98 1.896219950717279e+38
1400.34 2.3148457456902316e+38
1400.7 1.8585153828398602e+38
1401.07 2.4065269624256607e+38
1401.43 2.456954270888695e+38
1401.79 2.832760252439677e+38
1402.16 2.8755297498318994e+38
1402.52 2.73113120188553e+38
1402.88 1.3494835708145013e+38
1403.25 1.2171984575509852e+38
1403.61 3.112915076506136e+38
1403.97 2.9588095952661634e+38
1404.34 3.0392065232502546e+38
1404.7 3.009278992696125e+38
1405.06 2.9320651453913156e+38
1405.43 2.7944618842749774e+38
1405.79 2.836276531281897e+38
1406.16 2.0903243746498047e+38
1406.52 2.7767085145848628e+38
1406.89 1.23231382250654e+38
1407.25 2.5685742841227297e+38
1407.62 2.8668764409696667e+38
1407.98 2.8076218270848854e+38
1408.35 2.8545412298456467e+38
1408.71 1.7087191492657245e+38
1409.08 2.470487054002181e+38
1409.44 2.3013510669704844e+38
1409.81 1.681934831732383e+38
1410.17 2.0497904364276637e+38
1410.54 2.3330155363678124e+38
1410.9 2.8010257633184116e+38
1411.27 2.270869073047491e+38
1411.64 2.2595311620332503e+38
1412.0 2.3313653771521985e+38
1412.37 2.2505062422883808e+38
1412.73 2.8287144805072372e+38
1413.1 2.82842017673591e+38
1413.46 2.8238826309438762e+38
1413.83 2.8071020860634895e+38
1414.2 2.187708184514456e+38
1414.56 1.8546774926238012e+38
1414.93 2.3232328558728887e+38
1415.3 2.7550720460654957e+38
1415.67 1.9948576808297718e+38
1416.03 2.506540557025252e+38
1416.4 2.810262994469616e+38
1416.77 2.794955534218375e+38
1417.13 1.2065831198236736e+38
1417.5 2.7833829226627474e+38
1417.87 2.020636731898134e+38
1418.23 2.7370924734934294e+38
1418.6 2.3171764463400317e+38
1418.97 2.623289700627196e+38
1419.34 2.3726366038737174e+38
1419.71 2.4235695510482256e+38
1420.07 1.8694145355865554e+38
1420.44 1.364531280032787e+38
1420.81 2.7483831712994104e+38
1421.18 1.4233097028340032e+38
1421.55 2.713486077863489e+38
1421.92 2.640898035426481e+38
1422.28 2.0785687167575176e+38
1422.65 1.7968278310642582e+38
1423.02 2.6946023128684157e+38
1423.39 2.684888438259412e+38
1423.76 2.6197094835951257e+38
1424.13 2.3986782343390093e+38
1424.5 9.716269705997358e+37
1424.87 2.7496000628838656e+38
1425.23 2.7562993931737212e+38
1425.6 2.698304180408325e+38
1425.97 2.169852345610056e+38
1426.34 1.4373525984715423e+38
1426.71 2.46889764952007e+38
1427.08 2.75416602156878e+38
1427.45 1.391328460769106e+38
1427.82 1.520444269854289e+38
1428.19 1.6901009187709843e+38
1428.56 1.8201350065059903e+38
1428.93 1.3488486356715897e+38
1429.3 1.6783138331784789e+38
1429.68 2.7308427926910276e+38
1430.05 2.718412626351972e+38
1430.42 1.5041661364070276e+38
1430.79 2.601037502296628e+38
1431.16 2.696763547354009e+38
1431.53 2.3950419149317276e+38
1431.9 2.676518049457881e+38
1432.27 2.7826300291634504e+38
1432.64 2.7470068603615677e+38
1433.01 2.639599831336921e+38
1433.38 2.7357506370202657e+38
1433.76 2.0950917014286352e+38
1434.13 2.700147906667438e+38
1434.5 2.0546920906025626e+38
1434.87 2.7134943336238984e+38
1435.24 1.7260552921291676e+38
1435.61 2.2658832599204485e+38
1435.99 1.8085661923572734e+38
1436.36 2.7099358854364968e+38
1436.73 1.6604823755744263e+38
1437.1 2.354365118416535e+38
1437.48 2.4253159624254452e+38
1437.85 2.3241435605004518e+38
1438.22 2.225061341058656e+38
1438.59 2.4323885984269062e+38
1438.97 2.5359652023600313e+38
1439.34 2.516478270400264e+38
1439.71 1.616968931152e+38
1440.09 2.7203675313187246e+38
1440.46 2.192540696323496e+38
1440.83 2.2294946254217724e+38
1441.21 2.0695836550404652e+38
1441.58 2.7018788148465657e+38
1441.95 2.719527228947761e+38
1442.33 2.3445974078152584e+38
1442.7 2.062722439194792e+38
1443.07 2.699114899930041e+38
1443.45 2.237027516150223e+38
1443.82 2.7213519548860648e+38
1444.2 2.5147734236922943e+38
1444.57 2.6833637258562685e+38
1444.95 1.5730731322074263e+38
1445.32 2.239064177358354e+38
1445.69 2.604885458961509e+38
1446.07 2.5860565354104697e+38
1446.44 2.4547954814269943e+38
1446.82 1.9910038707612304e+38
1447.19 1.5795508377563577e+38
1447.57 2.124568590880268e+38
1447.94 2.6707869531622564e+38
1448.32 2.553356801300286e+38
1448.69 2.6430821481052865e+38
1449.07 1.743229940223419e+38
1449.45 2.2593306946263207e+38
1449.82 2.0371140654833945e+38
1450.2 2.3712796100141246e+38
1450.57 2.6471610680230216e+38
1450.95 2.292120672076255e+38
1451.33 2.5326775538463723e+38
1451.7 2.1315842946597702e+38
1452.08 2.4279967384553968e+38
1452.45 1.705811449523077e+38
1452.83 2.6261877590180626e+38
1453.21 2.6115567155889767e+38
1453.58 2.3274579386537994e+38
1453.96 2.170143462961025e+38
1454.34 2.0975995788028546e+38
1454.71 2.446335082056902e+38
1455.09 2.5796257132807967e+38
1455.47 1.8873580079877726e+38
1455.85 2.4967013434692344e+38
1456.22 2.4263142285053606e+38
1456.6 1.8716283139956553e+38
1456.98 2.628811865657852e+38
1457.36 1.6486607961677832e+38
1457.73 2.3520050320685842e+38
1458.11 2.4021420165496433e+38
1458.49 1.6686904525903186e+38
1458.87 2.4436035489665605e+38
1459.24 1.425713871962398e+38
1459.62 2.2511567089490698e+38
1460.0 2.548871163951215e+38
1460.38 1.995456064644919e+38
1460.76 2.3249766082114383e+38
1461.14 2.5648764912593846e+38
1461.52 2.325583520826185e+38
1461.9 2.578574053911036e+38
1462.27 1.6862006038380715e+38
1462.65 2.219511971003507e+38
1463.03 2.5974774720034846e+38
1463.41 2.4753491903227957e+38
1463.79 2.0894584653294324e+38
1464.17 2.2641974002717917e+38
1464.55 2.5911217755138997e+38
1464.93 2.5130390942229134e+38
1465.31 1.3322072766051387e+38
1465.69 2.0180411903108107e+38
1466.07 2.6112627490694866e+38
1466.45 1.2232330584202155e+38
1466.83 1.4437064431008982e+38
1467.21 2.4312027618216034e+38
1467.59 2.5606927275789046e+38
1467.97 2.4556365241838404e+38
1468.35 2.288886892086405e+38
1468.73 2.568586385236024e+38
1469.11 2.5130566071908733e+38
1469.49 2.3842961588272077e+38
1469.87 8.485169568550322e+37
1470.25 1.9344621679078763e+38
1470.64 2.420312189450267e+38
1471.02 1.5122066385989498e+38
1471.4 2.53839349474138e+38
1471.78 2.259798340634504e+38
1472.16 2.444384890527949e+38
1472.54 2.1403402944689584e+38
1472.92 1.813233476319505e+38
1473.31 2.2274508459320814e+38
1473.69 2.5806950151812384e+38
1474.07 2.586452325105081e+38
1474.45 2.572179791452129e+38
1474.83 2.5842787817063692e+38
1475.21 2.168259010520648e+38
1475.6 2.3742172733354688e+38
1475.98 2.5365722463304132e+38
1476.36 2.2123324189777423e+38
1476.74 2.5479504284892077e+38
1477.13 2.5445696136528548e+38
1477.51 2.0560459029193823e+38
1477.89 2.4950653839764378e+38
1478.28 1.5817355091845895e+38
1478.66 2.537822582079315e+38
1479.04 2.539816438507825e+38
1479.43 2.1420507783767276e+38
1479.81 2.478198912526633e+38
1480.19 2.4336826805815345e+38
1480.58 2.5169529244956546e+38
1480.96 2.4857653859369914e+38
1481.34 2.2999349767633034e+38
1481.73 2.4814140647455434e+38
1482.11 2.539082422436289e+38
1482.5 2.5444687213900382e+38
1482.88 2.513441843892905e+38
1483.27 2.020309960783001e+38
1483.65 2.4016378177640884e+38
1484.03 2.0951811738587513e+38
1484.42 2.0081008092728673e+38
1484.8 2.343330787650731e+38
1485.19 2.4820661479570996e+38
1485.57 2.5161028640322865e+38
1485.96 2.308730640175208e+38
1486.34 1.8230777160362705e+38
1486.73 2.4699550542979224e+38
1487.11 2.508398366942502e+38
1487.5 2.5079245866328003e+38
1487.89 1.922564294650485e+38
1488.27 2.5074776866379362e+38
1488.66 2.4850066005725098e+38
1489.04 2.290273426588951e+38
1489.43 2.2683660962704496e+38
1489.81 1.584746220591412e+38
1490.2 2.2243793673896262e+38
1490.59 2.4647423253020843e+38
1490.97 2.113315941736326e+38
1491.36 2.4518531763032596e+38
1491.75 1.8250846982029582e+38
1492.13 2.084994074468492e+38
1492.52 2.464762011191182e+38
1492.91 2.452625579209447e+38
1493.29 2.314006505812221e+38
1493.68 7.76049638491533e+37
1494.07 2.361708182448375e+38
1494.45 1.987600373659567e+38
1494.84 2.4694183220917325e+38
1495.23 1.065131059358673e+38
1495.62 1.8069435936881595e+38
1496.01 2.480442620724834e+38
1496.39 2.3624067020983415e+38
1496.78 2.4618927869404507e+38
1497.17 2.452828721393759e+38
1497.56 1.5417362698299798e+38
1497.94 1.6432849058241027e+38
1498.33 2.1877032385063126e+38
1498.72 1.20223297340469e+38
1499.11 1.6841419709491612e+38
1499.5 1.9115843919645587e+38
1499.89 2.2334975140811146e+38
1500.28 9.731101866152073e+37
1500.66 2.424038779554577e+38
1501.05 2.3550932421926413e+38
1501.44 2.193822493540875e+38
1501.83 9.42215496356154e+37
1502.22 1.529095973623201e+38
1502.61 2.440590838416156e+38
1503.0 1.5023606630438542e+38
1503.39 2.3254427522489182e+38
1503.78 2.2071122025733068e+38
1504.17 1.8179430235067865e+38
1504.56 1.3035838547539966e+38
1504.95 2.1778478387128007e+38
1505.34 2.0038085987380026e+38
1505.73 1.5503126875330717e+38
1506.12 1.7155660510509276e+38
1506.51 2.409007129940784e+38
1506.9 2.1608565149049913e+38
1507.29 2.4519062018701102e+38
1507.68 1.886518800556807e+38
1508.07 2.4403638218358385e+38
1508.46 2.4450279078776235e+38
1508.85 1.6974853386183316e+38
1509.24 1.7648732108180565e+38
1509.64 2.426291533564061e+38
1510.03 2.288537189614968e+38
1510.42 2.423981412695282e+38
1510.81 2.3581521389269465e+38
1511.2 9.482091893678328e+37
1511.59 9.152773036719408e+37
1511.98 2.1326697469486317e+38
1512.38 1.0275949960226195e+38
1512.77 1.182377028356273e+38
1513.16 1.6044450876282497e+38
1513.55 8.279524793132949e+37
1513.94 2.318665975758523e+38
1514.34 2.3814975042452957e+38
1514.73 2.3867805774713627e+38
1515.12 2.3508689068185722e+38
1515.52 8.97675266000612e+37
1515.91 1.8965892917583214e+38
1516.3 1.8514707633840406e+38
1516.69 1.44241650497214e+38
1517.09 1.8047931709396807e+38
1517.48 2.3993570659457144e+38
1517.87 2.151052052759601e+38
1518.27 2.3614001165156824e+38
1518.66 1.2985637871060638e+38
1519.05 2.2783054445618103e+38
1519.45 2.389587335228192e+38
1519.84 2.3906061607023526e+38
1520.23 2.3856246832840145e+38
1520.63 1.3404453659930894e+38
1521.02 2.329842119160889e+38
1521.42 2.2581728392286734e+38
1521.81 2.3680266895820334e+38
1522.21 2.357278499723353e+38
1522.6 2.3598428175954773e+38
1522.99 2.3577234451145922e+38
1523.39 1.7870725853521093e+38
1523.79 2.309064263448666e+38
1524.18 1.9349219751991335e+38
1524.57 1.1277912642745668e+38
1524.97 1.0357066114608682e+38
1525.36 9.028103160846337e+37
1525.76 9.081758399523778e+37
1526.16 1.625066900873003e+38
1526.55 1.905254630661745e+38
1526.95 1.43848439671695e+38
1527.34 1.493341031426022e+38
1527.74 1.0052881184046922e+38
1528.14 1.6668944569876721e+38
1528.53 2.12361340378643e+38
1528.93 1.990435345428497e+38
1529.32 2.324139307864884e+38
1529.72 2.2146306012622967e+38
1530.12 9.308234488067464e+37
1530.51 1.2058812444450311e+38
1530.91 2.3190922300331392e+38
1531.31 6.930631511820474e+37
1531.7 7.922199974445071e+37
1532.1 1.5322420513372934e+38
1532.5 1.287696676530644e+38
1532.9 1.0169910097802481e+38
1533.29 9.960554646248259e+37
1533.69 2.275149399528119e+38
1534.09 1.994479511946515e+38
1534.48 2.183329196467352e+38
1534.88 1.809042032432029e+38
1535.28 2.2708768613488422e+38
1535.68 1.3954631889448172e+38
1536.08 2.2870653108438667e+38
1536.47 1.7521231871784164e+38
1536.87 2.0107491985833886e+38
1537.27 1.2475831583776083e+38
1537.67 2.034819608644245e+38
1538.07 1.4697178359701568e+38
1538.47 1.9377426778573265e+38
1538.86 1.266309689982794e+38
1539.26 1.62114223990605e+38
1539.66 1.7716004381920848e+38
1540.06 1.0073102958537267e+38
1540.46 1.2160579884900309e+38
1540.86 1.3161436793323812e+38
1541.26 1.6860227686368024e+38
1541.66 1.6684196266098439e+38
1542.06 9.964366242959139e+37
1542.46 1.1506750763078713e+38
1542.86 1.2982276759192193e+38
1543.26 1.593965725857187e+38
1543.66 6.06733823834514e+37
1544.06 1.2426611471282948e+38
1544.46 8.194705413596901e+37
1544.86 7.713308845528567e+37
1545.26 1.262467576987956e+38
1545.66 1.1990540727238708e+38
1546.06 1.4450912610668372e+38
1546.46 8.071087293897012e+37
1546.86 1.0025572901714369e+38
1547.26 8.998674965071947e+37
1547.66 9.239685614546334e+37
1548.06 1.2612710440917448e+38
1548.47 1.946049811415149e+38
1548.87 1.7690147034050697e+38
1549.27 1.750211671931636e+38
1549.67 1.6693038816562918e+38
1550.07 1.2489624532994022e+38
1550.47 1.5781421907120714e+38
1550.88 1.59724553259529e+38
1551.28 2.0892831877482136e+38
1551.68 2.5859468817208415e+38
1552.08 9.506640823416498e+37
1552.48 2.3908875102807315e+38
1552.89 1.896018531301558e+38
1553.29 1.2229563469091816e+38
1553.69 2.410855305562442e+38
1554.09 1.8460342375526365e+38
1554.5 2.3918135572292625e+38
1554.9 1.3657841590647126e+38
1555.3 1.2809988678560583e+38
1555.71 2.303617199068898e+38
1556.11 1.4120370977338836e+38
1556.51 7.706059656984856e+37
1556.92 1.2082360613509733e+38
1557.32 1.394364509454498e+38
1557.72 2.204200681397708e+38
1558.13 2.123643499173015e+38
1558.53 2.185230168741546e+38
1558.93 1.6762186797654242e+38
1559.34 1.6210729568708133e+38
1559.74 2.126400268524798e+38
1560.15 1.0518833896891177e+38
1560.55 1.0990078271045759e+38
1560.96 2.1973120681993164e+38
1561.36 8.099212556318601e+37
1561.77 2.196625054713714e+38
1562.17 1.9666777610316228e+38
1562.57 1.4323404336073487e+38
1562.98 2.19032131109055e+38
1563.39 2.145593745786083e+38
1563.79 1.9236762317882757e+38
1564.19 1.2202731442591519e+38
1564.6 1.1307216917683493e+38
1565.01 2.1447325342852388e+38
1565.41 2.103917302272225e+38
1565.82 1.5090483586075049e+38
1566.22 1.2038724241651181e+38
1566.63 1.1585609734646532e+38
1567.04 1.3523318506421841e+38
1567.44 2.16690939358234e+38
1567.85 2.109821197821851e+38
1568.25 8.524266445573925e+37
1568.66 9.613273294101919e+37
1569.07 1.90526042533551e+38
1569.47 1.9351754517673082e+38
1569.88 2.206165075047445e+38
1570.29 1.764033702929128e+38
1570.69 1.653807104403752e+38
1571.1 1.944103968140845e+38
1571.51 1.980196201323225e+38
1571.92 2.1240898851795843e+38
1572.32 2.1432088915068288e+38
1572.73 1.9976758704333425e+38
1573.14 2.1837765813580065e+38
1573.55 2.175257646365949e+38
1573.95 2.1668606564768724e+38
1574.36 2.1755159127196404e+38
1574.77 9.511046698403915e+37
1575.18 9.99030176473417e+37
1575.59 1.0932742771910407e+38
1575.99 2.1436294781708128e+38
1576.4 1.3862043761758938e+38
1576.81 1.711825337734983e+38
1577.22 1.1831626591928623e+38
1577.63 1.9516539379713202e+38
1578.04 1.0968185971416611e+38
1578.45 2.1586250026050867e+38
1578.86 1.9863590612403005e+38
1579.27 1.6228499133573494e+38
1579.68 2.0705056666888416e+38
1580.08 1.953170313782763e+38
1580.49 2.1664418179546223e+38
1580.9 1.1430536982315904e+38
1581.31 1.9366300558181573e+38
1581.72 1.963465642105549e+38
1582.13 2.07911449569752e+38
1582.54 1.717509302219013e+38
1582.95 2.0437235489182145e+38
1583.36 1.5375191145283698e+38
1583.77 1.3885322740870345e+38
1584.18 1.6868419672264178e+38
1584.59 2.0599522627627446e+38
1585.01 9.333220451929037e+37
1585.42 2.0247241625708366e+38
1585.83 1.1085978077135546e+38
1586.24 1.6779113055421754e+38
1586.65 2.1318265577845958e+38
1587.06 2.1333152024579762e+38
1587.47 1.1997301205796608e+38
1587.88 2.1117711355683134e+38
1588.3 2.0694054244547218e+38
1588.71 1.5291634206865578e+38
1589.12 2.122828478392239e+38
1589.53 2.097487875953403e+38
1589.94 1.9985030608228033e+38
1590.35 2.128015293381953e+38
1590.77 2.0366156903216994e+38
1591.18 1.970442830162315e+38
1591.59 1.6581893114377117e+38
1592.0 1.0038545201961947e+38
1592.42 2.001735050468999e+38
1592.83 2.0533218061925706e+38
1593.24 1.8731636147719094e+38
1593.66 1.8679039347239144e+38
1594.07 1.6846080470897775e+38
1594.48 1.9453398610308323e+38
1594.89 1.1937550353904142e+38
1595.31 1.734176313875402e+38
1595.72 1.7437444280965666e+38
1596.14 2.107235926906795e+38
1596.55 2.0907344227141756e+38
1596.96 2.096587159060128e+38
1597.38 1.739109905432896e+38
1597.79 2.0825886023037553e+38
1598.2 2.080292252905414e+38
1598.62 1.7311601089510703e+38
1599.03 2.1043242737883663e+38
1599.45 2.079157820622195e+38
1599.86 2.0895643663234993e+38
1600.28 1.4654670758324304e+38
1600.69 1.8119397697183964e+38
1601.11 1.1833722691893977e+38
1601.52 1.518401643922144e+38
1601.94 7.553985868169273e+37
1602.35 2.100653089802938e+38
1602.77 2.0949923144857344e+38
1603.18 9.420558651168822e+37
1603.6 1.8103277888296826e+38
1604.01 2.095377347901818e+38
1604.43 1.9470530828319822e+38
1604.84 1.0708157541088998e+38
1605.26 2.0763884762106567e+38
1605.68 1.8221336300046426e+38
1606.09 1.5341573825373136e+38
1606.51 1.9892077308713383e+38
1606.93 1.5973980288133337e+38
1607.34 2.0488337395925867e+38
1607.76 7.083114664747972e+37
1608.18 1.6261621643159373e+38
1608.59 1.939424083639741e+38
1609.01 9.253911775948252e+37
1609.43 1.850592779267025e+38
1609.84 9.07345933313536e+37
1610.26 1.0503300437208992e+38
1610.68 2.070172462476742e+38
1611.09 1.3729090152488863e+38
1611.51 2.0557459977818706e+38
1611.93 1.265119212184255e+38
1612.35 2.0606758848072475e+38
1612.77 7.436952431358173e+37
1613.18 2.057015182792108e+38
1613.6 1.5510069428921448e+38
1614.02 7.912507393648241e+37
1614.44 2.061660094404662e+38
1614.86 2.056135000378825e+38
1615.28 1.062027774633187e+38
1615.69 1.3645587661952831e+38
1616.11 1.2950618965983677e+38
1616.53 1.919100072799133e+38
1616.95 2.0405299822729742e+38
1617.37 2.0505480260320598e+38
1617.79 1.4084776958321678e+38
1618.21 2.0483792592630868e+38
1618.63 1.3844602234916506e+38
1619.05 1.894064484816398e+38
1619.47 1.4492688302503963e+38
1619.89 2.0356836465312438e+38
1620.31 1.3108407797671473e+38
1620.73 1.3743438353712468e+38
1621.15 8.972460266873745e+37
1621.57 9.369850471199932e+37
1621.99 1.6545787337206444e+38
1622.41 1.4956627589591583e+38
1622.83 1.997404000281497e+38
1623.25 1.826794087655049e+38
1623.67 1.1772930392224784e+38
1624.09 1.2579965034934582e+38
1624.51 1.9832632701699163e+38
1624.93 1.028390159666024e+38
1625.35 1.8584250458755658e+38
1625.78 1.762395991101016e+38
1626.2 1.3000272728374704e+38
1626.62 1.932355243350342e+38
1627.04 1.7820367086435112e+38
1627.46 1.1642425244397998e+38
1627.88 1.2391341393502686e+38
1628.31 8.1631676807997105e+37
1628.73 1.9705311205725727e+38
1629.15 7.2805352401868295e+37
1629.57 1.9191448863880775e+38
1629.99 1.9617055334914194e+38
1630.42 1.3668898884901151e+38
1630.84 1.989399087831919e+38
1631.26 1.825526445896157e+38
1631.68 6.581923222186004e+37
1632.11 8.805118243910921e+37
1632.53 1.3954965428176622e+38
1632.95 1.9829726708642894e+38
1633.38 2.0022995839527265e+38
1633.8 1.7450176622490765e+38
1634.22 1.8901666437013213e+38
1634.65 1.4954938858640813e+38
1635.07 1.629570646441341e+38
1635.49 1.7871190435861927e+38
1635.92 1.725087877845717e+38
1636.34 1.5299327864516577e+38
1636.77 1.9962613899172256e+38
1637.19 1.659970410125396e+38
1637.61 1.9377191086580884e+38
1638.04 1.3913511980925066e+38
1638.46 1.7427506194028333e+38
1638.89 1.950484814817842e+38
1639.31 1.0067115311602906e+38
1639.74 1.9643960926539745e+38
1640.16 8.657190559550374e+37
1640.59 1.3486878822080417e+38
1641.01 1.979377018097376e+38
1641.44 1.9892914137641513e+38
1641.86 9.675823913587348e+37
1642.29 1.7179125887719624e+38
1642.71 1.299069095888793e+38
1643.14 1.982337326693834e+38
1643.57 1.7261490609331875e+38
1643.99 1.864174432789711e+38
1644.42 1.4138180541994366e+38
1644.84 1.2739902957707388e+38
1645.27 1.4163932334734316e+38
1645.7 1.8657471301236233e+38
1646.12 1.84709694840769e+38
1646.55 1.9657342531421657e+38
1646.98 1.3020943413438084e+38
1647.41 1.8060596130710565e+38
1647.83 1.9588593162185007e+38
1648.26 1.74476189077055e+38
1648.69 1.3388520699249451e+38
1649.11 1.5803454494635586e+38
1649.54 1.896563960549611e+38
1649.97 1.4379597781709643e+38
1650.4 1.7989801687134216e+38
1650.82 1.780087010894075e+38
1651.25 1.8751463896726655e+38
1651.68 1.2267920407365868e+38
1652.11 1.399948511059606e+38
1652.54 1.9174969268182417e+38
1652.96 8.427214000964901e+37
1653.39 9.797227759688742e+37
1653.82 1.6845383659073582e+38
1654.25 1.5481622885872533e+38
1654.68 1.888012842263944e+38
1655.11 1.885728446011102e+38
1655.54 1.896498331515811e+38
1655.96 1.8409967703245674e+38
1656.39 1.895970188912038e+38
1656.82 9.663672070196427e+37
1657.25 1.80712908495974e+38
1657.68 1.4670691396387192e+38
1658.11 1.4765190416079916e+38
1658.54 1.6134093432732275e+38
1658.97 1.2712293299481349e+38
1659.4 1.3330933249663699e+38
1659.83 1.908803063462633e+38
1660.26 1.8750780887500347e+38
1660.69 1.6541827303114636e+38
1661.12 1.771246949424167e+38
1661.55 1.1264437995954265e+38
1661.98 1.8819272897711594e+38
1662.42 1.1339110778770105e+38
1662.85 1.894377155481414e+38
1663.28 1.8839684539556102e+38
1663.71 1.891743453423483e+38
1664.14 1.9066282082973698e+38
1664.57 1.7457442060121536e+38
1665.0 1.496325153219038e+38
1665.43 1.736617454601824e+38
1665.86 1.901468693887215e+38
1666.3 1.8943956152821343e+38
1666.73 1.728748663662178e+38
1667.16 1.7934479231216838e+38
1667.59 1.7628206567005898e+38
1668.03 1.0492632281461571e+38
1668.46 1.213483946868471e+38
1668.89 1.8883393251245698e+38
1669.32 1.604269250027396e+38
1669.76 1.1322926304772477e+38
1670.19 1.647950231654687e+38
1670.62 1.5721414126743745e+38
1671.05 9.106242506463794e+37
1671.49 1.8770800785410967e+38
1671.92 1.2601768097551039e+38
1672.35 1.3365704020952393e+38
1672.79 1.1538369886395734e+38
1673.22 1.6001578163346689e+38
1673.65 8.654177389010494e+37
1674.09 1.8632486884150097e+38
1674.52 1.730718714826349e+38
1674.96 1.8717429497131044e+38
1675.39 1.710607647083859e+38
1675.82 1.406905926625804e+38
1676.26 1.3986929755507027e+38
1676.69 1.5155266813185503e+38
1677.13 1.0974293496299797e+38
1677.56 1.861894098235559e+38
1678.0 1.8655909343576342e+38
1678.43 1.8455947375909872e+38
1678.87 1.785621785094057e+38
1679.3 1.839849271559429e+38
1679.74 1.862131813862036e+38
1680.17 1.8539400096920345e+38
1680.61 1.6358713347950073e+38
1681.04 1.8380347430488883e+38
1681.48 1.6536451291799735e+38
1681.92 1.0296175313691424e+38
1682.35 1.8361906564381834e+38
1682.79 1.8522931410256185e+38
1683.22 1.8427099426378092e+38
1683.66 1.3393066372886548e+38
1684.1 1.833041817582442e+38
1684.53 1.7867082957710373e+38
1684.97 1.8412712797669575e+38
1685.41 1.8463481164280404e+38
1685.84 1.3761020547351075e+38
1686.28 1.3641253922513055e+38
1686.72 9.998489571488072e+37
1687.15 1.4445544054105734e+38
1687.59 1.1596059088224014e+38
1688.03 1.530242539394492e+38
1688.47 1.8316968204746937e+38
1688.9 1.832810901041851e+38
1689.34 1.835979666767978e+38
1689.78 1.8006259085281358e+38
1690.22 1.3508059797339222e+38
1690.66 1.1516889931196575e+38
1691.09 1.7858973541484394e+38
1691.53 1.819716408499466e+38
1691.97 1.712874040870154e+38
1692.41 9.397896117527707e+37
1692.85 1.7455005702809103e+38
1693.29 1.8149981565352832e+38
1693.72 1.8207019987340422e+38
1694.16 1.8181533753263477e+38
1694.6 1.1037699864635527e+38
1695.04 6.774435085149341e+37
1695.48 1.5373645252414406e+38
1695.92 1.4964200207653745e+38
1696.36 1.8134487058603614e+38
1696.8 1.6403387565658755e+38
1697.24 1.810187778232334e+38
1697.68 1.8094927056164513e+38
1698.12 1.088516239409623e+38
1698.56 1.800937065711041e+38
1699.0 1.1136936464966272e+38
1699.44 1.6591509255978397e+38
1699.88 1.7995489731046344e+38
1700.32 1.1718029406257446e+38
1700.76 1.081552171494083e+38
1701.2 1.7180401524718412e+38
1701.64 9.23621084875761e+37
1702.08 1.648488043186654e+38
1702.53 1.431704340664664e+38
1702.97 1.6116739281470394e+38
1703.41 1.3739121940813547e+38
1703.85 1.7802804401234813e+38
1704.29 1.7517727513669178e+38
1704.73 1.619345898142059e+38
1705.18 1.787463592686415e+38
1705.62 1.6047420304704e+38
1706.06 1.2405677085974042e+38
1706.5 1.163641847136325e+38
1706.94 1.746337299038471e+38
1707.39 6.882191243747247e+37
1707.83 1.7715539486389934e+38
1708.27 1.5946028012677167e+38
1708.71 1.0636087905600732e+38
1709.16 1.7654275608744355e+38
1709.6 1.7344229399610926e+38
1710.04 1.525798108146287e+38
1710.49 1.4601212556241532e+38
1710.93 1.1297901739697742e+38
1711.37 8.593572135225068e+37
1711.82 1.1826168655394998e+38
1712.26 1.6129108108997064e+38
1712.7 7.944589596114445e+37
1713.15 1.672692503935729e+38
1713.59 1.4294821183212854e+38
1714.04 1.7266676218152766e+38
1714.48 1.731009742184985e+38
1714.93 1.71320247431959e+38
1715.37 7.367086428611635e+37
1715.81 1.3794055211226446e+38
1716.26 1.4123761153168119e+38
1716.7 1.6695505960435267e+38
1717.15 9.819766145209765e+37
1717.59 1.6971826101947623e+38
1718.04 1.3091716720644858e+38
1718.48 1.0041848607796615e+38
1718.93 1.1225470754865728e+38
1719.38 7.558757487401739e+37
1719.82 1.0729092704196674e+38
1720.27 1.742863956153907e+38
1720.71 9.180939350647083e+37
1721.16 1.208988571387346e+38
1721.6 9.129643336184221e+37
1722.05 1.102801026209136e+38
1722.5 8.362210041866551e+37
1722.94 1.1542135614475483e+38
1723.39 1.6109594882789276e+38
1723.84 9.245364843086787e+37
1724.28 7.487011971537554e+37
1724.73 1.4965494594712752e+38
1725.18 1.5770788056440048e+38
1725.62 8.740146551092991e+37
1726.07 1.7045658988456616e+38
1726.52 1.0775109884750756e+38
1726.97 1.659371070080293e+38
1727.41 9.393169987356688e+37
1727.86 1.604565455133879e+38
1728.31 1.1805202786287957e+38
1728.76 1.0942031121340465e+38
1729.2 1.3984274110096764e+38
1729.65 1.7175743763520495e+38
1730.1 1.7017056791216917e+38
1730.55 9.850051736772026e+37
1731.0 1.6960617559865139e+38
1731.45 8.834792622473332e+37
1731.9 1.6981691560326162e+38
1732.34 1.3929146266347396e+38
1732.79 1.3408720915260085e+38
1733.24 1.4556782237828335e+38
1733.69 1.2223203546448587e+38
1734.14 1.3645218813280747e+38
1734.59 1.6288938411905267e+38
1735.04 1.708102032381821e+38
1735.49 1.6752174851917893e+38
1735.94 1.4369215983491426e+38
1736.39 1.1618030286685539e+38
1736.84 1.7035887364263515e+38
1737.29 1.2167942275974275e+38
1737.74 1.6699368963521033e+38
1738.19 7.863641854081916e+37
1738.64 8.707831858749119e+37
1739.09 1.2341263932642487e+38
1739.54 1.6414246945556082e+38
1739.99 1.5261077523731864e+38
1740.44 1.6910649430961995e+38
1740.9 1.0380353217128802e+38
1741.35 1.435227575835165e+38
1741.8 1.673346572320981e+38
1742.25 1.2202193944598384e+38
1742.7 1.6508789354822634e+38
1743.15 1.6864162657372835e+38
1743.6 1.670857499354554e+38
1744.06 1.6782965150826712e+38
1744.51 1.6765238190988026e+38
1744.96 1.3265490068320933e+38
1745.41 1.3403718315387538e+38
1745.86 1.6648185001407854e+38
1746.32 1.6794346765902783e+38
1746.77 1.6078303157975571e+38
1747.22 7.754321760844523e+37
1747.68 8.744067390674814e+37
1748.13 8.132123370958726e+37
1748.58 1.4989032399915507e+38
1749.04 8.373414330813834e+37
1749.49 1.3759163683137202e+38
1749.94 1.5521166801486171e+38
1750.4 1.0732380968738707e+38
1750.85 1.6688324160759936e+38
1751.3 1.0819476155822629e+38
1751.76 1.06565426101442e+38
1752.21 1.6646066225075162e+38
1752.67 1.6592408127888208e+38
1753.12 9.574308689153666e+37
1753.57 1.155945058334377e+38
1754.03 1.5832767893568986e+38
1754.48 1.6091829088667121e+38
1754.94 1.4162295171330161e+38
1755.39 1.6606194695350049e+38
1755.85 1.5510070543799074e+38
1756.3 1.6512280373835158e+38
1756.76 1.6368913165787536e+38
1757.21 1.6521469871599915e+38
1757.67 1.6469812492055184e+38
1758.12 1.2100088951249582e+38
1758.58 8.19670761115479e+37
1759.04 1.5122800733472306e+38
1759.49 1.647798301330536e+38
1759.95 1.6463607534963836e+38
1760.4 9.049647148733797e+37
1760.86 8.85618340878899e+37
1761.32 1.2819472443225233e+38
1761.77 1.64054170332418e+38
1762.23 1.5165314278402713e+38
1762.69 1.6271919863662579e+38
1763.14 1.5179135611657152e+38
1763.6 1.0331392449707543e+38
1764.06 1.4323312415602846e+38
1764.51 1.542086983761517e+38
1764.97 1.0105532735930662e+38
1765.43 1.6274955159939296e+38
1765.89 1.6052437686417822e+38
1766.34 1.4646164205044823e+38
1766.8 1.6187491551613115e+38
1767.26 1.582884708348687e+38
1767.72 1.5830901868676505e+38
1768.18 1.4859560114204035e+38
1768.64 1.5476585301062974e+38
1769.09 1.6184692897593223e+38
1769.55 7.127179189830776e+37
1770.01 1.4618593091080784e+38
1770.47 7.068592425283626e+37
1770.93 1.3725329966136406e+38
1771.39 1.3740542883741828e+38
1771.85 1.5119329843820397e+38
1772.31 1.6022634043441604e+38
1772.77 1.5602752759869556e+38
1773.22 1.3676690630895005e+38
1773.68 1.2582183961688269e+38
1774.14 1.6042651931838704e+38
1774.6 1.2387408915903362e+38
1775.06 1.6097766862657664e+38
1775.52 1.520100635841762e+38
1775.98 6.192691042882288e+37
1776.44 1.5922499135102568e+38
1776.9 1.4639558341591346e+38
1777.36 1.6033808527844764e+38
1777.82 9.595634301322811e+37
1778.29 1.602774778492373e+38
1778.75 9.490898012998916e+37
1779.21 1.4557140372205785e+38
1779.67 1.599234280466806e+38
1780.13 1.5217604438675385e+38
1780.59 1.4327120805022731e+38
1781.05 1.0845647938564608e+38
1781.52 1.595183115254255e+38
1781.98 1.2429169183291244e+38
1782.44 1.438755259389796e+38
1782.9 1.2843872836896637e+38
1783.36 1.5895452702751078e+38
1783.82 1.590111747197239e+38
1784.29 1.589195247157594e+38
1784.75 1.467142485633183e+38
1785.21 1.5256606873875883e+38
1785.68 1.5855411800046572e+38
1786.14 1.5229739518393475e+38
1786.6 1.5833530070065406e+38
1787.06 1.3333329795763529e+38
1787.53 1.5658050858203941e+38
1787.99 1.2772457976714702e+38
1788.45 9.651315224808134e+37
1788.92 1.1299156834974617e+38
1789.38 1.5764779751726759e+38
1789.84 1.4605553121270007e+38
1790.31 9.635615141115913e+37
1790.77 1.4297386623613488e+38
1791.24 1.3360072709664203e+38
1791.7 8.165845341345587e+37
1792.17 9.075118344075918e+37
1792.63 1.5281816428456856e+38
1793.09 1.0561990107626295e+38
1793.56 1.5245750778235188e+38
1794.02 1.4845978224641203e+38
1794.49 1.5687184053734221e+38
1794.95 7.966257621173309e+37
1795.42 1.5673620367153484e+38
1795.89 1.4369305326620022e+38
1796.35 1.564949176512439e+38
1796.81 1.3931845694073365e+38
1797.28 1.5516925560530083e+38
1797.75 1.2914363610840232e+38
1798.21 1.4526585340569345e+38
1798.68 1.4532782672897359e+38
1799.15 1.5296357226272172e+38
1799.61 1.5492901301177813e+38
1800.08 1.12105018994495e+38
1800.55 1.5080627403881004e+38
1801.01 1.368467260455405e+38
1801.48 7.735415231974649e+37
1801.94 1.4627475945082748e+38
1802.41 1.5501861683258963e+38
1802.88 1.4989270265623839e+38
1803.35 9.237551082465174e+37
1803.81 1.5372663251456705e+38
1804.28 1.4012784205910068e+38
1804.75 1.5450516596380039e+38
1805.22 1.3079743280535032e+38
1805.68 1.3345033153341715e+38
1806.15 1.4433142136708596e+38
1806.62 1.279399263507591e+38
1807.09 1.3713008793398733e+38
1807.56 1.486160124129884e+38
1808.03 1.3437538649158676e+38
1808.49 1.4818862130278848e+38
1808.96 1.5345267798330102e+38
1809.43 9.503788339236081e+37
1809.9 1.4832694320078529e+38
1810.37 1.2389373575230677e+38
1810.84 1.5042335378979717e+38
1811.31 9.550081925336309e+37
1811.78 1.0183437570367551e+38
1812.25 1.1315804030249764e+38
1812.72 9.37282975555288e+37
1813.19 1.086644121898222e+38
1813.66 1.4812382924015103e+38
1814.13 1.463306464538669e+38
1814.6 1.5168457512011521e+38
1815.07 1.1355717653158942e+38
1815.54 1.2284427344344219e+38
1816.01 8.36950042256977e+37
1816.48 1.3588541246744214e+38
1816.95 1.2650786918105943e+38
1817.42 1.1206666378482693e+38
1817.89 1.4854327531921184e+38
1818.36 1.4985903162535414e+38
1818.83 1.508248971613347e+38
1819.31 7.428187505553275e+37
1819.78 1.0577777993128213e+38
1820.25 1.4993004875709754e+38
1820.72 1.5065569271183199e+38
1821.19 1.040160348312125e+38
1821.67 8.63837391051112e+37
1822.14 1.1528473295127926e+38
1822.61 1.3890216515126516e+38
1823.08 7.046745906477292e+37
1823.55 1.4673239230177466e+38
1824.03 1.4772529909081876e+38
1824.5 1.497906708835016e+38
1824.97 9.636654081793297e+37
1825.44 8.607502196509249e+37
1825.92 1.400553995449036e+38
1826.39 1.3666421872453437e+38
1826.86 9.726351561236896e+37
1827.34 1.2666672727501885e+38
1827.81 1.4567966512596923e+38
1828.29 1.0468415002277805e+38
1828.76 1.3734320642480387e+38
1829.23 8.937065719115873e+37
1829.71 1.4626149589645854e+38
1830.18 1.0562386327988717e+38
1830.66 7.832308286613687e+37
1831.13 1.4675980790625553e+38
1831.61 1.1030765393644198e+38
1832.08 1.4782585977720473e+38
1832.56 1.226951339202308e+38
1833.03 1.0882006148309736e+38
1833.51 1.4512061358092998e+38
1833.98 1.424797885558303e+38
1834.46 1.458386231792376e+38
1834.93 9.627887050768134e+37
1835.41 1.444298419807593e+38
1835.88 1.455397896823326e+38
1836.36 1.3528631137280637e+38
1836.83 9.303655561862412e+37
1837.31 8.686063744033152e+37
1837.79 1.0158891834689743e+38
1838.26 6.280795825459798e+37
1838.74 9.792984265512085e+37
1839.22 1.4610443780477874e+38
1839.69 1.460539083889277e+38
1840.17 8.52382768527776e+37
1840.65 1.4398119850830252e+38
1841.12 1.4585756801694623e+38
1841.6 7.36741548925545e+37
1842.08 1.2698859882839466e+38
1842.56 6.675250469466932e+37
1843.03 1.0725759942280224e+38
1843.51 6.68200646690102e+37
1843.99 6.749946565901795e+37
1844.47 7.732647494258335e+37
1844.94 6.860449224827971e+37
1845.42 7.504855613752773e+37
1845.9 1.39481874207879e+38
1846.38 1.0541910306489935e+38
1846.86 9.855332226940568e+37
1847.34 7.47690855854502e+37
1847.82 1.4054454278162057e+38
1848.29 1.3979234806519014e+38
1848.77 1.230915897394816e+38
1849.25 8.674151270824014e+37
1849.73 1.0247909584580437e+38
1850.21 5.934430288532119e+37
1850.69 8.511861101636717e+37
1851.17 7.525755484570507e+37
1851.65 1.4347764798047659e+38
1852.13 1.1212624477575431e+38
1852.61 6.720282013975277e+37
1853.09 1.4319053619991067e+38
1853.57 1.4245002522394426e+38
1854.05 7.097837907591256e+37
1854.53 1.4081373340662063e+38
1855.01 5.887359749916799e+37
1855.49 9.43990026600105e+37
1855.97 1.4028952244160506e+38
1856.45 1.4250153380206317e+38
1856.94 1.4146241708358682e+38
1857.42 1.423262364926718e+38
1857.9 1.0942068995824078e+38
1858.38 1.394555467697196e+38
1858.86 1.2281624011269047e+38
1859.34 1.418575260217672e+38
1859.83 6.044100042628751e+37
1860.31 1.4179300154876745e+38
1860.79 1.1593304327066884e+38
1861.27 1.392079372669662e+38
1861.76 1.2270678225008213e+38
1862.24 1.4122211143577018e+38
1862.72 1.4063843923158853e+38
1863.2 1.1163758436801874e+38
1863.69 1.4093429891158609e+38
1864.17 1.3514148084064137e+38
1864.65 1.2438753822316957e+38
1865.14 6.60671783814229e+37
1865.62 7.664104245476807e+37
1866.1 1.2342439211219235e+38
1866.58 6.485217053578371e+37
1867.07 1.2114805424671283e+38
1867.55 1.3909921793943868e+38
1868.04 1.4035795675445972e+38
1868.52 1.3540640986289929e+38
1869.01 1.3847496396487687e+38
1869.49 1.3740094307370243e+38
1869.97 6.836575819254365e+37
1870.46 1.374895393463248e+38
1870.94 1.0067561428740629e+38
1871.43 7.846443208970901e+37
1871.91 1.2995203554484516e+38
1872.4 1.2653469222187092e+38
1872.88 1.3175144396625317e+38
1873.37 1.325912388978393e+38
1873.85 9.733447304927379e+37
1874.34 9.170999316794027e+37
1874.83 1.3534348330951592e+38
1875.31 9.215046527070566e+37
1875.8 1.3443114796146373e+38
1876.29 9.885835585915928e+37
1876.77 1.3772019185931894e+38
1877.26 1.378271024782824e+38
1877.74 1.386836936480484e+38
1878.23 1.385973568334733e+38
1878.72 1.3837212625055336e+38
1879.2 1.3597152396400057e+38
1879.69 1.3822173859706584e+38
1880.18 1.3807575222213534e+38
1880.67 6.5885767855913e+37
1881.15 6.138832183264303e+37
1881.64 8.87896714672743e+37
1882.13 6.402101570166216e+37
1882.62 1.1107877730338712e+38
1883.1 8.387032604976851e+37
1883.59 1.3737786059658398e+38
1884.08 1.3505308031211285e+38
1884.57 5.657779548660394e+37
1885.06 5.64865115445933e+37
1885.55 1.3695766292988269e+38
1886.04 7.047722700184407e+37
1886.52 7.76946227226252e+37
1887.01 7.3091329943578e+37
1887.5 6.040188001937788e+37
1887.99 1.354891421186266e+38
1888.48 1.355530448451276e+38
1888.97 1.3619980008895877e+38
1889.46 6.1016907938533885e+37
1889.95 1.3598055497784226e+38
1890.44 1.278954455571785e+38
1890.93 6.921607337361856e+37
1891.42 6.984530995874393e+37
1891.91 6.861006289816719e+37
1892.4 8.241032638686441e+37
1892.89 5.95622504723538e+37
1893.38 1.3526830497901268e+38
1893.87 6.914023826372047e+37
1894.36 8.0495966138857775e+37
1894.85 1.2756632020366996e+38
1895.34 5.803603827031223e+37
1895.84 1.1264976119948425e+38
1896.33 7.20922256548873e+37
1896.82 5.359026799347532e+37
1897.31 8.634999958172704e+37
1897.8 1.3451808639285936e+38
1898.29 1.3257367494337656e+38
1898.79 6.157885655841743e+37
1899.28 5.22196934560166e+37
1899.77 1.188698885752119e+38
1900.26 1.3404770198662678e+38
1900.76 1.3355857896786862e+38
1901.25 1.091287717618723e+38
1901.74 1.3373622174584196e+38
1902.23 1.2783703232283406e+38
1902.73 1.3126247367312864e+38
1903.22 6.414312377375152e+37
1903.71 7.344289809341106e+37
1904.21 7.666351736986889e+37
1904.7 1.331609558856234e+38
1905.19 9.667404583822527e+37
1905.69 1.2135102311405884e+38
1906.18 1.3307284891462013e+38
1906.68 8.1465684236986e+37
1907.17 1.1293538954793587e+38
1907.66 5.730287798783125e+37
1908.16 1.3035640760872057e+38
1908.65 1.0091143656972525e+38
1909.15 1.2451286635393575e+38
1909.64 1.2984342535203839e+38
1910.14 9.132965024202995e+37
1910.63 1.284281819744328e+38
1911.13 1.3193011927486388e+38
1911.62 5.424767281797687e+37
1912.12 1.3185918979035774e+38
1912.61 1.3172295171915652e+38
1913.11 1.3140707229192723e+38
1913.61 6.072521828290065e+37
1914.1 6.763865827377857e+37
1914.6 1.3114687969323752e+38
1915.09 6.796183768753517e+37
1915.59 1.0459402983753697e+38
1916.09 1.0988338880901243e+38
1916.58 6.8842122399217485e+37
1917.08 6.131234106370555e+37
1917.58 9.251703701548237e+37
1918.07 8.194413502835385e+37
1918.57 5.863388566562074e+37
1919.07 9.892990498163187e+37
1919.56 5.987281034589975e+37
1920.06 1.0886971770471211e+38
1920.56 1.2744670900490928e+38
1921.06 7.801910307038611e+37
1921.56 5.547655284162756e+37
1922.05 8.55266215594422e+37
1922.55 1.297656986357335e+38
1923.05 5.436863360460022e+37
1923.55 1.2289510556139276e+38
1924.05 7.319810923851659e+37
1924.55 5.49866057247495e+37
1925.05 1.294268651467107e+38
1925.54 1.2272088376204221e+38
1926.04 5.298954155696171e+37
1926.54 1.2893816011433638e+38
1927.04 1.2040480968043528e+38
1927.54 8.561467123239544e+37
1928.04 6.890368415492148e+37
1928.54 7.270329168156267e+37
1929.04 7.651364245259675e+37
1929.54 9.985080569844858e+37
1930.04 9.323278256175632e+37
1930.54 9.036648971910593e+37
1931.04 1.2444893508053486e+38
1931.54 5.175644197505773e+37
1932.04 1.273289242638214e+38
1932.54 1.220908825206196e+38
1933.04 1.2811929828754104e+38
1933.55 1.1737668196505396e+38
1934.05 1.2795664566709846e+38
1934.55 1.2788002535196112e+38
1935.05 1.2604334182149476e+38
1935.55 1.2758967632269792e+38
1936.05 1.2307359757141947e+38
1936.55 8.61885871860758e+37
1937.06 7.020724427924286e+37
1937.56 1.0327379195743504e+38
1938.06 7.2837988818778e+37
1938.56 1.265030603120695e+38
1939.06 7.775091670624285e+37
1939.57 9.122060026223502e+37
1940.07 5.9106658738961535e+37
1940.57 6.705203387388955e+37
1941.08 1.268250725367338e+38
1941.58 6.154058167847145e+37
1942.08 1.2664970070456676e+38
1942.58 1.256475541209427e+38
1943.09 1.186445904419477e+38
1943.59 6.030769866759276e+37
1944.1 1.256189172795154e+38
1944.6 1.1879595735936943e+38
1945.1 1.2407664772837304e+38
1945.61 1.1142860100689763e+38
1946.11 1.2557772209774043e+38
1946.62 1.1759352414700207e+38
1947.12 1.2242897175769907e+38
1947.63 1.2356103021831861e+38
1948.13 7.622246723769607e+37
1948.64 9.89661447480136e+37
1949.14 1.2506884385861962e+38
1949.65 6.187223798478084e+37
1950.15 1.2252649872363917e+38
1950.66 1.2507493726672062e+38
1951.16 9.680416468970693e+37
1951.67 1.2471695657149707e+38
1952.17 1.1998756817175153e+38
1952.68 5.097973317826641e+37
1953.19 6.843736936448014e+37
1953.69 1.164918831733242e+38
1954.2 5.161296830469419e+37
1954.7 6.878245186752658e+37
1955.21 9.604468751022151e+37
1955.72 1.0408584338992597e+38
1956.22 1.2285025642666555e+38
1956.73 1.214485017061684e+38
1957.24 9.098421188347504e+37
1957.75 1.1561677966110449e+38
1958.25 1.2356339563086795e+38
1958.76 5.957200705605213e+37
1959.27 5.402855952400403e+37
1959.78 1.0358673591595089e+38
1960.29 5.037439564047762e+37
1960.79 1.1033965745684156e+38
1961.3 6.053569658264733e+37
1961.81 8.872804419341915e+37
1962.32 9.980732058153104e+37
1962.83 8.095240553448445e+37
1963.33 1.1495705845536447e+38
1963.84 1.142899428094364e+38
1964.35 5.828183530321575e+37
1964.86 6.372494044363988e+37
1965.37 5.760950921230654e+37
1965.88 1.2242956162689713e+38
1966.39 1.2257952414783886e+38
1966.9 1.1498458490316662e+38
1967.41 1.2241833584463365e+38
1967.92 9.62423788941825e+37
1968.43 1.071427895205695e+38
1968.94 1.2222294105202422e+38
1969.45 1.1084767569832856e+38
1969.96 1.1609814662854489e+38
1970.47 1.2206405070851294e+38
1970.98 1.2189056379529585e+38
1971.49 1.0349673435703856e+38
1972.0 1.0579042223259295e+38
1972.52 1.0647125368353989e+38
1973.03 1.2071106607642733e+38
1973.54 1.1499839373130723e+38
1974.05 1.2032155906757055e+38
1974.56 1.1666525839230025e+38
1975.07 1.2120919847700584e+38
1975.58 1.1140337392464685e+38
1976.1 5.815325124606587e+37
1976.61 1.2043752675514558e+38
1977.12 1.1714017652536552e+38
1977.63 1.0061177439361406e+38
1978.15 1.2065462270120248e+38
1978.66 6.664245618787634e+37
1979.17 1.0340282335545713e+38
1979.69 9.384779974315156e+37
1980.2 1.1723879808306986e+38
1980.71 1.2028711680265628e+38
1981.22 1.1896834077651715e+38
1981.74 1.1998107920716179e+38
1982.25 1.1534188958941075e+38
1982.77 5.849923200857119e+37
1983.28 1.1973769721002535e+38
1983.79 1.0057565405214978e+38
1984.31 5.024580704202772e+37
1984.82 7.084917494422001e+37
1985.34 1.1534407446450458e+38
1985.85 1.1434556675141567e+38
1986.36 1.075427640831715e+38
1986.88 9.539770245484026e+37
1987.4 5.46608736556418e+37
1987.91 6.733056694215904e+37
1988.43 1.1869498682608761e+38
1988.94 1.1845327010977732e+38
1989.46 1.0235359053081194e+38
1989.97 5.415599714772603e+37
1990.49 1.169390875984135e+38
1991.0 1.1837922215230047e+38
1991.52 5.436783188097421e+37
1992.04 5.081007766543078e+37
1992.55 1.1364455245064599e+38
1993.07 1.1645817564745521e+38
1993.58 1.1528138782244948e+38
1994.1 5.692016361643363e+37
1994.62 1.1772629897460891e+38
1995.14 8.7456202395557e+37
1995.65 5.564141274572027e+37
1996.17 1.1747673031424468e+38
1996.69 1.174275096807776e+38
1997.2 1.1628850607024719e+38
1997.72 1.099904275256723e+38
1998.24 1.0446416995016962e+38
1998.76 1.1133550088500844e+38
1999.28 1.1167265370144959e+38
1999.8 8.070495417029771e+37
2000.31 5.389832252422453e+37
2000.83 9.893051254100252e+37
2001.35 1.116535586692821e+38
2001.87 5.762525403196214e+37
2002.39 6.870192594790103e+37
2002.91 1.1554321854514393e+38
2003.43 1.163222242433507e+38
2003.94 1.1599001466202371e+38
2004.46 1.1476299964990649e+38
2004.98 1.0345040796503725e+38
2005.5 8.667036671795495e+37
2006.02 8.390385033201825e+37
2006.54 1.153811371417683e+38
2007.06 1.0851199875325925e+38
2007.58 1.0982235327938873e+38
2008.1 1.150421094090379e+38
2008.62 8.369805367905761e+37
2009.14 5.803343887601985e+37
2009.67 1.1476678793125287e+38
2010.19 9.358735764105907e+37
2010.71 9.008524018626442e+37
2011.23 8.962868791134222e+37
2011.75 1.1435006836655742e+38
2012.27 6.214862705579401e+37
2012.79 1.0652191599628578e+38
2013.31 5.34651963265301e+37
2013.84 1.1291855499700228e+38
2014.36 1.1208377358551278e+38
2014.88 1.1442477123712986e+38
2015.4 6.910006954559079e+37
2015.93 1.037331933193804e+38
2016.45 1.0345591348517878e+38
2016.97 1.0820515842750116e+38
2017.49 9.96494454690246e+37
2018.02 6.380499032067866e+37
2018.54 1.1304125616331645e+38
2019.06 9.997623749304695e+37
2019.58 1.1377113701839036e+38
2020.11 1.1382213016151628e+38
2020.63 1.1232046716830697e+38
2021.16 1.1343670408512171e+38
2021.68 1.1083538045754193e+38
2022.2 1.1262790298621415e+38
2022.73 7.731937515691994e+37
2023.25 1.1341462633780237e+38
2023.78 1.1065737781675315e+38
2024.3 1.1294303382303218e+38
2024.82 1.128158697472366e+38
2025.35 1.0910634452679064e+38
2025.88 7.921223727646165e+37
2026.4 1.0425219263623341e+38
2026.93 1.1275045700484616e+38
2027.45 1.1241063703666095e+38
2027.98 1.0862029879403878e+38
2028.5 9.267391632894807e+37
2029.03 1.1219526103397984e+38
2029.55 1.1199482229603554e+38
2030.08 8.338430774232664e+37
2030.61 1.1223852400476914e+38
2031.13 1.0844388306182053e+38
2031.66 1.1070883607196105e+38
2032.19 8.994601666650023e+37
2032.71 1.0231371248885034e+38
2033.24 1.1161097549941485e+38
2033.77 7.469841579775885e+37
2034.29 1.0162334047847434e+38
2034.82 9.16648134290349e+37
2035.35 5.1653911846988e+37
2035.88 8.334156762056428e+37
2036.4 1.0976869893171319e+38
2036.93 1.1066425006807948e+38
2037.46 6.655139475618957e+37
2037.99 5.173858328284438e+37
2038.52 1.109923933094963e+38
2039.04 1.0651378765870528e+38
2039.57 6.023578810039847e+37
2040.1 5.232207723370696e+37
2040.63 9.949332140346445e+37
2041.16 5.252628306513404e+37
2041.69 1.105848623129383e+38
2042.22 1.105082749025786e+38
2042.74 1.0583193486509097e+38
2043.28 1.1037788588890413e+38
2043.8 1.0726796994219123e+38
2044.33 1.101043069268643e+38
2044.86 7.27217688121533e+37
2045.39 9.615656126423797e+37
2045.92 1.096303782262174e+38
2046.45 5.314263249645969e+37
2046.98 1.0967558887168853e+38
2047.52 8.15648774269942e+37
2048.05 1.078085113563582e+38
2048.58 1.0956499198681548e+38
2049.11 1.0765214459294352e+38
2049.64 9.164550087223269e+37
2050.17 7.898295252707235e+37
2050.7 1.0990845095413199e+38
2051.23 1.0505995345777538e+38
2051.76 9.806916074427825e+37
2052.3 1.099312767797014e+38
2052.83 9.000384122625956e+37
2053.36 1.0238100116905128e+38
2053.89 1.0912840597383012e+38
2054.43 1.095563179537414e+38
2054.96 1.0911635138490526e+38
2055.49 1.0868313339707763e+38
2056.02 1.0895992078941558e+38
2056.55 5.231787935732904e+37
2057.09 1.086352352849655e+38
2057.62 5.825716836668759e+37
2058.16 1.0348122190445555e+38
2058.69 8.044857142490571e+37
2059.22 4.656707165316848e+37
2059.76 8.32582070022216e+37
2060.29 4.864000392998558e+37
2060.82 1.0836580437870125e+38
2061.36 1.0231894071045123e+38
2061.89 1.0524666840200987e+38
2062.43 4.677467956356549e+37
2062.96 1.083594193491924e+38
2063.5 1.074994618904786e+38
2064.03 9.94721822014419e+37
2064.56 1.0646054132393729e+38
2065.1 1.0404783483249916e+38
2065.64 9.278053980328065e+37
2066.17 1.075583016124496e+38
2066.71 1.0710939539805589e+38
2067.24 1.0609947787357326e+38
2067.78 1.0699997704656886e+38
2068.31 1.0765489924715295e+38
2068.85 5.787329078429182e+37
2069.39 1.0631602979462941e+38
2069.92 1.075146419870631e+38
2070.46 1.0128202982180288e+38
2071.0 1.0647371447471481e+38
2071.53 9.875889944853583e+37
2072.07 1.053892253096438e+38
2072.61 1.0441006059883618e+38
2073.14 1.0637726101853715e+38
2073.68 1.0704556733798677e+38
2074.22 1.067618724935267e+38
2074.76 1.0237460003246806e+38
2075.29 1.0681356778703942e+38
2075.83 9.658186910951945e+37
2076.37 1.0259604397397819e+38
2076.91 8.073379112887444e+37
2077.45 1.0605734359341123e+38
2077.98 8.489168627099535e+37
2078.52 9.454189424311031e+37
2079.06 9.716559382803284e+37
2079.6 5.986207602206558e+37
2080.14 1.0474993994424549e+38
2080.68 1.0602085420431932e+38
2081.22 1.0592886503760463e+38
2081.76 1.0027208744221267e+38
2082.3 1.05566225378355e+38
2082.84 1.056763834508998e+38
2083.38 1.0058800067275765e+38
2083.92 1.0192102900954964e+38
2084.46 1.0554544750247578e+38
2085.0 4.593387993266982e+37
2085.54 6.975331405329693e+37
2086.08 1.0482337976995259e+38
2086.62 1.0210269116604017e+38
2087.16 1.0418505990563448e+38
2087.7 5.617215515136456e+37
2088.24 1.0355232763858395e+38
2088.78 1.029394053819466e+38
2089.32 6.131592945381546e+37
2089.87 8.3028011006031e+37
2090.41 1.046222581750592e+38
2090.95 5.397300447223969e+37
2091.49 1.042526685364435e+38
2092.03 5.018075208857913e+37
2092.57 9.216146893036803e+37
2093.12 1.0406988573318934e+38
2093.66 5.396626129764639e+37
2094.2 6.389751150350808e+37
2094.75 9.50241961323709e+37
2095.29 1.0309717386913848e+38
2095.83 6.591992126262917e+37
2096.38 6.362507152932392e+37
2096.92 9.717558406408951e+37
2097.46 1.0353366745468809e+38
2098.0 6.302759463149705e+37
2098.55 6.493559048013966e+37
2099.09 1.0318548898754975e+38
2099.64 9.991498596161202e+37
2100.18 1.022526020381181e+38
2100.73 9.699709169211415e+37
2101.27 1.019679145680626e+38
2101.81 9.338713594181318e+37
2102.36 1.026467100483581e+38
2102.9 1.0204079801846446e+38
2103.45 8.42338863449059e+37
2103.99 8.639965769554206e+37
2104.54 4.636885371907477e+37
2105.08 1.024945185474493e+38
2105.63 6.524270355556907e+37
2106.18 9.742668386825645e+37
2106.72 9.833986172022212e+37
2107.27 1.0224566020110029e+38
2107.81 9.131901557667139e+37
2108.36 9.177015744570544e+37
2108.91 7.981434282016165e+37
2109.45 8.618832103169341e+37
2110.0 1.0184413693337596e+38
2110.55 1.0161569460339607e+38
2111.09 1.0123719640759678e+38
2111.64 1.0025954316915508e+38
2112.19 1.008796169643618e+38
2112.74 1.00366568013196e+38
2113.28 9.764754454128255e+37
2113.83 1.0066372159291038e+38
2114.38 8.157596573049332e+37
2114.93 8.450106244949517e+37
2115.48 8.81429177552991e+37
2116.02 1.0109066106887183e+38
2116.57 1.0100362760353697e+38
2117.12 8.40976679698502e+37
2117.67 1.0051582348820164e+38
2118.22 7.900037772037737e+37
2118.77 1.0029546375288841e+38
2119.32 6.8249574313432715e+37
2119.87 1.0049897404543511e+38
2120.42 9.360296974665116e+37
2120.97 7.441338434182374e+37
2121.51 9.541168571765517e+37
2122.06 9.389343701477243e+37
2122.61 9.993190035993073e+37
2123.17 8.660650890612352e+37
2123.72 9.858614673712038e+37
2124.26 5.845836190421598e+37
2124.82 8.679315790541055e+37
2125.37 9.732781693211568e+37
2125.92 8.842464351524882e+37
2126.47 9.96950804460879e+37
2127.02 9.965025621122708e+37
2127.57 9.920024593554495e+37
2128.12 7.708065163620047e+37
2128.67 9.817188887608382e+37
2129.23 9.785783558159666e+37
2129.78 9.88884129622676e+37
2130.33 7.451768337350997e+37
2130.88 9.872130229355927e+37
2131.43 9.549257970512155e+37
2131.99 9.844648735850464e+37
2132.54 9.24863126289199e+37
2133.09 9.85622536276052e+37
2133.65 9.824614411767195e+37
2134.2 9.818085032102573e+37
2134.75 9.79322277946658e+37
2135.3 9.798964340302162e+37
2135.86 9.77073457976162e+37
2136.41 9.815448837233741e+37
2136.97 6.889129876957405e+37
2137.52 9.591414644883043e+37
2138.07 5.641764163170917e+37
2138.63 8.83925401081481e+37
2139.18 9.75628210218968e+37
2139.74 9.427364788370833e+37
2140.29 9.50705879313957e+37
2140.84 9.764201141433507e+37
2141.4 9.05234142860908e+37
2141.96 8.303732008274316e+37
2142.51 9.688279747858108e+37
2143.06 9.60895185235892e+37
2143.62 8.465773045982815e+37
2144.18 5.521265186510009e+37
2144.73 9.444545966230005e+37
2145.29 9.03838833941166e+37
2145.84 9.712302648517139e+37
2146.4 9.04477582874529e+37
2146.96 7.408471493607654e+37
2147.51 9.697381042534206e+37
2148.07 9.659960263342174e+37
2148.63 6.64442081874249e+37
2149.18 9.227448684428817e+37
2149.74 9.643307576360908e+37
2150.3 9.264021486187708e+37
2150.85 9.654344957360768e+37
2151.41 9.346105090505613e+37
2151.97 9.649573898454479e+37
2152.53 5.265943868022751e+37
2153.08 9.396542017302454e+37
2153.64 9.615780667863202e+37
2154.2 9.623609249072825e+37
2154.76 9.403407603964757e+37
2155.32 9.451678321575068e+37
2155.88 9.604071008685631e+37
2156.44 9.49100971236879e+37
2156.99 9.362193313840043e+37
2157.55 9.57643628362741e+37
2158.11 9.545354956731786e+37
2158.67 9.045554107847593e+37
2159.23 6.174947988509941e+37
2159.79 9.339814210242289e+37
2160.35 9.311162596729308e+37
2160.91 9.51548283184394e+37
2161.47 9.34161433180182e+37
2162.03 6.542601911710063e+37
2162.59 8.55386798336958e+37
2163.15 9.47793089452232e+37
2163.71 7.8540928826882e+37
2164.27 9.477701377467827e+37
2164.83 9.256246202397946e+37
2165.4 9.4666818456114e+37
2165.96 8.556683646144554e+37
2166.52 9.444445645555683e+37
2167.08 9.31923454091118e+37
2167.64 5.167382478784637e+37
2168.2 9.428496995035564e+37
2168.76 8.457617299924702e+37
2169.33 9.367577188752807e+37
2169.89 9.351526325028357e+37
2170.45 7.818389408004799e+37
2171.01 9.389649603009544e+37
2171.58 8.66050656017584e+37
2172.14 9.3826818240372e+37
2172.7 9.30656254129132e+37
2173.27 9.370788435726614e+37
2173.83 9.240884178464167e+37
2174.39 8.785535495765528e+37
2174.96 8.938909014250842e+37
2175.52 9.070342731796776e+37
2176.08 9.228724939792134e+37
2176.65 9.27883378674849e+37
2177.21 9.289932765319988e+37
2177.78 9.218103180814276e+37
2178.34 9.286947618009045e+37
2178.91 9.299531651418645e+37
2179.47 9.096033903076629e+37
2180.03 8.782020717338127e+37
2180.6 9.231292805272757e+37
2181.17 5.422668323664175e+37
2181.73 9.258553451967163e+37
2182.3 9.2530789914563e+37
2182.86 9.141511376787608e+37
2183.43 8.390529342211172e+37
2183.99 9.232900787115578e+37
2184.56 8.661596899994026e+37
2185.12 9.213271080088449e+37
2185.69 7.526102885495255e+37
2186.26 7.940111400440404e+37
2186.82 9.180585213202274e+37
2187.39 8.520977288747806e+37
2187.96 9.166564024383593e+37
2188.53 8.543417998816919e+37
2189.09 9.07804675155617e+37
2189.66 9.093978490507723e+37
2190.23 9.171410657655033e+37
2190.79 7.829352317061365e+37
2191.36 8.367856519802703e+37
2191.93 7.090207350682509e+37
2192.5 9.153923201150696e+37
2193.07 9.113676767598793e+37
2193.64 8.97712581410233e+37
2194.21 8.754820839918902e+37
2194.77 9.134655443124203e+37
2195.34 9.038631261243612e+37
2195.91 9.090855649392795e+37
2196.48 8.409074631482755e+37
2197.05 9.081970678837684e+37
2197.62 9.09098909576123e+37
2198.19 9.063981303427534e+37
2198.76 9.064226664035406e+37
2199.33 7.583189953577391e+37
2199.9 8.930421438384417e+37
2200.47 9.061343657154157e+37
2201.04 8.949590092754676e+37
2201.61 8.873335997297764e+37
2202.18 8.465046915410157e+37
2202.75 8.839839613923251e+37
2203.32 8.976778903072113e+37
2203.89 7.594260806885131e+37
2204.46 8.119695287008256e+37
2205.03 8.938900791500678e+37
2205.61 8.991513141402873e+37
2206.18 8.925998541818983e+37
2206.75 8.902532625071458e+37
2207.32 8.813403586222475e+37
2207.89 8.959073916640042e+37
2208.47 8.813511517169984e+37
2209.04 8.869157857528143e+37
2209.61 5.02992945870871e+37
2210.18 8.923482492013406e+37
2210.76 7.533380409036589e+37
2211.33 8.665439414317724e+37
2211.9 8.713041394788065e+37
2212.48 8.878058856267328e+37
2213.05 8.434455657712397e+37
2213.62 8.874950074251945e+37
2214.2 8.867142304029928e+37
2214.77 8.750122519729663e+37
2215.34 7.882289921101974e+37
2215.92 7.691175310710821e+37
2216.49 8.476903607910058e+37
2217.07 8.626323823438886e+37
2217.64 8.771233787463545e+37
2218.22 7.351225761769417e+37
2218.79 8.583987898399574e+37
2219.37 7.922489341378995e+37
2219.94 8.785181443929779e+37
2220.52 8.728858993771217e+37
2221.09 8.44550649057663e+37
2221.67 8.750035689302301e+37
2222.25 8.768522649311065e+37
2222.82 8.673633767085072e+37
2223.4 8.746594081586217e+37
2223.97 8.739716542212987e+37
2224.55 8.73564118663736e+37
2225.13 8.67582980902071e+37
2225.7 8.468694872928418e+37
2226.28 8.705325244311585e+37
2226.86 8.71872433623316e+37
2227.43 6.879913656521217e+37
2228.01 8.360362362864912e+37
2228.59 7.892743572378111e+37
2229.17 8.189589104820895e+37
2229.74 8.679321150524303e+37
2230.32 8.572091783582102e+37
2230.9 8.623511887357288e+37
2231.48 8.689489762361156e+37
2232.06 8.664075934384269e+37
2232.64 8.615150352528635e+37
2233.21 7.608661955847407e+37
2233.79 8.603568670190192e+37
2234.37 7.2804769671903e+37
2234.95 8.626541174247932e+37
2235.53 8.654599918239466e+37
2236.11 8.650555921143788e+37
2236.69 6.269116292126414e+37
2237.27 8.633841001807448e+37
2237.85 8.597823665946897e+37
2238.43 7.990046260867898e+37
2239.01 7.943167805163097e+37
2239.59 8.60168102647248e+37
2240.17 8.480537653765985e+37
2240.75 8.588374482359062e+37
2241.33 8.578498556986682e+37
2241.91 8.570973057187788e+37
2242.49 8.519267540533693e+37
2243.07 8.551831434823346e+37
2243.66 8.546065936830196e+37
2244.24 8.264466748202484e+37
2244.82 6.73039464075794e+37
2245.4 8.478945208312893e+37
2245.98 8.520046896598002e+37
2246.56 8.335544430495516e+37
2247.15 8.499731327014158e+37
2247.73 8.492565227957321e+37
2248.31 8.039578408262358e+37
2248.89 8.420983116636364e+37
2249.48 8.41743234648899e+37
2250.06 8.466139474226303e+37
2250.64 8.413442207165554e+37
2251.23 8.4521435324928595e+37
2251.81 8.055588345171724e+37
2252.39 8.379543162209832e+37
2252.98 6.864213391464222e+37
2253.56 7.9795681802765515e+37
2254.15 8.422249403792851e+37
2254.73 8.389211836347602e+37
2255.31 8.409567196543942e+37
2255.9 8.342424664716519e+37
2256.48 8.198261769927468e+37
2257.07 8.377953061639367e+37
2257.65 8.370241901256025e+37
2258.24 6.865077041819296e+37
2258.82 8.192913648004697e+37
2259.41 7.962503944263045e+37
2260.0 8.344170050506441e+37
2260.58 8.248051251818011e+37
2261.17 7.705222492337415e+37
2261.75 8.345370267711508e+37
2262.34 5.368523176305182e+37
2262.93 8.334137962379179e+37
2263.51 8.196008039219006e+37
2264.1 8.255297893445897e+37
2264.69 8.319003366169546e+37
2265.27 8.192681175454792e+37
2265.86 8.070882233325516e+37
2266.45 8.300295477065863e+37
2267.03 8.285244181675818e+37
2267.62 8.294189119885725e+37
2268.21 6.823771093254401e+37
2268.8 8.265669247219412e+37
2269.39 8.276105904771338e+37
2269.97 8.184484985653446e+37
2270.56 8.267018613956066e+37
2271.15 8.256375625503399e+37
2271.74 8.214248830825926e+37
2272.33 8.139637272668744e+37
2272.92 8.2395281295765035e+37
2273.51 8.239989433155973e+37
2274.09 7.1065729327352695e+37
2274.68 8.229086749477991e+37
2275.27 8.225608909271648e+37
2275.86 8.09740719833809e+37
2276.45 8.159890318902677e+37
2277.04 7.4619982488701405e+37
2277.63 7.390927913674273e+37
2278.22 7.30588708117231e+37
2278.81 8.195220279231732e+37
2279.41 7.988900290233871e+37
2280.0 8.1590432048734545e+37
2280.59 8.084599067519683e+37
2281.18 8.164073477914628e+37
2281.77 8.132039703607593e+37
2282.36 8.16292510376592e+37
2282.95 8.143870896817347e+37
2283.54 8.15118720926673e+37
2284.14 8.106272419512897e+37
2284.73 8.091212762272079e+37
2285.32 8.02573457348925e+37
2285.91 8.129057562765247e+37
2286.5 8.118768278486593e+37
2287.1 7.979296798742015e+37
2287.69 6.6085619993731635e+37
2288.28 8.012453536908381e+37
2288.88 8.090111352375496e+37
2289.47 8.080059559448111e+37
2290.06 7.776464223629702e+37
2290.66 8.050483094828402e+37
2291.25 7.849059709052978e+37
2291.84 8.041326586131417e+37
2292.44 7.792618628413204e+37
2293.03 8.000411774727989e+37
2293.63 7.840320418611927e+37
2294.22 7.943932317582497e+37
2294.81 7.815522990699297e+37
2295.41 7.882274152599914e+37
2296.0 7.852953287978558e+37
2296.6 5.978153498593662e+37
2297.2 7.393973074416579e+37
2297.79 4.426648758774741e+37
2298.39 8.0516663472902715e+37
2298.98 7.784619433994675e+37
2299.58 7.721600360340598e+37
2300.17 7.976663197124412e+37
2300.77 7.829580144470143e+37
2301.37 7.933651154798943e+37
2301.96 7.953834073104709e+37
2302.56 7.898471995892297e+37
2303.16 7.816515101945414e+37
2303.75 6.878073629747799e+37
2304.35 7.919634357353491e+37
2304.95 7.909579758385926e+37
2305.54 7.901497105031353e+37
2306.14 7.901917976671797e+37
2306.74 7.786826051649523e+37
2307.34 7.168225779836963e+37
2307.94 7.864105592453649e+37
2308.53 7.815928062320766e+37
2309.13 7.845875032567791e+37
2309.73 7.862270947627654e+37
2310.33 7.852880970423467e+37
2310.93 7.82885595159457e+37
2311.53 7.821440055786168e+37
2312.13 7.821867078510796e+37
2312.73 7.801482492750603e+37
2313.32 7.521926509344262e+37
2313.93 6.670676646911969e+37
2314.52 7.733025653586638e+37
2315.12 7.797618122986946e+37
2315.72 7.780601610411658e+37
2316.32 6.373869449292205e+37
2316.93 7.457262530125857e+37
2317.52 7.511236018624111e+37
2318.13 7.659904161271127e+37
2318.73 7.674355744988353e+37
2319.33 7.703662564076985e+37
2319.93 5.109325598095555e+37
2320.53 7.674780909045276e+37
2321.13 7.692846311488954e+37
2321.73 7.687461904248047e+37
2322.33 7.000063210304532e+37
2322.94 6.408358264308425e+37
2323.54 7.6403149229837915e+37
2324.14 7.628508231471349e+37
2324.74 7.44161256331695e+37
2325.35 7.611835140732575e+37
2325.95 7.60445005566782e+37
2326.55 7.487175435307413e+37
2327.16 7.5643449087472e+37
2327.76 7.050226614683439e+37
2328.36 6.283191781041565e+37
2328.97 7.610833298953947e+37
2329.57 7.610548703331719e+37
2330.17 7.577580506192862e+37
2330.78 7.44511736377195e+37
2331.38 7.413714027290973e+37
2331.98 6.169770357234418e+37
2332.59 7.58594084662315e+37
2333.19 6.054241813019189e+37
2333.8 7.387340230455899e+37
2334.4 7.551142099228337e+37
2335.01 7.321504762911055e+37
2335.61 7.538900247858068e+37
2336.22 7.576998933507012e+37
2336.82 7.5739473348369985e+37
2337.43 6.482596285417955e+37
2338.03 7.560286715981805e+37
2338.64 6.988311062660094e+37
2339.25 7.138945968115258e+37
2339.85 7.31380726305923e+37
2340.46 7.411237878150883e+37
2341.07 6.87109951298439e+37
2341.67 7.46265040964504e+37
2342.28 7.498476476453626e+37
2342.89 7.5038317049176245e+37
2343.5 7.481543695573094e+37
2344.1 7.290934836295852e+37
2344.71 7.337107056221163e+37
2345.32 7.460283560833679e+37
2345.93 7.376074006027772e+37
2346.53 7.47825458955539e+37
2347.14 7.438913949392726e+37
2347.75 6.503179791537021e+37
2348.36 7.395968216420024e+37
2348.97 7.056963622218786e+37
2349.58 7.455085559569982e+37
2350.19 7.451936352616529e+37
2350.79 7.438199195156673e+37
2351.4 7.435596245242261e+37
2352.01 7.31543391551602e+37
2352.62 7.438412151991249e+37
2353.23 7.082584788704034e+37
2353.84 7.433785206391117e+37
2354.45 6.535413126101619e+37
2355.06 7.209587614252934e+37
2355.67 7.291660738289951e+37
2356.28 7.40985324156856e+37
2356.89 7.362664641418373e+37
2357.5 7.39632901929483e+37
2358.12 7.2823032699243155e+37
2358.73 7.2109757735480795e+37
2359.34 7.373838458387658e+37
2359.95 7.25884221943074e+37
2360.56 7.330480884136759e+37
2361.17 7.260241984695562e+37
2361.78 7.308882607965409e+37
2362.4 7.289805921227236e+37
2363.01 7.240775636348803e+37
2363.62 7.260087075718283e+37
2364.24 7.096423637653064e+37
2364.85 7.309888791561346e+37
2365.46 7.14916443539983e+37
2366.07 7.12759530182817e+37
2366.69 6.606482738391498e+37
2367.3 7.157581582304963e+37
2367.91 7.278871591782358e+37
2368.53 7.277943124968868e+37
2369.14 7.2597923274147195e+37
2369.76 7.187374827242154e+37
2370.37 7.257311553108749e+37
2370.98 7.049661445882102e+37
2371.6 6.361845331497501e+37
2372.21 7.24546922807882e+37
2372.83 7.236316863281853e+37
2373.44 7.219085235908331e+37
2374.06 7.233629806472938e+37
2374.67 5.781857428424238e+37
2375.29 7.2269617771301635e+37
2375.91 7.019345066113452e+37
2376.52 7.172438709463112e+37
2377.14 6.44526750797322e+37
2377.75 7.201729051612225e+37
2378.37 7.194343328617153e+37
2378.99 7.15576584430204e+37
2379.6 7.164677298729533e+37
2380.22 7.166394321310214e+37
2380.83 7.046284444243384e+37
2381.45 6.97054989980945e+37
2382.07 7.15307712722763e+37
2382.69 6.646604100969108e+37
2383.3 7.073257390041321e+37
2383.92 6.915586128073935e+37
2384.54 7.1186682938985865e+37
2385.16 6.71826729091222e+37
2385.78 7.043018157522111e+37
2386.4 6.856128129741855e+37
2387.01 6.417759994467625e+37
2387.63 7.106416328821333e+37
2388.25 7.093376939900463e+37
2388.87 7.082752834164267e+37
2389.49 6.927369680130517e+37
2390.11 6.753592181045319e+37
2390.73 7.088431174788315e+37
2391.35 7.080862587832175e+37
2391.97 7.0447033808314e+37
2392.59 7.076842955251152e+37
2393.21 7.055786998953701e+37
2393.83 7.070419236509878e+37
2394.45 6.824809828777851e+37
2395.07 7.05644582258901e+37
2395.69 7.025209384400916e+37
2396.31 6.50448798943047e+37
2396.93 7.030019271968312e+37
2397.55 6.795862535481066e+37
2398.17 7.027154281658e+37
2398.79 6.547225417792492e+37
2399.42 6.951785878872441e+37
2400.04 6.745984806509226e+37
2400.66 6.940891930010463e+37
2401.28 7.000380319838415e+37
2401.91 6.9770181319932155e+37
2402.53 6.659290354873859e+37
2403.15 6.3404925912370275e+37
2403.77 6.964025497424645e+37
2404.4 6.463116545266047e+37
2405.02 6.9358502712422785e+37
2405.64 6.460760571299389e+37
2406.27 6.951669976338117e+37
2406.89 6.930543406872677e+37
2407.51 6.827742573451982e+37
2408.14 6.82855465815756e+37
2408.76 6.689905132870857e+37
2409.39 6.891521488205298e+37
2410.01 6.274514741112964e+37
2410.64 6.921132034641187e+37
2411.26 6.535448329658269e+37
2411.89 6.74891199021555e+37
2412.51 6.90110073625557e+37
2413.14 6.892191154300869e+37
2413.76 6.889084684416626e+37
2414.39 6.743508061746844e+37
2415.01 6.88882899276137e+37
2415.64 6.8778986092429645e+37
2416.26 6.882933704285663e+37
2416.89 6.6936432070451355e+37
2417.52 6.842868584210623e+37
2418.14 6.871133077810161e+37
2418.77 6.859916788346996e+37
2419.4 4.98808197611094e+37
2420.02 6.859661272534667e+37
2420.65 6.840679572734295e+37
2421.28 6.749813386364493e+37
2421.91 6.754128399347536e+37
2422.53 6.843107613320456e+37
2423.16 6.828979043062889e+37
2423.79 6.73474344627059e+37
2424.42 6.400303316108692e+37
2425.05 6.745976194309873e+37
2425.68 6.823253554014792e+37
2426.3 6.795646915557018e+37
2426.93 6.800295588250261e+37
2427.56 6.805577136725673e+37
2428.19 6.798671684673057e+37
2428.82 6.78834176474658e+37
2429.45 6.56842946967091e+37
2430.08 6.687998812117953e+37
2430.71 6.667811027981825e+37
2431.34 6.769706981985652e+37
2431.97 6.411730555072677e+37
2432.6 6.757672525419889e+37
2433.23 6.748028220587467e+37
2433.86 6.430273690155419e+37
2434.49 6.72432442550012e+37
2435.12 6.682564592631931e+37
2435.75 6.588712786181185e+37
2436.39 6.724856681016272e+37
2437.02 6.695875700277875e+37
2437.65 6.710688238170694e+37
2438.28 6.651134536557017e+37
2438.91 4.813090204575572e+37
2439.54 6.700833235915619e+37
2440.18 6.656044771866141e+37
2440.81 6.569134547361689e+37
2441.44 6.618345245801926e+37
2442.07 6.627102214048069e+37
2442.71 6.691195993948191e+37
2443.34 6.686193917070481e+37
2443.97 6.649202083511009e+37
2444.61 6.676360076142151e+37
2445.24 6.401901321119396e+37
2445.88 6.594150873684007e+37
2446.51 6.536087318960337e+37
2447.14 6.580552047745822e+37
2447.78 6.632264452910091e+37
2448.41 6.574607889798496e+37
2449.05 5.919678611318431e+37
2449.68 6.638905047242547e+37
2450.32 6.097541585272684e+37
2450.95 6.577255175036065e+37
2451.59 6.620775990072315e+37
2452.22 6.609502930630189e+37
2452.86 6.608019271103807e+37
2453.49 6.605778905703779e+37
2454.13 6.600084141307453e+37
2454.76 6.572986036946109e+37
2455.4 6.503121718295624e+37
2456.04 6.56913653651923e+37
2456.67 6.541418829816527e+37
2457.31 6.405279303629094e+37
2457.95 6.56963324878961e+37
2458.58 6.5352203389721095e+37
2459.22 6.559957763083364e+37
2459.86 6.514332304738688e+37
2460.5 6.468438705603345e+37
2461.14 6.414114731861891e+37
2461.77 6.119590359227583e+37
2462.41 6.496781869781385e+37
2463.05 6.508922336017437e+37
2463.69 5.975361312193061e+37
2464.33 6.5196146163256705e+37
2464.96 6.514584518844436e+37
2465.6 6.407344620928577e+37
2466.24 6.501734488136882e+37
2466.88 6.493622592644871e+37
2467.52 6.348802936743351e+37
2468.16 6.451261464779121e+37
2468.8 6.479946242931842e+37
2469.44 6.475980763029982e+37
2470.08 6.417939014021979e+37
2470.72 6.458649363874481e+37
2471.36 6.352624830083392e+37
2472.0 6.444289780567984e+37
2472.64 6.376666525392194e+37
2473.28 6.148499955377921e+37
2473.92 6.412891049988669e+37
2474.56 6.413629826920667e+37
2475.21 6.424298848635534e+37
2475.85 6.350529765392987e+37
2476.49 6.418915184522402e+37
2477.13 6.406966969910895e+37
2477.77 6.412223398568644e+37
2478.42 6.366102735458629e+37
2479.06 6.353758598496537e+37
2479.7 6.392015663592864e+37
2480.34 6.394784667665566e+37
2480.99 6.297690418398904e+37
2481.63 6.27582915520603e+37
2482.27 6.08702317802714e+37
2482.92 6.247659753333446e+37
2483.56 6.336781727580777e+37
2484.2 6.34255283208348e+37
2484.85 6.313780682407209e+37
2485.49 6.344868325048741e+37
2486.14 6.354838398331011e+37
2486.78 6.349785740232495e+37
2487.42 6.351524294907959e+37
2488.07 6.327460873468994e+37
2488.71 6.000961510795931e+37
2489.36 6.332219604953118e+37
2490.0 6.326752968380433e+37
2490.65 6.280898389515215e+37
2491.29 6.306224229800159e+37
2491.94 6.305368200389004e+37
2492.59 6.3066656646970215e+37
2493.23 6.27678390078727e+37
2493.88 6.069816201579428e+37
2494.52 6.280307386560625e+37
2495.17 6.287731429557464e+37
2495.82 6.285203265681375e+37
2496.47 6.2691166806375685e+37
2497.11 6.269008755485402e+37
2497.76 6.012293312843152e+37
2498.41 6.260248328767718e+37
2499.05 6.163406871824875e+37
2499.7 6.061456472464839e+37
