WAVE FLUX
1000.04 5.695738471763477e+38
1000.53 4.083728711222608e+38
1001.02 2.417566708251362e+38
1001.51 5.502661810522769e+38
1002.01 4.618560974835421e+38
1002.5 3.804735611706073e+38
1002.99 4.014501502036526e+38
1003.48 5.714934433670685e+38
1003.97 5.558419774402381e+38
1004.46 5.6966457373481676e+38
1004.96 5.6496628781341235e+38
1005.45 3.1051963478219636e+38
1005.94 1.5400620717726789e+38
1006.43 5.373897562281466e+38
1006.93 2.886241566146268e+38
1007.42 5.5216781923096165e+38
1007.92 5.030510974115855e+38
1008.41 5.172547476386757e+38
1008.91 3.072176340034031e+38
1009.4 5.5330777017461845e+38
1009.9 1.1972512731386857e+38
1010.39 1.6989459439432869e+38
1010.89 5.577282682965484e+38
1011.38 5.248047723312803e+38
1011.88 5.490326443121614e+38
1012.37 1.650455723335277e+38
1012.87 3.0578262521289927e+38
1013.37 5.440287954130223e+38
1013.86 5.407979521799199e+38
1014.36 5.403302027798505e+38
1014.86 5.177223480968928e+38
1015.36 5.433125603390564e+38
1015.85 4.055006927196988e+38
1016.35 3.5569083367454776e+38
1016.85 5.423854803572227e+38
1017.35 3.3943194113006675e+38
1017.85 4.827366038164055e+38
1018.35 1.1749641993884868e+38
1018.85 5.4586536059176696e+38
1019.35 4.259825233593622e+38
1019.85 1.516306414179933e+38
1020.35 4.853597207607802e+38
1020.85 5.2719804235119386e+38
1021.35 4.688199102311275e+38
1021.85 5.279512576715353e+38
1022.35 5.563219132709064e+38
1022.85 2.0017594167579432e+38
1023.35 5.556903998507541e+38
1023.85 5.364418157419447e+38
1024.35 5.298290143776181e+38
1024.86 4.818686572363012e+38
1025.36 2.0620814370062837e+38
1025.86 1.981999627245563e+37
1026.37 2.5564406579280695e+38
1026.87 2.06577725730139e+38
1027.37 3.954458191545624e+38
1027.88 4.257286057551872e+38
1028.38 3.601462022542757e+38
1028.89 4.2762713136132345e+38
1029.39 3.8142168277510384e+38
1029.9 1.690663956180034e+38
1030.4 3.3912440586825357e+38
1030.91 1.1142094759750776e+38
1031.41 2.9971883189095792e+38
1031.92 3.930615617975787e+38
1032.42 3.3182528793957693e+38
1032.93 4.631463833018929e+38
1033.44 2.9224448116862226e+38
1033.94 1.544292858995073e+38
1034.45 3.3150940230453704e+38
1034.96 3.58354611920059e+38
1035.46 1.1116888529100182e+38
1035.97 2.7324607451687337e+38
1036.48 3.325183987547255e+38
1036.99 1.2243084924854038e+38
1037.5 2.323137602945829e+38
1038.01 3.4394792062953345e+38
1038.51 5.39631327970636e+38
1039.02 4.754291090619912e+38
1039.53 3.75579872997637e+38
1040.04 4.050185893976486e+38
1040.55 3.96663941867948e+38
1041.06 5.405562563134117e+38
1041.57 4.711000892696695e+38
1042.08 5.2911450213559924e+38
1042.59 5.058381005831774e+38
1043.11 5.392151424709177e+38
1043.62 5.313882256560965e+38
1044.13 5.346056634705334e+38
1044.64 5.091666109548083e+38
1045.15 4.768166389712796e+38
1045.67 5.0926276814383975e+38
1046.18 4.8119929017421316e+38
1046.69 5.239831995056537e+38
1047.2 5.247397859161577e+38
1047.72 5.282014224208467e+38
1048.23 5.2300758474374445e+38
1048.75 5.321673995419877e+38
1049.26 5.230105936727628e+38
1049.78 4.790947299551778e+38
1050.29 5.139079182396454e+38
1050.81 4.6118783583611754e+38
1051.32 3.561100034434679e+38
1051.83 5.154746241398674e+38
1052.35 4.677666901978362e+38
1052.87 4.579839560460724e+38
1053.38 5.1020153430259005e+38
1053.9 5.193633530595488e+38
1054.42 5.2089708677244405e+38
1054.93 5.256993680813117e+38
1055.45 1.7146993150154738e+38
1055.97 4.705484635124607e+38
1056.49 5.147353806244523e+38
1057.01 5.115104652350569e+38
1057.52 4.014648696556024e+38
1058.04 5.174824468248537e+38
1058.56 3.23222661287303e+38
1059.08 3.7812210982447765e+38
1059.6 5.048386327585963e+38
1060.12 3.3047005622730588e+38
1060.64 4.727118539108821e+38
1061.16 1.4865252519610485e+38
1061.68 1.1397909082396956e+38
1062.2 3.9984372070993515e+38
1062.72 9.608960495253502e+37
1063.24 2.4353819160902623e+38
1063.76 5.06320370694953e+38
1064.28 4.2386928945864635e+38
1064.81 5.033945892548518e+38
1065.33 5.0770568708569185e+38
1065.85 1.9703830482898987e+38
1066.37 4.476949953714228e+38
1066.9 5.1076319408551355e+38
1067.42 4.200860171638986e+38
1067.94 3.947639234689574e+38
1068.47 4.44938614671936e+38
1068.99 1.1657650588751026e+38
1069.52 3.137354429130556e+38
1070.04 4.681758603370954e+38
1070.56 1.4467522473658557e+38
1071.09 4.89918997565007e+38
1071.61 4.91571207545159e+38
1072.14 3.753087167873953e+38
1072.67 4.4381885954294444e+38
1073.19 4.56680063998959e+38
1073.72 3.490283426111582e+38
1074.24 4.181525881202235e+38
1074.77 4.734490672397366e+38
1075.3 4.5041424688655566e+38
1075.82 4.8905177425013736e+38
1076.35 4.793695767715987e+38
1076.88 4.9164709153688114e+38
1077.41 4.971822098235282e+38
1077.94 3.523711128859968e+38
1078.47 4.94946073892994e+38
1078.99 4.872525961628534e+38
1079.52 3.4221233735278056e+38
1080.05 4.867622272754851e+38
1080.58 4.88956073606006e+38
1081.11 4.8411456887374026e+38
1081.64 4.907650907284167e+38
1082.17 4.894872841163863e+38
1082.7 4.72099035310636e+38
1083.23 1.857350960359532e+38
1083.77 4.328188359723654e+38
1084.3 4.553150778696636e+38
1084.83 2.7085312796761032e+38
1085.36 4.409696938030948e+38
1085.89 4.3540675349477064e+38
1086.43 3.801834865336321e+38
1086.96 4.638045449718533e+38
1087.49 4.680633409715113e+38
1088.02 2.3708996369214984e+38
1088.56 4.229448752217013e+38
1089.09 1.4567345881668428e+38
1089.63 1.153306198714976e+38
1090.16 3.3919040891854217e+38
1090.69 4.5851114758165546e+38
1091.23 4.730724372848905e+38
1091.77 4.0620420574490495e+38
1092.3 4.3423912085684196e+38
1092.84 4.622498634213928e+38
1093.37 2.513983793870944e+38
1093.91 4.8319814611320005e+38
1094.44 4.698040066630058e+38
1094.98 4.794547267211713e+38
1095.52 1.6399272499956026e+38
1096.06 3.786786991600347e+38
1096.59 1.0631725721507004e+38
1097.13 4.752830497635997e+38
1097.67 1.1839720634028872e+38
1098.21 1.4170797867688631e+38
1098.74 4.714900929397941e+38
1099.28 4.729893876198871e+38
1099.82 4.178345853815977e+38
1100.36 4.754403926850858e+38
1100.9 4.782772030204758e+38
1101.44 3.7139031043654716e+38
1101.98 4.71146232499699e+38
1102.52 4.730391682791845e+38
1103.06 4.006262415576734e+38
1103.6 4.3219082560617836e+38
1104.15 1.7000236596948317e+38
1104.69 4.264398520852995e+38
1105.23 4.649655129665567e+38
1105.77 4.340005837108801e+38
1106.31 4.649202185882653e+38
1106.85 4.234832798094444e+38
1107.4 4.077736491057437e+38
1107.94 3.41246300307406e+38
1108.48 7.50699314972436e+37
1109.03 4.19049043131857e+38
1109.57 4.3902561773784145e+38
1110.11 3.9180253333389085e+38
1110.66 4.534329556076811e+38
1111.2 3.7997407433293594e+38
1111.75 4.485801447235593e+38
1112.29 3.634181903371977e+38
1112.84 4.55466311841163e+38
1113.39 4.5822757101471295e+38
1113.93 4.407618935216785e+38
1114.48 4.405805783044487e+38
1115.02 4.4357579864606106e+38
1115.57 4.477555737726043e+38
1116.12 4.115220654737276e+38
1116.67 2.5296002186163642e+38
1117.21 3.639897741043046e+38
1117.76 4.4500374422452054e+38
1118.31 4.379783749952089e+38
1118.86 4.610614499422854e+38
1119.41 2.3054726906579153e+38
1119.95 4.605824950191001e+38
1120.5 4.604615962709174e+38
1121.05 4.122957745537159e+38
1121.6 4.506430631124508e+38
1122.15 4.4686235331401716e+38
1122.7 4.535274117689409e+38
1123.25 4.425158470382007e+38
1123.8 1.152412710994754e+38
1124.36 3.9827906249334906e+38
1124.91 8.458546397171879e+37
1125.46 4.1359829050926435e+38
1126.01 4.304276810117493e+38
1126.56 4.1829705520378884e+38
1127.11 3.900298016730529e+38
1127.67 3.886913109905112e+38
1128.22 7.911016756769518e+37
1128.77 7.278331093935996e+37
1129.33 3.885006758304572e+38
1129.88 2.821958408275267e+38
1130.44 7.95821125327334e+37
1130.99 4.316691364014811e+38
1131.54 4.442955388590376e+38
1132.1 4.508554390580789e+38
1132.65 4.413475841963297e+38
1133.21 4.421621047277532e+38
1133.77 4.3850321707986175e+38
1134.32 4.010842424042633e+38
1134.88 3.406906482758443e+38
1135.43 4.176884547071995e+38
1135.99 4.427536144343542e+38
1136.55 4.2386604415103856e+38
1137.1 4.237420952834437e+38
1137.66 4.357109399021963e+38
1138.22 4.357434784073357e+38
1138.78 4.165311991914548e+38
1139.34 1.0220372723158849e+38
1139.9 1.764062243135223e+38
1140.45 4.004857387138508e+38
1141.01 4.2925209193202154e+38
1141.57 1.088312514103329e+38
1142.13 4.3725859644323945e+38
1142.69 4.3806221289739264e+38
1143.25 4.269782976009725e+38
1143.81 4.1241267294333085e+38
1144.38 1.4797694155437819e+38
1144.94 1.2126087630357191e+38
1145.5 4.362103041706609e+38
1146.06 4.363893195824079e+38
1146.62 4.3175160699743374e+38
1147.18 4.121359866067004e+38
1147.75 4.261530016218017e+38
1148.31 4.17787265557795e+38
1148.87 4.091059465225965e+38
1149.44 4.3412245607787146e+38
1150.0 3.7903629888353346e+38
1150.0 3.7903629888353346e+38
1150.3 4.078087533572696e+38
1150.6 4.316135389971305e+38
1150.89 2.761059845447142e+38
1151.19 3.457602108378574e+38
1151.49 4.3369987325033696e+38
1151.79 4.304557160870114e+38
1152.09 4.199854224518816e+38
1152.39 4.218450669416187e+38
1152.69 3.626040164954573e+38
1152.98 4.1077730564402266e+38
1153.28 4.050978978524336e+38
1153.58 3.550424561135167e+38
1153.88 2.982975389640519e+38
1154.18 3.3952174677097804e+38
1154.48 4.093215572257631e+38
1154.78 4.03380703630536e+38
1155.08 3.373970480463593e+38
1155.38 3.536999263703752e+38
1155.68 4.110074654615158e+38
1155.98 1.4175655044245137e+38
1156.28 4.086756505321071e+38
1156.57 3.7928681130715836e+38
1156.88 3.948154582679311e+38
1157.18 3.805733756646282e+38
1157.47 3.912320414596461e+38
1157.78 3.931840134449712e+38
1158.07 1.2461224021709613e+38
1158.38 3.992700991518818e+38
1158.68 3.965476958501767e+38
1158.97 3.392625972050534e+38
1159.28 3.790266430384019e+38
1159.58 2.847775152423341e+38
1159.88 4.164627554642102e+38
1160.18 3.1297942431625724e+38
1160.48 4.23273013073734e+38
1160.78 4.022282509889405e+38
1161.08 4.240957000849754e+38
1161.38 3.710513730548893e+38
1161.68 4.0553275033900355e+38
1161.98 3.9190000482549256e+38
1162.28 4.163417857123558e+38
1162.58 4.222675990055834e+38
1162.89 4.178325118418796e+38
1163.19 2.690533728519246e+38
1163.49 4.109312996792473e+38
1163.79 2.3830848618627145e+38
1164.09 4.0424163399970615e+38
1164.39 3.66203571153047e+38
1164.7 3.2058427558508353e+38
1165.0 2.4183635307638298e+38
1165.3 3.9554551466322865e+38
1165.6 3.025030452813785e+38
1165.9 2.4928359567283546e+38
1166.21 4.014609473701052e+38
1166.51 3.990870666528393e+38
1166.81 1.430586545654438e+38
1167.11 3.9424907731309446e+38
1167.42 2.997419585374609e+38
1167.72 3.883166302811138e+38
1168.02 3.793315359970685e+38
1168.32 4.001556609762828e+38
1168.63 4.034240904978646e+38
1168.93 3.529241653176999e+38
1169.23 4.036045430777391e+38
1169.54 4.0581769848366625e+38
1169.84 4.077673007708777e+38
1170.14 2.9928798539793325e+38
1170.44 2.9330477512012447e+38
1170.75 3.755651854976634e+38
1171.05 1.9292006403288763e+38
1171.35 4.07930271191147e+38
1171.66 3.3912837403052736e+38
1171.96 2.4545196734765083e+38
1172.27 4.066653690340606e+38
1172.57 3.730476363183043e+38
1172.87 2.7681650532490758e+38
1173.18 4.026491113700299e+38
1173.48 3.260561177300754e+38
1173.79 3.808756693390052e+38
1174.09 3.699376321014508e+38
1174.4 3.761332683082315e+38
1174.7 3.4311717671495434e+38
1175.0 1.2888549049139106e+38
1175.31 1.3240926968370508e+38
1175.61 1.3127784354200892e+38
1175.92 1.294067356364445e+38
1176.22 1.3964525560804237e+38
1176.53 2.437731641250263e+38
1176.83 3.80411132589379e+38
1177.14 3.8676177914659e+38
1177.44 3.7258226629515995e+38
1177.75 3.5940958347623994e+38
1178.05 3.545939166293678e+38
1178.36 3.225969760232725e+38
1178.66 3.934785502153443e+38
1178.97 3.891785569385988e+38
1179.27 3.812106861809308e+38
1179.58 4.020967954348747e+38
1179.89 3.2293724074070494e+38
1180.19 4.043292913023211e+38
1180.5 3.1849876196149325e+38
1180.8 3.200014473048288e+38
1181.11 4.0732914296068136e+38
1181.42 3.24841267540417e+38
1181.72 2.9804813719229496e+38
1182.03 4.061878513854196e+38
1182.33 4.054423676511631e+38
1182.64 4.011833153048085e+38
1182.95 1.41483069245776e+38
1183.25 3.634084341601613e+38
1183.56 3.792770357517868e+38
1183.87 3.390866523608479e+38
1184.17 3.509762455241691e+38
1184.48 1.1777769322441843e+38
1184.79 1.8705531588613127e+38
1185.09 4.041779719113571e+38
1185.4 2.840049096869763e+38
1185.71 3.898662890578541e+38
1186.02 3.9551163461514995e+38
1186.32 4.0252687005011745e+38
1186.63 3.081904321296925e+38
1186.94 3.7976090400252094e+38
1187.25 3.970266127322579e+38
1187.56 3.938817844728234e+38
1187.86 3.949407445604456e+38
1188.17 3.969531026203069e+38
1188.48 3.801166294273528e+38
1188.79 3.9417791204200156e+38
1189.09 3.873994248159165e+38
1189.4 3.709518620699454e+38
1189.71 3.9217302069913976e+38
1190.02 3.8747907664235475e+38
1190.33 3.721253205669552e+38
1190.64 3.91510882961734e+38
1190.94 3.810338315478016e+38
1191.25 1.916945663389053e+38
1191.56 3.910138799793344e+38
1191.87 3.869174960394974e+38
1192.18 3.862719564035369e+38
1192.49 3.817597413396433e+38
1192.8 3.427713887995075e+38
1193.11 3.111920582161126e+38
1193.42 3.794811056458232e+38
1193.73 3.4544735876493726e+38
1194.04 3.2043893078852764e+38
1194.34 2.973772732038416e+38
1194.65 3.917673011064206e+38
1194.96 3.926434028828666e+38
1195.27 3.607887689201975e+38
1195.58 3.820455693143473e+38
1195.89 3.793577018922608e+38
1196.2 2.7800686179196026e+38
1196.51 3.7092644846020215e+38
1196.82 3.627157169529452e+38
1197.13 3.604741282625419e+38
1197.44 3.488572759513185e+38
1197.75 3.681607382468543e+38
1198.06 3.709526224310961e+38
1198.38 3.450328579004542e+38
1198.69 3.723565925561416e+38
1199.0 3.6594272328980885e+38
1199.31 3.824431481852116e+38
1199.62 3.841274605844917e+38
1199.93 3.874422092189827e+38
1200.24 3.749919397731778e+38
1200.55 3.517267614633432e+38
1200.86 2.5273829427430008e+38
1201.17 3.790814656312165e+38
1201.48 3.0629943426621614e+38
1201.8 2.788049720410905e+38
1202.11 1.099026202245715e+38
1202.42 3.684354539403318e+38
1202.73 3.7948743813422985e+38
1203.04 3.636567647856994e+38
1203.35 3.7676723820683045e+38
1203.67 3.801489815112062e+38
1203.98 3.848207257624724e+38
1204.29 3.799456631456428e+38
1204.6 3.8021941018431106e+38
1204.92 3.0882139594946678e+38
1205.23 3.727964282872835e+38
1205.54 3.6839446575137735e+38
1205.85 3.650478075852155e+38
1206.16 3.4650753419756454e+38
1206.48 3.83020264522354e+37
1206.79 3.515218907745187e+38
1207.1 3.3470717051607367e+38
1207.42 3.1141048835942046e+38
1207.73 3.682732498282552e+38
1208.04 3.3231454838480507e+38
1208.35 3.34600624000593e+38
1208.67 3.361955331887942e+38
1208.98 3.798814056899457e+38
1209.29 3.626109936614145e+38
1209.61 3.737863587394098e+38
1209.92 3.686264994029452e+38
1210.23 3.7006657768797264e+38
1210.55 2.3819120824011745e+38
1210.86 3.6604762038987295e+38
1211.18 2.969840814937459e+38
1211.49 3.628909511319636e+38
1211.8 3.460883459187466e+38
1212.12 3.469872876587895e+38
1212.43 3.635772322793979e+38
1212.75 3.625401907780935e+38
1213.06 3.5900211172803964e+38
1213.38 3.645902511910445e+38
1213.69 2.9022994276060716e+38
1214.0 3.242633921214864e+38
1214.32 3.677464712790252e+38
1214.63 2.5387505523028575e+38
1214.95 3.7006289851375285e+38
1215.26 1.7894257048430414e+38
1215.58 6.950197621077186e+37
1215.89 3.8358580728549526e+37
1216.21 3.74862644181914e+38
1216.52 3.7455090461641645e+38
1216.84 2.639050552742199e+38
1217.15 2.193495244582209e+38
1217.47 3.717235781514794e+38
1217.79 1.8208871134624118e+38
1218.1 3.7304924220345394e+38
1218.42 3.2861717521339272e+38
1218.73 1.8215741153452353e+38
1219.05 3.7258440680235815e+38
1219.36 3.731020403920816e+38
1219.68 3.7327870937152566e+38
1220.0 2.3100722618075785e+38
1220.31 3.697803524624323e+38
1220.63 3.631054950928308e+38
1220.94 2.324395930550886e+38
1221.26 1.636798973042589e+38
1221.58 3.65091136281442e+38
1221.9 2.558617781033415e+38
1222.21 2.9370884816099593e+38
1222.53 3.432917110771676e+38
1222.84 3.521153981420541e+38
1223.16 1.779737184841478e+38
1223.48 3.519882248845632e+38
1223.8 1.6101088545191902e+38
1224.11 3.390839369470212e+38
1224.43 3.577385463222328e+38
1224.75 3.601508482953726e+38
1225.06 3.5852482827334446e+38
1225.38 3.52452494254975e+38
1225.7 3.440296782214491e+38
1226.02 1.51954220401941e+38
1226.34 3.686551309735166e+38
1226.65 3.677585640199875e+38
1226.97 3.641591749515276e+38
1227.29 3.2644675482048563e+38
1227.61 3.6633456342073714e+38
1227.93 3.615219333172064e+38
1228.24 3.424334657674313e+38
1228.56 3.5446005304030245e+38
1228.88 3.6537169985100435e+38
1229.2 3.5581741840912036e+38
1229.52 2.667235690966656e+38
1229.84 2.4722401949430898e+38
1230.16 3.476123917735052e+38
1230.47 3.360741964664722e+38
1230.79 2.479077516907405e+38
1231.11 3.548673270831603e+38
1231.43 3.487488773171399e+38
1231.75 3.510250381745717e+38
1232.07 3.5040732518084264e+38
1232.39 3.3672742675938246e+38
1232.71 3.488660101803353e+38
1233.03 2.9189286607572933e+38
1233.35 3.2978706862835e+38
1233.67 3.461029192155023e+38
1233.99 3.423083048390981e+38
1234.31 3.4605139767868964e+38
1234.63 3.2547716623876235e+38
1234.95 3.446630641797364e+38
1235.27 3.2177190386401702e+38
1235.59 3.409314320600825e+38
1235.91 3.3702200909619294e+38
1236.23 2.5383740921904865e+38
1236.55 3.3339393115836796e+38
1236.87 3.2738891933593616e+38
1237.19 2.9223023356609723e+38
1237.51 3.268128152039736e+38
1237.83 3.2694137152093654e+38
1238.15 3.2987197491541588e+38
1238.47 2.9977488056571583e+38
1238.79 3.3470639030986766e+38
1239.11 3.754318088933368e+38
1239.44 3.682076998120583e+38
1239.76 3.648187840127363e+38
1240.08 3.608738244465983e+38
1240.4 3.5258372810599374e+38
1240.72 3.4993521028578145e+38
1241.04 3.4563001387677204e+38
1241.36 3.4531299390448915e+38
1241.69 3.410587485308307e+38
1242.01 3.427263310159871e+38
1242.33 3.2980523864245486e+38
1242.65 3.548184799667025e+38
1242.97 3.869194901108078e+38
1243.3 3.470286282440928e+38
1243.62 3.793561480000714e+38
1243.94 3.676036859507326e+38
1244.26 3.6940547894481264e+38
1244.58 3.715937333979587e+38
1244.91 3.693432037310152e+38
1245.23 3.13921045951712e+38
1245.55 3.542555545789913e+38
1245.88 3.542118022334238e+38
1246.2 2.929309809953168e+38
1246.52 3.1682160851748357e+38
1246.84 3.4339509211111965e+38
1247.17 3.3192713251821438e+38
1247.49 6.31480753313458e+37
1247.81 1.802626224065444e+38
1248.14 3.2867861736906797e+38
1248.46 2.97559386270783e+38
1248.79 3.498159947388049e+38
1249.11 3.5417492621961044e+38
1249.43 3.545984161380471e+38
1249.76 3.571540094432809e+38
1250.08 3.5180190034273774e+38
1250.4 3.406289534944989e+38
1250.73 3.456229120042699e+38
1251.05 3.4872285353229406e+38
1251.38 3.371104089469507e+38
1251.7 3.2505591522117692e+38
1252.03 3.498632189284311e+38
1252.35 3.5060236107638115e+38
1252.68 3.0689024510666762e+38
1253.0 3.484199339776679e+38
1253.32 3.458583185409892e+38
1253.65 2.8875051900701815e+38
1253.97 3.364115846606196e+38
1254.3 3.482266298124079e+38
1254.62 3.447744943481621e+38
1254.95 2.7848338848853273e+38
1255.27 2.193823743922791e+38
1255.6 3.500021322276176e+38
1255.93 3.500366755450972e+38
1256.25 3.520037540050511e+38
1256.58 2.325833305020129e+38
1256.9 3.317630232585361e+38
1257.23 3.383892299273396e+38
1257.55 3.3636643823730752e+38
1257.88 3.0951794736049183e+38
1258.2 3.521149541773748e+38
1258.53 1.6134004611683247e+38
1258.86 2.5701172947790085e+38
1259.18 3.457030101546155e+38
1259.51 3.2331979514242587e+38
1259.84 3.303666011197847e+38
1260.16 3.491154530033105e+38
1260.49 3.370781341560648e+38
1260.82 3.422189913121745e+38
1261.14 3.4684650974675955e+38
1261.47 3.473732400493033e+38
1261.8 3.3075862076066396e+38
1262.12 3.43864992365015e+38
1262.45 3.464097127314794e+38
1262.78 3.4778143942602e+38
1263.11 3.441531692907214e+38
1263.43 3.463492617124544e+38
1263.76 3.4041332950193146e+38
1264.09 3.4619237653071396e+38
1264.42 3.438936304217033e+38
1264.74 3.376455880193927e+38
1265.07 3.252352994362177e+38
1265.4 2.4737688733748273e+38
1265.73 3.3173157870313172e+38
1266.06 3.3179883408769793e+38
1266.38 3.362217048010383e+38
1266.71 2.949674718546032e+38
1267.04 3.3408546234870543e+38
1267.37 3.3731449596028276e+38
1267.7 3.3174657756119503e+38
1268.03 3.1366013485057808e+38
1268.35 3.445641314848016e+38
1268.68 3.319702384985656e+38
1269.01 1.9310171405524372e+38
1269.34 3.436359318761416e+38
1269.67 3.301635683182897e+38
1270.0 2.863676511473037e+38
1270.33 3.419903258883988e+38
1270.66 2.735455927030074e+38
1270.99 3.418502521637541e+38
1271.32 3.423899362526377e+38
1271.65 3.43655700418428e+38
1271.97 3.3643033213569637e+38
1272.31 3.429357547813787e+38
1272.63 2.968724990696804e+38
1272.96 3.3940452082752474e+38
1273.29 3.311127620867621e+38
1273.62 2.277631544376004e+38
1273.95 3.421437796517235e+38
1274.28 3.4055593722393365e+38
1274.61 3.404481974161556e+38
1274.94 3.417063279578847e+38
1275.28 3.424203364966977e+38
1275.61 3.425699800324383e+38
1275.94 3.2872878279679567e+38
1276.27 3.424815556091996e+38
1276.6 3.415783490978617e+38
1276.93 3.2491138580964443e+38
1277.26 3.3785867782170704e+38
1277.59 3.3148409828679206e+38
1277.92 3.3809686219344548e+38
1278.25 3.416192068732231e+38
1278.58 3.414495093418879e+38
1278.92 1.3565520591915849e+38
1279.25 3.3996127223924356e+38
1279.58 3.3481573490823497e+38
1279.91 3.2072351570941172e+38
1280.24 3.3740007699594313e+38
1280.57 3.3736173206576392e+38
1280.91 3.3965179344267237e+38
1281.24 3.365641907844411e+38
1281.57 3.0364455696200013e+38
1281.9 3.346974951274183e+38
1282.23 3.3231277374604295e+38
1282.57 3.3452473873288343e+38
1282.9 3.335558227466741e+38
1283.23 3.3235309267697714e+38
1283.56 2.6051029579710093e+38
1283.9 3.2390366805416134e+38
1284.23 1.6449836999597373e+38
1284.56 3.2777503386983065e+38
1284.9 3.2995271312428714e+38
1285.23 3.251127847108862e+38
1285.56 3.287502541842664e+38
1285.9 3.23175853814569e+38
1286.23 3.257762612393878e+38
1286.56 2.954279053843896e+38
1286.9 3.3126065346468048e+38
1287.23 3.3280784037242902e+38
1287.56 2.6396436847441328e+38
1287.9 3.2516687054217093e+38
1288.23 3.027510628678326e+38
1288.56 3.3096367012636405e+38
1288.9 3.2887890726536205e+38
1289.23 2.83024812151319e+38
1289.57 3.2285067840021658e+38
1289.9 3.271465644384596e+38
1290.23 3.2780847338996255e+38
1290.57 3.2966381215904077e+38
1290.9 3.081449028540954e+38
1291.24 1.4709566115997133e+38
1291.57 2.2519235867585113e+38
1291.91 3.2938765166464532e+38
1292.24 3.1010063385492166e+38
1292.58 3.2924411769391674e+38
1292.91 3.300720751685007e+38
1293.25 2.1496988463272523e+38
1293.58 3.2021041251269457e+38
1293.92 3.0528651991354094e+38
1294.25 3.3109609295572438e+38
1294.59 6.6096527358053975e+37
1294.92 3.2658428887500876e+38
1295.26 3.2195546814236963e+38
1295.59 3.2228901155715314e+38
1295.93 2.7591747984888736e+38
1296.27 1.711057314303081e+38
1296.6 2.1438224579089033e+38
1296.94 3.1842246942587344e+38
1297.28 3.191826729807413e+38
1297.61 3.1430939716717705e+38
1297.95 3.1497029184503208e+38
1298.28 3.2143088369678596e+38
1298.62 2.5401843038252018e+38
1298.96 8.520620501424626e+37
1299.29 3.079638122352785e+38
1299.63 3.117113698917799e+38
1299.97 3.177680926427694e+38
1300.3 2.787519749743334e+38
1300.64 3.1355436254202064e+38
1300.98 3.0813636566787817e+38
1301.32 3.0170732545787054e+38
1301.65 3.18323881697201e+38
1301.99 3.1856877345634447e+38
1302.33 3.193508038181591e+38
1302.67 3.201930949308748e+38
1303.0 3.151202978465721e+38
1303.34 7.083278975224625e+37
1303.68 3.1313466685672514e+38
1304.02 3.2267248301364798e+38
1304.35 3.1903446335674907e+38
1304.69 3.0705588910557333e+38
1305.03 3.206767312417637e+38
1305.37 2.14550469305317e+38
1305.71 3.164327717593581e+38
1306.05 2.5036537445756608e+38
1306.38 3.2322573366574487e+38
1306.72 3.2095043888945482e+38
1307.06 3.2320606569338127e+38
1307.4 3.0903911873882463e+38
1307.74 3.2073660415583078e+38
1308.08 3.201693545694945e+38
1308.42 3.1872853056616796e+38
1308.76 1.855178248471057e+38
1309.09 3.1869077629079693e+38
1309.43 3.1192525912451026e+38
1309.77 3.012122646982051e+38
1310.11 2.7095977378580554e+38
1310.45 3.1564655249287667e+38
1310.79 3.1551421536953732e+38
1311.13 3.0838000116777763e+38
1311.47 3.0568000885692433e+38
1311.81 3.005592995480546e+38
1312.15 3.1307943911460687e+38
1312.49 1.891008601547041e+38
1312.83 3.1330719718398764e+38
1313.17 3.1290708516898356e+38
1313.51 3.1307061476606046e+38
1313.85 3.1274875377531576e+38
1314.19 3.1269689966444304e+38
1314.53 2.9949212760239976e+38
1314.88 3.1120976936528197e+38
1315.22 3.123804090521307e+38
1315.56 3.049254468734887e+38
1315.9 3.0517521082426593e+38
1316.24 2.5437635368408604e+38
1316.58 3.1450760949896823e+38
1316.92 3.1572043675311167e+38
1317.26 3.0606992015869914e+38
1317.6 3.1693882972203263e+38
1317.94 3.1570605166551957e+38
1318.29 3.0795446651375036e+38
1318.63 2.838476673766006e+38
1318.97 3.157318934467296e+38
1319.31 2.8451695242327757e+38
1319.65 2.874626348052345e+38
1320.0 3.1536342167135968e+38
1320.34 3.0733211485564506e+38
1320.68 3.1145139813884637e+38
1321.02 3.1391506820351013e+38
1321.36 2.934753948654152e+38
1321.71 3.1377434203212817e+38
1322.05 3.145595405762256e+38
1322.39 3.1520689817441857e+38
1322.74 3.1344958041047776e+38
1323.08 2.9171676937081535e+38
1323.42 3.1159157235980438e+38
1323.76 2.845024903853925e+38
1324.11 3.01116921853631e+38
1324.45 2.841131289804398e+38
1324.79 2.7963013780400728e+38
1325.14 3.036572160267788e+38
1325.48 3.0843733359516277e+38
1325.82 2.929302703344939e+38
1326.17 3.010814615574398e+38
1326.51 3.0467842447802786e+38
1326.85 2.8492742403027484e+38
1327.2 2.559479921082337e+38
1327.54 2.424712930183277e+38
1327.89 3.0868720294217853e+38
1328.23 3.0521152461195476e+38
1328.58 3.0281689971048302e+38
1328.92 3.0205089226233822e+38
1329.27 3.0891655918328557e+38
1329.61 3.062831799383484e+38
1329.95 2.904062919642787e+38
1330.3 2.6057556261434157e+38
1330.64 3.0253931961087112e+38
1330.99 3.0826751808712874e+38
1331.33 3.025471134592985e+38
1331.68 2.971250987129843e+38
1332.02 2.961869126301125e+38
1332.37 2.75083136548452e+38
1332.71 3.0887451058103673e+38
1333.06 3.0263734288812647e+38
1333.41 3.0791662409434405e+38
1333.75 3.0568207050801184e+38
1334.1 3.077193892505575e+38
1334.44 4.2396006641813017e+37
1334.79 2.3366522230084775e+38
1335.13 2.5414984169167158e+38
1335.48 3.0557722270081672e+38
1335.83 5.674143654676618e+37
1336.17 2.5197129194943355e+38
1336.52 2.800608798640367e+38
1336.86 2.9257687739044108e+38
1337.21 3.0575456279709516e+38
1337.56 3.0595353382070287e+38
1337.91 3.0263767850972267e+38
1338.25 3.057416858893091e+38
1338.6 1.852016887147354e+38
1338.94 3.0473565369611005e+38
1339.29 3.054043781326353e+38
1339.64 2.7308083744329485e+38
1339.99 3.052019836420158e+38
1340.33 2.8540752258654307e+38
1340.68 3.021720647544137e+38
1341.03 3.0291678561853087e+38
1341.38 2.839630704367904e+38
1341.72 3.0225078970383184e+38
1342.07 2.9724716180911407e+38
1342.42 1.2896832518043956e+38
1342.77 2.9982913938202078e+38
1343.11 2.8624673167989967e+38
1343.46 1.8292246859980143e+38
1343.81 2.9713110770752147e+38
1344.16 2.8904495456095308e+38
1344.51 2.9487796335318624e+38
1344.86 2.1311816633514273e+38
1345.21 2.9285892229249064e+38
1345.55 2.7619573995669014e+38
1345.9 2.902839074755632e+38
1346.25 2.8957504334238878e+38
1346.6 2.7852383829817578e+38
1346.95 2.927326025734894e+38
1347.3 2.235353480481237e+38
1347.65 2.905742714339355e+38
1348.0 2.5253412599183487e+38
1348.35 3.010418639077462e+38
1348.7 2.9548680743791103e+38
1349.05 2.942113824899266e+38
1349.4 3.0029566713197822e+38
1349.74 2.9593868531226297e+38
1350.09 2.956106948322033e+38
1350.44 2.7891818957350067e+38
1350.8 2.9920046917215488e+38
1351.15 2.9759232849040643e+38
1351.49 2.829715007168677e+38
1351.84 2.9791828891510773e+38
1352.2 2.9828171925139184e+38
1352.55 2.656427288951563e+38
1352.9 2.9529394306576323e+38
1353.25 2.9345621349042356e+38
1353.6 2.9432875017118302e+38
1353.95 2.9669541941509248e+38
1354.3 2.554059097593165e+38
1354.65 2.8970225680727717e+38
1355.0 2.9568145396598037e+38
1355.35 2.4411534959513555e+38
1355.7 2.955139162868944e+38
1356.06 1.729148134963578e+38
1356.41 2.860360720971063e+38
1356.76 2.9546062667974814e+38
1357.11 1.9753275152209528e+38
1357.46 2.9516074771311927e+38
1357.81 2.5338491704698228e+38
1358.17 2.9439189558079156e+38
1358.52 2.8257991540762335e+38
1358.87 2.9163980896718073e+38
1359.22 2.285006872912972e+38
1359.57 2.915134403179687e+38
1359.93 2.8040884291160487e+38
1360.28 2.86494084278619e+38
1360.63 2.8226723661076645e+38
1360.98 2.836116246181993e+38
1361.34 2.744208441374886e+38
1361.69 2.3404225252489012e+38
1362.04 2.7435988134131274e+38
1362.4 2.7760934317505034e+38
1362.75 2.862242264191757e+38
1363.1 2.714939976722616e+38
1363.46 1.3145948119749308e+38
1363.81 2.709748900831265e+38
1364.16 2.901259462937856e+38
1364.52 2.8908838116089014e+38
1364.87 2.5587828851756154e+38
1365.22 2.3131610615622716e+38
1365.58 2.7160686799333695e+38
1365.93 2.829729728884027e+38
1366.29 2.841329429156478e+38
1366.64 2.8845882930975158e+38
1366.99 2.077645560325273e+38
1367.35 2.839461037663277e+38
1367.7 2.870136959839169e+38
1368.06 2.854155268523968e+38
1368.41 2.8194669682202895e+38
1368.77 2.8703633197278836e+38
1369.12 2.817235879517889e+38
1369.48 2.2741837351211614e+38
1369.83 2.865804083733203e+38
1370.19 2.8239896848115276e+38
1370.54 2.8568139105328404e+38
1370.9 2.7690428097449735e+38
1371.25 2.75674437321333e+38
1371.61 2.2740969802903107e+38
1371.96 2.713737755981757e+38
1372.32 2.8100505205531177e+38
1372.67 2.810146033946166e+38
1373.03 1.899626122755019e+38
1373.39 2.760606162377383e+38
1373.74 2.6315592266392798e+38
1374.1 2.1553720710655914e+38
1374.45 2.527613189328593e+38
1374.81 2.2602011315855198e+38
1375.17 2.7944048450063553e+38
1375.52 2.4280702491617253e+38
1375.88 2.834877324109207e+38
1376.23 2.694919200246982e+38
1376.59 2.8336638483090413e+38
1376.95 2.0267873346436358e+38
1377.31 2.311469499755498e+38
1377.66 2.57179225501809e+38
1378.02 2.2676202168738023e+38
1378.38 2.7891906991157196e+38
1378.73 2.436500918670552e+38
1379.09 2.734272357111166e+38
1379.45 2.764154473648954e+38
1379.81 2.805763978356309e+38
1380.16 2.719457170943352e+38
1380.52 2.634478635876372e+38
1380.88 2.389893955372595e+38
1381.24 2.4137182239132726e+38
1381.6 2.0245410235810058e+38
1381.95 2.825910399770654e+38
1382.31 2.8174645556872372e+38
1382.67 2.6498368827749004e+38
1383.03 2.7964579834801386e+38
1383.39 2.7720844985352334e+38
1383.75 2.3519595983304706e+38
1384.1 2.4834329895791772e+38
1384.46 2.665389725393421e+38
1384.82 2.6530283024542465e+38
1385.18 2.775888167957377e+38
1385.54 2.6920639889752087e+38
1385.9 1.521542074609112e+38
1386.26 2.220463207150127e+38
1386.62 2.4610119660809304e+38
1386.98 2.6194828330634365e+38
1387.34 2.1023097436220448e+38
1387.7 2.61638931593876e+38
1388.06 2.52272417555286e+38
1388.42 2.608044495923647e+38
1388.78 2.607710627939583e+38
1389.14 2.5697538624395566e+38
1389.49 2.6461212426303533e+38
1389.85 2.6737467694544184e+38
1390.21 2.449118752307063e+38
1390.58 2.730908882910446e+38
1390.94 2.709894971991798e+38
1391.3 2.763387414479195e+38
1391.66 2.7526599485544787e+38
1392.02 2.69212967622321e+38
1392.38 2.1367214126620695e+38
1392.74 2.6698534860295986e+38
1393.1 2.3691912065920142e+38
1393.46 2.6692535101060068e+38
1393.82 1.5508229933790178e+38
1394.18 2.5658639748170175e+38
1394.55 2.5704135224683753e+38
1394.91 2.6154729812366368e+38
1395.27 1.5962980271680749e+38
1395.63 2.658524702621146e+38
1395.99 1.9605821883742378e+38
1396.35 2.6487357349630432e+38
1396.72 2.593136642549629e+38
1397.08 2.5436220393640325e+38
1397.44 2.45604927032634e+38
1397.8 2.6426970590737603e+38
1398.16 1.3570418289609824e+38
1398.53 2.585098975954975e+38
1398.89 2.1366014396986075e+38
1399.25 2.719775273342575e+38
1399.61 2.6388870175781294e+38
1399.98 2.043705407396226e+38
1400.34 2.4229751992098895e+38
1400.7 1.9955036935718682e+38
1401.07 2.4183749257324675e+38
1401.43 2.4914624580979342e+38
1401.79 2.6698928275792847e+38
1402.16 2.6927941151587392e+38
1402.52 2.6074295000008516e+38
1402.88 9.66471972764758e+37
1403.25 1.0808196842328898e+38
1403.61 2.759235930363794e+38
1403.97 2.6905126303276865e+38
1404.34 2.737676379646959e+38
1404.7 2.7200496351229342e+38
1405.06 2.7008405082978032e+38
1405.43 2.6287517362753677e+38
1405.79 2.646674143089973e+38
1406.16 2.161037988687715e+38
1406.52 2.621388582788818e+38
1406.89 1.328763909361455e+38
1407.25 2.482162158349243e+38
1407.62 2.6490557687902878e+38
1407.98 2.624963369612983e+38
1408.35 2.64475504520021e+38
1408.71 1.8163447315893458e+38
1409.08 2.4399664181885393e+38
1409.44 2.3478382965110573e+38
1409.81 1.836501253226831e+38
1410.17 2.1556757805616985e+38
1410.54 2.3328750339969777e+38
1410.9 2.6301596970335503e+38
1411.27 2.3556348653256277e+38
1411.64 2.3507725995137307e+38
1412.0 2.3997545239325423e+38
1412.37 2.3807841018266447e+38
1412.73 2.6429704438881044e+38
1413.1 2.648953451607818e+38
1413.46 2.642669591590417e+38
1413.83 2.6321725982256446e+38
1414.2 2.301410165979655e+38
1414.56 2.0169176607765242e+38
1414.93 2.359300592356544e+38
1415.3 2.606477098728096e+38
1415.67 2.1125595249633355e+38
1416.03 2.411913712710547e+38
1416.4 2.6325637449903886e+38
1416.77 2.6249043689239127e+38
1417.13 1.4574276176296125e+38
1417.5 2.6261952854155656e+38
1417.87 2.149819658428474e+38
1418.23 2.60572249412902e+38
1418.6 2.2790244105589933e+38
1418.97 2.5426155885313455e+38
1419.34 2.395734860911881e+38
1419.71 2.4223430475392534e+38
1420.07 2.0272655054221548e+38
1420.44 1.6283366867215717e+38
1420.81 2.5599449484422124e+38
1421.18 1.5455723152759512e+38
1421.55 2.5401242835329124e+38
1421.92 2.5060606930606306e+38
1422.28 2.1573684021550566e+38
1422.65 1.9853273954972812e+38
1423.02 2.528183811793132e+38
1423.39 2.539335628777922e+38
1423.76 2.5109720635829256e+38
1424.13 2.3413190638260176e+38
1424.5 1.1854118441490258e+38
1424.87 2.5660227183124102e+38
1425.23 2.5718437167495496e+38
1425.6 2.5493364661810818e+38
1425.97 2.2608617201278494e+38
1426.34 1.6228897026965956e+38
1426.71 2.353996975812614e+38
1427.08 2.5708159699461664e+38
1427.45 1.5092138752550672e+38
1427.82 1.5690996244042798e+38
1428.19 1.7346090348907815e+38
1428.56 1.8816640378080814e+38
1428.93 1.5363244531947575e+38
1429.3 1.9465671002468694e+38
1429.68 2.550995354931201e+38
1430.05 2.5414139279001776e+38
1430.42 1.6829222200927685e+38
1430.79 2.4879892827916783e+38
1431.16 2.547964115936573e+38
1431.53 2.4019450869085916e+38
1431.9 2.5291919242812827e+38
1432.27 2.5911116170183162e+38
1432.64 2.571549281115526e+38
1433.01 2.528093258595483e+38
1433.38 2.5561468698341187e+38
1433.76 2.1939271464163248e+38
1434.13 2.5489368530993687e+38
1434.5 2.161691528300288e+38
1434.87 2.5490512896858983e+38
1435.24 1.8773544823537573e+38
1435.61 2.3053337861656594e+38
1435.99 1.9903232824349455e+38
1436.36 2.5342485710484008e+38
1436.73 1.8862368301774247e+38
1437.1 2.3731702750050908e+38
1437.48 2.364694156348723e+38
1437.85 2.359951091188078e+38
1438.22 2.2219086903614492e+38
1438.59 2.4002590071507382e+38
1438.97 2.4600885365744625e+38
1439.34 2.4184784726443566e+38
1439.71 1.8474525412247514e+38
1440.09 2.540021257448745e+38
1440.46 2.260860257706139e+38
1440.83 2.229939848683851e+38
1441.21 2.1682553640692187e+38
1441.58 2.5347423468013157e+38
1441.95 2.5338094050693186e+38
1442.33 2.2086080444483518e+38
1442.7 2.177440239029996e+38
1443.07 2.5283925866239875e+38
1443.45 2.2302695372788475e+38
1443.82 2.5356689733250922e+38
1444.2 2.445393127445635e+38
1444.57 2.5318262960223284e+38
1444.95 1.781599126787956e+38
1445.32 2.3054377994365626e+38
1445.69 2.452239549881328e+38
1446.07 2.4626410959572278e+38
1446.44 2.351176798114705e+38
1446.82 2.1007921233278167e+38
1447.19 1.8033411941024668e+38
1447.57 2.2096280743056238e+38
1447.94 2.5023072336346647e+38
1448.32 2.457350693108079e+38
1448.69 2.4935430965751276e+38
1449.07 1.891890299361929e+38
1449.45 2.298603774540315e+38
1449.82 2.150610599663793e+38
1450.2 2.3532686789422384e+38
1450.57 2.4957430345400556e+38
1450.95 2.3150380220450005e+38
1451.33 2.4319766952662116e+38
1451.7 2.1845298382413083e+38
1452.08 2.394946407209395e+38
1452.45 1.8231942321447417e+38
1452.83 2.4764607270643447e+38
1453.21 2.4705979904443967e+38
1453.58 2.310832836984857e+38
1453.96 2.2111424971460686e+38
1454.34 2.1861231539884487e+38
1454.71 2.370951592653472e+38
1455.09 2.442923962845881e+38
1455.47 1.987179659619473e+38
1455.85 2.4111787801165948e+38
1456.22 2.3550775543842928e+38
1456.6 2.0514060534911276e+38
1456.98 2.457854652810964e+38
1457.36 1.7657277244574663e+38
1457.73 2.315565240417711e+38
1458.11 2.2857050832116963e+38
1458.49 1.7764727008570895e+38
1458.87 2.3440862061696382e+38
1459.24 1.5537300116056115e+38
1459.62 2.25632396204125e+38
1460.0 2.4233925333346746e+38
1460.38 2.0828135457673627e+38
1460.76 2.2826422377070222e+38
1461.14 2.4104625665502727e+38
1461.52 2.3131425657817507e+38
1461.9 2.420218716071741e+38
1462.27 1.831481437160145e+38
1462.65 2.2212505698146743e+38
1463.03 2.4273071540376055e+38
1463.41 2.3941502667703565e+38
1463.79 2.1584056776980207e+38
1464.17 2.1956228469076996e+38
1464.55 2.4273425067843922e+38
1464.93 2.384463762548195e+38
1465.31 1.5806430662640602e+38
1465.69 2.1192278593354216e+38
1466.07 2.4339876770365576e+38
1466.45 1.47928969110975e+38
1466.83 1.6471280384949721e+38
1467.21 2.3562968849049156e+38
1467.59 2.40315750302864e+38
1467.97 2.362543533279049e+38
1468.35 2.1852074143135367e+38
1468.73 2.3984949383239957e+38
1469.11 2.3728689628118034e+38
1469.49 2.28146738892884e+38
1469.87 9.73104847551434e+37
1470.25 2.0273790130920183e+38
1470.64 2.3258909728435192e+38
1471.02 1.6745882055221554e+38
1471.4 2.390910037069658e+38
1471.78 2.2447758969220806e+38
1472.16 2.339003023210953e+38
1472.54 2.13615519116688e+38
1472.92 1.966896685351408e+38
1473.31 2.24431766144034e+38
1473.69 2.4067513013328142e+38
1474.07 2.407880725296252e+38
1474.45 2.3987328119436727e+38
1474.83 2.4049460250907284e+38
1475.21 2.045011470208372e+38
1475.6 2.2868860920115593e+38
1475.98 2.3655282127486286e+38
1476.36 2.2082449832219718e+38
1476.74 2.361917224398649e+38
1477.13 2.3562739802916996e+38
1477.51 2.0980695020220265e+38
1477.89 2.29655977926871e+38
1478.28 1.6625031114676182e+38
1478.66 2.3548703425428244e+38
1479.04 2.359121766444414e+38
1479.43 2.1524352400438953e+38
1479.81 2.3276531102713975e+38
1480.19 2.3172427408639037e+38
1480.58 2.362892233486255e+38
1480.96 2.3513059944021953e+38
1481.34 2.2694898607530656e+38
1481.73 2.3367168801993413e+38
1482.11 2.3697151302771008e+38
1482.5 2.3701416497265225e+38
1482.88 2.349826594337051e+38
1483.27 2.0802405096027743e+38
1483.65 2.3051175768610816e+38
1484.03 2.1383683450529654e+38
1484.42 2.0811895578745884e+38
1484.8 2.280864103474824e+38
1485.19 2.3335205871226458e+38
1485.57 2.3454808415141393e+38
1485.96 2.2443453584210083e+38
1486.34 1.9414964482739053e+38
1486.73 2.312329815378709e+38
1487.11 2.3374838834068138e+38
1487.5 2.33598467882412e+38
1487.89 2.005709663405454e+38
1488.27 2.3341413473581317e+38
1488.66 2.320625038441998e+38
1489.04 2.221726949926678e+38
1489.43 2.2295495956944832e+38
1489.81 1.6970801548965776e+38
1490.2 2.175756696143911e+38
1490.59 2.31180000072986e+38
1490.97 2.0984797885299238e+38
1491.36 2.300700470442059e+38
1491.75 1.934118374979444e+38
1492.13 2.1299909731120266e+38
1492.52 2.3119297001653637e+38
1492.91 2.307342601190884e+38
1493.29 2.20430355887015e+38
1493.68 8.497524845681586e+37
1494.07 2.2713570779344557e+38
1494.45 2.0403975285789232e+38
1494.84 2.3072223980131553e+38
1495.23 1.2469998519757253e+38
1495.62 1.9487056608280788e+38
1496.01 2.30032447404155e+38
1496.39 2.2559675295190082e+38
1496.78 2.288660472190782e+38
1497.17 2.2799637201131237e+38
1497.56 1.6400851094328694e+38
1497.94 1.740345903806175e+38
1498.33 2.1838161430428595e+38
1498.72 1.3332141246362993e+38
1499.11 1.784627232566494e+38
1499.5 1.9962658644766817e+38
1499.89 2.1924061667199064e+38
1500.28 1.0447615744813256e+38
1500.66 2.278304973260332e+38
1501.05 2.2503778970953618e+38
1501.44 2.1531146600914494e+38
1501.83 9.604322619363046e+37
1502.22 1.7012764513115384e+38
1502.61 2.279304224207639e+38
1503.0 1.6893069144425872e+38
1503.39 2.2344168954193136e+38
1503.78 2.153950728708992e+38
1504.17 1.899097539630612e+38
1504.56 1.414651736631611e+38
1504.95 2.0468238132396657e+38
1505.34 2.0426885396045138e+38
1505.73 1.6580855240263147e+38
1506.12 1.8678381335406598e+38
1506.51 2.2642512804578722e+38
1506.9 2.1365613393289535e+38
1507.29 2.278733680720186e+38
1507.68 1.9729411371250165e+38
1508.07 2.262895468060067e+38
1508.46 2.2721615672703535e+38
1508.85 1.8013412493120234e+38
1509.24 1.8422596198369618e+38
1509.64 2.260875666983841e+38
1510.03 2.194156375224781e+38
1510.42 2.2580147345376195e+38
1510.81 2.2058772617327992e+38
1511.2 1.1456481295937727e+38
1511.59 1.027605840332897e+38
1511.98 2.1238538990562896e+38
1512.38 1.219379262755233e+38
1512.77 1.3824726138051513e+38
1513.16 1.7253708529655813e+38
1513.55 9.715389023551112e+37
1513.94 2.1868074676804887e+38
1514.34 2.227032602361428e+38
1514.73 2.227935950593812e+38
1515.12 2.206048033721498e+38
1515.52 1.0835219724807043e+38
1515.91 1.9514956820049274e+38
1516.3 1.9318221687055456e+38
1516.69 1.5435494089841643e+38
1517.09 1.8983718879985363e+38
1517.48 2.232891660362496e+38
1517.87 2.1176263024347086e+38
1518.27 2.2073673811027633e+38
1518.66 1.494606971738339e+38
1519.05 2.167735290164295e+38
1519.45 2.2251038969839274e+38
1519.84 2.2250384908753277e+38
1520.23 2.2218847018930285e+38
1520.63 1.41777783031628e+38
1521.02 2.1962827557283144e+38
1521.42 2.1566329919366956e+38
1521.81 2.207917940895779e+38
1522.21 2.20123566958237e+38
1522.6 2.2000677411024067e+38
1522.99 2.1972009921831817e+38
1523.39 1.8953611334334034e+38
1523.79 2.1720771031670737e+38
1524.18 1.9856080525359327e+38
1524.57 1.3364563849607827e+38
1524.97 1.2677498953590512e+38
1525.36 1.0473248483917537e+38
1525.76 1.0707319052161247e+38
1526.16 1.739471934502044e+38
1526.55 1.905498510056304e+38
1526.95 1.6267854424718628e+38
1527.34 1.6677241558321958e+38
1527.74 1.2047268609369568e+38
1528.14 1.766048410496227e+38
1528.53 2.0687661655758826e+38
1528.93 1.9653728713842852e+38
1529.32 2.156696269786774e+38
1529.72 2.1007962971506846e+38
1530.12 9.839648708366653e+37
1530.51 1.4268792546499248e+38
1530.91 2.148460167328289e+38
1531.31 7.305393644066822e+37
1531.7 9.054012106863764e+37
1532.1 1.6474977308125433e+38
1532.5 1.3858799101424966e+38
1532.9 1.0931941580563438e+38
1533.29 1.0975503750269909e+38
1533.69 2.141277471061917e+38
1534.09 1.976115260501981e+38
1534.48 2.077341599068204e+38
1534.88 1.8854295702453398e+38
1535.28 2.130722129582731e+38
1535.68 1.524704674700206e+38
1536.08 2.150008369860262e+38
1536.47 1.872487870348158e+38
1536.87 2.0284868960552214e+38
1537.27 1.4252447398491134e+38
1537.67 2.0894838475068506e+38
1538.07 1.712860561729412e+38
1538.47 2.073629759613789e+38
1538.86 1.535915367643819e+38
1539.26 1.8667904335252308e+38
1539.66 1.9205648399280715e+38
1540.06 1.2958331180184449e+38
1540.46 1.482564033737145e+38
1540.86 1.5817309589013857e+38
1541.26 1.8309243854137422e+38
1541.66 1.8219575861392925e+38
1542.06 1.2498043477902232e+38
1542.46 1.4204519782557632e+38
1542.86 1.5233781345056325e+38
1543.26 1.732390079652065e+38
1543.66 7.869054860534223e+37
1544.06 1.4180094949839794e+38
1544.46 9.772584723705117e+37
1544.86 8.928100438370776e+37
1545.26 1.5274189644516124e+38
1545.66 1.4354813891382617e+38
1546.06 1.634439372041668e+38
1546.46 9.237361966082054e+37
1546.86 1.2354328083488397e+38
1547.26 1.009447319114647e+38
1547.66 9.490405874943206e+37
1548.06 1.2902493102648314e+38
1548.47 2.0772023046488126e+38
1548.87 1.914048025914812e+38
1549.27 1.879236010491725e+38
1549.67 1.7976678188145e+38
1550.07 1.4118451224111698e+38
1550.47 1.5375870353821479e+38
1550.88 1.4847311795987121e+38
1551.28 2.088819040099532e+38
1551.68 2.315754726674173e+38
1552.08 9.230867213871438e+37
1552.48 2.206217426343875e+38
1552.89 1.894043419027574e+38
1553.29 1.2241560593305746e+38
1553.69 2.1858446678959704e+38
1554.09 1.8587542843331792e+38
1554.5 2.168219915262064e+38
1554.9 1.397115821494358e+38
1555.3 1.4060730488175357e+38
1555.71 2.1030962731725426e+38
1556.11 1.472312141275176e+38
1556.51 7.730853700344372e+37
1556.92 1.3458153258000813e+38
1557.32 1.4927749195337532e+38
1557.72 2.0284340770619272e+38
1558.13 2.0038216495494426e+38
1558.53 2.0242536799412676e+38
1558.93 1.7403932815728092e+38
1559.34 1.6926401723792579e+38
1559.74 1.997553848013177e+38
1560.15 1.2310287643180826e+38
1560.55 1.2557402568006878e+38
1560.96 2.03076713585058e+38
1561.36 9.355494298915366e+37
1561.77 2.0283923867151108e+38
1562.17 1.9273808683166657e+38
1562.57 1.5553173516959176e+38
1562.98 2.0254321493137708e+38
1563.39 2.017329868858086e+38
1563.79 1.8747342083268087e+38
1564.19 1.333958628659763e+38
1564.6 1.2236964667678758e+38
1565.01 2.0014646940696546e+38
1565.41 1.9885792084830747e+38
1565.82 1.5965534951060573e+38
1566.22 1.2672408194249913e+38
1566.63 1.2342088631986705e+38
1567.04 1.4378295768706511e+38
1567.44 2.0170108986394894e+38
1567.85 1.994115295698716e+38
1568.25 8.820844767518124e+37
1568.66 1.0890753898323482e+38
1569.07 1.8534298107125936e+38
1569.47 1.9168859807129597e+38
1569.88 2.048548659900912e+38
1570.29 1.811377063707987e+38
1570.69 1.73262025937096e+38
1571.1 1.93114720644836e+38
1571.51 1.9081057963892757e+38
1571.92 1.999447095835845e+38
1572.32 2.003005579322159e+38
1572.73 1.9459272561092962e+38
1573.14 2.032141438676658e+38
1573.55 2.0277877574769805e+38
1573.95 2.024128433990402e+38
1574.36 2.025124144220451e+38
1574.77 1.023251282906831e+38
1575.18 1.0700913252934534e+38
1575.59 1.1828949104541412e+38
1575.99 2.0066260131378625e+38
1576.4 1.4499435058210225e+38
1576.81 1.7170220482958543e+38
1577.22 1.2640149591101583e+38
1577.63 1.8966795185157927e+38
1578.04 1.18032226430069e+38
1578.45 2.01302488296627e+38
1578.86 1.9343551518317425e+38
1579.27 1.6871946379981458e+38
1579.68 1.963052801525259e+38
1580.08 1.880279959730647e+38
1580.49 2.0128442432228674e+38
1580.9 1.2340990301755907e+38
1581.31 1.89024243619132e+38
1581.72 1.9193422486354777e+38
1582.13 1.968520973079696e+38
1582.54 1.75456496347032e+38
1582.95 1.9507838513298336e+38
1583.36 1.6445212137493805e+38
1583.77 1.4684004553186919e+38
1584.18 1.7259292607460916e+38
1584.59 1.9467617287941894e+38
1585.01 9.941735387133605e+37
1585.42 1.923700325898828e+38
1585.83 1.1680555441404991e+38
1586.24 1.7066715293975445e+38
1586.65 1.9753346003135505e+38
1587.06 1.9783239762347935e+38
1587.47 1.3406071586416954e+38
1587.88 1.9757190585641254e+38
1588.3 1.9424487956647023e+38
1588.71 1.5950684732312022e+38
1589.12 1.950192996377617e+38
1589.53 1.9684759977818716e+38
1589.94 1.9250189504847355e+38
1590.35 1.9791614210065463e+38
1590.77 1.9397375793833073e+38
1591.18 1.9046064745310063e+38
1591.59 1.6856859569001315e+38
1592.0 1.0609462129895185e+38
1592.42 1.919977830038113e+38
1592.83 1.939467996960847e+38
1593.24 1.8480908184182943e+38
1593.66 1.8421649065550533e+38
1594.07 1.7125537016547294e+38
1594.48 1.8975382353608945e+38
1594.89 1.3444474533226344e+38
1595.31 1.7327864077963577e+38
1595.72 1.7717747690465987e+38
1596.14 1.9582350337166105e+38
1596.55 1.9518502072781227e+38
1596.96 1.95099166277452e+38
1597.38 1.7627189180773575e+38
1597.79 1.945560859095372e+38
1598.2 1.9434608512126523e+38
1598.62 1.7614954041293692e+38
1599.03 1.9535205844624104e+38
1599.45 1.9496901224624023e+38
1599.86 1.9468658743910513e+38
1600.28 1.5818482529208764e+38
1600.69 1.78360892030499e+38
1601.11 1.3502284371914208e+38
1601.52 1.5799676414989092e+38
1601.94 8.372061739892958e+37
1602.35 1.947796783979757e+38
1602.77 1.9464548144053825e+38
1603.18 9.83876160042965e+37
1603.6 1.7820130623877003e+38
1604.01 1.942249793595534e+38
1604.43 1.881022890887275e+38
1604.84 1.1249045024754785e+38
1605.26 1.9318498555889314e+38
1605.68 1.7408681233054425e+38
1606.09 1.6402546334152671e+38
1606.51 1.896587168407538e+38
1606.93 1.6457835867420673e+38
1607.34 1.9160691804278707e+38
1607.76 7.158135118299816e+37
1608.18 1.6723198051122165e+38
1608.59 1.8327306679618536e+38
1609.01 9.519771384080706e+37
1609.43 1.809105824234128e+38
1609.84 9.348413831826256e+37
1610.26 1.1158798547674983e+38
1610.68 1.9178171735318164e+38
1611.09 1.4570091015246065e+38
1611.51 1.9073471486382263e+38
1611.93 1.3529933828771311e+38
1612.35 1.9135821859781175e+38
1612.77 8.31571482817842e+37
1613.18 1.9106561640759814e+38
1613.6 1.5979148476570946e+38
1614.02 8.357949533438804e+37
1614.44 1.9104541475806575e+38
1614.86 1.9073379404329795e+38
1615.28 1.1153842682590982e+38
1615.69 1.4369915062318598e+38
1616.11 1.3625551938252026e+38
1616.53 1.8355706859348907e+38
1616.95 1.8973046518278543e+38
1617.37 1.9004691669970573e+38
1617.79 1.4958315213735136e+38
1618.21 1.896185191227411e+38
1618.63 1.4607034766407127e+38
1619.05 1.8166620706254563e+38
1619.47 1.5719034436140296e+38
1619.89 1.8888355856292284e+38
1620.31 1.3229671943902754e+38
1620.73 1.379653116910773e+38
1621.15 9.251144379054944e+37
1621.57 9.627210980073804e+37
1621.99 1.6874665867751843e+38
1622.41 1.5725945008048653e+38
1622.83 1.8636589506541722e+38
1623.25 1.7691267819796287e+38
1623.67 1.2623043928822424e+38
1624.09 1.2676332249211458e+38
1624.51 1.8582292446433626e+38
1624.93 1.0739498725942796e+38
1625.35 1.787885054725247e+38
1625.78 1.742874416905067e+38
1626.2 1.378563274801765e+38
1626.62 1.8287902933097815e+38
1627.04 1.758613698816659e+38
1627.46 1.223500837322078e+38
1627.88 1.3112969283445658e+38
1628.31 9.110300851099856e+37
1628.73 1.845853734459137e+38
1629.15 7.477820904265746e+37
1629.57 1.8071135699043756e+38
1629.99 1.843284963558602e+38
1630.42 1.4314950280602133e+38
1630.84 1.84586849066575e+38
1631.26 1.6921300356307645e+38
1631.68 6.4493101767339445e+37
1632.11 9.59239615594252e+37
1632.53 1.4764673282165895e+38
1632.95 1.8458054257546304e+38
1633.38 1.850012195089201e+38
1633.8 1.729620289102104e+38
1634.22 1.7979995852385737e+38
1634.65 1.5181408482792988e+38
1635.07 1.6572241356888612e+38
1635.49 1.7397011762254626e+38
1635.92 1.7117082876854924e+38
1636.34 1.572476393363313e+38
1636.77 1.850069203600554e+38
1637.19 1.6724280709940543e+38
1637.61 1.8155777619090233e+38
1638.04 1.462419167811269e+38
1638.46 1.7224328508785252e+38
1638.89 1.8250450669727e+38
1639.31 1.1141819041544404e+38
1639.74 1.8386425842839203e+38
1640.16 8.93188884311032e+37
1640.59 1.2652099006821703e+38
1641.01 1.842056618903077e+38
1641.44 1.844784652278717e+38
1641.86 1.0032558771501801e+38
1642.29 1.7182447892958994e+38
1642.71 1.3674028696244321e+38
1643.14 1.8372509581578475e+38
1643.57 1.6669888913378888e+38
1643.99 1.7804296612669183e+38
1644.42 1.5049700930659462e+38
1644.84 1.408129818866408e+38
1645.27 1.4678613349158333e+38
1645.7 1.7707060735122144e+38
1646.12 1.7765002145492625e+38
1646.55 1.820035924200636e+38
1646.98 1.3873110165406852e+38
1647.41 1.7251680349421582e+38
1647.83 1.813780350681636e+38
1648.26 1.699734328881787e+38
1648.69 1.4454738434659385e+38
1649.11 1.6028149196375916e+38
1649.54 1.779034613049159e+38
1649.97 1.4747868628708316e+38
1650.4 1.7389642765846187e+38
1650.82 1.7102117280266125e+38
1651.25 1.7590150671243864e+38
1651.68 1.333760364871906e+38
1652.11 1.482892301112524e+38
1652.54 1.7857190078020423e+38
1652.96 9.126810726722488e+37
1653.39 1.0339080524957008e+38
1653.82 1.6625539078226581e+38
1654.25 1.5787466684585412e+38
1654.68 1.7696544122560506e+38
1655.11 1.7693624056641826e+38
1655.54 1.7325045994692343e+38
1655.96 1.749111097798411e+38
1656.39 1.771410984394615e+38
1656.82 1.087056696380794e+38
1657.25 1.7309284445194316e+38
1657.68 1.508607811109109e+38
1658.11 1.5283094802306013e+38
1658.54 1.6209365395618725e+38
1658.97 1.3239043639874293e+38
1659.4 1.4583578935970923e+38
1659.83 1.771988308988729e+38
1660.26 1.7570971403547556e+38
1660.69 1.6422953827849291e+38
1661.12 1.7103127534468173e+38
1661.55 1.18621223090682e+38
1661.98 1.7568100903589104e+38
1662.42 1.2125192791570032e+38
1662.85 1.762286363932931e+38
1663.28 1.753516771681947e+38
1663.71 1.759882415287212e+38
1664.14 1.7653869301725618e+38
1664.57 1.6943688349044822e+38
1665.0 1.5314630672506913e+38
1665.43 1.6845033027559977e+38
1665.86 1.7601714142664176e+38
1666.3 1.7561173879451388e+38
1666.73 1.6787895532169925e+38
1667.16 1.7160056363913432e+38
1667.59 1.6456875879023672e+38
1668.03 1.1221556148022198e+38
1668.46 1.2934107749464627e+38
1668.89 1.749138969996346e+38
1669.32 1.561877977393408e+38
1669.76 1.2219413331874482e+38
1670.19 1.6371107318888728e+38
1670.62 1.579070142286816e+38
1671.05 9.712546568196857e+37
1671.49 1.739755942604118e+38
1671.92 1.3516983470768649e+38
1672.35 1.4027458994184327e+38
1672.79 1.2171911853973475e+38
1673.22 1.5681803865509285e+38
1673.65 9.230138253630518e+37
1674.09 1.7302623497665055e+38
1674.52 1.6313674978717262e+38
1674.96 1.732865818440618e+38
1675.39 1.6639537489240213e+38
1675.82 1.4674694103772045e+38
1676.26 1.4647265004664888e+38
1676.69 1.535685261503203e+38
1677.13 1.1481652050243866e+38
1677.56 1.725711068320747e+38
1678.0 1.726493627827561e+38
1678.43 1.7182182392476494e+38
1678.87 1.693478441683989e+38
1679.3 1.7129984888692555e+38
1679.74 1.7227367806207877e+38
1680.17 1.7186189141015145e+38
1680.61 1.623408028009763e+38
1681.04 1.7098987161634685e+38
1681.48 1.622818439819874e+38
1681.92 1.1266013072233826e+38
1682.35 1.7067397257880805e+38
1682.79 1.714536264654288e+38
1683.22 1.7112487734135998e+38
1683.66 1.4418172871731258e+38
1684.1 1.6963528755214792e+38
1684.53 1.6754244215280726e+38
1684.97 1.7076870752339986e+38
1685.41 1.707670017182094e+38
1685.84 1.418592113631028e+38
1686.28 1.4553430887133886e+38
1686.72 1.0555553801434872e+38
1687.15 1.4867597640990556e+38
1687.59 1.2145305213959028e+38
1688.03 1.5530526941568341e+38
1688.47 1.697840551839361e+38
1688.9 1.6977836684739946e+38
1689.34 1.6980760433185269e+38
1689.78 1.6825817561349812e+38
1690.22 1.4063662255883979e+38
1690.66 1.1939612255499392e+38
1691.09 1.6681402905008175e+38
1691.53 1.6872482470402169e+38
1691.97 1.6296481234669944e+38
1692.41 1.0729630435012241e+38
1692.85 1.6515276152932897e+38
1693.29 1.6794698731912967e+38
1693.72 1.6848717475239605e+38
1694.16 1.6831675683877321e+38
1694.6 1.1633876521434094e+38
1695.04 7.352056586594455e+37
1695.48 1.5337534948954024e+38
1695.92 1.5061850560543653e+38
1696.36 1.6777301537944477e+38
1696.8 1.5953630055134825e+38
1697.24 1.6750553501987271e+38
1697.68 1.6740034121288635e+38
1698.12 1.2222503495362334e+38
1698.56 1.6656147321520511e+38
1699.0 1.244204370154423e+38
1699.44 1.604566025395487e+38
1699.88 1.6642867683428687e+38
1700.32 1.238190679023975e+38
1700.76 1.1319677892383205e+38
1701.2 1.6315142969205774e+38
1701.64 1.04508949209964e+38
1702.08 1.5329374101391906e+38
1702.53 1.4875574687936227e+38
1702.97 1.5615490960536802e+38
1703.41 1.4386591750353023e+38
1703.85 1.653332832157559e+38
1704.29 1.6409621178284363e+38
1704.73 1.5845776716871508e+38
1705.18 1.6536492138689916e+38
1705.62 1.5413348404116129e+38
1706.06 1.3477143121965945e+38
1706.5 1.2553625641139898e+38
1706.94 1.6228575951269436e+38
1707.39 7.096071921625172e+37
1707.83 1.6438661939206506e+38
1708.27 1.5639167093428323e+38
1708.71 1.1744538597681039e+38
1709.16 1.6388322380079736e+38
1709.6 1.6187755592927488e+38
1710.04 1.5228365801488092e+38
1710.49 1.4459099258502848e+38
1710.93 1.236764142965067e+38
1711.37 8.660526795427769e+37
1711.82 1.2888766372888082e+38
1712.26 1.549741850583989e+38
1712.7 8.47726903700423e+37
1713.15 1.5985472169847568e+38
1713.59 1.4626205794236713e+38
1714.04 1.6188395137209386e+38
1714.48 1.6192979429433788e+38
1714.93 1.6051535973160012e+38
1715.37 8.247033554763899e+37
1715.81 1.429443601341949e+38
1716.26 1.4605185518614064e+38
1716.7 1.5908675604120306e+38
1717.15 1.0289398184616272e+38
1717.59 1.58779583485805e+38
1718.04 1.3559656020672732e+38
1718.48 1.043150450513066e+38
1718.93 1.2265278562144257e+38
1719.38 8.459701216434971e+37
1719.82 1.1901163116656715e+38
1720.27 1.612516469251331e+38
1720.71 1.0474033631334898e+38
1721.16 1.313736796265792e+38
1721.6 9.817631706279083e+37
1722.05 1.2180461277034502e+38
1722.5 8.72499338679319e+37
1722.94 1.279822937753364e+38
1723.39 1.5506684949121036e+38
1723.84 1.051845844479283e+38
1724.28 8.123844416894831e+37
1724.73 1.482897483088756e+38
1725.18 1.5244838322407441e+38
1725.62 8.852220622233005e+37
1726.07 1.5899532495003025e+38
1726.52 1.2072923553984952e+38
1726.97 1.567720979279323e+38
1727.41 9.902340070525871e+37
1727.86 1.5042419951081326e+38
1728.31 1.2279704015963516e+38
1728.76 1.220232555247149e+38
1729.2 1.429579807951092e+38
1729.65 1.5909028394820938e+38
1730.1 1.5838445208146454e+38
1730.55 1.124378411174368e+38
1731.0 1.5798987568672033e+38
1731.45 9.907728014418357e+37
1731.9 1.5806911170017395e+38
1732.34 1.4170234255912697e+38
1732.79 1.357536131089649e+38
1733.24 1.4643892322459392e+38
1733.69 1.3151153431454269e+38
1734.14 1.3965594852363598e+38
1734.59 1.5478855827671622e+38
1735.04 1.5803747376268779e+38
1735.49 1.5625831500879998e+38
1735.94 1.4536697021861908e+38
1736.39 1.2073230037829832e+38
1736.84 1.576081943007292e+38
1737.29 1.2546753651606906e+38
1737.74 1.5577143334923704e+38
1738.19 8.641597072398094e+37
1738.64 9.962021529586413e+37
1739.09 1.2930218038275993e+38
1739.54 1.5252392709452762e+38
1739.99 1.4944427261254242e+38
1740.44 1.565561201138598e+38
1740.9 1.134366280908098e+38
1741.35 1.4324637400045436e+38
1741.8 1.5571852899473262e+38
1742.25 1.2635976430308432e+38
1742.7 1.5413869051142758e+38
1743.15 1.5600748807621415e+38
1743.6 1.552563602930416e+38
1744.06 1.5553024955892882e+38
1744.51 1.5541907637866828e+38
1744.96 1.3625884159282584e+38
1745.41 1.2995639940437e+38
1745.86 1.54789343062097e+38
1746.32 1.5521843499686592e+38
1746.77 1.5169453937540386e+38
1747.22 8.5584953591673e+37
1747.68 9.862903815237386e+37
1748.13 9.05666331975807e+37
1748.58 1.4420942983110965e+38
1749.04 9.241579263888268e+37
1749.49 1.3915634039770634e+38
1749.94 1.4899426738224727e+38
1750.4 1.1646636898799321e+38
1750.85 1.5424606885106854e+38
1751.3 1.0989532916338218e+38
1751.76 1.0646618548894397e+38
1752.21 1.538698160711942e+38
1752.67 1.5373899057617399e+38
1753.12 1.054519661113328e+38
1753.57 1.2457582189822573e+38
1754.03 1.4602999471353178e+38
1754.48 1.51018776951175e+38
1754.94 1.4186840115020818e+38
1755.39 1.5348815275268114e+38
1755.85 1.4723196568134695e+38
1756.3 1.5313993905454407e+38
1756.76 1.5277699478200808e+38
1757.21 1.528829201721054e+38
1757.67 1.5237524696891124e+38
1758.12 1.2421135699033484e+38
1758.58 9.3665399691712e+37
1759.04 1.4640102499704564e+38
1759.49 1.5234472169962624e+38
1759.95 1.5222914047265182e+38
1760.4 8.781752118306033e+37
1760.86 8.928151667330704e+37
1761.32 1.3078767889339926e+38
1761.77 1.5169441016665741e+38
1762.23 1.464668331079135e+38
1762.69 1.5103616526615913e+38
1763.14 1.4521819588771598e+38
1763.6 1.1451279986970817e+38
1764.06 1.4070242909531822e+38
1764.51 1.4712182317603189e+38
1764.97 1.054779793536722e+38
1765.43 1.5065866157775798e+38
1765.89 1.4890493939854502e+38
1766.34 1.4378696124898716e+38
1766.8 1.4985197871048973e+38
1767.26 1.4852554820069777e+38
1767.72 1.4828130279431517e+38
1768.18 1.4396364084767399e+38
1768.64 1.467639152681835e+38
1769.09 1.496124648092506e+38
1769.55 7.821659263761084e+37
1770.01 1.426526351468922e+38
1770.47 7.89808201060378e+37
1770.93 1.3704590937480338e+38
1771.39 1.3846949139550405e+38
1771.85 1.4534321338049185e+38
1772.31 1.4886916597384185e+38
1772.77 1.4589207187575224e+38
1773.22 1.3808329373319846e+38
1773.68 1.3040247185684634e+38
1774.14 1.4875434713217627e+38
1774.6 1.3038158567193585e+38
1775.06 1.4880505395395105e+38
1775.52 1.4181636992112165e+38
1775.98 6.131234931707166e+37
1776.44 1.4750816029661403e+38
1776.9 1.4033880850137886e+38
1777.36 1.4832139742844327e+38
1777.82 1.0568183169234362e+38
1778.29 1.4819707592058315e+38
1778.75 1.0695365378097422e+38
1779.21 1.4128631675284617e+38
1779.67 1.47886239536433e+38
1780.13 1.4462309824518403e+38
1780.59 1.4011955833023776e+38
1781.05 1.1903882846188937e+38
1781.52 1.4746406581164529e+38
1781.98 1.2680430438888147e+38
1782.44 1.3978941408884836e+38
1782.9 1.3196307902996171e+38
1783.36 1.4705643824695618e+38
1783.82 1.4699468738711216e+38
1784.29 1.4688646272145925e+38
1784.75 1.4197844009886394e+38
1785.21 1.4312139612611585e+38
1785.68 1.4658139153246222e+38
1786.14 1.4376463130923993e+38
1786.6 1.463855634543734e+38
1787.06 1.3326957294313967e+38
1787.53 1.4493677609796167e+38
1787.99 1.3005678118543186e+38
1788.45 1.0838585491792973e+38
1788.92 1.2095895651110918e+38
1789.38 1.457358654744172e+38
1789.84 1.4058856387577667e+38
1790.31 1.0637784625868598e+38
1790.77 1.3903673423806687e+38
1791.24 1.3343136250943127e+38
1791.7 9.276807663914227e+37
1792.17 9.71634953723173e+37
1792.63 1.4288979283917938e+38
1793.09 1.1154612081605067e+38
1793.56 1.4307828050872014e+38
1794.02 1.3967124289520761e+38
1794.49 1.4492641061733111e+38
1794.95 8.86856549933758e+37
1795.42 1.4475528306600654e+38
1795.89 1.3912998733943349e+38
1796.35 1.4453173277709283e+38
1796.81 1.3493145329715572e+38
1797.28 1.4363325456249816e+38
1797.75 1.289906266858395e+38
1798.21 1.3876273151535089e+38
1798.68 1.3932934787626634e+38
1799.15 1.4316026573927287e+38
1799.61 1.4333131196176033e+38
1800.08 1.192096728094887e+38
1800.55 1.4104870461792587e+38
1801.01 1.3481721057387974e+38
1801.48 8.573744390894918e+37
1801.94 1.3935017335593475e+38
1802.41 1.4311082589597238e+38
1802.88 1.3983573832395729e+38
1803.35 1.0156547936912057e+38
1803.81 1.4254163533894051e+38
1804.28 1.3684440793136306e+38
1804.75 1.4272013168240318e+38
1805.22 1.2960934968896831e+38
1805.68 1.2955192093099008e+38
1806.15 1.3836588707863434e+38
1806.62 1.301763070222533e+38
1807.09 1.3437889147059902e+38
1807.56 1.3976601631855531e+38
1808.03 1.320392707543945e+38
1808.49 1.3979558714779017e+38
1808.96 1.417820956085798e+38
1809.43 1.0054085225865816e+38
1809.9 1.3942613434730668e+38
1810.37 1.276037628430122e+38
1810.84 1.402613388225287e+38
1811.31 9.968282333196205e+37
1811.78 1.0986586805228917e+38
1812.25 1.1724668289280192e+38
1812.72 1.0416135910225144e+38
1813.19 1.1700267080422254e+38
1813.66 1.387552429901414e+38
1814.13 1.360041290577899e+38
1814.6 1.403230100795307e+38
1815.07 1.1892293948067491e+38
1815.54 1.2490202483587302e+38
1816.01 9.19238001780093e+37
1816.48 1.3226192424033484e+38
1816.95 1.2718427070507322e+38
1817.42 1.1549908810450727e+38
1817.89 1.3860145139799246e+38
1818.36 1.3922448861479732e+38
1818.83 1.3952677366187397e+38
1819.31 8.188190942198715e+37
1819.78 1.1175935849828822e+38
1820.25 1.3899088852749697e+38
1820.72 1.3925147158148386e+38
1821.19 1.0713471545928947e+38
1821.67 9.149912037588396e+37
1822.14 1.1960051100443608e+38
1822.61 1.3182229697867062e+38
1823.08 7.243092934040313e+37
1823.55 1.3721125752537689e+38
1824.03 1.3754040258382832e+38
1824.5 1.3846354654822497e+38
1824.97 1.0511691650505258e+38
1825.44 8.9488842255835e+37
1825.92 1.3401403012599045e+38
1826.39 1.3064271835804484e+38
1826.86 1.0234682490105287e+38
1827.34 1.2721475590407313e+38
1827.81 1.3644897474191065e+38
1828.29 1.1243377375893626e+38
1828.76 1.3218927259785916e+38
1829.23 9.719527866466664e+37
1829.71 1.3602200787734267e+38
1830.18 1.1265962115848177e+38
1830.66 8.63580786303973e+37
1831.13 1.3644455961170439e+38
1831.61 1.171123800945527e+38
1832.08 1.3671717402993343e+38
1832.56 1.2296473420065246e+38
1833.03 1.143577645150149e+38
1833.51 1.3528317673487647e+38
1833.98 1.341346225524742e+38
1834.46 1.357263680655056e+38
1834.93 1.0465337877929277e+38
1835.41 1.3481411703246985e+38
1835.88 1.3522645695608182e+38
1836.36 1.2864062984413308e+38
1836.83 1.0226186936063649e+38
1837.31 9.096622941516773e+37
1837.79 1.0822270974936159e+38
1838.26 6.625423314490932e+37
1838.74 1.0551344936184233e+38
1839.22 1.351079668043395e+38
1839.69 1.3504563404440266e+38
1840.17 9.020616035170723e+37
1840.65 1.3420216015578512e+38
1841.12 1.3487876820807596e+38
1841.6 8.144558123765876e+37
1842.08 1.2529861274998204e+38
1842.56 7.021543531304977e+37
1843.03 1.1292499994251158e+38
1843.51 7.250298900263792e+37
1843.99 7.252454600152074e+37
1844.47 8.645924392986905e+37
1844.94 7.384711270562407e+37
1845.42 8.293497976149215e+37
1845.9 1.3142945450748658e+38
1846.38 1.1180297568614066e+38
1846.86 1.0609851440389165e+38
1847.34 8.189449713270342e+37
1847.82 1.3179410384238093e+38
1848.29 1.3165492557528753e+38
1848.77 1.226740169005007e+38
1849.25 9.505821193008426e+37
1849.73 1.0899851932205913e+38
1850.21 6.085772219294144e+37
1850.69 9.50646703450923e+37
1851.17 8.334975622154686e+37
1851.65 1.3273102454523179e+38
1852.13 1.1447918524581853e+38
1852.61 7.31204183818659e+37
1853.09 1.3245558937148035e+38
1853.57 1.320394293713536e+38
1854.05 7.752736998546156e+37
1854.53 1.3126200783822044e+38
1855.01 6.171604326041392e+37
1855.49 1.0168896173083734e+38
1855.97 1.3033776515793876e+38
1856.45 1.3182178103646877e+38
1856.94 1.313488652397212e+38
1857.42 1.3165071260332592e+38
1857.9 1.1360332205832587e+38
1858.38 1.303399248993311e+38
1858.86 1.2286163356282783e+38
1859.34 1.3124924222979063e+38
1859.83 6.299784592425456e+37
1860.31 1.3114803185780838e+38
1860.79 1.181149155495527e+38
1861.27 1.3009267252822672e+38
1861.76 1.2188949663996535e+38
1862.24 1.3072132608515068e+38
1862.72 1.3005918737983695e+38
1863.2 1.1514564706438255e+38
1863.69 1.3044625812987595e+38
1864.17 1.2873793004016686e+38
1864.65 1.2186192430324426e+38
1865.14 7.173136796081422e+37
1865.62 8.464452721685727e+37
1866.1 1.2054560986431009e+38
1866.58 6.851930472125043e+37
1867.07 1.1982611480361105e+38
1867.55 1.2936581967101152e+38
1868.04 1.2981681820662737e+38
1868.52 1.2738058176291556e+38
1869.01 1.2833405796607586e+38
1869.49 1.281809588009316e+38
1869.97 7.416311799758517e+37
1870.46 1.2831453810353432e+38
1870.94 1.0325015641144597e+38
1871.43 8.601406194434822e+37
1871.91 1.2476253209226666e+38
1872.4 1.2381320716353328e+38
1872.88 1.2525305568575066e+38
1873.37 1.2571594567178119e+38
1873.85 1.011560191935718e+38
1874.34 1.0049100728124422e+38
1874.83 1.2658206502322107e+38
1875.31 9.976109964751387e+37
1875.8 1.266564795872097e+38
1876.29 1.0182382643136213e+38
1876.77 1.2787232155540703e+38
1877.26 1.2794964728066465e+38
1877.74 1.2815742161049894e+38
1878.23 1.2787982187764563e+38
1878.72 1.278522176036017e+38
1879.2 1.2536990558723808e+38
1879.69 1.2776195626228849e+38
1880.18 1.276791154911833e+38
1880.67 7.051252548786222e+37
1881.15 6.459790815330306e+37
1881.64 9.680462818564657e+37
1882.13 6.866378659183558e+37
1882.62 1.1324945315611506e+38
1883.1 9.429441135332233e+37
1883.59 1.270178481812012e+38
1884.08 1.2599947490173586e+38
1884.57 5.736645027179907e+37
1885.06 5.803757565335928e+37
1885.55 1.266258788009434e+38
1886.04 7.623490189972003e+37
1886.52 8.50757726162468e+37
1887.01 7.970619044095746e+37
1887.5 5.993488130051503e+37
1887.99 1.2564140056486135e+38
1888.48 1.2554006092324325e+38
1888.97 1.2596673132702432e+38
1889.46 6.15997535291576e+37
1889.95 1.2576328942846553e+38
1890.44 1.2117653719904885e+38
1890.93 7.503623783358564e+37
1891.42 7.645413640773394e+37
1891.91 7.44315522377476e+37
1892.4 8.92239509126679e+37
1892.89 6.158940504098861e+37
1893.38 1.2508497124184742e+38
1893.87 7.578032380934573e+37
1894.36 8.86353910990292e+37
1894.85 1.2142853370588237e+38
1895.34 5.529265365749721e+37
1895.84 1.1366580936063418e+38
1896.33 7.916358750608298e+37
1896.82 5.288683910103884e+37
1897.31 9.366068986259344e+37
1897.8 1.24378019087727e+38
1898.29 1.2350952296749647e+38
1898.79 6.783421616844832e+37
1899.28 4.935352494254784e+37
1899.77 1.1429111124694216e+38
1900.26 1.2398497878657302e+38
1900.76 1.2357623365765547e+38
1901.25 1.1076660328434651e+38
1901.74 1.237022693169654e+38
1902.23 1.207073879599158e+38
1902.73 1.2260050973872788e+38
1903.22 6.851813613921498e+37
1903.71 8.04136564133274e+37
1904.21 8.4965010547320815e+37
1904.7 1.2322253761554558e+38
1905.19 1.0205273596700285e+38
1905.69 1.183051885017226e+38
1906.18 1.2303358926622406e+38
1906.68 8.91490952047995e+37
1907.17 1.1279170685246884e+38
1907.66 5.9825079724557045e+37
1908.16 1.2168286378789206e+38
1908.65 1.0083930023274664e+38
1909.15 1.1794887505773249e+38
1909.64 1.2150167523024206e+38
1910.14 9.894282923350912e+37
1910.63 1.181050734057757e+38
1911.13 1.2206676948287657e+38
1911.62 5.547676202919256e+37
1912.12 1.219417571806438e+38
1912.61 1.2184608433065818e+38
1913.11 1.2165391017378147e+38
1913.61 6.380303717491086e+37
1914.1 6.146423492242739e+37
1914.6 1.2127169631399803e+38
1915.09 6.0719099145126595e+37
1915.59 1.0513098732838619e+38
1916.09 1.0475387233029378e+38
1916.58 7.518591092768347e+37
1917.08 6.48978165356825e+37
1917.58 9.818992636944345e+37
1918.07 8.925027107237772e+37
1918.57 6.113586613298046e+37
1919.07 1.0177056677777574e+38
1919.56 6.306384149954065e+37
1920.06 1.09443017148322e+38
1920.56 1.1927128273046997e+38
1921.06 8.55625492789751e+37
1921.56 5.675130105473878e+37
1922.05 9.218916212081347e+37
1922.55 1.2008597964124582e+38
1923.05 5.501755570787583e+37
1923.55 1.165880040212678e+38
1924.05 8.038076281761464e+37
1924.55 5.607084505289298e+37
1925.05 1.1970803250611167e+38
1925.54 1.1594896632435063e+38
1926.04 5.248291846323568e+37
1926.54 1.1935106321415696e+38
1927.04 1.1485806381411721e+38
1927.54 9.234788479529713e+37
1928.04 7.340912107687077e+37
1928.54 7.7886164876362395e+37
1929.04 8.35622728769033e+37
1929.54 1.0282243125787997e+38
1930.04 9.708069042738866e+37
1930.54 9.603287424782722e+37
1931.04 1.1694801887844526e+38
1931.54 4.991067746522217e+37
1932.04 1.181886416612909e+38
1932.54 1.1568141163114202e+38
1933.04 1.184623646176945e+38
1933.55 1.1359981853867051e+38
1934.05 1.1828979681121783e+38
1934.55 1.1821619373450109e+38
1935.05 1.1701849446547647e+38
1935.55 1.1801749428749523e+38
1936.05 1.1491757204178194e+38
1936.55 9.163805527068148e+37
1937.06 7.723241359421147e+37
1937.56 1.056144360614569e+38
1938.06 7.990969795515736e+37
1938.56 1.1731633946879416e+38
1939.06 8.551230002591104e+37
1939.57 9.74592618380806e+37
1940.07 6.232073341868189e+37
1940.57 7.260024598524363e+37
1941.08 1.1726132233462917e+38
1941.58 6.564239474730709e+37
1942.08 1.1711731445753352e+38
1942.58 1.1669649286610076e+38
1943.09 1.1372422733146414e+38
1943.59 6.296641060603299e+37
1944.1 1.1650923546678521e+38
1944.6 1.1253614631997078e+38
1945.1 1.1580737127042058e+38
1945.61 1.0937159883422945e+38
1946.11 1.1629433709017469e+38
1946.62 1.1283474083978375e+38
1947.12 1.1432853769119642e+38
1947.63 1.1541694867904052e+38
1948.13 8.30579590960426e+37
1948.64 1.01509436131993e+38
1949.14 1.1542510126292282e+38
1949.65 6.60948390607138e+37
1950.15 1.1460014327106527e+38
1950.66 1.156599278919062e+38
1951.16 1.0000035102128371e+38
1951.67 1.1543398312982658e+38
1952.17 1.1294665068258723e+38
1952.68 4.993873757509882e+37
1953.19 7.443663599607476e+37
1953.69 1.115260131811532e+38
1954.2 5.065930980884542e+37
1954.7 7.578652280777334e+37
1955.21 9.717356546836773e+37
1955.72 1.0298866547425361e+38
1956.22 1.1422856147509297e+38
1956.73 1.1367125818097948e+38
1957.24 9.571344028086912e+37
1957.75 1.0960020434719638e+38
1958.25 1.1436342702416775e+38
1958.76 6.307434220792387e+37
1959.27 5.581057638941618e+37
1959.78 1.0385637296784617e+38
1960.29 4.899924207645256e+37
1960.79 1.0777649788442835e+38
1961.3 6.457375724316744e+37
1961.81 9.377288284635563e+37
1962.32 1.0070346175501494e+38
1962.83 8.719675087287155e+37
1963.33 1.1002228591328886e+38
1963.84 1.0880676053547062e+38
1964.35 6.115399949410556e+37
1964.86 6.894596836654749e+37
1965.37 6.062857123123511e+37
1965.88 1.1331995264522913e+38
1966.39 1.1335970322051482e+38
1966.9 1.0978012149854531e+38
1967.41 1.132126075694895e+38
1967.92 9.957093023885913e+37
1968.43 1.0611446268463578e+38
1968.94 1.1291802017952078e+38
1969.45 1.0740969346747419e+38
1969.96 1.1028555217949584e+38
1970.47 1.1279825418278967e+38
1970.98 1.1267641677358817e+38
1971.49 1.0334346178727869e+38
1972.0 1.044659266819674e+38
1972.52 1.0455702542175868e+38
1973.03 1.1210906848711597e+38
1973.54 1.0941247570828739e+38
1974.05 1.1174262741280955e+38
1974.56 1.102620087265131e+38
1975.07 1.1206227750108475e+38
1975.58 1.0773106296623576e+38
1976.1 5.737512953051413e+37
1976.61 1.1159570223294726e+38
1977.12 1.1010194871235923e+38
1977.63 1.0164342941727627e+38
1978.15 1.115405160845855e+38
1978.66 7.226523967809005e+37
1979.17 1.006235993804932e+38
1979.69 9.625296175026428e+37
1980.2 1.0997328640047824e+38
1980.71 1.111917519932691e+38
1981.22 1.1066883661137874e+38
1981.74 1.1095424878764993e+38
1982.25 1.0889668294990548e+38
1982.77 5.715375948371865e+37
1983.28 1.1070582599434953e+38
1983.79 1.0102438354655075e+38
1984.31 5.005603881722144e+37
1984.82 7.6495743151974355e+37
1985.34 1.0868041248823684e+38
1985.85 1.0833902332568548e+38
1986.36 1.046574081307636e+38
1986.88 9.749061318956419e+37
1987.4 5.472098721128645e+37
1987.91 7.268097507302921e+37
1988.43 1.0973011669757337e+38
1988.94 1.0962148180672566e+38
1989.46 1.014193215497861e+38
1989.97 5.363108045192176e+37
1990.49 1.082688201333626e+38
1991.0 1.0947626604000718e+38
1991.52 5.3673277741215055e+37
1992.04 5.117552366858524e+37
1992.55 1.0678191404597507e+38
1993.07 1.0833310030692064e+38
1993.58 1.0770873183700839e+38
1994.1 5.2858366349011635e+37
1994.62 1.0889581509510915e+38
1995.14 9.125209502916024e+37
1995.65 5.695399982500293e+37
1996.17 1.086592740481754e+38
1996.69 1.0860359660072939e+38
1997.2 1.0800215182285714e+38
1997.72 1.0517760725101567e+38
1998.24 1.0225385089185159e+38
1998.76 1.0568195857463782e+38
1999.28 1.0616613955422129e+38
1999.8 8.602412833610598e+37
2000.31 5.612215896424231e+37
2000.83 9.882481670741503e+37
2001.35 1.0589074031454722e+38
2001.87 5.862078358532646e+37
2002.39 7.472981203178339e+37
2002.91 1.072287219640554e+38
2003.43 1.0762478636985398e+38
2003.94 1.0743524015800924e+38
2004.46 1.068621897846066e+38
2004.98 1.0126336140824864e+38
2005.5 9.038944303049261e+37
2006.02 8.822907778843672e+37
2006.54 1.0697040292344975e+38
2007.06 1.0377643799797384e+38
2007.58 1.0452896560004296e+38
2008.1 1.067113705105233e+38
2008.62 8.797086019877026e+37
2009.14 5.948058400724326e+37
2009.67 1.0636122393987008e+38
2010.19 9.143109940324344e+37
2010.71 8.862898981018655e+37
2011.23 9.261638109211665e+37
2011.75 1.0605399318881694e+38
2012.27 6.684152870647998e+37
2012.79 1.023481755859995e+38
2013.31 5.537620325055991e+37
2013.84 1.0556305497079704e+38
2014.36 1.04909245696829e+38
2014.88 1.0588615403883613e+38
2015.4 7.453357515015815e+37
2015.93 1.0065624514909532e+38
2016.45 1.0039918532306516e+38
2016.97 1.031548728386296e+38
2017.49 9.768541491410854e+37
2018.02 6.920786400452247e+37
2018.54 1.0431824099109461e+38
2019.06 9.83880939260845e+37
2019.58 1.052955270892875e+38
2020.11 1.0526783299021765e+38
2020.63 1.0449735925103944e+38
2021.16 1.0499770022810055e+38
2021.68 1.035641989533551e+38
2022.2 1.0462122585646207e+38
2022.73 8.250056579265679e+37
2023.25 1.048703475356747e+38
2023.78 1.0368077925692629e+38
2024.3 1.0459886349000585e+38
2024.82 1.0449767292730473e+38
2025.35 1.0303134855086774e+38
2025.88 8.406548692322692e+37
2026.4 1.0096388719313355e+38
2026.93 1.0433072732208102e+38
2027.45 1.0415421260844606e+38
2027.98 1.0231578386743645e+38
2028.5 9.110150482330911e+37
2029.03 1.0393728309032548e+38
2029.55 1.0396405125229093e+38
2030.08 8.699632203235697e+37
2030.61 1.038244967965741e+38
2031.13 1.022977715702322e+38
2031.66 1.0312857818208916e+38
2032.19 9.137908501652487e+37
2032.71 9.910828361407161e+37
2033.24 1.0338447937386609e+38
2033.77 7.989909762775997e+37
2034.29 9.861068751828451e+37
2034.82 9.278490277197148e+37
2035.35 5.322700054048506e+37
2035.88 8.702491205089589e+37
2036.4 1.0231323163652266e+38
2036.93 1.027034115227633e+38
2037.46 7.171485940757688e+37
2037.99 5.34936702902108e+37
2038.52 1.027175687712646e+38
2039.04 1.0079897776649182e+38
2039.57 6.451300349129837e+37
2040.1 5.448451036830062e+37
2040.63 9.704279232862398e+37
2041.16 5.444559708992858e+37
2041.69 1.0232962080933261e+38
2042.22 1.0225389290839042e+38
2042.74 1.000893704970808e+38
2043.28 1.0212110330049764e+38
2043.8 1.0036858479841974e+38
2044.33 1.0193757453908818e+38
2044.86 7.791179252928428e+37
2045.39 9.50416105382753e+37
2045.92 1.0164664024382288e+38
2046.45 5.543499405388608e+37
2046.98 1.0154887617041784e+38
2047.52 8.542921886363468e+37
2048.05 1.0070356562849989e+38
2048.58 1.0137849808308811e+38
2049.11 1.0040132894720374e+38
2049.64 9.032859498861597e+37
2050.17 8.355052380322387e+37
2050.7 1.021488870647323e+38
2051.23 9.984029046672064e+37
2051.76 9.63291410743177e+37
2052.3 1.0200868209947893e+38
2052.83 9.105451438160186e+37
2053.36 9.867602028210524e+37
2053.89 1.0163878408839597e+38
2054.43 1.0169046871743376e+38
2054.96 1.0146527878182834e+38
2055.49 1.0129117323580554e+38
2056.02 1.0130576125061828e+38
2056.55 5.457731666044627e+37
2057.09 1.012061353595714e+38
2057.62 6.2778773329966605e+37
2058.16 9.889149693137003e+37
2058.69 8.467441469691071e+37
2059.22 4.58385303132807e+37
2059.76 8.65091183055652e+37
2060.29 4.966129060420436e+37
2060.82 1.0067580542394096e+38
2061.36 9.809381748600185e+37
2061.89 9.943508780996875e+37
2062.43 4.631323335758539e+37
2062.96 1.0055819439663378e+38
2063.5 1.001489861663463e+38
2064.03 9.653870314614304e+37
2064.56 9.972175134965268e+37
2065.1 9.829778763856462e+37
2065.64 9.262395127429473e+37
2066.17 1.0004173666670395e+38
2066.71 9.977492874353698e+37
2067.24 9.935302483541052e+37
2067.78 9.96656478905177e+37
2068.31 9.992018638475408e+37
2068.85 5.323521229451111e+37
2069.39 9.92504981814716e+37
2069.92 9.975281955689226e+37
2070.46 9.685970620447683e+37
2071.0 9.92446156003897e+37
2071.53 9.549721602298846e+37
2072.07 9.875352343461734e+37
2072.61 9.799298947068704e+37
2073.14 9.903365459101272e+37
2073.68 9.930692399839782e+37
2074.22 9.916592068687702e+37
2074.76 9.741761155631624e+37
2075.29 9.909784523026778e+37
2075.83 9.319006312330927e+37
2076.37 9.726764394206896e+37
2076.91 8.324179815387822e+37
2077.45 9.862543670533207e+37
2077.98 8.457306464379152e+37
2078.52 9.287945660719261e+37
2079.06 9.427681927099907e+37
2079.6 5.474451562518545e+37
2080.14 9.789798824292503e+37
2080.68 9.83984238597469e+37
2081.22 9.830051168221432e+37
2081.76 9.592492143613864e+37
2082.3 9.821491303490119e+37
2082.84 9.811360193070944e+37
2083.38 9.575833553152991e+37
2083.92 9.614877329438276e+37
2084.46 9.795119359247534e+37
2085.0 4.478064553726996e+37
2085.54 7.488125712730893e+37
2086.08 9.767433710508807e+37
2086.62 9.62513519651951e+37
2087.16 9.733944430693086e+37
2087.7 6.0465605676723855e+37
2088.24 9.675192905437467e+37
2088.78 9.635388087819649e+37
2089.32 6.5955398248185045e+37
2089.87 8.525674705302206e+37
2090.41 9.711285475609792e+37
2090.95 5.46718293851954e+37
2091.49 9.678559975662823e+37
2092.03 5.199959986984949e+37
2092.57 8.91815851630077e+37
2093.12 9.665272812425153e+37
2093.66 5.726329787401639e+37
2094.2 6.894401227195732e+37
2094.75 9.25405142267696e+37
2095.29 9.613695195124396e+37
2095.83 7.075705505028294e+37
2096.38 6.866080782673214e+37
2096.92 9.35824805117385e+37
2097.46 9.60895218986028e+37
2098.0 6.8228450545620075e+37
2098.55 6.994286776604071e+37
2099.09 9.589945693050125e+37
2099.64 9.440520714175069e+37
2100.18 9.535732390308645e+37
2100.73 9.311426611798522e+37
2101.27 9.52519942770813e+37
2101.81 9.115589238774113e+37
2102.36 9.544534428336595e+37
2102.9 9.511521672387642e+37
2103.45 8.441589241710083e+37
2103.99 8.625498978096868e+37
2104.54 4.698846197565754e+37
2105.08 9.520965169639596e+37
2105.63 7.021408235159931e+37
2106.18 9.293234718116899e+37
2106.72 9.339125195612602e+37
2107.27 9.494950935149043e+37
2107.81 8.970079149468177e+37
2108.36 8.971902379965059e+37
2108.91 8.249237070652572e+37
2109.45 8.653611004254345e+37
2110.0 9.461246524844413e+37
2110.55 9.44865778845194e+37
2111.09 9.42876973680744e+37
2111.64 9.37972964645259e+37
2112.19 9.411128788661988e+37
2112.74 9.378967562875135e+37
2113.28 9.250032043042782e+37
2113.83 9.38325844114375e+37
2114.38 8.3441560026479715e+37
2114.93 8.459140900733057e+37
2115.48 8.676630536451645e+37
2116.02 9.388888119106595e+37
2116.57 9.381527082985505e+37
2117.12 8.487523355856301e+37
2117.67 9.351315160196819e+37
2118.22 7.690930956187588e+37
2118.77 9.332348480710503e+37
2119.32 7.252619030125186e+37
2119.87 9.339911624848591e+37
2120.42 9.025782625331388e+37
2120.97 7.859935220818393e+37
2121.51 9.091843242356179e+37
2122.06 9.031762458694873e+37
2122.61 9.288664559883759e+37
2123.17 8.591135496060087e+37
2123.72 9.236030988969017e+37
2124.26 6.270552007152103e+37
2124.82 8.608359481138987e+37
2125.37 9.173978981339701e+37
2125.92 8.720445725728262e+37
2126.47 9.262119169939949e+37
2127.02 9.255236943853634e+37
2127.57 9.233748897300385e+37
2128.12 7.684258222005404e+37
2128.67 9.156311123620245e+37
2129.23 9.175735675582704e+37
2129.78 9.200007154230664e+37
2130.33 7.78142987456058e+37
2130.88 9.189258423228153e+37
2131.43 9.027667557002098e+37
2131.99 9.16432335216251e+37
2132.54 8.888202688905719e+37
2133.09 9.163248355516115e+37
2133.65 9.147167322577573e+37
2134.2 9.139536067015252e+37
2134.75 9.123011412231073e+37
2135.3 9.124679716093689e+37
2135.86 9.108797349407898e+37
2136.41 9.123356966192324e+37
2136.97 7.3135676654675465e+37
2137.52 9.025292198855991e+37
2138.07 5.947083760307379e+37
2138.63 8.5438674908986e+37
2139.18 9.083674830204553e+37
2139.74 8.87215153423748e+37
2140.29 8.99994179502649e+37
2140.84 9.07864456199317e+37
2141.4 8.74756321018204e+37
2141.96 8.216098271575456e+37
2142.51 9.036780856724286e+37
2143.06 8.994261023701807e+37
2143.62 8.406233276709654e+37
2144.18 5.769200242965625e+37
2144.73 8.92212181082442e+37
2145.29 8.721144716678854e+37
2145.84 9.027294479329386e+37
2146.4 8.708693220428029e+37
2146.96 7.689014356392965e+37
2147.51 9.011055382511474e+37
2148.07 8.99199975189059e+37
2148.63 7.042415042490041e+37
2149.18 8.753300825049469e+37
2149.74 8.9767301162379e+37
2150.3 8.796740955375365e+37
2150.85 8.971907544567264e+37
2151.41 8.843755062319118e+37
2151.97 8.964603007958126e+37
2152.53 5.621718566792456e+37
2153.08 8.848554680147968e+37
2153.64 8.939130486367239e+37
2154.2 8.94069758408947e+37
2154.76 8.8395516414679e+37
2155.32 8.841067859596824e+37
2155.88 8.921785444461204e+37
2156.44 8.854516265674316e+37
2156.99 8.806509225015e+37
2157.55 8.897773879529673e+37
2158.11 8.880671559459189e+37
2158.67 8.646896179111705e+37
2159.23 6.631820095999429e+37
2159.79 8.738243618056363e+37
2160.35 8.749534630100694e+37
2160.91 8.84372003709011e+37
2161.47 8.764148436193957e+37
2162.03 6.9573088488332405e+37
2162.59 8.361133283325746e+37
2163.15 8.819150264562866e+37
2163.71 7.649096900432506e+37
2164.27 8.80877682123676e+37
2164.83 8.706028810232712e+37
2165.4 8.79653039059003e+37
2165.96 8.238196230210196e+37
2166.52 8.781695680347944e+37
2167.08 8.727033771435954e+37
2167.64 5.470997571881303e+37
2168.2 8.765295884666386e+37
2168.76 8.282306508095696e+37
2169.33 8.73561418563527e+37
2169.89 8.72452810838661e+37
2170.45 7.821876289142347e+37
2171.01 8.732175839203646e+37
2171.58 8.408461327470253e+37
2172.14 8.722538221697647e+37
2172.7 8.681188270235396e+37
2173.27 8.710894383785585e+37
2173.83 8.655424820340413e+37
2174.39 8.421941631058692e+37
2174.96 8.489921603591244e+37
2175.52 8.565243497949453e+37
2176.08 8.630852055297515e+37
2176.65 8.656420870484307e+37
2177.21 8.654315348744117e+37
2177.78 8.61637372885058e+37
2178.34 8.643441571867475e+37
2178.91 8.647012692676361e+37
2179.47 8.551828174907878e+37
2180.03 8.4043482925031885e+37
2180.6 8.604601441407443e+37
2181.17 5.823311540551996e+37
2181.73 8.612378601512123e+37
2182.3 8.60646121880416e+37
2182.86 8.561367494647337e+37
2183.43 8.170596626771951e+37
2183.99 8.587660852600009e+37
2184.56 8.323642952451769e+37
2185.12 8.572814458032866e+37
2185.69 7.509814328011595e+37
2186.26 7.909012472516216e+37
2186.82 8.550664120686233e+37
2187.39 8.092003144826603e+37
2187.96 8.536251176412127e+37
2188.53 8.24962504253362e+37
2189.09 8.483989795123123e+37
2189.66 8.501694139164191e+37
2190.23 8.530611240800516e+37
2190.79 7.797202505260394e+37
2191.36 8.134830302237194e+37
2191.93 7.311406702182639e+37
2192.5 8.51288562974275e+37
2193.07 8.495662643953215e+37
2193.64 8.432230270195912e+37
2194.21 8.34178900007597e+37
2194.77 8.493877750309534e+37
2195.34 8.452203339277817e+37
2195.91 8.468277073218389e+37
2196.48 8.139202779713178e+37
2197.05 8.457497707281972e+37
2197.62 8.457383471674115e+37
2198.19 8.441722817977451e+37
2198.76 8.439221547508492e+37
2199.33 7.535977508593917e+37
2199.9 8.385265788125287e+37
2200.47 8.426525271250348e+37
2201.04 8.372863364693499e+37
2201.61 8.342790958945837e+37
2202.18 8.148936919049413e+37
2202.75 8.325537723213127e+37
2203.32 8.372010368225783e+37
2203.89 7.54603914588806e+37
2204.46 7.938413534106621e+37
2205.03 8.344717588242566e+37
2205.61 8.364493252402384e+37
2206.18 8.335497071378175e+37
2206.75 8.319691550667267e+37
2207.32 8.267278609097527e+37
2207.89 8.3360239448437765e+37
2208.47 8.271991177836296e+37
2209.04 8.290767832272766e+37
2209.61 5.353517828610036e+37
2210.18 8.3083311601635885e+37
2210.76 7.59266249175713e+37
2211.33 8.185920441350723e+37
2211.9 8.205207234981565e+37
2212.48 8.2761059578663235e+37
2213.05 8.077198462798971e+37
2213.62 8.262392137590439e+37
2214.2 8.255018929433722e+37
2214.77 8.203716850571239e+37
2215.34 7.653008070225284e+37
2215.92 7.582596030127006e+37
2216.49 8.073837650450977e+37
2217.07 8.119283093826398e+37
2217.64 8.195932508440096e+37
2218.22 7.341301271333151e+37
2218.79 8.11869644176405e+37
2219.37 7.756034289783997e+37
2219.94 8.185499092777706e+37
2220.52 8.162865401816034e+37
2221.09 8.015521099635698e+37
2221.67 8.163870492576364e+37
2222.25 8.166014890914438e+37
2222.82 8.12601581653411e+37
2223.4 8.151396286184421e+37
2223.97 8.14279014504686e+37
2224.55 8.139365603637812e+37
2225.13 8.113091107364545e+37
2225.7 8.015502122634479e+37
2226.28 8.12003156213951e+37
2226.86 8.121944167027133e+37
2227.43 6.78777980208188e+37
2228.01 7.965572820287849e+37
2228.59 7.712972655563851e+37
2229.17 7.880022699680666e+37
2229.74 8.093940469983561e+37
2230.32 8.029104513162372e+37
2230.9 8.070793979576123e+37
2231.48 8.091755555741339e+37
2232.06 8.078622320018743e+37
2232.64 8.0560045437205645e+37
2233.21 7.546445359623505e+37
2233.79 8.045172990319859e+37
2234.37 7.334903070152442e+37
2234.95 8.054984372569785e+37
2235.53 8.058703404863575e+37
2236.11 8.054011944970558e+37
2236.69 6.493001317199523e+37
2237.27 8.039541143742693e+37
2237.85 8.024672266444957e+37
2238.43 7.7399146634538525e+37
2239.01 7.702532879030349e+37
2239.59 8.011974214558911e+37
2240.17 7.96277244141157e+37
2240.75 7.998856064696059e+37
2241.33 7.990947336498471e+37
2241.91 7.9844927828644965e+37
2242.49 7.959244232378849e+37
2243.07 7.969052989875283e+37
2243.66 7.964050437507599e+37
2244.24 7.833714831292222e+37
2244.82 6.632563709202193e+37
2245.4 7.926494165961237e+37
2245.98 7.937298261530928e+37
2246.56 7.852621073574105e+37
2247.15 7.923431327201078e+37
2247.73 7.916209624166989e+37
2248.31 7.716964323951258e+37
2248.89 7.885401798670012e+37
2249.48 7.875943376168636e+37
2250.06 7.891405705113713e+37
2250.64 7.864813112721058e+37
2251.23 7.878001370916694e+37
2251.81 7.702927711084482e+37
2252.39 7.844839792434805e+37
2252.98 7.005140304439937e+37
2253.56 7.554627891433722e+37
2254.15 7.848501676342857e+37
2254.73 7.835289578768278e+37
2255.31 7.837263228539197e+37
2255.9 7.811440952530313e+37
2256.48 7.736277099538996e+37
2257.07 7.816700301957312e+37
2257.65 7.809765791636941e+37
2258.24 6.781113802486244e+37
2258.82 7.730720976532513e+37
2259.41 7.619991395680804e+37
2260.0 7.787367499966372e+37
2260.58 7.755901295044343e+37
2261.17 7.478570701472585e+37
2261.75 7.778929625608936e+37
2262.34 5.733968602451445e+37
2262.93 7.768135060510768e+37
2263.51 7.705572415753822e+37
2264.1 7.731173473165164e+37
2264.69 7.752644836039296e+37
2265.27 7.693339974288601e+37
2265.86 7.626552404222361e+37
2266.45 7.736833483701017e+37
2267.03 7.72916465267703e+37
2267.62 7.729032247159589e+37
2268.21 6.960004229927502e+37
2268.8 7.713048776529515e+37
2269.39 7.714153305545471e+37
2269.97 7.67061184885628e+37
2270.56 7.704485752736469e+37
2271.15 7.700009003615814e+37
2271.74 7.678979009489272e+37
2272.33 7.646382153783705e+37
2272.92 7.685880584615758e+37
2273.51 7.6817597796651e+37
2274.09 7.03462099930356e+37
2274.68 7.671261528903138e+37
2275.27 7.667147599944875e+37
2275.86 7.61437972795187e+37
2276.45 7.64141100498047e+37
2277.04 7.267382592456402e+37
2277.63 7.249360245165586e+37
2278.22 7.174434264597431e+37
2278.81 7.637628755138023e+37
2279.41 7.536465845669148e+37
2280.0 7.618874884336816e+37
2280.59 7.57833335135602e+37
2281.18 7.613339850892465e+37
2281.77 7.596501465863418e+37
2282.36 7.60757790805909e+37
2282.95 7.597291979688041e+37
2283.54 7.597002096667609e+37
2284.14 7.576251871844978e+37
2284.73 7.57337787342974e+37
2285.32 7.535561926655326e+37
2285.91 7.576065989709867e+37
2286.5 7.569426964100375e+37
2287.1 7.503363891761813e+37
2287.69 6.554885026877026e+37
2288.28 7.520161759654673e+37
2288.88 7.543779923917971e+37
2289.47 7.536481906454995e+37
2290.06 7.406150351612799e+37
2290.66 7.517309699016933e+37
2291.25 7.425084399100088e+37
2291.84 7.506360632325546e+37
2292.44 7.3976638006984675e+37
2293.03 7.490678738438519e+37
2293.63 7.420105973591508e+37
2294.22 7.469599568417315e+37
2294.81 7.424255294189126e+37
2295.41 7.448920832835751e+37
2296.0 7.439853895742491e+37
2296.6 6.30647707255265e+37
2297.2 7.198344891734501e+37
2297.79 4.280172223561842e+37
2298.39 7.460079490822424e+37
2298.98 7.328036670350281e+37
2299.58 7.333838703874892e+37
2300.17 7.43556209075538e+37
2300.77 7.3645740170672005e+37
2301.37 7.41205539285176e+37
2301.96 7.4159625193308045e+37
2302.56 7.403697873525769e+37
2303.16 7.34862331520751e+37
2303.75 6.857082748940284e+37
2304.35 7.3895635805353525e+37
2304.95 7.384466211888933e+37
2305.54 7.375418179114767e+37
2306.14 7.370906943056193e+37
2306.74 7.292388065912536e+37
2307.34 7.019144488014402e+37
2307.94 7.34797602410221e+37
2308.53 7.323042827093182e+37
2309.13 7.3408970350502385e+37
2309.73 7.338834303991351e+37
2310.33 7.331375256937821e+37
2310.93 7.320895700170072e+37
2311.53 7.314532964366443e+37
2312.13 7.31164474813963e+37
2312.73 7.299488471224427e+37
2313.32 7.167788429286683e+37
2313.93 6.709763395748066e+37
2314.52 7.263535769451296e+37
2315.12 7.283687558050385e+37
2315.72 7.273172342329769e+37
2316.32 6.501338579357139e+37
2316.93 7.1183964219447995e+37
2317.52 7.103065570869063e+37
2318.13 7.195420125882913e+37
2318.73 7.2044018402575065e+37
2319.33 7.216088173423782e+37
2319.93 5.453790987039807e+37
2320.53 7.193863581210971e+37
2321.13 7.195365253838581e+37
2321.73 7.188393747832601e+37
2322.33 6.8589028723526565e+37
2322.94 6.493006988604555e+37
2323.54 7.155691367407935e+37
2324.14 7.146452303591008e+37
2324.74 7.0681326881360135e+37
2325.35 7.130417772514715e+37
2325.95 7.127716273103259e+37
2326.55 7.0735538834026545e+37
2327.16 7.1094222012780935e+37
2327.76 6.859105526447452e+37
2328.36 6.408270043028361e+37
2328.97 7.120671110396954e+37
2329.57 7.119906733671117e+37
2330.17 7.1070627993247185e+37
2330.78 7.044768925139116e+37
2331.38 7.037316884947608e+37
2331.98 6.31131018149003e+37
2332.59 7.1017967503020865e+37
2333.19 6.2386178143126e+37
2333.8 7.014289748492754e+37
2334.4 7.082829095724961e+37
2335.01 6.967208720162163e+37
2335.61 7.07379372738083e+37
2336.22 7.0849113824103e+37
2336.82 7.079662962174314e+37
2337.43 6.524600459098177e+37
2338.03 7.067422306546622e+37
2338.64 6.775663426194194e+37
2339.25 6.868841190915603e+37
2339.85 6.945993046170015e+37
2340.46 6.991494590072024e+37
2341.07 6.724952021189759e+37
2341.67 7.006639744285176e+37
2342.28 7.020347985101776e+37
2342.89 7.018167047608876e+37
2343.5 7.006934599986223e+37
2344.1 6.8853746947172685e+37
2344.71 6.911662543418454e+37
2345.32 6.988835427987559e+37
2345.93 6.947530676796523e+37
2346.53 6.99034542371745e+37
2347.14 6.975675395676376e+37
2347.75 6.491823481987543e+37
2348.36 6.955405831240299e+37
2348.97 6.745293414837644e+37
2349.58 6.970635748924132e+37
2350.19 6.968972129040888e+37
2350.79 6.962141157614141e+37
2351.4 6.958308866805372e+37
2352.01 6.903244006709765e+37
2352.62 6.953336135382143e+37
2353.23 6.790147050037078e+37
2353.84 6.947435945846546e+37
2354.45 6.498398262054295e+37
2355.06 6.844294571117309e+37
2355.67 6.876493335807209e+37
2356.28 6.92623749626796e+37
2356.89 6.904510603430104e+37
2357.5 6.913318131724184e+37
2358.12 6.8604923850069025e+37
2358.73 6.846742004838444e+37
2359.34 6.894710295266441e+37
2359.95 6.83457116258669e+37
2360.56 6.870929651987105e+37
2361.17 6.836559063781051e+37
2361.78 6.860927949086043e+37
2362.4 6.842268847419484e+37
2363.01 6.821008729657428e+37
2363.62 6.827824587654953e+37
2364.24 6.74625612778476e+37
2364.85 6.837325308832754e+37
2365.46 6.741736094395165e+37
2366.07 6.757967297907344e+37
2366.69 6.5279763868966535e+37
2367.3 6.74625787602009e+37
2367.91 6.811833292942092e+37
2368.53 6.810021182727114e+37
2369.14 6.801423148427154e+37
2369.76 6.778105054231209e+37
2370.37 6.7975165556108e+37
2370.98 6.7152623033559625e+37
2371.6 6.347687135428824e+37
2372.21 6.783660661536214e+37
2372.83 6.776660028920824e+37
2373.44 6.76781765979743e+37
2374.06 6.770315986683238e+37
2374.67 5.960326934123892e+37
2375.29 6.762882709209812e+37
2375.91 6.634623926358299e+37
2376.52 6.72765609307432e+37
2377.14 6.364368851916904e+37
2377.75 6.738618099639651e+37
2378.37 6.732035760299665e+37
2378.99 6.7144883657573175e+37
2379.6 6.714425417428697e+37
2380.22 6.710379962601065e+37
2380.83 6.66181507693261e+37
2381.45 6.585601732390041e+37
2382.07 6.693693621781272e+37
2382.69 6.369772423661702e+37
2383.3 6.658128597083909e+37
2383.92 6.563335042307487e+37
2384.54 6.664912189583716e+37
2385.16 6.464922814331042e+37
2385.78 6.625750037950406e+37
2386.4 6.492383410407456e+37
2387.01 6.191541061357178e+37
2387.63 6.649765149147861e+37
2388.25 6.643392701703772e+37
2388.87 6.636035352807412e+37
2389.49 6.56161431108036e+37
2390.11 6.4825904711668325e+37
2390.73 6.6327047651533745e+37
2391.35 6.62794497648666e+37
2391.97 6.612688735212232e+37
2392.59 6.622004916785992e+37
2393.21 6.614386874352119e+37
2393.83 6.615152642649447e+37
2394.45 6.502493812079477e+37
2395.07 6.605602219539391e+37
2395.69 6.588142522816962e+37
2396.31 6.243760620584081e+37
2396.93 6.588905704178853e+37
2397.55 6.477866083025686e+37
2398.17 6.578793143627551e+37
2398.79 6.2750691709808315e+37
2399.42 6.539620398309274e+37
2400.04 6.400538737321189e+37
2400.66 6.53209848263543e+37
2401.28 6.55225201823802e+37
2401.91 6.541308630630753e+37
2402.53 6.372078679095911e+37
2403.15 6.184353763426432e+37
2403.77 6.5256855589620345e+37
2404.4 6.286287850161378e+37
2405.02 6.509590259131487e+37
2405.64 6.202378628608223e+37
2406.27 6.509594075628207e+37
2406.89 6.498444590485194e+37
2407.51 6.437719878866779e+37
2408.14 6.444602190922422e+37
2408.76 6.391041341406965e+37
2409.39 6.473311485412403e+37
2410.01 6.162391325556465e+37
2410.64 6.4804023486602765e+37
2411.26 6.239285736811394e+37
2411.89 6.3738465559112905e+37
2412.51 6.464367364260171e+37
2413.14 6.461324798924758e+37
2413.76 6.456086522730821e+37
2414.39 6.397352750303844e+37
2415.01 6.450582174327984e+37
2415.64 6.4437532834959065e+37
2416.26 6.444067316878458e+37
2416.89 6.346263457901711e+37
2417.52 6.425921697522303e+37
2418.14 6.433221257350497e+37
2418.77 6.427572397167539e+37
2419.4 5.223209600923626e+37
2420.02 6.422384716380163e+37
2420.65 6.413843875559035e+37
2421.28 6.373937539714004e+37
2421.91 6.372055398204041e+37
2422.53 6.407545000849445e+37
2423.16 6.40016999854082e+37
2423.79 6.364379934849284e+37
2424.42 6.201525038464886e+37
2425.05 6.35907666994817e+37
2425.68 6.388090394618128e+37
2426.3 6.373843460271522e+37
2426.93 6.373100261133884e+37
2427.56 6.371821398170114e+37
2428.19 6.366419648431711e+37
2428.82 6.359528127290989e+37
2429.45 6.259480300429105e+37
2430.08 6.311550108882132e+37
2430.71 6.296431196039184e+37
2431.34 6.339497609640952e+37
2431.97 6.173635744684851e+37
2432.6 6.328923516121383e+37
2433.23 6.322376829937508e+37
2433.86 6.173150230357578e+37
2434.49 6.305421294410596e+37
2435.12 6.2854980794142645e+37
2435.75 6.237920462498466e+37
2436.39 6.300069709801353e+37
2437.02 6.286137027452069e+37
2437.65 6.290284217552855e+37
2438.28 6.265868329637663e+37
2438.91 5.043617040235483e+37
2439.54 6.2805270979497545e+37
2440.18 6.259273815690856e+37
2440.81 6.217236466809409e+37
2441.44 6.239096624819235e+37
2442.07 6.246318012330453e+37
2442.71 6.266294311505885e+37
2443.34 6.262766199100394e+37
2443.97 6.244244089266331e+37
2444.61 6.255160599690829e+37
2445.24 6.102973905713187e+37
2445.88 6.212607813612324e+37
2446.51 6.184438587302303e+37
2447.14 6.200704267308178e+37
2447.78 6.222647550231396e+37
2448.41 6.19387130768707e+37
2449.05 5.8969037388949785e+37
2449.68 6.217712464159611e+37
2450.32 5.974977381827589e+37
2450.95 6.186229635817815e+37
2451.59 6.202521432470487e+37
2452.22 6.195519779462989e+37
2452.86 6.192176341827342e+37
2453.49 6.188129569112928e+37
2454.13 6.182961699700866e+37
2454.76 6.170963456984336e+37
2455.4 6.132716484889168e+37
2456.04 6.162910115182498e+37
2456.67 6.148581285121956e+37
2457.31 6.08633494311158e+37
2457.95 6.154600029864192e+37
2458.58 6.141956703995034e+37
2459.22 6.14572789800382e+37
2459.86 6.126591871407325e+37
2460.5 6.1095878925373685e+37
2461.14 6.068837677541133e+37
2461.77 5.93517526503148e+37
2462.41 6.107282510062744e+37
2463.05 6.111583475724597e+37
2463.69 5.849713161309196e+37
2464.33 6.108989988682945e+37
2464.96 6.104443002729178e+37
2465.6 6.052622408486062e+37
2466.24 6.093568744778984e+37
2466.88 6.087384980198699e+37
2467.52 6.011198986731705e+37
2468.16 6.067485020032508e+37
2468.8 6.072854320598088e+37
2469.44 6.069296936362037e+37
2470.08 6.047525638024278e+37
2470.72 6.058352820131486e+37
2471.36 6.000274817047681e+37
2472.0 6.046190686768887e+37
2472.64 6.019735420539452e+37
2473.28 5.910099229104119e+37
2473.92 6.025070348411757e+37
2474.56 6.026989520947696e+37
2475.21 6.023732816098499e+37
2475.85 5.9888370621773775e+37
2476.49 6.017355745154131e+37
2477.13 6.01083788034618e+37
2477.77 6.010577879960532e+37
2478.42 5.994376010894346e+37
2479.06 5.987674515784228e+37
2479.7 6.000013893328126e+37
2480.34 5.995682721352526e+37
2480.99 5.94614330861923e+37
2481.63 5.937150041589802e+37
2482.27 5.865115911238887e+37
2482.92 5.909983884619956e+37
2483.56 5.9659800450531335e+37
2484.2 5.958170006533597e+37
2484.85 5.949020680058523e+37
2485.49 5.959258959288215e+37
2486.14 5.963044766798911e+37
2486.78 5.958467872068007e+37
2487.42 5.953495921410114e+37
2488.07 5.941000919393543e+37
2488.71 5.787105366343542e+37
2489.36 5.937930122808762e+37
2490.0 5.933238740862663e+37
2490.65 5.911423294100172e+37
2491.29 5.920389317223305e+37
2491.94 5.915846755250535e+37
2492.59 5.914252890183509e+37
2493.23 5.900368427448208e+37
2493.88 5.772982005709505e+37
2494.52 5.89530632815605e+37
2495.17 5.896282075493821e+37
2495.82 5.893246794927587e+37
2496.47 5.885553159530776e+37
2497.11 5.882652596817714e+37
2497.76 5.787847379342994e+37
2498.41 5.8774122129417335e+37
2499.05 5.843127464217478e+37
2499.7 5.759742030482972e+37
