WAVE FLUX
1000.04 4.336602087568655e+38
1000.53 4.132669096177094e+38
1001.02 3.74643032156711e+38
1001.51 4.267186954038981e+38
1002.01 4.148693479932319e+38
1002.5 4.072845241842926e+38
1002.99 4.118451457962566e+38
1003.48 4.328382106440139e+38
1003.97 4.311036711200037e+38
1004.46 4.325954407692132e+38
1004.96 4.318866854043248e+38
1005.45 4.007279514086607e+38
1005.94 2.7642562736813862e+38
1006.43 4.276088276885897e+38
1006.93 3.915599470956111e+38
1007.42 4.264266028394693e+38
1007.92 4.136076812204368e+38
1008.41 4.2492587589746926e+38
1008.91 3.969918408390009e+38
1009.4 4.252706454015443e+38
1009.9 2.304965451373849e+38
1010.39 1.8524888355488864e+38
1010.89 4.2235091553318226e+38
1011.38 4.117605659873477e+38
1011.88 4.1777562567390726e+38
1012.37 3.3164736921457965e+38
1012.87 3.701550375665882e+38
1013.37 4.1594931569293806e+38
1013.86 4.161612486782979e+38
1014.36 4.111147761954683e+38
1014.86 4.109268631411258e+38
1015.36 4.1485245220227315e+38
1015.85 3.519005765940525e+38
1016.35 3.926830064774249e+38
1016.85 4.109319652370106e+38
1017.35 3.8021933300610985e+38
1017.85 3.91447156910008e+38
1018.35 2.7876377349626072e+38
1018.85 4.044078198080656e+38
1019.35 3.932370329571901e+38
1019.85 3.088259910705967e+38
1020.35 3.9205863946682024e+38
1020.85 3.978010634846485e+38
1021.35 3.516527347129392e+38
1021.85 3.9277300455904586e+38
1022.35 3.9480162169849434e+38
1022.85 3.2862032866172346e+38
1023.35 3.9192502571733684e+38
1023.85 3.870773047266382e+38
1024.35 3.875573137910035e+38
1024.86 3.837723062932904e+38
1025.36 1.6345804934453009e+38
1025.86 4.840116270439276e+37
1026.37 3.6695441996604106e+38
1026.87 3.5989101004513306e+38
1027.37 3.785219687260925e+38
1027.88 3.865937103839953e+38
1028.38 3.785290101303411e+38
1028.89 3.807480769199252e+38
1029.39 3.7063809934173164e+38
1029.9 3.2549594382910965e+38
1030.4 3.4930595623899036e+38
1030.91 1.9167115061193607e+38
1031.41 3.345995016810191e+38
1031.92 3.706745833627927e+38
1032.42 3.8058950753063124e+38
1032.93 3.947860361433388e+38
1033.44 3.52180072676131e+38
1033.94 3.2435089002649798e+38
1034.45 3.773720646651901e+38
1034.96 3.79441636652801e+38
1035.46 2.2559015087446037e+38
1035.97 3.532755513868269e+38
1036.48 3.6827126313452054e+38
1036.99 1.1437161196624897e+38
1037.5 3.2685706076029768e+38
1038.01 3.6107215822220945e+38
1038.51 3.980610517595523e+38
1039.02 3.9031515992986726e+38
1039.53 3.77139716566631e+38
1040.04 3.814986022744968e+38
1040.55 3.825828350786859e+38
1041.06 4.0227142157184865e+38
1041.57 3.96536906148918e+38
1042.08 4.037044136726054e+38
1042.59 4.0250099782587505e+38
1043.11 4.062752438258694e+38
1043.62 4.069602782200053e+38
1044.13 4.076914623709687e+38
1044.64 4.0696381941785405e+38
1045.15 4.0450056699800684e+38
1045.67 4.067853395412772e+38
1046.18 4.046641860613433e+38
1046.69 4.07307323265059e+38
1047.2 4.071172052485209e+38
1047.72 4.071371855279163e+38
1048.23 4.025959846678266e+38
1048.75 4.068268860090924e+38
1049.26 4.06050957385726e+38
1049.78 3.980993067600604e+38
1050.29 3.992167916419019e+38
1050.81 4.00836616761631e+38
1051.32 3.885957314329033e+38
1051.83 4.042040781197766e+38
1052.35 3.997347570113089e+38
1052.87 3.978033629643636e+38
1053.38 4.0315271888909985e+38
1053.9 4.0345911953545945e+38
1054.42 4.0328775666872356e+38
1054.93 4.0340224323539084e+38
1055.45 3.3242271898098523e+38
1055.97 3.971720630548132e+38
1056.49 4.0157004937241395e+38
1057.01 3.973582715038916e+38
1057.52 3.897361149749805e+38
1058.04 3.997499275243127e+38
1058.56 3.785247585672157e+38
1059.08 3.830138889444359e+38
1059.6 3.944783768489239e+38
1060.12 3.698134685987665e+38
1060.64 3.923339879798089e+38
1061.16 3.1437911673177145e+38
1061.68 2.625481534196081e+38
1062.2 3.874717999000492e+38
1062.72 1.0389722392077042e+38
1063.24 3.544343121576105e+38
1063.76 3.926073251092121e+38
1064.28 3.839760367320751e+38
1064.81 3.879013486116301e+38
1065.33 3.917078885252496e+38
1065.85 3.3492747488500355e+38
1066.37 3.856265337324136e+38
1066.9 3.915141576265561e+38
1067.42 3.839317119084269e+38
1067.94 3.7844486002058515e+38
1068.47 3.8581885843664265e+38
1068.99 2.650504386315553e+38
1069.52 3.695575607338914e+38
1070.04 3.861227156121771e+38
1070.56 2.9533326904680934e+38
1071.09 3.8563830338347056e+38
1071.61 3.837984935710082e+38
1072.14 3.693054508337684e+38
1072.67 3.750714901414029e+38
1073.19 3.713145369262095e+38
1073.72 3.581879357894702e+38
1074.24 3.720469877261049e+38
1074.77 3.7926564191688916e+38
1075.3 3.816023422994381e+38
1075.82 3.877066924999222e+38
1076.35 3.8637420703555285e+38
1076.88 3.842213371467958e+38
1077.41 3.864316810987547e+38
1077.94 3.3353044452259006e+38
1078.47 3.853462324220856e+38
1078.99 3.830994441247517e+38
1079.52 3.699911292670272e+38
1080.05 3.831381974822668e+38
1080.58 3.82367461484828e+38
1081.11 3.814492466169213e+38
1081.64 3.805204811224874e+38
1082.17 3.7980597272443344e+38
1082.7 3.7761275772406674e+38
1083.23 3.2681911334334497e+38
1083.77 3.70827570217868e+38
1084.3 3.7243244187871465e+38
1084.83 3.2861892234072e+38
1085.36 3.706736157682326e+38
1085.89 3.719590256035904e+38
1086.43 3.675130018684026e+38
1086.96 3.748423928395758e+38
1087.49 3.7463866158702285e+38
1088.02 3.4290496791236915e+38
1088.56 3.705115062029688e+38
1089.09 3.031766626281144e+38
1089.63 2.806214164192741e+38
1090.16 3.6345874705788816e+38
1090.69 3.7538622493083896e+38
1091.23 3.751407588707216e+38
1091.77 3.7134913843018296e+38
1092.3 3.741032490901647e+38
1092.84 3.757001263313757e+38
1093.37 3.486464710499126e+38
1093.91 3.777310199742517e+38
1094.44 3.7669309773411045e+38
1094.98 3.755676447972249e+38
1095.52 3.23996979196165e+38
1096.06 3.678936812330751e+38
1096.59 2.5644275222147615e+38
1097.13 3.756141364769012e+38
1097.67 2.7262475725611773e+38
1098.21 3.0017265218289873e+38
1098.74 3.742891876052936e+38
1099.28 3.7356965297659075e+38
1099.82 3.6949757756651275e+38
1100.36 3.724743924487114e+38
1100.9 3.726214380950799e+38
1101.44 3.607382263181115e+38
1101.98 3.7102992177929236e+38
1102.52 3.7023283252750405e+38
1103.06 3.635669502371484e+38
1103.6 3.674696853491829e+38
1104.15 3.1517572458772063e+38
1104.69 3.662944067902034e+38
1105.23 3.680696237652158e+38
1105.77 3.6380409672722345e+38
1106.31 3.677482493294336e+38
1106.85 3.650538208748905e+38
1107.4 3.6276420164053556e+38
1107.94 3.0995330348045466e+38
1108.48 2.1207115956167446e+38
1109.03 3.623259493647826e+38
1109.57 3.652919425758143e+38
1110.11 3.6100505442595834e+38
1110.66 3.6325061716415815e+38
1111.2 3.577996045370531e+38
1111.75 3.621991596616983e+38
1112.29 3.550748152592625e+38
1112.84 3.625401041241812e+38
1113.39 3.628274555777222e+38
1113.93 3.6121175038018666e+38
1114.48 3.6121983225429846e+38
1115.02 3.584419049250183e+38
1115.57 3.5723111456709446e+38
1116.12 3.549019452011845e+38
1116.67 3.3678323978620617e+38
1117.21 3.516314778869049e+38
1117.76 3.589801526501549e+38
1118.31 3.570824972157922e+38
1118.86 3.591224281331473e+38
1119.41 3.2943251237552963e+38
1119.95 3.582285842053356e+38
1120.5 3.574655965424695e+38
1121.05 3.5344550633462635e+38
1121.6 3.545541088700263e+38
1122.15 3.557946056061337e+38
1122.7 3.555102995318229e+38
1123.25 3.5208760543758844e+38
1123.8 1.5027152514474523e+38
1124.36 3.4014749038100954e+38
1124.91 1.8856459169705408e+38
1125.46 3.413710109745824e+38
1126.01 3.4777680264997894e+38
1126.56 3.447812185017893e+38
1127.11 3.4931104456869354e+38
1127.67 3.483418902569318e+38
1128.22 1.652324409649266e+38
1128.77 1.8513262644021052e+38
1129.33 3.472666075425568e+38
1129.88 3.3476023865682116e+38
1130.44 2.0976322064184973e+38
1130.99 3.461518308349052e+38
1131.54 3.52596960940623e+38
1132.1 3.527939324133495e+38
1132.65 3.5243877544058764e+38
1133.21 3.52127814019869e+38
1133.77 3.5084894539464354e+38
1134.32 3.4755917595406536e+38
1134.88 3.431671896801898e+38
1135.43 3.502810084091512e+38
1135.99 3.515576612541833e+38
1136.55 3.493975379934857e+38
1137.1 3.466410172805736e+38
1137.66 3.496156237045248e+38
1138.22 3.4928358559394184e+38
1138.78 3.477421249240701e+38
1139.34 2.4993759347249863e+38
1139.9 2.9896262777422924e+38
1140.45 3.403851427072857e+38
1141.01 3.468981683433335e+38
1141.57 2.17672077089713e+38
1142.13 3.456425365230439e+38
1142.69 3.459084797843966e+38
1143.25 3.4127063426447876e+38
1143.81 3.4354116098501855e+38
1144.38 2.856825089551084e+38
1144.94 2.53525707523021e+38
1145.5 3.438900223825854e+38
1146.06 3.43663823163123e+38
1146.62 3.430019665657849e+38
1147.18 3.420263124785952e+38
1147.75 3.427020013894189e+38
1148.31 3.3695350917346216e+38
1148.87 3.404422694715498e+38
1149.44 3.420719574601862e+38
1150.0 3.375286603883175e+38
1150.0 3.375286603883175e+38
1150.3 3.3853911009483796e+38
1150.6 3.410936852569239e+38
1150.89 3.2018642119310005e+38
1151.19 3.322894616894259e+38
1151.49 3.412351421544274e+38
1151.79 3.407527901784083e+38
1152.09 3.3503875485472118e+38
1152.39 3.388390863100543e+38
1152.69 3.3507679891409043e+38
1152.98 3.3801058625281084e+38
1153.28 3.340229121759699e+38
1153.58 3.319019303277293e+38
1153.88 3.2922881849449288e+38
1154.18 3.3291043363592555e+38
1154.48 3.3671586589352398e+38
1154.78 3.361074496954174e+38
1155.08 3.311087562888545e+38
1155.38 3.3140017496794075e+38
1155.68 3.363080362604769e+38
1155.98 2.7708527993945057e+38
1156.28 3.3576932602448102e+38
1156.57 3.334629058600313e+38
1156.88 3.34678777735906e+38
1157.18 3.3514501615852397e+38
1157.47 3.343523574377525e+38
1157.78 3.3330720361421e+38
1158.07 2.587655243674391e+38
1158.38 3.338773975413452e+38
1158.68 3.3448702611094766e+38
1158.97 3.2969875065775614e+38
1159.28 3.3451186223113776e+38
1159.58 3.2484716292069895e+38
1159.88 3.3642714615235643e+38
1160.18 3.2895697019475333e+38
1160.48 3.3715624319053875e+38
1160.78 3.3721187671237244e+38
1161.08 3.3711888877920173e+38
1161.38 3.327955324504661e+38
1161.68 3.3556789928584788e+38
1161.98 3.3514631230877144e+38
1162.28 3.3611828110070092e+38
1162.58 3.3652862455878573e+38
1162.89 3.3613932477172787e+38
1163.19 3.143850740939436e+38
1163.49 3.3479624927048856e+38
1163.79 3.1491103740830804e+38
1164.09 3.3346734029300282e+38
1164.39 3.3054941701100256e+38
1164.7 3.259087630620582e+38
1165.0 3.1063211094560855e+38
1165.3 3.3150094720650133e+38
1165.6 3.200496235106732e+38
1165.9 3.0168460108081575e+38
1166.21 3.317618870254002e+38
1166.51 3.3188720185529812e+38
1166.81 2.896724130310073e+38
1167.11 3.3219825330548837e+38
1167.42 3.1884270723684943e+38
1167.72 3.3046440233988396e+38
1168.02 3.2781157697355683e+38
1168.32 3.3051159698656333e+38
1168.63 3.2948711323536223e+38
1168.93 2.953264806428284e+38
1169.23 3.2935117984300473e+38
1169.54 3.295589224068135e+38
1169.84 3.293630536094875e+38
1170.14 3.194559411114131e+38
1170.44 3.1425457397771396e+38
1170.75 3.268589775599376e+38
1171.05 2.635402715008721e+38
1171.35 3.2813520703200234e+38
1171.66 3.233029006556392e+38
1171.96 2.9458422118472805e+38
1172.27 3.275804677197951e+38
1172.57 3.251009657672768e+38
1172.87 3.153061351936001e+38
1173.18 3.2631158953108165e+38
1173.48 3.1818237522146984e+38
1173.79 3.2418239636832626e+38
1174.09 3.2308269232898236e+38
1174.4 3.211835338925225e+38
1174.7 3.179231876646927e+38
1175.0 1.0831410968678197e+38
1175.31 1.1924411398880359e+38
1175.61 1.223469695253036e+38
1175.92 1.0642849896664398e+38
1176.22 2.6539983213655855e+38
1176.53 2.9598839019867984e+38
1176.83 3.1343217031193714e+38
1177.14 3.143881793916518e+38
1177.44 3.1498962131584026e+38
1177.75 3.1545667564618234e+38
1178.05 3.1635933521752064e+38
1178.36 3.1439753227395967e+38
1178.66 3.2257482192394577e+38
1178.97 3.2301788555785057e+38
1179.27 3.221596695142534e+38
1179.58 3.235616723464773e+38
1179.89 3.169130240362841e+38
1180.19 3.236278055207955e+38
1180.5 3.1494619017358453e+38
1180.8 3.1659186368842266e+38
1181.11 3.2334569287075467e+38
1181.42 3.1541499912360845e+38
1181.72 3.1370220281425487e+38
1182.03 3.236885382703768e+38
1182.33 3.2360714906847417e+38
1182.64 3.226338231751885e+38
1182.95 2.0563866726631637e+38
1183.25 3.2039037980906604e+38
1183.56 3.2180536183750775e+38
1183.87 3.174602002526304e+38
1184.17 3.1960561092761845e+38
1184.48 1.6291947000876057e+38
1184.79 2.9088318002339338e+38
1185.09 3.2314482138958166e+38
1185.4 3.066947610462929e+38
1185.71 3.2041205386140115e+38
1186.02 3.2133080633988004e+38
1186.32 3.209984695601791e+38
1186.63 3.1065817552297302e+38
1186.94 3.1869653617276067e+38
1187.25 3.188378478411871e+38
1187.56 3.180545706057132e+38
1187.86 3.1784106335871395e+38
1188.17 3.1719791735415543e+38
1188.48 3.1569751431249195e+38
1188.79 3.158595128753742e+38
1189.09 3.1326908431960715e+38
1189.4 3.1406792520919848e+38
1189.71 3.1426936449652017e+38
1190.02 3.133697371462256e+38
1190.33 3.0832741690866518e+38
1190.64 3.128057066208042e+38
1190.94 3.1202324560533852e+38
1191.25 2.593445434133361e+38
1191.56 3.1175508443905673e+38
1191.87 3.0698715476353165e+38
1192.18 3.106138553334887e+38
1192.49 3.095493120099656e+38
1192.8 3.061313668533865e+38
1193.11 3.014307209457005e+38
1193.42 3.069171749009948e+38
1193.73 3.045044199736065e+38
1194.04 2.6960211512232142e+38
1194.34 2.6589929501066364e+38
1194.65 3.0613591863165043e+38
1194.96 3.063256826130287e+38
1195.27 3.0272268945455433e+38
1195.58 3.018088157069982e+38
1195.89 3.0053684552606605e+38
1196.2 2.8394382911636547e+38
1196.51 2.971660025136741e+38
1196.82 2.950522811945237e+38
1197.13 2.9333926274640325e+38
1197.44 2.883757040486248e+38
1197.75 2.9440551143530124e+38
1198.06 2.9505408843766153e+38
1198.38 2.9286836935104846e+38
1198.69 2.960136571761558e+38
1199.0 2.9578985529027724e+38
1199.31 2.9795836508453284e+38
1199.62 2.9608633006449636e+38
1199.93 2.9853891614551232e+38
1200.24 2.9277979023710376e+38
1200.55 2.947626053199118e+38
1200.86 2.7130156057687293e+38
1201.17 2.9565386102370793e+38
1201.48 2.8890036693702905e+38
1201.8 2.6426315015237338e+38
1202.11 1.8343820100942255e+38
1202.42 2.928676480057384e+38
1202.73 2.9284716258037475e+38
1203.04 2.911459450149757e+38
1203.35 2.9149260273039672e+38
1203.67 2.9163526825276533e+38
1203.98 2.9169084070601793e+38
1204.29 2.869070989173799e+38
1204.6 2.9001205515143283e+38
1204.92 2.8175558566300877e+38
1205.23 2.870069711207754e+38
1205.54 2.852617925354785e+38
1205.85 2.841258420562955e+38
1206.16 2.8269532997753825e+38
1206.48 6.979812527159252e+37
1206.79 2.807580540592134e+38
1207.1 2.7873704180186525e+38
1207.42 2.7693452558988885e+38
1207.73 2.806946843007912e+38
1208.04 2.7788854319903374e+38
1208.35 2.7830762569919425e+38
1208.67 2.7789796005099494e+38
1208.98 2.8138689184226863e+38
1209.29 2.7984379169577997e+38
1209.61 2.7934653451715865e+38
1209.92 2.7865587646578693e+38
1210.23 2.7785041485010108e+38
1210.55 2.639760012023254e+38
1210.86 2.759222454445517e+38
1211.18 2.680414398158817e+38
1211.49 2.7398863781782787e+38
1211.8 2.724469449362263e+38
1212.12 2.725204382633651e+38
1212.43 2.722623618305432e+38
1212.75 2.712839913607375e+38
1213.06 2.699403494203402e+38
1213.38 2.7004175639767613e+38
1213.69 2.6286982903614075e+38
1214.0 2.650841186768702e+38
1214.32 2.675682104638735e+38
1214.63 2.545107657970255e+38
1214.95 2.647144560244063e+38
1215.26 1.3074944919072613e+38
1215.58 6.06319938450071e+37
1215.89 5.075433658737846e+37
1216.21 2.6752171914486845e+38
1216.52 2.686786830840171e+38
1216.84 2.555152886032636e+38
1217.15 2.398862978598142e+38
1217.47 2.7087796412750747e+38
1217.79 2.1288352358348356e+38
1218.1 2.7221797202415022e+38
1218.42 2.691737249549534e+38
1218.73 2.1522356586794925e+38
1219.05 2.7391650633791753e+38
1219.36 2.744624699037158e+38
1219.68 2.7501552004563975e+38
1220.0 2.5080433415708746e+38
1220.31 2.7460061106121534e+38
1220.63 2.760010937700946e+38
1220.94 2.5820565208504983e+38
1221.26 2.0541995982011508e+38
1221.58 2.7680549852919934e+38
1221.9 2.6640019844642467e+38
1222.21 2.704071936015712e+38
1222.53 2.7605778187853115e+38
1222.84 2.7657860931337293e+38
1223.16 2.305801437726552e+38
1223.48 2.7769858917017074e+38
1223.8 2.209028680507956e+38
1224.11 2.770510373493867e+38
1224.43 2.8069879878974547e+38
1224.75 2.8161140725529923e+38
1225.06 2.8236451311080016e+38
1225.38 2.82619969129993e+38
1225.7 2.8151993674459507e+38
1226.02 2.5212131198587838e+38
1226.34 2.8487490010794804e+38
1226.65 2.8510121450902696e+38
1226.97 2.8141029837182203e+38
1227.29 2.8238019334335803e+38
1227.61 2.8505073769759256e+38
1227.93 2.8615621376347258e+38
1228.24 2.8484220974272704e+38
1228.56 2.8247045607440003e+38
1228.88 2.871911645286171e+38
1229.2 2.8658472604772045e+38
1229.52 2.7750718873174838e+38
1229.84 2.7088799784173953e+38
1230.16 2.875046942657781e+38
1230.47 2.7824761256511046e+38
1230.79 2.739738177883479e+38
1231.11 2.8956927851594715e+38
1231.43 2.860056378667792e+38
1231.75 2.9034551884954127e+38
1232.07 2.9079231679856045e+38
1232.39 2.9107474132578877e+38
1232.71 2.9140584532629817e+38
1233.03 2.8638504186430364e+38
1233.35 2.9057827877407766e+38
1233.67 2.909473432625342e+38
1233.99 2.886800943680574e+38
1234.31 2.88833662745643e+38
1234.63 2.8646852197981092e+38
1234.95 2.8977982684371523e+38
1235.27 2.885892456472467e+38
1235.59 2.90367517997486e+38
1235.91 2.9064779663181483e+38
1236.23 2.819889374747608e+38
1236.55 2.9154790778309395e+38
1236.87 2.919402456156473e+38
1237.19 2.8913049400514773e+38
1237.51 2.926161333008768e+38
1237.83 2.9157524970572744e+38
1238.15 2.9005774189873947e+38
1238.47 2.853180825908054e+38
1238.79 2.4366907243893714e+38
1239.11 2.9180570004866497e+38
1239.44 2.9216371150628963e+38
1239.76 2.9221200915037338e+38
1240.08 2.9230516809657167e+38
1240.4 2.9157389107280615e+38
1240.72 2.9256023473649273e+38
1241.04 2.9275720874158036e+38
1241.36 2.9312257846077647e+38
1241.69 2.9329800401150555e+38
1242.01 2.9311615200732255e+38
1242.33 2.9292201088214606e+38
1242.65 2.9070361014007295e+38
1242.97 2.955009368168811e+38
1243.3 2.920724652817128e+38
1243.62 2.967484786185225e+38
1243.94 2.965187570714229e+38
1244.26 2.9579206827973602e+38
1244.58 2.9587711804383257e+38
1244.91 2.9523622586223706e+38
1245.23 2.8898038107757155e+38
1245.55 2.92087458780095e+38
1245.88 2.9110493564349237e+38
1246.2 2.852337156072332e+38
1246.52 2.8676069762433394e+38
1246.84 2.877425137279168e+38
1247.17 2.8661838963471344e+38
1247.49 1.2405749895860433e+38
1247.81 2.6433418898775323e+38
1248.14 2.8179737294408387e+38
1248.46 2.8122256065155822e+38
1248.79 2.8938159608318426e+38
1249.11 2.9021208377954047e+38
1249.43 2.9062039390898666e+38
1249.76 2.9038144960112032e+38
1250.08 2.8686711857682296e+38
1250.4 2.8307380158619092e+38
1250.73 2.8804216945998622e+38
1251.05 2.893142122697029e+38
1251.38 2.892137068688096e+38
1251.7 2.8862010743004055e+38
1252.03 2.901781543240239e+38
1252.35 2.900246813958765e+38
1252.68 2.8576521963861974e+38
1253.0 2.8961786334859243e+38
1253.32 2.8950317505565854e+38
1253.65 2.813472703948251e+38
1253.97 2.87669139983243e+38
1254.3 2.8901405030039016e+38
1254.62 2.8870615727931776e+38
1254.95 2.8140770699126045e+38
1255.27 2.618664447243439e+38
1255.6 2.883290469112027e+38
1255.93 2.881300401561077e+38
1256.25 2.88001005797412e+38
1256.58 2.6592261092697715e+38
1256.9 2.8699174353127704e+38
1257.23 2.8618941541887184e+38
1257.55 2.862765957522003e+38
1257.88 2.8283071495176026e+38
1258.2 2.8629035295419804e+38
1258.53 2.5767707535553547e+38
1258.86 2.72767496453087e+38
1259.18 2.824034785323335e+38
1259.51 2.8023521977560723e+38
1259.84 2.8368234271518338e+38
1260.16 2.8483022708768016e+38
1260.49 2.7972015526782705e+38
1260.82 2.8055671246171125e+38
1261.14 2.8296099342488944e+38
1261.47 2.8303837752575644e+38
1261.8 2.8141717866224482e+38
1262.12 2.816966078443818e+38
1262.45 2.830367235043132e+38
1262.78 2.8279923100866118e+38
1263.11 2.8225048291438714e+38
1263.43 2.822313248593139e+38
1263.76 2.8201424242586335e+38
1264.09 2.8171965953703883e+38
1264.42 2.811593233440969e+38
1264.74 2.7684428536520296e+38
1265.07 2.759759352393816e+38
1265.4 2.722019687227388e+38
1265.73 2.7919862288942394e+38
1266.06 2.8006929006276824e+38
1266.38 2.7855681683854096e+38
1266.71 2.762791842418256e+38
1267.04 2.80330508302559e+38
1267.37 2.7915477754953673e+38
1267.7 2.80818604545063e+38
1268.03 2.7847765417992688e+38
1268.35 2.8123574023083547e+38
1268.68 2.8051114845746376e+38
1269.01 2.6192391478565084e+38
1269.34 2.8088392996059348e+38
1269.67 2.8127258685223105e+38
1270.0 2.7557320232357393e+38
1270.33 2.805586079244857e+38
1270.66 2.745391262196357e+38
1270.99 2.813898082219959e+38
1271.32 2.8104235020672232e+38
1271.65 2.8139803800894163e+38
1271.97 2.7876851991034665e+38
1272.31 2.8119673013366255e+38
1272.63 2.7662386444300855e+38
1272.96 2.8144531421713056e+38
1273.29 2.8038460638805324e+38
1273.62 2.6353609493772046e+38
1273.95 2.8140677778159452e+38
1274.28 2.8119108176739397e+38
1274.61 2.8154581965161024e+38
1274.94 2.8150291499336518e+38
1275.28 2.814842139933144e+38
1275.61 2.8141890614643778e+38
1275.94 2.812398967158499e+38
1276.27 2.8121927433426843e+38
1276.6 2.810624211744802e+38
1276.93 2.763754230566753e+38
1277.26 2.7739469056734205e+38
1277.59 2.7725990293984713e+38
1277.92 2.805155536587729e+38
1278.25 2.804563948245733e+38
1278.58 2.8044932671832105e+38
1278.92 2.4468932060787545e+38
1279.25 2.7974424805032204e+38
1279.58 2.8009641422118454e+38
1279.91 2.7775147447268717e+38
1280.24 2.7961150376391537e+38
1280.57 2.788601616373732e+38
1280.91 2.794160536103998e+38
1281.24 2.7899038843387726e+38
1281.57 2.772099476829595e+38
1281.9 2.7905080552310355e+38
1282.23 2.7820818973229836e+38
1282.57 2.7862253544470493e+38
1282.9 2.784109463671858e+38
1283.23 2.7820134777526667e+38
1283.56 2.7133855230309626e+38
1283.9 2.760536040979845e+38
1284.23 2.5310950948131514e+38
1284.56 2.7713441394985682e+38
1284.9 2.774448398906869e+38
1285.23 2.7719568324929788e+38
1285.56 2.771609817376725e+38
1285.9 2.7489132389069303e+38
1286.23 2.7648368571127524e+38
1286.56 2.743701727793504e+38
1286.9 2.764503139792692e+38
1287.23 2.7624428404543697e+38
1287.56 2.6983361286703635e+38
1287.9 2.756564343574535e+38
1288.23 2.7254788373853114e+38
1288.56 2.7509232859457503e+38
1288.9 2.745072032650151e+38
1289.23 2.7093036896747335e+38
1289.57 2.739026979718671e+38
1289.9 2.7380693693792686e+38
1290.23 2.7323086097391327e+38
1290.57 2.7345356524844833e+38
1290.9 2.717125836625292e+38
1291.24 2.4318659954805234e+38
1291.57 2.612384820632088e+38
1291.91 2.723659497095158e+38
1292.24 2.7100094033256225e+38
1292.58 2.7167900504987117e+38
1292.91 2.7163005650600045e+38
1293.25 2.5532101135075327e+38
1293.58 2.70313688683019e+38
1293.92 2.6888371106799787e+38
1294.25 2.7060956064736967e+38
1294.59 1.2529931116090101e+38
1294.92 2.690930603537822e+38
1295.26 2.682782821188116e+38
1295.59 2.6800184036820966e+38
1295.93 2.622626340344424e+38
1296.27 2.246911297254739e+38
1296.6 2.5639008504359048e+38
1296.94 2.6635272431154016e+38
1297.28 2.6660904414048563e+38
1297.61 2.6559394644987612e+38
1297.95 2.6619635103501955e+38
1298.28 2.670878845252672e+38
1298.62 2.592414668029889e+38
1298.96 1.0275650110912928e+38
1299.29 2.669436678512235e+38
1299.63 2.6735558618625458e+38
1299.97 2.671610621284804e+38
1300.3 2.6410429114020965e+38
1300.64 2.6557553904630742e+38
1300.98 2.6332055669294096e+38
1301.32 2.6522820212096462e+38
1301.65 2.660575389443447e+38
1301.99 2.6591536162642465e+38
1302.33 2.6585819057859617e+38
1302.67 2.658026491697164e+38
1303.0 2.6550520995206364e+38
1303.34 1.1133618288081425e+38
1303.68 2.6527694125119993e+38
1304.02 2.6557461218731074e+38
1304.35 2.614951558775551e+38
1304.69 2.6370576526432987e+38
1305.03 2.6514840539641983e+38
1305.37 2.5644824426928654e+38
1305.71 2.643957765885041e+38
1306.05 2.5281382034291127e+38
1306.38 2.6534571689392554e+38
1306.72 2.6463962988902347e+38
1307.06 2.654036351529833e+38
1307.4 2.608824700920522e+38
1307.74 2.6522345352136956e+38
1308.08 2.652156181694311e+38
1308.42 2.6509203773291585e+38
1308.76 2.4351692218633708e+38
1309.09 2.6498618015820244e+38
1309.43 2.6088702239729716e+38
1309.77 2.6270502553362925e+38
1310.11 2.6125064510209373e+38
1310.45 2.648944257435131e+38
1310.79 2.6490582876949554e+38
1311.13 2.6319347038441585e+38
1311.47 2.643673204850347e+38
1311.81 2.6023263651738664e+38
1312.15 2.6488716241935818e+38
1312.49 2.5123287849057567e+38
1312.83 2.6497374566344454e+38
1313.17 2.6495385471370433e+38
1313.51 2.649730117370879e+38
1313.85 2.6503653833016737e+38
1314.19 2.650368483139994e+38
1314.53 2.631847660973076e+38
1314.88 2.6496519482822495e+38
1315.22 2.6491952990545776e+38
1315.56 2.6400032238387137e+38
1315.9 2.6377249995062083e+38
1316.24 2.600063542615083e+38
1316.58 2.64461363340837e+38
1316.92 2.6428507724441406e+38
1317.26 2.617399307026716e+38
1317.6 2.6407921045188645e+38
1317.94 2.6382402871955344e+38
1318.29 2.623940729998598e+38
1318.63 2.606325458629003e+38
1318.97 2.633148001611246e+38
1319.31 2.6070230554097617e+38
1319.65 2.6072220072661947e+38
1320.0 2.6288799356186586e+38
1320.34 2.60519345264379e+38
1320.68 2.6168986746275576e+38
1321.02 2.6235554195091117e+38
1321.36 2.5489590428168672e+38
1321.71 2.6190111175134378e+38
1322.05 2.61883559962705e+38
1322.39 2.617019585081314e+38
1322.74 2.6144107506842537e+38
1323.08 2.5909319594281758e+38
1323.42 2.6077846169319395e+38
1323.76 2.5862221284861362e+38
1324.11 2.598786387654771e+38
1324.45 2.5683841715987637e+38
1324.79 2.5808474861889057e+38
1325.14 2.5967323309653743e+38
1325.48 2.5971111056769464e+38
1325.82 2.580841591191007e+38
1326.17 2.592610400579438e+38
1326.51 2.580339029432068e+38
1326.85 2.5598312831271746e+38
1327.2 2.5484386294639677e+38
1327.54 2.5236304474775804e+38
1327.89 2.5807568250143768e+38
1328.23 2.5753684872644687e+38
1328.58 2.5711999810491198e+38
1328.92 2.5691545267907523e+38
1329.27 2.5711266482810923e+38
1329.61 2.5406308926066026e+38
1329.95 2.5552560099601828e+38
1330.3 2.5310340070663204e+38
1330.64 2.5583530716457597e+38
1330.99 2.5546513099103144e+38
1331.33 2.542992482983122e+38
1331.68 2.5123690754487426e+38
1332.02 2.5521743705129045e+38
1332.37 2.5223986935495424e+38
1332.71 2.5474254616704383e+38
1333.06 2.544639030804318e+38
1333.41 2.5427191202563204e+38
1333.75 2.5391266786898567e+38
1334.1 2.5374243159874804e+38
1334.44 1.351564667699984e+38
1334.79 2.466281019608152e+38
1335.13 2.492989777058781e+38
1335.48 2.5299997970666095e+38
1335.83 1.6453714705449998e+38
1336.17 2.473018022784285e+38
1336.52 2.515263437039571e+38
1336.86 2.519073449582249e+38
1337.21 2.53092987965211e+38
1337.56 2.531618930254694e+38
1337.91 2.5311476117435614e+38
1338.25 2.5302993777851343e+38
1338.6 1.588431413027955e+38
1338.94 2.531091241358577e+38
1339.29 2.5323043744717213e+38
1339.64 2.4839410205761942e+38
1339.99 2.532372708364688e+38
1340.33 2.5208297051583822e+38
1340.68 2.5317482382565608e+38
1341.03 2.5296021678505576e+38
1341.38 2.521414267372378e+38
1341.72 2.529755770684357e+38
1342.07 2.5270416472714178e+38
1342.42 2.1808106009754148e+38
1342.77 2.5259635565391243e+38
1343.11 2.489841849692129e+38
1343.46 1.6325692403189606e+38
1343.81 2.5196195172190113e+38
1344.16 2.5170995940223767e+38
1344.51 2.519333031267229e+38
1344.86 2.4348950806578375e+38
1345.21 2.515109489114919e+38
1345.55 2.4860260336232587e+38
1345.9 2.5064287473847616e+38
1346.25 2.507112795232364e+38
1346.6 2.5048099757620133e+38
1346.95 2.49948619249834e+38
1347.3 2.3899218037770585e+38
1347.65 2.5101229094969997e+38
1348.0 2.4735289683568277e+38
1348.35 2.518455384214687e+38
1348.7 2.5161389397979925e+38
1349.05 2.5098782503503314e+38
1349.4 2.514005884329849e+38
1349.74 2.5102470075637686e+38
1350.09 2.4821271937520037e+38
1350.44 2.494037893490166e+38
1350.8 2.5072285178947406e+38
1351.15 2.504540907270284e+38
1351.49 2.444173584316781e+38
1351.84 2.502226590859584e+38
1352.2 2.5013501808017247e+38
1352.55 2.4774992664227044e+38
1352.9 2.49526639958323e+38
1353.25 2.4946593368480283e+38
1353.6 2.493216382360246e+38
1353.95 2.4925715167524637e+38
1354.3 2.4627498587942374e+38
1354.65 2.4855205798035585e+38
1355.0 2.488761009876161e+38
1355.35 2.4455618306994268e+38
1355.7 2.4838504151144897e+38
1356.06 2.2896865581413324e+38
1356.41 2.46932392461403e+38
1356.76 2.4795404616858084e+38
1357.11 2.2888862953212078e+38
1357.46 2.474385229559408e+38
1357.81 2.4421129403285414e+38
1358.17 2.4706668417050866e+38
1358.52 2.4497013569322178e+38
1358.87 2.4622827411049867e+38
1359.22 2.366132838613833e+38
1359.57 2.4601457994424855e+38
1359.93 2.4513004661627275e+38
1360.28 2.4551701089072452e+38
1360.63 2.4484875621664793e+38
1360.98 2.447658637243005e+38
1361.34 2.4163712300855775e+38
1361.69 2.3703920463601887e+38
1362.04 2.4453359012079838e+38
1362.4 2.4385334257554792e+38
1362.75 2.4327250149012995e+38
1363.1 2.3393305308269837e+38
1363.46 2.112270490717841e+38
1363.81 2.419388730019583e+38
1364.16 2.4304978194971734e+38
1364.52 2.4303360811976526e+38
1364.87 2.3936184114169554e+38
1365.22 2.38273560973395e+38
1365.58 2.32022727841695e+38
1365.93 2.4236849249688722e+38
1366.29 2.426190999746232e+38
1366.64 2.42679115552702e+38
1366.99 2.3463108174612338e+38
1367.35 2.4211077443254506e+38
1367.7 2.4188368562757806e+38
1368.06 2.4148061259040616e+38
1368.41 2.4185259724194363e+38
1368.77 2.4194159376953776e+38
1369.12 2.4176248639483945e+38
1369.48 2.3675329932695506e+38
1369.83 2.4157044699384163e+38
1370.19 2.396562024609167e+38
1370.54 2.412377253778129e+38
1370.9 2.3764778859240172e+38
1371.25 2.2988144174075127e+38
1371.61 2.3590898720965385e+38
1371.96 2.3701894459361558e+38
1372.32 2.399153790204311e+38
1372.67 2.3935448694050788e+38
1373.03 2.3031516833670132e+38
1373.39 2.397258126777189e+38
1373.74 2.3140342476837098e+38
1374.1 2.2547992909764358e+38
1374.45 2.3789672548286656e+38
1374.81 2.326063304882121e+38
1375.17 2.378453500458453e+38
1375.52 2.37222060613889e+38
1375.88 2.394932589540461e+38
1376.23 2.3777451052755694e+38
1376.59 2.390248000763232e+38
1376.95 2.31976768500715e+38
1377.31 2.3539239232522087e+38
1377.66 2.3600507774489994e+38
1378.02 2.332133910656517e+38
1378.38 2.3846845317470574e+38
1378.73 2.340078457973261e+38
1379.09 2.3602172919159724e+38
1379.45 2.368707344652566e+38
1379.81 2.384770105185883e+38
1380.16 2.3323920959699716e+38
1380.52 2.371536502833224e+38
1380.88 2.3493023627189077e+38
1381.24 2.3383011903267075e+38
1381.6 2.2068196733248323e+38
1381.95 2.380960778566823e+38
1382.31 2.378934901228177e+38
1382.67 2.365890990867332e+38
1383.03 2.376870909927839e+38
1383.39 2.372981584090988e+38
1383.75 2.336993365514139e+38
1384.1 2.332510097316932e+38
1384.46 2.3593062450129705e+38
1384.82 2.3595835718086197e+38
1385.18 2.3646098076435214e+38
1385.54 2.3562119688566635e+38
1385.9 2.2115412047986772e+38
1386.26 2.2908655198904487e+38
1386.62 2.345249017270435e+38
1386.98 2.352734950398604e+38
1387.34 2.2462041384733607e+38
1387.7 2.3495365973937594e+38
1388.06 2.3253514528659383e+38
1388.42 2.3430064113103732e+38
1388.78 2.3450512394566794e+38
1389.14 2.3406954955508677e+38
1389.49 2.3431304170276e+38
1389.85 2.3437507502981564e+38
1390.21 2.322404824963873e+38
1390.58 2.34110896289437e+38
1390.94 2.325232827215587e+38
1391.3 2.333517435815287e+38
1391.66 2.3259107219935052e+38
1392.02 2.3177542074677424e+38
1392.38 2.2739261346657128e+38
1392.74 2.3014142104938408e+38
1393.1 2.256142669859826e+38
1393.46 2.292734195268361e+38
1393.82 1.1656355468146877e+38
1394.18 2.2861706938862124e+38
1394.55 2.2848488012215554e+38
1394.91 2.2953137991999403e+38
1395.27 2.1745369327816806e+38
1395.63 2.3080016991085474e+38
1395.99 2.2129081446046856e+38
1396.35 2.315180511345612e+38
1396.72 2.3143703910825913e+38
1397.08 2.290999864325142e+38
1397.44 2.2918221369635186e+38
1397.8 2.305635297625864e+38
1398.16 1.804822516654632e+38
1398.53 2.3052527267065065e+38
1398.89 2.2337043988575908e+38
1399.25 2.3123070901007846e+38
1399.61 2.3072538214366297e+38
1399.98 2.177648929498274e+38
1400.34 2.2628767085319278e+38
1400.7 2.1687852195539112e+38
1401.07 2.264555768300816e+38
1401.43 2.2890111795152363e+38
1401.79 2.2969889548340683e+38
1402.16 2.298583866178492e+38
1402.52 2.290511902755713e+38
1402.88 8.862061848740474e+37
1403.25 1.862512333683636e+38
1403.61 2.3031624375047273e+38
1403.97 2.2981513678314012e+38
1404.34 2.298253385888824e+38
1404.7 2.2977184284418067e+38
1405.06 2.2965930987082406e+38
1405.43 2.288092334264657e+38
1405.79 2.2839914319561546e+38
1406.16 2.2493760960912707e+38
1406.52 2.2770061749976275e+38
1406.89 2.0176836812813006e+38
1407.25 2.1539151539096734e+38
1407.62 2.276407944425642e+38
1407.98 2.2740131951178407e+38
1408.35 2.275751671897161e+38
1408.71 2.0805864844440292e+38
1409.08 2.175523505302787e+38
1409.44 2.0632150545154422e+38
1409.81 2.1113428762831366e+38
1410.17 2.213876357533416e+38
1410.54 2.2645967222092812e+38
1410.9 2.2715176486957902e+38
1411.27 2.248609464874158e+38
1411.64 2.2314674521704535e+38
1412.0 2.2522144814546246e+38
1412.37 2.255259973134122e+38
1412.73 2.267151928377942e+38
1413.1 2.266033206705344e+38
1413.46 2.2643991810891763e+38
1413.83 2.2624089186408115e+38
1414.2 2.2306279588009467e+38
1414.56 2.1554460699248827e+38
1414.93 2.242421052722676e+38
1415.3 2.2480495312718066e+38
1415.67 2.2146811594855387e+38
1416.03 2.2371008356913983e+38
1416.4 2.2528479257653647e+38
1416.77 2.25044430279317e+38
1417.13 2.103281877873247e+38
1417.5 2.249550133397081e+38
1417.87 2.215496420915613e+38
1418.23 2.2402679512706536e+38
1418.6 2.2178528164406313e+38
1418.97 2.2345564771368524e+38
1419.34 2.222837874778353e+38
1419.71 2.2153071517739463e+38
1420.07 2.1362286394890343e+38
1420.44 2.090160727885477e+38
1420.81 2.2176859079491656e+38
1421.18 1.961241605739453e+38
1421.55 2.215826058968114e+38
1421.92 2.2130909852108522e+38
1422.28 2.186020611579256e+38
1422.65 2.1617700727762015e+38
1423.02 2.2195651397802886e+38
1423.39 2.221768066562859e+38
1423.76 2.2216325267350407e+38
1424.13 2.1981066966432125e+38
1424.5 1.9932689887489823e+38
1424.87 2.222639674373388e+38
1425.23 2.2226307543975217e+38
1425.6 2.220360767677969e+38
1425.97 2.1938998502470762e+38
1426.34 2.03526707414322e+38
1426.71 2.1924246002802734e+38
1427.08 2.2166399698673126e+38
1427.45 1.9268081855346815e+38
1427.82 1.8826410269669153e+38
1428.19 1.9899777139991368e+38
1428.56 2.07414174709485e+38
1428.93 1.9798435243508817e+38
1429.3 2.146579858662496e+38
1429.68 2.1988284385555e+38
1430.05 2.1928112371268e+38
1430.42 2.043282046632618e+38
1430.79 2.170180689321413e+38
1431.16 2.200333994244759e+38
1431.53 2.1892494512195607e+38
1431.9 2.194612753506275e+38
1432.27 2.203321921891672e+38
1432.64 2.2010141485309005e+38
1433.01 2.1920404306914466e+38
1433.38 2.1969975723895418e+38
1433.76 2.167572697743684e+38
1434.13 2.1945889677631053e+38
1434.5 2.1404079682093954e+38
1434.87 2.190874614721448e+38
1435.24 2.0594456757837125e+38
1435.61 2.174746263456421e+38
1435.99 2.1545163480189666e+38
1436.36 2.1872264509851947e+38
1436.73 2.129199096488295e+38
1437.1 2.1702432606458626e+38
1437.48 2.168689817453176e+38
1437.85 2.1717161752870208e+38
1438.22 2.159230840017855e+38
1438.59 2.1669002768707495e+38
1438.97 2.1729913493135656e+38
1439.34 2.173551443848295e+38
1439.71 2.108474273543215e+38
1440.09 2.1808987581369644e+38
1440.46 2.093322597691977e+38
1440.83 2.1161616470065813e+38
1441.21 2.1294863810867335e+38
1441.58 2.1748428234502784e+38
1441.95 2.1765231491691887e+38
1442.33 2.1434338203733377e+38
1442.7 2.1356454374236612e+38
1443.07 2.1721249573129563e+38
1443.45 2.114967402777364e+38
1443.82 2.1717301758328325e+38
1444.2 2.162833639196497e+38
1444.57 2.1693802903558645e+38
1444.95 2.060659672609997e+38
1445.32 2.1563313448819994e+38
1445.69 2.1555244406133212e+38
1446.07 2.1600841459015108e+38
1446.44 2.148222404926286e+38
1446.82 2.132445367766894e+38
1447.19 2.0969852484251843e+38
1447.57 2.123156701329542e+38
1447.94 2.156545287392582e+38
1448.32 2.1525575248808878e+38
1448.69 2.1515376047594675e+38
1449.07 2.0527740603603782e+38
1449.45 2.1317589679758806e+38
1449.82 2.1016260265233474e+38
1450.2 2.1375913031751353e+38
1450.57 2.1472532145802633e+38
1450.95 2.1277564615374984e+38
1451.33 2.1383291227783933e+38
1451.7 2.1199497124053287e+38
1452.08 2.1333454102755913e+38
1452.45 2.0462557539857826e+38
1452.83 2.1338852564610535e+38
1453.21 2.1371281457172132e+38
1453.58 2.0630448080518173e+38
1453.96 2.1103268934507837e+38
1454.34 2.0933595922485576e+38
1454.71 2.0571100497313147e+38
1455.09 2.126415902875713e+38
1455.47 2.0351551996087264e+38
1455.85 2.1181201233419145e+38
1456.22 2.0565420398326454e+38
1456.6 2.0925168076423722e+38
1456.98 2.122802415802461e+38
1457.36 2.011882956527642e+38
1457.73 2.054361817922917e+38
1458.11 2.1060354376166913e+38
1458.49 2.0104122828041254e+38
1458.87 2.108362648268178e+38
1459.24 1.917556948667493e+38
1459.62 2.0960771613353742e+38
1460.0 2.1065636613306978e+38
1460.38 2.0646136805798563e+38
1460.76 2.0331036188675204e+38
1461.14 2.1028042943631088e+38
1461.52 2.093079527385574e+38
1461.9 2.101847436297971e+38
1462.27 2.026940422753662e+38
1462.65 1.9804110110421482e+38
1463.03 2.0984809102955356e+38
1463.41 2.091913845619234e+38
1463.79 2.075456180931841e+38
1464.17 2.0818171304849276e+38
1464.55 2.0907097369040997e+38
1464.93 2.0767083664072267e+38
1465.31 1.9884689618564707e+38
1465.69 2.0688873764685848e+38
1466.07 2.0888357592458305e+38
1466.45 1.9838284513483342e+38
1466.83 1.997709859788781e+38
1467.21 2.0747161641273535e+38
1467.59 2.0796665930876532e+38
1467.97 2.073855308060466e+38
1468.35 2.0591241712649784e+38
1468.73 2.0718616687982123e+38
1469.11 2.0675174605922714e+38
1469.49 2.0633686806034006e+38
1469.87 1.81177747651947e+38
1470.25 2.0225091451034036e+38
1470.64 2.0610436995965057e+38
1471.02 1.993376338139433e+38
1471.4 2.0666209255110485e+38
1471.78 2.0480533872540003e+38
1472.16 2.037844535481041e+38
1472.54 1.9827252243643654e+38
1472.92 2.0309387770975705e+38
1473.31 2.0583240298349333e+38
1473.69 2.063859234059246e+38
1474.07 2.062688745243918e+38
1474.45 2.0614957154705224e+38
1474.83 2.06024206016236e+38
1475.21 2.0295912903028005e+38
1475.6 2.013022775814579e+38
1475.98 2.0464325780322337e+38
1476.36 2.0336600590225633e+38
1476.74 2.0466477035262074e+38
1477.13 2.0481838682468737e+38
1477.51 2.013565609990165e+38
1477.89 2.0322961365113983e+38
1478.28 1.8920703027776738e+38
1478.66 2.0439692068328264e+38
1479.04 2.0431217060240062e+38
1479.43 1.97572616946992e+38
1479.81 2.0376194490441455e+38
1480.19 2.036986593147573e+38
1480.58 2.040147011449901e+38
1480.96 2.037587341897613e+38
1481.34 2.0301993221934944e+38
1481.73 2.0231141593255422e+38
1482.11 2.036709309425988e+38
1482.5 2.0357455545737182e+38
1482.88 2.0217821142535115e+38
1483.27 1.990831945386747e+38
1483.65 2.028376987095322e+38
1484.03 2.0058956734676644e+38
1484.42 1.9969968562629537e+38
1484.8 2.0233571955559076e+38
1485.19 2.0224374288376842e+38
1485.57 2.0243807273174956e+38
1485.96 2.0085666958120615e+38
1486.34 1.9907491280067654e+38
1486.73 2.018912319060905e+38
1487.11 2.0201650789987198e+38
1487.5 2.0187978856366122e+38
1487.89 1.9753794711031027e+38
1488.27 2.016774064157909e+38
1488.66 2.014760683260385e+38
1489.04 2.0030977036701447e+38
1489.43 2.0051998034768954e+38
1489.81 1.8873324249069106e+38
1490.2 1.978129699121488e+38
1490.59 2.0080009056327704e+38
1490.97 2.0069840158231286e+38
1491.36 2.00526104523117e+38
1491.75 1.979775747167355e+38
1492.13 1.993473910258204e+38
1492.52 2.002325334714581e+38
1492.91 2.0018008764754518e+38
1493.29 1.99116136563662e+38
1493.68 1.5992332308741365e+38
1494.07 1.9953385633464794e+38
1494.45 1.9704526609300225e+38
1494.84 1.9950570065377797e+38
1495.23 1.8384741839121785e+38
1495.62 1.9643268182544974e+38
1496.01 1.9910538066247246e+38
1496.39 1.9887601806662747e+38
1496.78 1.98619857769777e+38
1497.17 1.9844302624641955e+38
1497.56 1.883122636592268e+38
1497.94 1.8773045169644827e+38
1498.33 1.974394916165811e+38
1498.72 1.8051568688557397e+38
1499.11 1.9006577030998075e+38
1499.5 1.956205815558862e+38
1499.89 1.969685240026541e+38
1500.28 1.6904566957527302e+38
1500.66 1.9766242776470135e+38
1501.05 1.9735986082374777e+38
1501.44 1.9576606280540822e+38
1501.83 1.3579960089709276e+38
1502.22 1.9099091197573116e+38
1502.61 1.970713637066954e+38
1503.0 1.920908688937272e+38
1503.39 1.9648288316779755e+38
1503.78 1.954427481793402e+38
1504.17 1.941035767574416e+38
1504.56 1.785686273824369e+38
1504.95 1.9478275960389848e+38
1505.34 1.9416780833504845e+38
1505.73 1.8687560437246578e+38
1506.12 1.922629344357102e+38
1506.51 1.9544464594653103e+38
1506.9 1.93805764619945e+38
1507.29 1.9528829002374376e+38
1507.68 1.9302397964027375e+38
1508.07 1.948755075064413e+38
1508.46 1.946706842390966e+38
1508.85 1.8969543736667205e+38
1509.24 1.9098954522900174e+38
1509.64 1.9404811893423187e+38
1510.03 1.935231460210667e+38
1510.42 1.9370302147713474e+38
1510.81 1.9298305670390285e+38
1511.2 1.7745926613865304e+38
1511.59 1.7307028442546467e+38
1511.98 1.9195644736238177e+38
1512.38 1.7990880355192033e+38
1512.77 1.784187179362162e+38
1513.16 1.877282524793107e+38
1513.55 1.7129249947280053e+38
1513.94 1.923565541562645e+38
1514.34 1.9250582595361643e+38
1514.73 1.925937382711112e+38
1515.12 1.924195204366164e+38
1515.52 1.7679025131220277e+38
1515.91 1.908731636057961e+38
1516.3 1.8946442749752463e+38
1516.69 1.7698129981646345e+38
1517.09 1.901738661554e+38
1517.48 1.923250066813357e+38
1517.87 1.913297777757074e+38
1518.27 1.919761709008461e+38
1518.66 1.8501894984583143e+38
1519.05 1.8902767072114774e+38
1519.45 1.916980207242419e+38
1519.84 1.915965272564944e+38
1520.23 1.9144880193764746e+38
1520.63 1.6795532036541623e+38
1521.02 1.9090411929471017e+38
1521.42 1.9032296121193755e+38
1521.81 1.908978052295488e+38
1522.21 1.9072946298305993e+38
1522.6 1.905736282656098e+38
1522.99 1.904564374769101e+38
1523.39 1.8804032548938058e+38
1523.79 1.900255956522471e+38
1524.18 1.8801243709161498e+38
1524.57 1.8088720776172953e+38
1524.97 1.795340586493288e+38
1525.36 1.6713099918499821e+38
1525.76 1.7310853022922052e+38
1526.16 1.8462944138758273e+38
1526.55 1.8629344563241147e+38
1526.95 1.8348045535964956e+38
1527.34 1.8323985753593705e+38
1527.74 1.721599987598065e+38
1528.14 1.840304121794036e+38
1528.53 1.8670432640564303e+38
1528.93 1.8571379964116286e+38
1529.32 1.8692697065187726e+38
1529.72 1.862818393891534e+38
1530.12 1.4379004431752087e+38
1530.51 1.7889802110803036e+38
1530.91 1.8603988014690476e+38
1531.31 1.4724713652553272e+38
1531.7 1.6366357361719843e+38
1532.1 1.7995955325335456e+38
1532.5 1.704638865737729e+38
1532.9 1.4642285566753783e+38
1533.29 1.4989588400006437e+38
1533.69 1.8585181221190545e+38
1534.09 1.8470968906623842e+38
1534.48 1.8506046033944044e+38
1534.88 1.825935441307572e+38
1535.28 1.8546768594676095e+38
1535.68 1.762492115651009e+38
1536.08 1.8540780237514532e+38
1536.47 1.8298884153108955e+38
1536.87 1.8397737967952368e+38
1537.27 1.6922279719451286e+38
1537.67 1.8469037085956064e+38
1538.07 1.805273993184222e+38
1538.47 1.8473397911052295e+38
1538.86 1.7564275892079684e+38
1539.26 1.8379757760265086e+38
1539.66 1.8460269757206363e+38
1540.06 1.767360196755098e+38
1540.46 1.7955652607045557e+38
1540.86 1.8270775321914006e+38
1541.26 1.8465781526746984e+38
1541.66 1.8463167188113792e+38
1542.06 1.743876284276042e+38
1542.46 1.796879330063413e+38
1542.86 1.8124375409586943e+38
1543.26 1.839694071995285e+38
1543.66 1.626833744873667e+38
1544.06 1.8008991885831407e+38
1544.46 1.4937285952632984e+38
1544.86 1.4327901348493997e+38
1545.26 1.8177918807055706e+38
1545.66 1.7986662216910688e+38
1546.06 1.8301995128142813e+38
1546.46 1.6256044021080066e+38
1546.86 1.7821855527199386e+38
1547.26 1.6963249736278156e+38
1547.66 1.5347349317523078e+38
1548.06 1.0703485522117495e+38
1548.47 1.819722676143318e+38
1548.87 1.815775361038702e+38
1549.27 1.8195504953386065e+38
1549.67 1.8199062755615e+38
1550.07 1.7772863176976906e+38
1550.47 1.8044890760660092e+38
1550.88 9.95665387170227e+37
1551.28 1.7981189583855117e+38
1551.68 1.815178771523673e+38
1552.08 1.477350440480044e+38
1552.48 1.8106872168864353e+38
1552.89 1.7917922710963515e+38
1553.29 1.5217947130065623e+38
1553.69 1.8085228006429118e+38
1554.09 1.7766954483959935e+38
1554.5 1.8058383841664473e+38
1554.9 1.6537164120217796e+38
1555.3 1.7276760836176098e+38
1555.71 1.7956671141631326e+38
1556.11 1.722294125320885e+38
1556.51 1.4385078708244098e+38
1556.92 1.715237131023276e+38
1557.32 1.6758594429424385e+38
1557.72 1.7805615670090948e+38
1558.13 1.774852010169398e+38
1558.53 1.7698094762406384e+38
1558.93 1.7540280820973404e+38
1559.34 1.7364343808750293e+38
1559.74 1.7756032258394756e+38
1560.15 1.6603272547487858e+38
1560.55 1.6584102190166732e+38
1560.96 1.775713509192373e+38
1561.36 1.5197434563832947e+38
1561.77 1.772800612362712e+38
1562.17 1.7640101938735272e+38
1562.57 1.7557246094099985e+38
1562.98 1.7678013143690963e+38
1563.39 1.76395797983746e+38
1563.79 1.7313214124249265e+38
1564.19 1.6649840122912579e+38
1564.6 1.5893179649571313e+38
1565.01 1.7604809882650392e+38
1565.41 1.7581018751339045e+38
1565.82 1.715921266762147e+38
1566.22 1.5599478869983045e+38
1566.63 1.5788769197945468e+38
1567.04 1.670360662374422e+38
1567.44 1.760958675778464e+38
1567.85 1.7604647720718594e+38
1568.25 1.211671562838243e+38
1568.66 1.5693858648768725e+38
1569.07 1.7518669144440984e+38
1569.47 1.7563973151978713e+38
1569.88 1.7672501823802866e+38
1570.29 1.7311512973464276e+38
1570.69 1.7388268649900432e+38
1571.1 1.7567752522015066e+38
1571.51 1.7561459500423366e+38
1571.92 1.7567107775226834e+38
1572.32 1.757350394428558e+38
1572.73 1.7562067862997192e+38
1573.14 1.7614690067301145e+38
1573.55 1.760420434627912e+38
1573.95 1.758578804471078e+38
1574.36 1.7590375920474315e+38
1574.77 1.434335350950059e+38
1575.18 1.4604749239259696e+38
1575.59 1.5345659678110566e+38
1575.99 1.753749538068505e+38
1576.4 1.6421061483954414e+38
1576.81 1.7101849478733125e+38
1577.22 1.5353970473845642e+38
1577.63 1.7415070296745237e+38
1578.04 1.518576525124967e+38
1578.45 1.74825051747986e+38
1578.86 1.744535517846836e+38
1579.27 1.7172401687300657e+38
1579.68 1.7208667671810632e+38
1580.08 1.7401616437398343e+38
1580.49 1.7473852093471336e+38
1580.9 1.6000302983127233e+38
1581.31 1.733661693469662e+38
1581.72 1.7386908229840323e+38
1582.13 1.7429475159769637e+38
1582.54 1.721403728325427e+38
1582.95 1.736421975022205e+38
1583.36 1.713394378720094e+38
1583.77 1.6648888671209661e+38
1584.18 1.7122138616790643e+38
1584.59 1.7272876343516366e+38
1585.01 1.4194477050028966e+38
1585.42 1.7274774022859574e+38
1585.83 1.5004530066335468e+38
1586.24 1.71156006343421e+38
1586.65 1.731343675310953e+38
1587.06 1.7317550258856674e+38
1587.47 1.6428103761574199e+38
1587.88 1.732577200634956e+38
1588.3 1.713289435600502e+38
1588.71 1.7020763834870673e+38
1589.12 1.727875424055897e+38
1589.53 1.72945918978614e+38
1589.94 1.7234961345438193e+38
1590.35 1.7290911053563264e+38
1590.77 1.725688995184709e+38
1591.18 1.722679156771882e+38
1591.59 1.6949874837670613e+38
1592.0 1.402011282459633e+38
1592.42 1.721653156862489e+38
1592.83 1.721836380936722e+38
1593.24 1.7145736976644756e+38
1593.66 1.7132695734313563e+38
1594.07 1.6989455779715865e+38
1594.48 1.7174512017517075e+38
1594.89 1.6380341321800622e+38
1595.31 1.6935848720285922e+38
1595.72 1.7008010117518466e+38
1596.14 1.716104200288516e+38
1596.55 1.7145062506143236e+38
1596.96 1.712726375712426e+38
1597.38 1.6979613626821556e+38
1597.79 1.7098452044279507e+38
1598.2 1.7081367173469282e+38
1598.62 1.6905295795385393e+38
1599.03 1.7058771861241837e+38
1599.45 1.7040223633019373e+38
1599.86 1.7015574866097133e+38
1600.28 1.6784016079956737e+38
1600.69 1.6857839750271086e+38
1601.11 1.6447814310968628e+38
1601.52 1.6539014370094951e+38
1601.94 1.4821457566357261e+38
1602.35 1.6943683092134951e+38
1602.77 1.6927082948681055e+38
1603.18 1.2897701606587048e+38
1603.6 1.6787388446752442e+38
1604.01 1.688313060190827e+38
1604.43 1.6837635752078382e+38
1604.84 1.4313411079767989e+38
1605.26 1.681083759524497e+38
1605.68 1.668643640390768e+38
1606.09 1.6614478207126937e+38
1606.51 1.677451249934801e+38
1606.93 1.6524477619065514e+38
1607.34 1.6773940798925562e+38
1607.76 1.327742238778409e+38
1608.18 1.6540537677378013e+38
1608.59 1.668692834253617e+38
1609.01 1.2506427821455184e+38
1609.43 1.6645568660239656e+38
1609.84 1.2419852090942842e+38
1610.26 1.4328189852253596e+38
1610.68 1.6714088099263415e+38
1611.09 1.6077902770568915e+38
1611.51 1.6687736594043523e+38
1611.93 1.5855660307078993e+38
1612.35 1.667490768072075e+38
1612.77 1.4538672613718124e+38
1613.18 1.6654008222494297e+38
1613.6 1.632646891733379e+38
1614.02 1.2298897270597708e+38
1614.44 1.662777919744481e+38
1614.86 1.6614199077929491e+38
1615.28 1.4174923362282627e+38
1615.69 1.5937711907108521e+38
1616.11 1.5690828399564568e+38
1616.53 1.654164432616475e+38
1616.95 1.6542052248533215e+38
1617.37 1.6538021908372795e+38
1617.79 1.6101305453101885e+38
1618.21 1.6512050989781021e+38
1618.63 1.5971775707312734e+38
1619.05 1.6373769884433956e+38
1619.47 1.6293863923533592e+38
1619.89 1.6455170760891868e+38
1620.31 1.4801725602152124e+38
1620.73 1.5158198704115784e+38
1621.15 1.2433310745033878e+38
1621.57 1.2280371626557378e+38
1621.99 1.6285995261703189e+38
1622.41 1.6106583505901865e+38
1622.83 1.6346766864743776e+38
1623.25 1.6195748384050612e+38
1623.67 1.5308179454757503e+38
1624.09 1.4855515360585072e+38
1624.51 1.6298158972737857e+38
1624.93 1.3639033804563066e+38
1625.35 1.6195463207174098e+38
1625.78 1.6187469111649366e+38
1626.2 1.554614258063749e+38
1626.62 1.6238915367692822e+38
1627.04 1.6181043386487954e+38
1627.46 1.463786314536289e+38
1627.88 1.5736264154801745e+38
1628.31 1.4733731562354102e+38
1628.73 1.6224725871152321e+38
1629.15 1.2525697987707063e+38
1629.57 1.617471668492946e+38
1629.99 1.6193519215502871e+38
1630.42 1.5632812132610033e+38
1630.84 1.6192559844832275e+38
1631.26 1.607507561836736e+38
1631.68 1.1075738106960053e+38
1632.11 1.3275168660144881e+38
1632.53 1.5772457647914482e+38
1632.95 1.615133846654883e+38
1633.38 1.6152260819898333e+38
1633.8 1.6043618781097373e+38
1634.22 1.608234346114117e+38
1634.65 1.5508838167272639e+38
1635.07 1.6003051098932756e+38
1635.49 1.5988514545454535e+38
1635.92 1.5981820977418997e+38
1636.34 1.5755443395304238e+38
1636.77 1.6084625839339529e+38
1637.19 1.5952438826755015e+38
1637.61 1.5979541274771411e+38
1638.04 1.5554121219584299e+38
1638.46 1.584870651320333e+38
1638.89 1.6027589808391858e+38
1639.31 1.5376270174430084e+38
1639.74 1.5984958488568277e+38
1640.16 1.1441469656186706e+38
1640.59 1.150452744986137e+38
1641.01 1.5957669842486577e+38
1641.44 1.5966728591116251e+38
1641.86 1.2574488126150353e+38
1642.29 1.5918610463554836e+38
1642.71 1.5260570816821733e+38
1643.14 1.5940568660751256e+38
1643.57 1.5705935073536898e+38
1643.99 1.5872442120924784e+38
1644.42 1.568251884443008e+38
1644.84 1.5779785894764137e+38
1645.27 1.5451211587045232e+38
1645.7 1.5856634541263685e+38
1646.12 1.5805528378068725e+38
1646.55 1.5845085306321506e+38
1646.98 1.531930346916181e+38
1647.41 1.5761501815321055e+38
1647.83 1.5796164545614836e+38
1648.26 1.5719756499696723e+38
1648.69 1.5496310870445598e+38
1649.11 1.5586871131736566e+38
1649.54 1.5629059738305346e+38
1649.97 1.5294384906772241e+38
1650.4 1.566417058156244e+38
1650.82 1.5623373267509631e+38
1651.25 1.5659800461855478e+38
1651.68 1.5187336096358229e+38
1652.11 1.5432137882541615e+38
1652.54 1.560785677522884e+38
1652.96 1.278259485755909e+38
1653.39 1.3041791925069813e+38
1653.82 1.5507742481284604e+38
1654.25 1.536645229395096e+38
1654.68 1.5519171394825155e+38
1655.11 1.5532176616368988e+38
1655.54 1.549846176345183e+38
1655.96 1.5520913013145135e+38
1656.39 1.553329757405787e+38
1656.82 1.4750523763749467e+38
1657.25 1.549669984189906e+38
1657.68 1.5242773876900058e+38
1658.11 1.523999442008676e+38
1658.54 1.5423582808915675e+38
1658.97 1.4767816840039207e+38
1659.4 1.5290043296867815e+38
1659.83 1.5523792375238939e+38
1660.26 1.5518329875082092e+38
1660.69 1.5443038114337621e+38
1661.12 1.5488655412331028e+38
1661.55 1.4056345229169488e+38
1661.98 1.551687757413511e+38
1662.42 1.4559919850050334e+38
1662.85 1.5520628815990539e+38
1663.28 1.5443723657724332e+38
1663.71 1.5511619461361668e+38
1664.14 1.552125862352648e+38
1664.57 1.5463405437664773e+38
1665.0 1.5304681698063417e+38
1665.43 1.5452566418123499e+38
1665.86 1.5481990769404462e+38
1666.3 1.5461496750269228e+38
1666.73 1.5399341885473904e+38
1667.16 1.5397756196996764e+38
1667.59 1.5356635558930757e+38
1668.03 1.4101515162070291e+38
1668.46 1.4766618097686916e+38
1668.89 1.5344363709398877e+38
1669.32 1.5231586966753435e+38
1669.76 1.4580443781883892e+38
1670.19 1.525391409803212e+38
1670.62 1.5109581479563291e+38
1671.05 1.265879320236505e+38
1671.49 1.522482160070301e+38
1671.92 1.4830599612494742e+38
1672.35 1.4832297957844248e+38
1672.79 1.4239770458635579e+38
1673.22 1.5113368695317608e+38
1673.65 1.2214530495706847e+38
1674.09 1.5196396532332007e+38
1674.52 1.5161299218869057e+38
1674.96 1.519226508603081e+38
1675.39 1.513801897306419e+38
1675.82 1.4966622433405464e+38
1676.26 1.500914921515265e+38
1676.69 1.5019968938400897e+38
1677.13 1.3801548521095391e+38
1677.56 1.5177823026218319e+38
1678.0 1.5173583082480136e+38
1678.43 1.5163132906708477e+38
1678.87 1.5143155027259445e+38
1679.3 1.5115684077219472e+38
1679.74 1.5149200900116121e+38
1680.17 1.5144796733233029e+38
1680.61 1.5097232425501162e+38
1681.04 1.5115418607679116e+38
1681.48 1.5122368636146399e+38
1681.92 1.4025766350984782e+38
1682.35 1.5112465829306373e+38
1682.79 1.5109227477044213e+38
1683.22 1.509980335855065e+38
1683.66 1.4946354228051946e+38
1684.1 1.5080892268528396e+38
1684.53 1.5073513236545998e+38
1684.97 1.5079828874846576e+38
1685.41 1.5068082375113912e+38
1685.84 1.4737559853713584e+38
1686.28 1.4913514780243156e+38
1686.72 1.3204782625851335e+38
1687.15 1.4976711085010142e+38
1687.59 1.4110915920480082e+38
1688.03 1.4915912636322807e+38
1688.47 1.4972721988282857e+38
1688.9 1.4961714394563396e+38
1689.34 1.4956120987061418e+38
1689.78 1.4926219994334423e+38
1690.22 1.463438269147923e+38
1690.66 1.403035916837892e+38
1691.09 1.4892290794007058e+38
1691.53 1.4876656288292208e+38
1691.97 1.4855327063062715e+38
1692.41 1.4255385034905236e+38
1692.85 1.4841474443833925e+38
1693.29 1.484227976376933e+38
1693.72 1.483137121591299e+38
1694.16 1.481913320371298e+38
1694.6 1.3914516730491268e+38
1695.04 1.2847177036091381e+38
1695.48 1.4698277022091244e+38
1695.92 1.4643816992735856e+38
1696.36 1.4759606935166135e+38
1696.8 1.459121639066094e+38
1697.24 1.4734132700374162e+38
1697.68 1.4723126630907825e+38
1698.12 1.435644133335318e+38
1698.56 1.4696048432944723e+38
1699.0 1.4313083250604264e+38
1699.44 1.4645256450765492e+38
1699.88 1.4661883742733465e+38
1700.32 1.4051524467718723e+38
1700.76 1.3425752855518479e+38
1701.2 1.4598600990686603e+38
1701.64 1.3969270312951869e+38
1702.08 1.4352600232511979e+38
1702.53 1.450510946401531e+38
1702.97 1.4575867758558805e+38
1703.41 1.4417445971957775e+38
1703.85 1.4550405237107446e+38
1704.29 1.4534067696039985e+38
1704.73 1.449470519800945e+38
1705.18 1.4518841559367602e+38
1705.62 1.447463890619586e+38
1706.06 1.4318319586861231e+38
1706.5 1.4043243393649514e+38
1706.94 1.4449297525074748e+38
1707.39 1.1763768571826668e+38
1707.83 1.4451128019009174e+38
1708.27 1.4382245272636038e+38
1708.71 1.4000650370098507e+38
1709.16 1.4418800604402535e+38
1709.6 1.4265488782736474e+38
1710.04 1.4301619812272093e+38
1710.49 1.425563898531831e+38
1710.93 1.3989013685662947e+38
1711.37 1.0903896995124796e+38
1711.82 1.4120643896510824e+38
1712.26 1.421518417981699e+38
1712.7 1.1705785273111345e+38
1713.15 1.4296603972475322e+38
1713.59 1.4220854635586784e+38
1714.04 1.428623916248776e+38
1714.48 1.4282836837868632e+38
1714.93 1.4256606918096621e+38
1715.37 1.294622721790413e+38
1715.81 1.4137715677111912e+38
1716.26 1.4109205994997051e+38
1716.7 1.4217911025314647e+38
1717.15 1.2756654059843281e+38
1717.59 1.4197656334658074e+38
1718.04 1.3908125425036722e+38
1718.48 1.0667841655863211e+38
1718.93 1.3860201881722308e+38
1719.38 1.3030509619266217e+38
1719.82 1.3852837994115671e+38
1720.27 1.415206802554416e+38
1720.71 1.3591715696082785e+38
1721.16 1.3961244022069521e+38
1721.6 1.3171760785159329e+38
1722.05 1.384571738743742e+38
1722.5 1.1377158325473415e+38
1722.94 1.3874225839825964e+38
1723.39 1.4073730403006092e+38
1723.84 1.3571280503823498e+38
1724.28 1.198540550569041e+38
1724.73 1.3976456484526552e+38
1725.18 1.383738869584073e+38
1725.62 1.103621431098231e+38
1726.07 1.4019348203961708e+38
1726.52 1.371250897151375e+38
1726.97 1.4028754286904786e+38
1727.41 1.2395329003896222e+38
1727.86 1.3976701585128613e+38
1728.31 1.3517313502438857e+38
1728.76 1.3775126834179862e+38
1729.2 1.39458201658267e+38
1729.65 1.4019699377548475e+38
1730.1 1.4000843057196439e+38
1730.55 1.3648768856421385e+38
1731.0 1.3991995461647646e+38
1731.45 1.3301737468082493e+38
1731.9 1.3987836952825678e+38
1732.34 1.3889857794864165e+38
1732.79 1.3719629941082762e+38
1733.24 1.39317444820201e+38
1733.69 1.3823928216595817e+38
1734.14 1.3866172545033648e+38
1734.59 1.3948386721151233e+38
1735.04 1.3966359725544461e+38
1735.49 1.3939399671134664e+38
1735.94 1.3886754827940693e+38
1736.39 1.3383159335147377e+38
1736.84 1.3922119059432137e+38
1737.29 1.34629262205974e+38
1737.74 1.3870818551380524e+38
1738.19 1.2841846088201959e+38
1738.64 1.328407183136861e+38
1739.09 1.3581407769537382e+38
1739.54 1.3849638599418638e+38
1739.99 1.381138206487514e+38
1740.44 1.3828307233509862e+38
1740.9 1.3499421843718972e+38
1741.35 1.3803467987820235e+38
1741.8 1.3795423483441749e+38
1742.25 1.3421237858995564e+38
1742.7 1.369301602845627e+38
1743.15 1.3764329779425829e+38
1743.6 1.3751079682025537e+38
1744.06 1.3741278320144618e+38
1744.51 1.3718466578654017e+38
1744.96 1.3596300481903462e+38
1745.41 1.3222780787056433e+38
1745.86 1.3709531427757585e+38
1746.32 1.3705865191408372e+38
1746.77 1.359681964318682e+38
1747.22 1.2709340881895586e+38
1747.68 1.3120294478747952e+38
1748.13 1.2871086540477116e+38
1748.58 1.3640495203722516e+38
1749.04 1.2904337692613469e+38
1749.49 1.3572837846168866e+38
1749.94 1.363848185652077e+38
1750.4 1.340653682319759e+38
1750.85 1.366682130862071e+38
1751.3 1.2548068230050962e+38
1751.76 1.1855595984986795e+38
1752.21 1.3654001673449518e+38
1752.67 1.3649791963292895e+38
1753.12 1.2973364318368691e+38
1753.57 1.3369034759469436e+38
1754.03 1.3621001645178882e+38
1754.48 1.3621685770241574e+38
1754.94 1.3580372606378504e+38
1755.39 1.3614808539285934e+38
1755.85 1.356861621641158e+38
1756.3 1.3581559542470988e+38
1756.76 1.3561149560075643e+38
1757.21 1.3547474774560176e+38
1757.67 1.3523079820422405e+38
1758.12 1.3281610852805944e+38
1758.58 1.286249981331063e+38
1759.04 1.3452078650031658e+38
1759.49 1.3463386731954265e+38
1759.95 1.3446488393773452e+38
1760.4 1.149171933964902e+38
1760.86 1.2048989895592867e+38
1761.32 1.3138002890597014e+38
1761.77 1.3378982299041844e+38
1762.23 1.3332948265688986e+38
1762.69 1.3342323522318822e+38
1763.14 1.3287776375825255e+38
1763.6 1.3056514661639035e+38
1764.06 1.3154350560465665e+38
1764.51 1.3264949360229596e+38
1764.97 1.2282341817674618e+38
1765.43 1.3254289602445815e+38
1765.89 1.312320341280327e+38
1766.34 1.3227265949432697e+38
1766.8 1.3248467357911073e+38
1767.26 1.3236276488095785e+38
1767.72 1.321780579666444e+38
1768.18 1.3217306600285089e+38
1768.64 1.322426356212004e+38
1769.09 1.3233583902561894e+38
1769.55 1.208208694927944e+38
1770.01 1.319169250829814e+38
1770.47 1.2189260096432432e+38
1770.93 1.315136642977735e+38
1771.39 1.3169585982376152e+38
1771.85 1.3194638697305708e+38
1772.31 1.3215846027674145e+38
1772.77 1.3196823667780113e+38
1773.22 1.3155275594885148e+38
1773.68 1.3102052411931817e+38
1774.14 1.3200596426746498e+38
1774.6 1.3108409250253772e+38
1775.06 1.3199777435324897e+38
1775.52 1.3152286635301322e+38
1775.98 1.0340460404351231e+38
1776.44 1.3166074479338682e+38
1776.9 1.3126868080717593e+38
1777.36 1.315793037603844e+38
1777.82 1.262535683283588e+38
1778.29 1.3142605403120705e+38
1778.75 1.2828418341441804e+38
1779.21 1.3079621489225992e+38
1779.67 1.3118154388292436e+38
1780.13 1.3096370471666757e+38
1780.59 1.3058093456935754e+38
1781.05 1.2918724071028907e+38
1781.52 1.3085340747009995e+38
1781.98 1.2861293066180818e+38
1782.44 1.3028597357737448e+38
1782.9 1.297617144485716e+38
1783.36 1.3051654797651339e+38
1783.82 1.3045510347196121e+38
1784.29 1.3037356691257658e+38
1784.75 1.3002478772022474e+38
1785.21 1.289736120623493e+38
1785.68 1.3017201562198436e+38
1786.14 1.2990021865236502e+38
1786.6 1.3007382536146106e+38
1787.06 1.2918545881481327e+38
1787.53 1.2986113284353046e+38
1787.99 1.2803239230736707e+38
1788.45 1.2662311956012426e+38
1788.92 1.281374383066983e+38
1789.38 1.2976367118411514e+38
1789.84 1.2952689480654454e+38
1790.31 1.265567728444819e+38
1790.77 1.291432402825844e+38
1791.24 1.2890534550047755e+38
1791.7 1.244116352347833e+38
1792.17 1.1912350687009232e+38
1792.63 1.2921776641664358e+38
1793.09 1.252594368765206e+38
1793.56 1.292278257913766e+38
1794.02 1.289722000344424e+38
1794.49 1.2921177090683157e+38
1794.95 1.2256717600253128e+38
1795.42 1.2908936181164484e+38
1795.89 1.2863071357576088e+38
1796.35 1.2891906091295572e+38
1796.81 1.275541082303175e+38
1797.28 1.286759270461825e+38
1797.75 1.27783101204646e+38
1798.21 1.2793633856887893e+38
1798.68 1.281611283184564e+38
1799.15 1.2840820523566226e+38
1799.61 1.2831069418984901e+38
1800.08 1.2685522532949017e+38
1800.55 1.2783659294720142e+38
1801.01 1.2753870688797203e+38
1801.48 1.1990617066973942e+38
1801.94 1.2768384983152928e+38
1802.41 1.2782576584161673e+38
1802.88 1.2761013648725142e+38
1803.35 1.2392072185957658e+38
1803.81 1.2754972788686798e+38
1804.28 1.2716176546468468e+38
1804.75 1.274074027578698e+38
1805.22 1.2651859617446739e+38
1805.68 1.2511519349471995e+38
1806.15 1.2686197756668725e+38
1806.62 1.2629585044344662e+38
1807.09 1.2652830675101225e+38
1807.56 1.2646611164729547e+38
1808.03 1.2524392651390979e+38
1808.49 1.263741939765567e+38
1808.96 1.2638398450040031e+38
1809.43 1.1801174825633225e+38
1809.9 1.2602933278784777e+38
1810.37 1.2534393559810183e+38
1810.84 1.2588573942836442e+38
1811.31 1.1793279287463933e+38
1811.78 1.2347528620266158e+38
1812.25 1.2300065383518775e+38
1812.72 1.2276557484678848e+38
1813.19 1.2374143649624353e+38
1813.66 1.2510305700147845e+38
1814.13 1.2488933847606665e+38
1814.6 1.2496881727381662e+38
1815.07 1.2314812982229309e+38
1815.54 1.2386434681845622e+38
1816.01 1.1960652470537779e+38
1816.48 1.2424858479709305e+38
1816.95 1.2284651692067718e+38
1817.42 1.2122096029114027e+38
1817.89 1.2442001108460068e+38
1818.36 1.244173871599037e+38
1818.83 1.24349950783708e+38
1819.31 1.1712781708184134e+38
1819.78 1.2218107490580259e+38
1820.25 1.2416358387939666e+38
1820.72 1.2411063130016545e+38
1821.19 1.1957868669977986e+38
1821.67 1.1387478439773598e+38
1822.14 1.2260174392145087e+38
1822.61 1.234456708560651e+38
1823.08 1.0998918865930153e+38
1823.55 1.2367228091651697e+38
1824.03 1.236079449357691e+38
1824.5 1.2362482284313024e+38
1824.97 1.2057996769774245e+38
1825.44 1.1003609491799429e+38
1825.92 1.23183765503121e+38
1826.39 1.2279310095481634e+38
1826.86 1.1791300074805196e+38
1827.34 1.222415132751255e+38
1827.81 1.2290124789111169e+38
1828.29 1.2133959817321566e+38
1828.76 1.223741121246308e+38
1829.23 1.1898704258835042e+38
1829.71 1.2253741553867307e+38
1830.18 1.2043331204802935e+38
1830.66 1.1662553390457363e+38
1831.13 1.2230726059974914e+38
1831.61 1.2118401687714387e+38
1832.08 1.2214179007829358e+38
1832.56 1.2135418963193083e+38
1833.03 1.204060398598889e+38
1833.51 1.2183507150368358e+38
1833.98 1.2167324228722444e+38
1834.46 1.2167636423741766e+38
1834.93 1.1910858112851827e+38
1835.41 1.213042616862863e+38
1835.88 1.209193599519359e+38
1836.36 1.20810797937546e+38
1836.83 1.186727653496854e+38
1837.31 1.1024255304699366e+38
1837.79 1.1883042572606035e+38
1838.26 1.0678219690853205e+38
1838.74 1.1832099980771972e+38
1839.22 1.2048076955257158e+38
1839.69 1.2032908467020747e+38
1840.17 1.1061842290363926e+38
1840.65 1.2006332477527944e+38
1841.12 1.1996354211957432e+38
1841.6 1.1320730894339023e+38
1842.08 1.1913134256002029e+38
1842.56 1.0532456833414124e+38
1843.03 1.179931807205577e+38
1843.51 1.0975210169491378e+38
1843.99 1.0932008054792522e+38
1844.47 1.1407313093743805e+38
1844.94 1.0966985618406932e+38
1845.42 1.128442358912815e+38
1845.9 1.180947435995222e+38
1846.38 1.1647099541670999e+38
1846.86 1.1651691688898655e+38
1847.34 1.1203487722427933e+38
1847.82 1.1826964107651293e+38
1848.29 1.1814658168979156e+38
1848.77 1.1731074463926993e+38
1849.25 1.1470656609463394e+38
1849.73 1.162293787829139e+38
1850.21 9.936561513962825e+37
1850.69 1.1440526832800783e+38
1851.17 1.1196465920535654e+38
1851.65 1.1751560239826219e+38
1852.13 1.1562939260075787e+38
1852.61 1.0838915580916027e+38
1853.09 1.1720685513782872e+38
1853.57 1.1708826029019513e+38
1854.05 1.0964197736907041e+38
1854.53 1.1684572307306543e+38
1855.01 1.0139851269568916e+38
1855.49 1.1435086661524863e+38
1855.97 1.1609138531350953e+38
1856.45 1.16619528936415e+38
1856.94 1.1653051498250292e+38
1857.42 1.1650699216653623e+38
1857.9 1.152370919035196e+38
1858.38 1.1631924723792536e+38
1858.86 1.159503210820443e+38
1859.34 1.1628775475771434e+38
1859.83 1.0113527226080751e+38
1860.31 1.1617664352004068e+38
1860.79 1.1534946602833416e+38
1861.27 1.1607792626616712e+38
1861.76 1.1559947250891745e+38
1862.24 1.1596114826974795e+38
1862.72 1.1590059672731778e+38
1863.2 1.1490411404681845e+38
1863.69 1.1579659710744458e+38
1864.17 1.156136903565473e+38
1864.65 1.144802778448641e+38
1865.14 1.0669540188414582e+38
1865.62 1.1062514469602428e+38
1866.1 1.1513810440809676e+38
1866.58 1.0396180599199616e+38
1867.07 1.1502676010876673e+38
1867.55 1.1554693530512102e+38
1868.04 1.155522709048984e+38
1868.52 1.1542736965059431e+38
1869.01 1.1545305336594107e+38
1869.49 1.1541178993456503e+38
1869.97 1.0763123661156187e+38
1870.46 1.154357812630867e+38
1870.94 1.1143881153140006e+38
1871.43 1.109223210592457e+38
1871.91 1.1522253291013598e+38
1872.4 1.1512633052356644e+38
1872.88 1.1521237511285707e+38
1873.37 1.151843280820101e+38
1873.85 1.1159205531075591e+38
1874.34 1.1298153099304727e+38
1874.83 1.1521311269375705e+38
1875.31 1.1303557364360004e+38
1875.8 1.1503128452026677e+38
1876.29 1.1096038097428882e+38
1876.77 1.14586118927851e+38
1877.26 1.147381033731671e+38
1877.74 1.1460098842701264e+38
1878.23 1.1445730081446859e+38
1878.72 1.1431801342343045e+38
1879.2 1.1406029059504399e+38
1879.69 1.1399624824130687e+38
1880.18 1.139322709638298e+38
1880.67 1.047709852246668e+38
1881.15 1.0136040630785377e+38
1881.64 1.1063420139849929e+38
1882.13 1.0371895665244182e+38
1882.62 1.1257119827324242e+38
1883.1 1.1025025779278581e+38
1883.59 1.1299345371511879e+38
1884.08 1.1278742801411258e+38
1884.57 9.297732857347555e+37
1885.06 9.35951094616197e+37
1885.55 1.1248467662684393e+38
1886.04 1.0533290056764168e+38
1886.52 1.0804387743083125e+38
1887.01 1.0667493093024333e+38
1887.5 8.961340971396499e+37
1887.99 1.119362384847191e+38
1888.48 1.1182787904957877e+38
1888.97 1.1174736357042404e+38
1889.46 9.381177599724376e+37
1889.95 1.1152332966888497e+38
1890.44 1.1109103950225189e+38
1890.93 1.0454492467362241e+38
1891.42 1.05083152615883e+38
1891.91 1.0412202007959896e+38
1892.4 1.0768105422864443e+38
1892.89 9.646187434827974e+37
1893.38 1.107708239021564e+38
1893.87 1.0448757626845322e+38
1894.36 1.0669491089207205e+38
1894.85 1.1024221578338554e+38
1895.34 8.311391478192949e+37
1895.84 1.097663333013477e+38
1896.33 1.0512269081061207e+38
1896.82 8.481170614694264e+37
1897.31 1.0787736230702096e+38
1897.8 1.1038658493394507e+38
1898.29 1.1034443791267567e+38
1898.79 1.0172900778011355e+38
1899.28 7.441272975369956e+37
1899.77 1.0957837724834415e+38
1900.26 1.1035220163640813e+38
1900.76 1.1033749537977902e+38
1901.25 1.0956116248006002e+38
1901.74 1.1032908599160824e+38
1902.23 1.1019287051397853e+38
1902.73 1.1027759166894187e+38
1903.22 1.0142382275841628e+38
1903.71 1.0559855471701498e+38
1904.21 1.0657598447139899e+38
1904.7 1.1025957451213117e+38
1905.19 1.087604803265077e+38
1905.69 1.0976090397186395e+38
1906.18 1.1002834939245456e+38
1906.68 1.0692462474802836e+38
1907.17 1.0921985642734462e+38
1907.66 9.578960435940481e+37
1908.16 1.0942685996803093e+38
1908.65 1.0782009390633672e+38
1909.15 1.091560125327762e+38
1909.64 1.0920990067739511e+38
1910.14 1.073251071428706e+38
1910.63 1.0846624310299587e+38
1911.13 1.0890768012892671e+38
1911.62 9.021603189435705e+37
1912.12 1.0869942580273653e+38
1912.61 1.0858130931472057e+38
1913.11 1.08468553961391e+38
1913.61 9.74832758835661e+37
1914.1 7.869821623153701e+37
1914.6 1.0814163840356633e+38
1915.09 7.912288803872307e+37
1915.59 1.069047912621515e+38
1916.09 1.0670258422150432e+38
1916.58 1.0220207373492605e+38
1917.08 9.78974562029151e+37
1917.58 1.0602838945690775e+38
1918.07 1.0480630952011785e+38
1918.57 9.515818016098555e+37
1919.07 1.0616667603302395e+38
1919.56 9.656179658963007e+37
1920.06 1.0665399998669777e+38
1920.56 1.070320519254595e+38
1921.06 1.0391482173404864e+38
1921.56 9.034036271939033e+37
1922.05 1.0474693237437574e+38
1922.55 1.0689630033637755e+38
1923.05 8.777306636793633e+37
1923.55 1.0651922220091362e+38
1924.05 1.025694110690254e+38
1924.55 8.945351838831158e+37
1925.05 1.065135162705769e+38
1925.54 1.0622788495541117e+38
1926.04 8.361462115786857e+37
1926.54 1.0638837354937672e+38
1927.04 1.0599381813509524e+38
1927.54 1.0420867588088982e+38
1928.04 1.0043186753377849e+38
1928.54 1.01169855955751e+38
1929.04 1.028092554367614e+38
1929.54 1.0511559237748231e+38
1930.04 1.045847692085442e+38
1930.54 1.0443565399583292e+38
1931.04 1.0589910718285238e+38
1931.54 7.930457307794745e+37
1932.04 1.0591353689555495e+38
1932.54 1.0567734317898382e+38
1933.04 1.0585390401201788e+38
1933.55 1.0558425312152003e+38
1934.05 1.0576474109624454e+38
1934.55 1.0571699459568667e+38
1935.05 1.0558119118368932e+38
1935.55 1.0564314205702346e+38
1936.05 1.0549549520211206e+38
1936.55 1.0349236402852028e+38
1937.06 1.0078495287963897e+38
1937.56 1.0461856279027464e+38
1938.06 1.015827955182382e+38
1938.56 1.0540917054884311e+38
1939.06 1.0286360969303646e+38
1939.57 1.0418018180037369e+38
1940.07 9.52063488496475e+37
1940.57 9.966999575318188e+37
1941.08 1.05247053538609e+38
1941.58 9.699014255380182e+37
1942.08 1.0517347721468299e+38
1942.58 1.051331612917821e+38
1943.09 1.0493423892032724e+38
1943.59 9.49584044118793e+37
1944.1 1.050209535880186e+38
1944.6 1.047842238774875e+38
1945.1 1.0492371945101942e+38
1945.61 1.0442175420754798e+38
1946.11 1.0469823908753613e+38
1946.62 1.043688016993818e+38
1947.12 1.0433817918839714e+38
1947.63 1.0430752287940327e+38
1948.13 1.0117266699408822e+38
1948.64 1.0311877649350189e+38
1949.14 1.0395695430814913e+38
1949.65 9.613849697324748e+37
1950.15 1.0366878345552924e+38
1950.66 1.036170627850715e+38
1951.16 1.0250590124345298e+38
1951.67 1.0336940872836876e+38
1952.17 1.0306652178180059e+38
1952.68 7.908669344845049e+37
1953.19 9.831823324623344e+37
1953.69 1.026993955880527e+38
1954.2 7.9388984578929965e+37
1954.7 9.844173105233253e+37
1955.21 1.0105396202562155e+38
1955.72 1.0180385163787618e+38
1956.22 1.0250875288077262e+38
1956.73 1.0247167769783706e+38
1957.24 1.0121287143503227e+38
1957.75 1.0221519076000391e+38
1958.25 1.0241310712518542e+38
1958.76 9.372678757405154e+37
1959.27 8.84870509672359e+37
1959.78 1.0179359030245439e+38
1960.29 7.779069307881451e+37
1960.79 1.0183883751535053e+38
1961.3 9.451609078061273e+37
1961.81 1.0091959145409922e+38
1962.32 1.0153351162848979e+38
1962.83 1.0017516426946629e+38
1963.33 1.0207924775294862e+38
1963.84 1.0201474455217682e+38
1964.35 9.25516877214242e+37
1964.86 9.634136124795105e+37
1965.37 9.240355049513488e+37
1965.88 1.0217099406995259e+38
1966.39 1.0216562129080992e+38
1966.9 1.0196034392550488e+38
1967.41 1.0210642132005236e+38
1967.92 1.0122697370794687e+38
1968.43 1.015768219114952e+38
1968.94 1.019669811606521e+38
1969.45 1.0165900092831624e+38
1969.96 1.0177807743277278e+38
1970.47 1.0184689660723186e+38
1970.98 1.0179380324616804e+38
1971.49 1.0122556098864534e+38
1972.0 1.0110668399417474e+38
1972.52 1.012733643924612e+38
1973.03 1.0164170186466145e+38
1973.54 1.0142584529352394e+38
1974.05 1.015444078772201e+38
1974.56 1.0147014331383769e+38
1975.07 1.014850684990561e+38
1975.58 1.0105313592573912e+38
1976.1 8.43683785144203e+37
1976.61 1.0125529987539484e+38
1977.12 1.010931163220168e+38
1977.63 1.0044056909882553e+38
1978.15 1.0093345983540904e+38
1978.66 9.630368206524692e+37
1979.17 9.81799428330407e+37
1979.69 9.964776071151989e+37
1980.2 1.0043056900565454e+38
1980.71 1.0037355094583408e+38
1981.22 1.0025120679421317e+38
1981.74 1.0012222952037215e+38
1982.25 9.988952270484783e+37
1982.77 8.43137799955138e+37
1983.28 9.981024151454648e+37
1983.79 9.915243561172374e+37
1984.31 7.928963004811531e+37
1984.82 9.60772639434548e+37
1985.34 9.93464771766483e+37
1985.85 9.925659902787396e+37
1986.36 9.89301104744134e+37
1986.88 9.835814960635624e+37
1987.4 8.398456627125668e+37
1987.91 9.479550407994577e+37
1988.43 9.88601496067673e+37
1988.94 9.879294953283913e+37
1989.46 9.825498799619714e+37
1989.97 8.181808974944718e+37
1990.49 9.788713187368199e+37
1991.0 9.843390996593507e+37
1991.52 8.147396555637315e+37
1992.04 8.057436686418044e+37
1992.55 9.806732362820335e+37
1993.07 9.80517305613315e+37
1993.58 9.793424821152248e+37
1994.1 7.450125063331902e+37
1994.62 9.78146405036773e+37
1995.14 9.658456640626045e+37
1995.65 8.624206362760658e+37
1996.17 9.767267694930934e+37
1996.69 9.763287845363173e+37
1997.2 9.756662464188302e+37
1997.72 9.755315900855923e+37
1998.24 9.7205164758488e+37
1998.76 9.731493270532612e+37
1999.28 9.739603330496307e+37
1999.8 9.562201231395899e+37
2000.31 8.649146404809674e+37
2000.83 9.680212306351513e+37
2001.35 9.721961291456235e+37
2001.87 8.603364299796692e+37
2002.39 9.39299954049977e+37
2002.91 9.717486319075888e+37
2003.43 9.71352508493814e+37
2003.94 9.709948197571408e+37
2004.46 9.705800227533962e+37
2004.98 9.667987710447301e+37
2005.5 9.58239279273149e+37
2006.02 9.56077866989887e+37
2006.54 9.681199215904552e+37
2007.06 9.658277545994212e+37
2007.58 9.65737518043447e+37
2008.1 9.65104302738767e+37
2008.62 9.520838887487175e+37
2009.14 8.663665554712392e+37
2009.67 9.640735619965834e+37
2010.19 9.328438416033704e+37
2010.71 9.188555095298747e+37
2011.23 9.531192138228303e+37
2011.75 9.611942279203172e+37
2012.27 9.10394944468736e+37
2012.79 9.579657231825108e+37
2013.31 8.506893245332978e+37
2013.84 9.581175534483564e+37
2014.36 9.575697856421635e+37
2014.88 9.570877766688088e+37
2015.4 9.26042449861528e+37
2015.93 9.537230176915151e+37
2016.45 9.535478034777497e+37
2016.97 9.547505882002738e+37
2017.49 9.441461439313219e+37
2018.02 9.141639286244651e+37
2018.54 9.544122282074792e+37
2019.06 9.500333256576195e+37
2019.58 9.542839079574127e+37
2020.11 9.540652877142088e+37
2020.63 9.535469777016147e+37
2021.16 9.534383385446908e+37
2021.68 9.525977865927815e+37
2022.2 9.52828829693106e+37
2022.73 9.350231744802028e+37
2023.25 9.523283983958677e+37
2023.78 9.513815095095452e+37
2024.3 9.516573192075861e+37
2024.82 9.513962225054658e+37
2025.35 9.501499100566659e+37
2025.88 9.346286951524765e+37
2026.4 9.47917778502746e+37
2026.93 9.478505184741913e+37
2027.45 9.46993165271384e+37
2027.98 9.456456926850057e+37
2028.5 9.360052663241804e+37
2029.03 9.441264382396108e+37
2029.55 9.43294185810974e+37
2030.08 9.30671282904383e+37
2030.61 9.413730543965431e+37
2031.13 9.398636599856275e+37
2031.66 9.393534392438944e+37
2032.19 9.315195230569016e+37
2032.71 9.357087953797057e+37
2033.24 9.365516878931071e+37
2033.77 9.17125133342982e+37
2034.29 9.329173771818252e+37
2034.82 9.278151789724129e+37
2035.35 8.186525832886595e+37
2035.88 9.19943497714505e+37
2036.4 9.318871760976659e+37
2036.93 9.317305540292481e+37
2037.46 8.999159419882123e+37
2037.99 8.21252570805499e+37
2038.52 9.30228422909444e+37
2039.04 9.290650234095214e+37
2039.57 8.797618929343252e+37
2040.1 8.29646910326116e+37
2040.63 9.258586346325118e+37
2041.16 8.278131759045233e+37
2041.69 9.272117127161759e+37
2042.22 9.267487073366523e+37
2042.74 9.25387698095955e+37
2043.28 9.257396112298321e+37
2043.8 9.193462314488848e+37
2044.33 9.246485274943303e+37
2044.86 9.046531388132728e+37
2045.39 9.197920476183794e+37
2045.92 9.224512966109678e+37
2046.45 8.322958036334811e+37
2046.98 9.205403519910209e+37
2047.52 9.086658601714044e+37
2048.05 9.184522871088068e+37
2048.58 9.176616305020491e+37
2049.11 9.161900860460011e+37
2049.64 9.089397054714663e+37
2050.17 9.116474322624543e+37
2050.7 9.239241976246269e+37
2051.23 9.219007991998655e+37
2051.76 9.161543656329498e+37
2052.3 9.2118992617001e+37
2052.83 9.14084799038474e+37
2053.36 9.1813376737759e+37
2053.89 9.181108878737173e+37
2054.43 9.172811092830848e+37
2054.96 9.160359499821775e+37
2055.49 9.158262163900514e+37
2056.02 9.150184763078775e+37
2056.55 8.221661699802466e+37
2057.09 9.147449503663156e+37
2057.62 8.638733609409517e+37
2058.16 9.13173211246054e+37
2058.69 9.020709026049984e+37
2059.22 7.145692319104892e+37
2059.76 9.031250428712514e+37
2060.29 7.74013403089431e+37
2060.82 9.117180378945321e+37
2061.36 9.104624364878374e+37
2061.89 9.10603784535929e+37
2062.43 7.2067833813923e+37
2062.96 9.100225807857926e+37
2063.5 9.095073875147644e+37
2064.03 9.07987388324824e+37
2064.56 9.0831285705343e+37
2065.1 9.037104807766135e+37
2065.64 9.04277467209816e+37
2066.17 9.076271650379805e+37
2066.71 9.068693531967384e+37
2067.24 9.075424446741893e+37
2067.78 9.073968967361831e+37
2068.31 9.07332313679943e+37
2068.85 6.979895937885444e+37
2069.39 9.06978939965059e+37
2069.92 9.067105148842957e+37
2070.46 9.060150232356843e+37
2071.0 9.059291125427061e+37
2071.53 9.041070475355287e+37
2072.07 9.058595329945377e+37
2072.61 9.030385201473324e+37
2073.14 9.05586303527564e+37
2073.68 9.05441572384333e+37
2074.22 9.047428205742805e+37
2074.76 9.026580657182842e+37
2075.29 9.017420337071751e+37
2075.83 8.98285563563232e+37
2076.37 8.978756242698877e+37
2076.91 8.858392483587905e+37
2077.45 8.9582832467547e+37
2077.98 8.844118301170983e+37
2078.52 8.908977192276344e+37
2079.06 8.919913354817145e+37
2079.6 6.867981815797535e+37
2080.14 8.930824177394626e+37
2080.68 8.931110381997944e+37
2081.22 8.927620304643417e+37
2081.76 8.91781737405229e+37
2082.3 8.922737498086695e+37
2082.84 8.920409399343887e+37
2083.38 8.903832607324797e+37
2083.92 8.913975605384678e+37
2084.46 8.91274433014644e+37
2085.0 6.933191353756559e+37
2085.54 8.712721570900704e+37
2086.08 8.889949698585079e+37
2086.62 8.876481136287764e+37
2087.16 8.874299469599878e+37
2087.7 8.379325979524989e+37
2088.24 8.833501144832604e+37
2088.78 8.844818512578144e+37
2089.32 8.4986039527544665e+37
2089.87 8.756994358538908e+37
2090.41 8.821547961780675e+37
2090.95 7.843090987946622e+37
2091.49 8.80318235294581e+37
2092.03 7.849225379260228e+37
2092.57 8.67769653066539e+37
2093.12 8.773604581402918e+37
2093.66 8.162964971119864e+37
2094.2 8.491879536792153e+37
2094.75 8.734415936994806e+37
2095.29 8.740978452563621e+37
2095.83 8.510239633620087e+37
2096.38 8.473199422902807e+37
2096.92 8.72545021510393e+37
2097.46 8.728668887589498e+37
2098.0 8.458434221023901e+37
2098.55 8.479546011106285e+37
2099.09 8.719672822667948e+37
2099.64 8.709022887037925e+37
2100.18 8.710926221224908e+37
2100.73 8.6986827035967e+37
2101.27 8.703790591335861e+37
2101.81 8.681710962748852e+37
2102.36 8.697064138147984e+37
2102.9 8.692911217973093e+37
2103.45 8.557388747493262e+37
2103.99 8.63743315659459e+37
2104.54 7.290518334561485e+37
2105.08 8.683114729071784e+37
2105.63 8.451974685463752e+37
2106.18 8.662382249903993e+37
2106.72 8.660247414540082e+37
2107.27 8.659936310386853e+37
2107.81 8.628542089268722e+37
2108.36 8.61924745070274e+37
2108.91 8.563957713398343e+37
2109.45 8.588145929672771e+37
2110.0 8.629905059324766e+37
2110.55 8.626397908110568e+37
2111.09 8.621098822158894e+37
2111.64 8.615439492226127e+37
2112.19 8.609449938724862e+37
2112.74 8.60681994868495e+37
2113.28 8.591678840213375e+37
2113.83 8.593289753569944e+37
2114.38 8.521679503401367e+37
2114.93 8.524274939147483e+37
2115.48 8.534626277780045e+37
2116.02 8.568401076654605e+37
2116.57 8.56396766599034e+37
2117.12 8.511589421662497e+37
2117.67 8.553125645722181e+37
2118.22 8.365829177176556e+37
2118.77 8.555358759383993e+37
2119.32 8.384155467295222e+37
2119.87 8.548969773797955e+37
2120.42 8.534034379932174e+37
2120.97 8.437589600482608e+37
2121.51 8.530008762050593e+37
2122.06 8.520815018993896e+37
2122.61 8.528363930680539e+37
2123.17 8.4905604044436175e+37
2123.72 8.51455022362046e+37
2124.26 8.1725468579230585e+37
2124.82 8.47016318736293e+37
2125.37 8.491125275764238e+37
2125.92 8.46720514604812e+37
2126.47 8.485522537978628e+37
2127.02 8.479487695589608e+37
2127.57 8.471425470034867e+37
2128.12 8.064843438808856e+37
2128.67 8.458255765548497e+37
2129.23 8.441213686644885e+37
2129.78 8.44281129900844e+37
2130.33 8.343329390973218e+37
2130.88 8.426145335201366e+37
2131.43 8.404959004051808e+37
2131.99 8.407869233502005e+37
2132.54 8.389900385146506e+37
2133.09 8.394003740221866e+37
2133.65 8.38529323789258e+37
2134.2 8.372939832607206e+37
2134.75 8.362949922097161e+37
2135.3 8.353523291751829e+37
2135.86 8.337984296828733e+37
2136.41 8.339819892446672e+37
2136.97 8.205407772319539e+37
2137.52 8.332927044387845e+37
2138.07 7.913647731364706e+37
2138.63 8.301150604445373e+37
2139.18 8.322416190630804e+37
2139.74 8.306000862520705e+37
2140.29 8.308732801728545e+37
2140.84 8.309563687409979e+37
2141.4 8.286335828590737e+37
2141.96 8.245400264420882e+37
2142.51 8.292784205871424e+37
2143.06 8.277133876036795e+37
2143.62 8.245482641624802e+37
2144.18 7.7954125807342235e+37
2144.73 8.265308116756081e+37
2145.29 8.2486607076653735e+37
2145.84 8.260323923592579e+37
2146.4 8.241060196439023e+37
2146.96 8.16402743897603e+37
2147.51 8.245476499726247e+37
2148.07 8.238164766473803e+37
2148.63 8.072466313500675e+37
2149.18 8.044799325009105e+37
2149.74 8.220006149570167e+37
2150.3 8.209812280982613e+37
2150.85 8.222744885058892e+37
2151.41 8.213866120696315e+37
2151.97 8.22137412009622e+37
2152.53 7.7619946923307215e+37
2153.08 8.2096359451450915e+37
2153.64 8.212673927951991e+37
2154.2 8.209822263596113e+37
2154.76 8.203661340956674e+37
2155.32 8.195671676647495e+37
2155.88 8.193738503853199e+37
2156.44 8.18636452622587e+37
2156.99 8.173058088049042e+37
2157.55 8.171011183472374e+37
2158.11 8.163434025621902e+37
2158.67 8.150872413382067e+37
2159.23 7.951097026746878e+37
2159.79 8.131944237349689e+37
2160.35 8.126090566937682e+37
2160.91 8.12605255127822e+37
2161.47 8.109071690680492e+37
2162.03 7.962154567347602e+37
2162.59 8.0768654442473865e+37
2163.15 8.091363350319336e+37
2163.71 7.790959005721265e+37
2164.27 8.073491258151958e+37
2164.83 8.05763062946673e+37
2165.4 8.0488188946269475e+37
2165.96 7.63068037919341e+37
2166.52 8.037973683541905e+37
2167.08 8.03719609922168e+37
2167.64 7.568697880311303e+37
2168.2 8.03470628003549e+37
2168.76 8.009959255604713e+37
2169.33 8.027649966701915e+37
2169.89 8.013797665855068e+37
2170.45 7.969299825695549e+37
2171.01 8.012095502024869e+37
2171.58 7.992599407388531e+37
2172.14 8.000828640731576e+37
2172.7 7.993841533953436e+37
2173.27 7.990471142573973e+37
2173.83 7.9829336970392105e+37
2174.39 7.965501000238843e+37
2174.96 7.9599420679166805e+37
2175.52 7.95651936533546e+37
2176.08 7.947679512268698e+37
2176.65 7.958061291584031e+37
2177.21 7.94781102494956e+37
2177.78 7.934706154699495e+37
2178.34 7.938424301615577e+37
2178.91 7.936040196248603e+37
2179.47 7.923379958185268e+37
2180.03 7.90393669235846e+37
2180.6 7.917762205051461e+37
2181.17 7.585596742365442e+37
2181.73 7.907946295502542e+37
2182.3 7.901122425189284e+37
2182.86 7.893305198175511e+37
2183.43 7.870061589979065e+37
2183.99 7.8835556587999115e+37
2184.56 7.864925609667666e+37
2185.12 7.868885888978951e+37
2185.69 7.798412871414468e+37
2186.26 7.820313936099847e+37
2186.82 7.845575699224126e+37
2187.39 7.441688836094372e+37
2187.96 7.838883697189793e+37
2188.53 7.83590210689273e+37
2189.09 7.845716812531948e+37
2189.66 7.847391461750554e+37
2190.23 7.850713600924319e+37
2190.79 7.813834491271359e+37
2191.36 7.8294349643784395e+37
2191.93 7.77069222465968e+37
2192.5 7.843477011535392e+37
2193.07 7.836026312080901e+37
2193.64 7.836323075444179e+37
2194.21 7.8296859711364755e+37
2194.77 7.833754532048668e+37
2195.34 7.828271286088771e+37
2195.91 7.821411133399848e+37
2196.48 7.796237046667805e+37
2197.05 7.806271412549287e+37
2197.62 7.799055645207373e+37
2198.19 7.791832080427066e+37
2198.76 7.784202568038012e+37
2199.33 7.721134634800175e+37
2199.9 7.768300861551471e+37
2200.47 7.762472408255155e+37
2201.04 7.745272617984095e+37
2201.61 7.745085382874374e+37
2202.18 7.717001885035202e+37
2202.75 7.730572516726957e+37
2203.32 7.723926535330241e+37
2203.89 7.672864661814036e+37
2204.46 7.691360960290701e+37
2205.03 7.703653986179334e+37
2205.61 7.695813995803123e+37
2206.18 7.685129442957892e+37
2206.75 7.674326962139861e+37
2207.32 7.648733227871911e+37
2207.89 7.6697587208192365e+37
2208.47 7.6620702889009215e+37
2209.04 7.647115460165653e+37
2209.61 7.253913105638176e+37
2210.18 7.64190800692686e+37
2210.76 7.592336693667435e+37
2211.33 7.627597997167783e+37
2211.9 7.619063096258618e+37
2212.48 7.61252794720639e+37
2213.05 7.596700050090272e+37
2213.62 7.594152093599968e+37
2214.2 7.583269850189399e+37
2214.77 7.558464370029703e+37
2215.34 7.158165785237346e+37
2215.92 7.5186117349776375e+37
2216.49 7.548122896332712e+37
2217.07 7.516244889839358e+37
2217.64 7.547903064407041e+37
2218.22 7.4976799793422985e+37
2218.79 7.53170972028209e+37
2219.37 7.511104260683096e+37
2219.94 7.520974295392517e+37
2220.52 7.508929416621902e+37
2221.09 7.472355595076311e+37
2221.67 7.501490440000808e+37
2222.25 7.4944322323955535e+37
2222.82 7.487551659801447e+37
2223.4 7.479824673176431e+37
2223.97 7.4732631361344175e+37
2224.55 7.466373355907265e+37
2225.13 7.452924667870025e+37
2225.7 7.452560316050707e+37
2226.28 7.459747178829993e+37
2226.86 7.458563256871286e+37
2227.43 7.332014553991951e+37
2228.01 7.452986572109546e+37
2228.59 7.438703871077616e+37
2229.17 7.447936525563079e+37
2229.74 7.455233281004754e+37
2230.32 7.453172564929437e+37
2230.9 7.454426169060354e+37
2231.48 7.453891623606586e+37
2232.06 7.453038347286819e+37
2232.64 7.451511959199972e+37
2233.21 7.424989644421459e+37
2233.79 7.451430569946196e+37
2234.37 7.407701495688344e+37
2234.95 7.449569936566754e+37
2235.53 7.443511269273612e+37
2236.11 7.437123449152979e+37
2236.69 7.298900674233302e+37
2237.27 7.424005857002296e+37
2237.85 7.417804540208232e+37
2238.43 7.399047170112607e+37
2239.01 7.38936111652858e+37
2239.59 7.397184877016339e+37
2240.17 7.390666653735763e+37
2240.75 7.3843077446325e+37
2241.33 7.377793426018154e+37
2241.91 7.37145279610387e+37
2242.49 7.36327901629513e+37
2243.07 7.357781032641794e+37
2243.66 7.351948320860693e+37
2244.24 7.338332257630564e+37
2244.82 7.208432985399379e+37
2245.4 7.331142252694875e+37
2245.98 7.324977197829682e+37
2246.56 7.315010822154129e+37
2247.15 7.311445466269318e+37
2247.73 7.304416547857182e+37
2248.31 7.284227542566964e+37
2248.89 7.291732301936223e+37
2249.48 7.2836410283476055e+37
2250.06 7.276523311151925e+37
2250.64 7.268791676048428e+37
2251.23 7.261054274939886e+37
2251.81 7.245646366254021e+37
2252.39 7.236488945645757e+37
2252.98 7.172140243839051e+37
2253.56 6.908635290837732e+37
2254.15 7.21633461118816e+37
2254.73 7.215589179881868e+37
2255.31 7.216412033490405e+37
2255.9 7.211650698614104e+37
2256.48 7.192038059420617e+37
2257.07 7.20613732706366e+37
2257.65 7.202455687286756e+37
2258.24 7.121474616727138e+37
2258.82 7.195200804967293e+37
2259.41 7.187334626459302e+37
2260.0 7.189513366381895e+37
2260.58 7.186476345591357e+37
2261.17 7.1682062626151305e+37
2261.75 7.179523048539239e+37
2262.34 6.977400711608869e+37
2262.93 7.170649214953272e+37
2263.51 7.166760742606981e+37
2264.1 7.163479223574897e+37
2264.69 7.160049888806871e+37
2265.27 7.139131164708906e+37
2265.86 7.135273800390743e+37
2266.45 7.149115044649729e+37
2267.03 7.144913823184425e+37
2267.62 7.142939187785299e+37
2268.21 7.092043401936889e+37
2268.8 7.134051063421412e+37
2269.39 7.131305012625974e+37
2269.97 7.128075270401565e+37
2270.56 7.124854242657917e+37
2271.15 7.12131394895705e+37
2271.74 7.118254817642428e+37
2272.33 7.114387707378023e+37
2272.92 7.111438816021393e+37
2273.51 7.107891059821724e+37
2274.09 7.071272542813173e+37
2274.68 7.100824306575586e+37
2275.27 7.097773345394527e+37
2275.86 7.094084180845564e+37
2276.45 7.088158199562213e+37
2277.04 7.067087734097323e+37
2277.63 7.062129675084501e+37
2278.22 7.057946651072583e+37
2278.81 7.076255330391494e+37
2279.41 7.047511558628301e+37
2280.0 7.069369805902059e+37
2280.59 7.049488166597168e+37
2281.18 7.062366175689224e+37
2281.77 7.059175720288353e+37
2282.36 7.05609643691031e+37
2282.95 7.052586600128482e+37
2283.54 7.049241833977789e+37
2284.14 7.045742355076577e+37
2284.73 7.037319721532821e+37
2285.32 7.035088579507585e+37
2285.91 7.029983898897942e+37
2286.5 7.022718162913709e+37
2287.1 7.0155802841891225e+37
2287.69 6.73418664600405e+37
2288.28 6.993396892792567e+37
2288.88 6.994025757954796e+37
2289.47 6.986925901207487e+37
2290.06 6.974639943297934e+37
2290.66 6.972434468308108e+37
2291.25 6.960335892287235e+37
2291.84 6.956879430583533e+37
2292.44 6.948724753530121e+37
2293.03 6.942293378668511e+37
2293.63 6.932199743595292e+37
2294.22 6.92813327102388e+37
2294.81 6.920630499403664e+37
2295.41 6.914695647466431e+37
2296.0 6.911252984034326e+37
2296.6 6.8316220820803e+37
2297.2 6.87449739541082e+37
2297.79 5.391869993538855e+37
2298.39 6.893896200638689e+37
2298.98 6.849702136747574e+37
2299.58 6.881952812010706e+37
2300.17 6.8814218639167235e+37
2300.77 6.860579927886493e+37
2301.37 6.872539555103241e+37
2301.96 6.868495185639966e+37
2302.56 6.8637565282298e+37
2303.16 6.848353983967017e+37
2303.75 6.790974527426248e+37
2304.35 6.848610609660825e+37
2304.95 6.842616692433531e+37
2305.54 6.832688456086379e+37
2306.14 6.821200135958706e+37
2306.74 6.713561911046805e+37
2307.34 6.787213317320209e+37
2307.94 6.80634649905999e+37
2308.53 6.803162975944301e+37
2309.13 6.803961037746381e+37
2309.73 6.80098197609061e+37
2310.33 6.796468775619694e+37
2310.93 6.791086304706967e+37
2311.53 6.786040575136454e+37
2312.13 6.780263565838192e+37
2312.73 6.770916677984994e+37
2313.32 6.765659384297556e+37
2313.93 6.730434065091418e+37
2314.52 6.757369268425515e+37
2315.12 6.750393110951826e+37
2315.72 6.730041176943826e+37
2316.32 6.669051474759533e+37
2316.93 6.687113931980902e+37
2317.52 6.671296823207582e+37
2318.13 6.653274264976784e+37
2318.73 6.636408975675047e+37
2319.33 6.616006794919353e+37
2319.93 6.440428797234119e+37
2320.53 6.576484939440979e+37
2321.13 6.559895854909675e+37
2321.73 6.541418830620492e+37
2322.33 6.50496472987295e+37
2322.94 6.467705652905208e+37
2323.54 6.484184136931914e+37
2324.14 6.465363375458761e+37
2324.74 6.445831796505834e+37
2325.35 6.442198089543111e+37
2325.95 6.448287906823129e+37
2326.55 6.458166710079549e+37
2327.16 6.459904189901408e+37
2327.76 6.4629474420397315e+37
2328.36 6.444761167271732e+37
2328.97 6.493871208895446e+37
2329.57 6.502199497830032e+37
2330.17 6.509813782370298e+37
2330.78 6.515533156821565e+37
2331.38 6.526683000697215e+37
2331.98 6.457632900242434e+37
2332.59 6.544193022855949e+37
2333.19 6.500375745304759e+37
2333.8 6.558650015754481e+37
2334.4 6.566777703463432e+37
2335.01 6.572691574980098e+37
2335.61 6.5712130546481195e+37
2336.22 6.563932962175851e+37
2336.82 6.556536605702242e+37
2337.43 6.513675976319709e+37
2338.03 6.540886775228478e+37
2338.64 6.485235328114874e+37
2339.25 6.517605580029287e+37
2339.85 6.513051406114329e+37
2340.46 6.505128985462709e+37
2341.07 6.485501980837508e+37
2341.67 6.4872530786319335e+37
2342.28 6.48740029200952e+37
2342.89 6.478764196924152e+37
2343.5 6.472050262871869e+37
2344.1 6.41932374221267e+37
2344.71 6.4217816529502855e+37
2345.32 6.453660556417476e+37
2345.93 6.441176524014392e+37
2346.53 6.452215463301941e+37
2347.14 6.451482996500108e+37
2347.75 6.424063413344131e+37
2348.36 6.449851713828276e+37
2348.97 6.386498917342849e+37
2349.58 6.447519827367228e+37
2350.19 6.447669097428736e+37
2350.79 6.446045947890877e+37
2351.4 6.446065418506964e+37
2352.01 6.435612417145026e+37
2352.62 6.444174033957035e+37
2353.23 6.435700604026487e+37
2353.84 6.442959581000131e+37
2354.45 6.415432621690562e+37
2355.06 6.434547679546022e+37
2355.67 6.417170008733024e+37
2356.28 6.427158113646918e+37
2356.89 6.419633056221401e+37
2357.5 6.411956461509413e+37
2358.12 6.404861033546673e+37
2358.73 6.397507407637334e+37
2359.34 6.390159180996962e+37
2359.95 6.364434694951261e+37
2360.56 6.3714704441724e+37
2361.17 6.360705267758583e+37
2361.78 6.360673482076179e+37
2362.4 6.346932200478248e+37
2363.01 6.345360603507821e+37
2363.62 6.338214931852665e+37
2364.24 6.322804947497957e+37
2364.85 6.323801542600892e+37
2365.46 6.284167982263085e+37
2366.07 6.315809320363408e+37
2366.69 6.306427874547743e+37
2367.3 6.285009492872118e+37
2367.91 6.311673120718843e+37
2368.53 6.309255162318399e+37
2369.14 6.305844117763748e+37
2369.76 6.304566375871637e+37
2370.37 6.30185712741195e+37
2370.98 6.300011473374094e+37
2371.6 6.273095843987892e+37
2372.21 6.295453602101469e+37
2372.83 6.292480037441562e+37
2373.44 6.288367358757074e+37
2374.06 6.288369150217109e+37
2374.67 6.23626717233533e+37
2375.29 6.281252664393544e+37
2375.91 6.228393829558183e+37
2376.52 6.265967283911921e+37
2377.14 6.216313419463364e+37
2377.75 6.251549247316028e+37
2378.37 6.243761483065909e+37
2378.99 6.235967996719232e+37
2379.6 6.228042955206854e+37
2380.22 6.220103548791729e+37
2380.83 6.2121296515484115e+37
2381.45 6.161215049049606e+37
2382.07 6.197790923134591e+37
2382.69 6.113969861191018e+37
2383.3 6.180475034355055e+37
2383.92 6.138211978418641e+37
2384.54 6.162248365143854e+37
2385.16 6.118821063885649e+37
2385.78 6.128868951702055e+37
2386.4 6.00187070058064e+37
2387.01 6.072824176134445e+37
2387.63 6.1531898007901e+37
2388.25 6.154671991766239e+37
2388.87 6.154264790193463e+37
2389.49 6.136293554797975e+37
2390.11 6.148421699093454e+37
2390.73 6.156087974483026e+37
2391.35 6.155431802436888e+37
2391.97 6.15470330098554e+37
2392.59 6.154662659864975e+37
2393.21 6.153482846762805e+37
2393.83 6.153393381836797e+37
2394.45 6.147883992848596e+37
2395.07 6.1512251558963245e+37
2395.69 6.142519079106779e+37
2396.31 6.062790612716238e+37
2396.93 6.134514531436396e+37
2397.55 6.124993118110968e+37
2398.17 6.1223807145662235e+37
2398.79 6.077432123284122e+37
2399.42 6.104063183446611e+37
2400.04 6.048900996830986e+37
2400.66 6.099948564880309e+37
2401.28 6.094164651014772e+37
2401.91 6.087587340323825e+37
2402.53 6.075649365468227e+37
2403.15 6.057351985745337e+37
2403.77 6.071022350609256e+37
2404.4 6.053386132895979e+37
2405.02 6.057081627548638e+37
2405.64 5.9829069900346985e+37
2406.27 6.052450219954443e+37
2406.89 6.048628073131413e+37
2407.51 6.020757880277359e+37
2408.14 6.041007942487938e+37
2408.76 6.033248674907874e+37
2409.39 6.030674730439519e+37
2410.01 6.01629400885221e+37
2410.64 6.0275572010131405e+37
2411.26 5.956812830316434e+37
2411.89 5.981293524783909e+37
2412.51 6.016570979332243e+37
2413.14 6.013057251151525e+37
2413.76 6.008595698409954e+37
2414.39 6.001672059950303e+37
2415.01 6.002080942896782e+37
2415.64 6.000062622610489e+37
2416.26 5.998310878249066e+37
2416.89 5.966245913642085e+37
2417.52 5.993471099705849e+37
2418.14 5.992263319868518e+37
2418.77 5.9897029340082155e+37
2419.4 5.895031736647567e+37
2420.02 5.986304527284164e+37
2420.65 5.982811383408713e+37
2421.28 5.981476738814829e+37
2421.91 5.980120415708442e+37
2422.53 5.977967778998201e+37
2423.16 5.976369589185502e+37
2423.79 5.973689462513824e+37
2424.42 5.963884212605259e+37
2425.05 5.962259723341897e+37
2425.68 5.963515171092859e+37
2426.3 5.956103113492691e+37
2426.93 5.949788281795889e+37
2427.56 5.94376681674523e+37
2428.19 5.937107395254317e+37
2428.82 5.9301353922586935e+37
2429.45 5.917201876676032e+37
2430.08 5.9089545923771275e+37
2430.71 5.90004310524189e+37
2431.34 5.904528137219572e+37
2431.97 5.889253653551116e+37
2432.6 5.891429020883096e+37
2433.23 5.884548174010446e+37
2433.86 5.871564235502138e+37
2434.49 5.871438115551774e+37
2435.12 5.864834851217811e+37
2435.75 5.849283922927938e+37
2436.39 5.8622249383858895e+37
2437.02 5.858525361860945e+37
2437.65 5.857991769752672e+37
2438.28 5.856683640009688e+37
2438.91 5.7563828555739845e+37
2439.54 5.854074135105832e+37
2440.18 5.846178540915135e+37
2440.81 5.8436880285084695e+37
2441.44 5.8480414606153745e+37
2442.07 5.847089978539153e+37
2442.71 5.845264086988773e+37
2443.34 5.843431760711815e+37
2443.97 5.840680410329324e+37
2444.61 5.839645154694617e+37
2445.24 5.798354513407657e+37
2445.88 5.825079897929136e+37
2446.51 5.820492498544306e+37
2447.14 5.815913070549214e+37
2447.78 5.820781741853477e+37
2448.41 5.809248958545764e+37
2449.05 5.801810769894048e+37
2449.68 5.811103991429289e+37
2450.32 5.795543645172787e+37
2450.95 5.797497127175323e+37
2451.59 5.79936025359531e+37
2452.22 5.79519388245631e+37
2452.86 5.7918109925680165e+37
2453.49 5.788296026955449e+37
2454.13 5.784526896685894e+37
2454.76 5.778672825827301e+37
2455.4 5.76438820085183e+37
2456.04 5.77076145886039e+37
2456.67 5.761674911336505e+37
2457.31 5.758059063161446e+37
2457.95 5.754955431806555e+37
2458.58 5.747825892409264e+37
2459.22 5.744606727261693e+37
2459.86 5.735184911026494e+37
2460.5 5.733007497679525e+37
2461.14 5.714695680579456e+37
2461.77 5.712635920294899e+37
2462.41 5.713812505602569e+37
2463.05 5.7111257744746125e+37
2463.69 5.695340991731756e+37
2464.33 5.702803873033915e+37
2464.96 5.697423644249374e+37
2465.6 5.6790823741768895e+37
2466.24 5.688692320155294e+37
2466.88 5.684484275029068e+37
2467.52 5.658569152608966e+37
2468.16 5.675945861904854e+37
2468.8 5.671230578285914e+37
2469.44 5.667278093750424e+37
2470.08 5.661936056333614e+37
2470.72 5.658379740671816e+37
2471.36 5.637641043393246e+37
2472.0 5.648839717647721e+37
2472.64 5.645676704864526e+37
2473.28 5.630201853663713e+37
2473.92 5.634151754683344e+37
2474.56 5.63287775782707e+37
2475.21 5.629086605375902e+37
2475.85 5.6202365682259195e+37
2476.49 5.626586258014307e+37
2477.13 5.624577781393351e+37
2477.77 5.624090344322751e+37
2478.42 5.62279494776459e+37
2479.06 5.621047895593203e+37
2479.7 5.620179508832504e+37
2480.34 5.618929557470041e+37
2480.99 5.603028287411889e+37
2481.63 5.61201605686876e+37
2482.27 5.609252271598895e+37
2482.92 5.591236563595247e+37
2483.56 5.60979999099426e+37
2484.2 5.610829173058257e+37
2484.85 5.608440454427232e+37
2485.49 5.605504028701749e+37
2486.14 5.599594653579373e+37
2486.78 5.593813993391248e+37
2487.42 5.588039920156405e+37
2488.07 5.581899392461165e+37
2488.71 5.569110219140909e+37
2489.36 5.570634679978171e+37
2490.0 5.564885656485732e+37
2490.65 5.553765876738972e+37
2491.29 5.55302304345679e+37
2491.94 5.54651906674955e+37
2492.59 5.541674315048391e+37
2493.23 5.535455738834006e+37
2493.88 5.492618023889342e+37
2494.52 5.5233769983329125e+37
2495.17 5.5199598824023495e+37
2495.82 5.518992555714635e+37
2496.47 5.518133048732194e+37
2497.11 5.517749520575088e+37
2497.76 5.515786219629648e+37
2498.41 5.514816667229124e+37
2499.05 5.513839439695346e+37
2499.7 5.4809162067963455e+37
