WAVE FLUX
1000.04 4.3476682559912945e+38
1000.53 3.881226325386474e+38
1001.02 3.2157632962180538e+38
1001.51 4.283537803909004e+38
1002.01 3.8239930976829366e+38
1002.5 3.8974725086167765e+38
1002.99 3.88965549364546e+38
1003.48 4.339099108947371e+38
1003.97 4.3222472742044585e+38
1004.46 4.33717755587811e+38
1004.96 4.325599039208324e+38
1005.45 3.556013741048847e+38
1005.94 1.844464878015038e+38
1006.43 4.2538005469895695e+38
1006.93 3.4685964656782956e+38
1007.42 4.265382481257813e+38
1007.92 3.931617926376005e+38
1008.41 4.227559911520125e+38
1008.91 3.563108250848494e+38
1009.4 4.283349863713774e+38
1009.9 1.6568317110375625e+38
1010.39 1.3549470164558722e+38
1010.89 4.248177739056367e+38
1011.38 4.001309673005499e+38
1011.88 4.216916125163312e+38
1012.37 2.7426621465928204e+38
1012.87 3.2185334748256407e+38
1013.37 4.195029123715397e+38
1013.86 4.194139947852027e+38
1014.36 4.1544112409535325e+38
1014.86 4.0498605493340364e+38
1015.36 4.1541443814936605e+38
1015.85 3.496216556864787e+38
1016.35 3.66031215450873e+38
1016.85 4.1351055573152056e+38
1017.35 3.44622120522322e+38
1017.85 3.728760471632933e+38
1018.35 2.1661998256095456e+38
1018.85 4.071338549899766e+38
1019.35 3.8082853420923715e+38
1019.85 2.5366017248136402e+38
1020.35 3.850468756566478e+38
1020.85 4.045090818019378e+38
1021.35 3.639062755603339e+38
1021.85 3.9841649215210016e+38
1022.35 4.04152499998877e+38
1022.85 2.7695968715173677e+38
1023.35 4.018694768212181e+38
1023.85 3.8920328462242385e+38
1024.35 3.937174008130054e+38
1024.86 3.880691545564568e+38
1025.36 1.764934877202975e+38
1025.86 4.648014568174463e+37
1026.37 3.2658644532084405e+38
1026.87 3.0512759646758303e+38
1027.37 3.5256889944706434e+38
1027.88 3.567580085569023e+38
1028.38 3.370213398064847e+38
1028.89 3.4635109325186855e+38
1029.39 3.322140755606559e+38
1029.9 2.4304937509878904e+38
1030.4 3.0365177227573937e+38
1030.91 1.70206285256739e+38
1031.41 2.898104829684224e+38
1031.92 3.651499045363363e+38
1032.42 3.538611170537331e+38
1032.93 3.951710014010835e+38
1033.44 3.29333017897396e+38
1033.94 2.400372074753299e+38
1034.45 3.40530305362916e+38
1034.96 3.2772202224989124e+38
1035.46 1.1305945526215173e+38
1035.97 2.9420624484755448e+38
1036.48 3.0922898730401434e+38
1036.99 1.0022197724133915e+38
1037.5 2.6614031235258764e+38
1038.01 3.017505614305111e+38
1038.51 4.076388049720616e+38
1039.02 3.78273564613954e+38
1039.53 3.3388378876452067e+38
1040.04 3.6866488780792795e+38
1040.55 3.708121676054061e+38
1041.06 4.097931282657864e+38
1041.57 3.821425632463849e+38
1042.08 4.0884040874017495e+38
1042.59 4.0445513591493704e+38
1043.11 4.1193839939954504e+38
1043.62 4.1047162118469285e+38
1044.13 4.128746472644485e+38
1044.64 4.092776413748367e+38
1045.15 4.016848487991742e+38
1045.67 4.0856991258630244e+38
1046.18 4.0210654721538305e+38
1046.69 4.0997034696073515e+38
1047.2 4.1013510090269825e+38
1047.72 4.110395417454571e+38
1048.23 4.0701457134069605e+38
1048.75 4.1204700600413935e+38
1049.26 4.093202117809007e+38
1049.78 3.976824413059974e+38
1050.29 4.031242924028522e+38
1050.81 3.972384152791575e+38
1051.32 3.668190130166589e+38
1051.83 4.072766806450012e+38
1052.35 3.971939636698775e+38
1052.87 3.8648133440121275e+38
1053.38 4.044499050233476e+38
1053.9 4.071965835327136e+38
1054.42 4.0750147310053706e+38
1054.93 4.080597307775212e+38
1055.45 2.7568387992774802e+38
1055.97 3.923685985281859e+38
1056.49 4.049920648407806e+38
1057.01 4.00724720592679e+38
1057.52 3.768782373213642e+38
1058.04 4.033664674158394e+38
1058.56 3.498521975228697e+38
1059.08 3.660794160362461e+38
1059.6 3.968338789912497e+38
1060.12 3.39141162766948e+38
1060.64 3.845845497397814e+38
1061.16 2.5578041369717037e+38
1061.68 2.1758459672403747e+38
1062.2 3.699811510790635e+38
1062.72 9.257513553971768e+37
1063.24 3.0714625097118217e+38
1063.76 3.949720458397884e+38
1064.28 3.756266032155986e+38
1064.81 3.907583583991886e+38
1065.33 3.942655732405656e+38
1065.85 2.785701860657046e+38
1066.37 3.814246482396037e+38
1066.9 3.948164304754563e+38
1067.42 3.7426841403536784e+38
1067.94 3.611092125372914e+38
1068.47 3.814810759188009e+38
1068.99 2.2088571222446522e+38
1069.52 3.404416812694159e+38
1070.04 3.797302839863753e+38
1070.56 2.452171333180026e+38
1071.09 3.8558385728452746e+38
1071.61 3.872941838915828e+38
1072.14 3.56565810499583e+38
1072.67 3.738281378758519e+38
1073.19 3.738083315965924e+38
1073.72 3.439614600298888e+38
1074.24 3.656811355198833e+38
1074.77 3.813916894107669e+38
1075.3 3.720649818894411e+38
1075.82 3.88860367981342e+38
1076.35 3.856067028712781e+38
1076.88 3.865971073873389e+38
1077.41 3.891828431751574e+38
1077.94 3.2525876133939858e+38
1078.47 3.871645662555891e+38
1078.99 3.820760995296155e+38
1079.52 3.472165152456095e+38
1080.05 3.8338845863318906e+38
1080.58 3.8293643355945e+38
1081.11 3.7989655791736706e+38
1081.64 3.798519901859739e+38
1082.17 3.805955664038793e+38
1082.7 3.7509620835452104e+38
1083.23 2.6640564472944475e+38
1083.77 3.607577533594554e+38
1084.3 3.6590826157813326e+38
1084.83 2.9577167314473345e+38
1085.36 3.605829664092186e+38
1085.89 3.6044268190419364e+38
1086.43 3.5187194115448674e+38
1086.96 3.715779841020276e+38
1087.49 3.730218537668548e+38
1088.02 3.0046326049487855e+38
1088.56 3.568959115464117e+38
1089.09 2.4773092186541338e+38
1089.63 2.218354697635078e+38
1090.16 3.4322648717954546e+38
1090.69 3.694139185922205e+38
1091.23 3.720173928719462e+38
1091.77 3.628000881110848e+38
1092.3 3.6393312749411745e+38
1092.84 3.7232475272960276e+38
1093.37 3.1173583089323003e+38
1093.91 3.8116850346674706e+38
1094.44 3.790239591788687e+38
1094.98 3.7937925328968885e+38
1095.52 2.6918830828435954e+38
1096.06 3.5699484692867026e+38
1096.59 2.1269230635514666e+38
1097.13 3.7817139928989074e+38
1097.67 2.2411592150068877e+38
1098.21 2.4733595356843735e+38
1098.74 3.76582320221135e+38
1099.28 3.763851598393503e+38
1099.82 3.6377833626661454e+38
1100.36 3.7600646773023445e+38
1100.9 3.764720502501796e+38
1101.44 3.499311710496781e+38
1101.98 3.7339495216517834e+38
1102.52 3.739873050194704e+38
1103.06 3.470907093172261e+38
1103.6 3.646657985609694e+38
1104.15 2.637102151504074e+38
1104.69 3.627064977386495e+38
1105.23 3.702255559094616e+38
1105.77 3.633928604266276e+38
1106.31 3.693353573303566e+38
1106.85 3.597253069940374e+38
1107.4 3.5579964325778325e+38
1107.94 2.7942898841572247e+38
1108.48 1.4482715171285134e+38
1109.03 3.577191965671929e+38
1109.57 3.610945480271624e+38
1110.11 3.462219843377811e+38
1110.66 3.638136379290307e+38
1111.2 3.4723430820239074e+38
1111.75 3.604586582421882e+38
1112.29 3.3733423716547033e+38
1112.84 3.632116060529099e+38
1113.39 3.641225124215471e+38
1113.93 3.5652531329914894e+38
1114.48 3.6093016773967505e+38
1115.02 3.543265703591182e+38
1115.57 3.578150270767308e+38
1116.12 3.451885272293264e+38
1116.67 3.0273078349683556e+38
1117.21 3.3981893917802493e+38
1117.76 3.59865228595386e+38
1118.31 3.514872857593243e+38
1118.86 3.6143058899159854e+38
1119.41 2.9133013753845427e+38
1119.95 3.6097892474446414e+38
1120.5 3.604205989436053e+38
1121.05 3.448852633994021e+38
1121.6 3.558186753120943e+38
1122.15 3.582556559805939e+38
1122.7 3.5777709817183885e+38
1123.25 3.530851807900144e+38
1123.8 1.1687240877746932e+38
1124.36 3.3669064586446336e+38
1124.91 1.7004121334155257e+38
1125.46 3.4130638648910874e+38
1126.01 3.483090015530678e+38
1126.56 3.432136639618939e+38
1127.11 3.428034919644923e+38
1127.67 3.43118620636582e+38
1128.22 1.0133529882642508e+38
1128.77 1.521132338495951e+38
1129.33 3.4237065343909105e+38
1129.88 3.107908058567421e+38
1130.44 1.849519857941388e+38
1130.99 3.47207894505246e+38
1131.54 3.5529512212395206e+38
1132.1 3.5720942967981125e+38
1132.65 3.549910357233284e+38
1133.21 3.550543220424254e+38
1133.77 3.542429807765107e+38
1134.32 3.381205696322674e+38
1134.88 3.234562298666696e+38
1135.43 3.511781389745953e+38
1135.99 3.55625041380912e+38
1136.55 3.516534841385112e+38
1137.1 3.4952911192404545e+38
1137.66 3.531688920037843e+38
1138.22 3.527053284011049e+38
1138.78 3.482856114336721e+38
1139.34 1.8103265394753908e+38
1139.9 2.3072596521315876e+38
1140.45 3.3923903537656517e+38
1141.01 3.497597101496524e+38
1141.57 1.5761790250221554e+38
1142.13 3.5001310624670104e+38
1142.69 3.502218202049487e+38
1143.25 3.4507647732648974e+38
1143.81 3.433845843517648e+38
1144.38 2.2563888934894175e+38
1144.94 1.899881616466476e+38
1145.5 3.484098207108955e+38
1146.06 3.480183846270668e+38
1146.62 3.46695174996285e+38
1147.18 3.435704187392248e+38
1147.75 3.452302054435949e+38
1148.31 3.401955810246307e+38
1148.87 3.421056028162672e+38
1149.44 3.4647051461400174e+38
1150.0 3.3424393610335567e+38
1150.0 3.3424393610335567e+38
1150.3 3.3959753800332636e+38
1150.6 3.454369096001446e+38
1150.89 3.0662944923511905e+38
1151.19 3.2441343459846313e+38
1151.49 3.459726501670642e+38
1151.79 3.454224275185257e+38
1152.09 3.3949667458072454e+38
1152.39 3.4337214085699485e+38
1152.69 3.2271925674617462e+38
1152.98 3.414856738612361e+38
1153.28 3.3818353781936462e+38
1153.58 3.2866494984493986e+38
1153.88 3.114601656115944e+38
1154.18 3.202217950661998e+38
1154.48 3.398263641695769e+38
1154.78 3.3897490323888475e+38
1155.08 3.202018784037688e+38
1155.38 3.2535665050923794e+38
1155.68 3.3833105339439698e+38
1155.98 2.184371797139016e+38
1156.28 3.371482198587014e+38
1156.57 3.2798676758426564e+38
1156.88 3.3339746108371513e+38
1157.18 3.3566051610615033e+38
1157.47 3.3197643832400153e+38
1157.78 3.316953350978835e+38
1158.07 1.9802260598327968e+38
1158.38 3.337186131488683e+38
1158.68 3.3268350016041007e+38
1158.97 3.2080856955702693e+38
1159.28 3.289763993202673e+38
1159.58 3.0512342144877343e+38
1159.88 3.3948232090949712e+38
1160.18 3.1229647318570112e+38
1160.48 3.413251304826117e+38
1160.78 3.419140490959421e+38
1161.08 3.418964714282959e+38
1161.38 3.3130673426697495e+38
1161.68 3.3763634741279885e+38
1161.98 3.3555920192016425e+38
1162.28 3.4013099717710066e+38
1162.58 3.414938445040108e+38
1162.89 3.404345058709806e+38
1163.19 2.7135575546908582e+38
1163.49 3.377470603701137e+38
1163.79 2.881992576474727e+38
1164.09 3.351331516396792e+38
1164.39 3.2385171862658443e+38
1164.7 3.142778840696518e+38
1165.0 2.6371003756280038e+38
1165.3 3.3162466911785306e+38
1165.6 2.9542319680286645e+38
1165.9 2.560221667669072e+38
1166.21 3.3318051280111995e+38
1166.51 3.3256206445508316e+38
1166.81 2.312812313307356e+38
1167.11 3.3203135957316863e+38
1167.42 2.89235076597575e+38
1167.72 3.2996176597209482e+38
1168.02 3.2730688478174037e+38
1168.32 3.3094676443709755e+38
1168.63 3.2907703950496898e+38
1168.93 2.761948559680136e+38
1169.23 3.3155960428613883e+38
1169.54 3.309765375146617e+38
1169.84 3.3232491273284968e+38
1170.14 3.05645153589425e+38
1170.44 2.80703934074066e+38
1170.75 3.2151796428471036e+38
1171.05 1.9744494687198074e+38
1171.35 3.319368322579207e+38
1171.66 3.1586372409170114e+38
1171.96 2.4198028397573296e+38
1172.27 3.313678296863612e+38
1172.57 3.2325730911746966e+38
1172.87 2.9445943136373357e+38
1173.18 3.2949419006314564e+38
1173.48 2.9923820940738743e+38
1173.79 3.234031026575563e+38
1174.09 3.179809784788281e+38
1174.4 3.209436069811195e+38
1174.7 3.1089344999161275e+38
1175.0 1.0568118209109065e+38
1175.31 1.1188333622291877e+38
1175.61 1.1300824393703491e+38
1175.92 1.0478997515645489e+38
1176.22 1.8266345444367383e+38
1176.53 2.5610452933679266e+38
1176.83 3.162318734054782e+38
1177.14 3.16940747273471e+38
1177.44 3.155634030186803e+38
1177.75 3.084518216223984e+38
1178.05 3.1110429964712855e+38
1178.36 2.9659086876394174e+38
1178.66 3.24236227086492e+38
1178.97 3.2259332301362135e+38
1179.27 3.2241648149882964e+38
1179.58 3.2688868096871136e+38
1179.89 3.085044889223506e+38
1180.19 3.2749797922271844e+38
1180.5 2.942085195689258e+38
1180.8 3.081766390450973e+38
1181.11 3.28217453118582e+38
1181.42 2.968912368447489e+38
1181.72 2.9494847732014868e+38
1182.03 3.2863321873796686e+38
1182.33 3.2863102747929566e+38
1182.64 3.262536309558397e+38
1182.95 1.6078197575622954e+38
1183.25 3.1783319429964228e+38
1183.56 3.2090976303465635e+38
1183.87 3.1440685558681836e+38
1184.17 3.101853543086199e+38
1184.48 1.353642110154052e+38
1184.79 2.471451840444702e+38
1185.09 3.28868141752353e+38
1185.4 2.740322726913222e+38
1185.71 3.2494654010163583e+38
1186.02 3.247670750348013e+38
1186.32 3.260450148136733e+38
1186.63 2.8969549961431726e+38
1186.94 3.1891933699225325e+38
1187.25 3.230468738475561e+38
1187.56 3.215213162352063e+38
1187.86 3.2081263876573572e+38
1188.17 3.206897283636355e+38
1188.48 3.1680224958573417e+38
1188.79 3.1921755728308623e+38
1189.09 3.1616958425540753e+38
1189.4 3.0924475261560856e+38
1189.71 3.1717817751347774e+38
1190.02 3.1526442294083e+38
1190.33 3.067761913681862e+38
1190.64 3.1556566091016425e+38
1190.94 3.131126717918889e+38
1191.25 1.959631238234241e+38
1191.56 3.141003250375137e+38
1191.87 3.0966826099431373e+38
1192.18 3.119565096337123e+38
1192.49 3.106801044391559e+38
1192.8 3.0147291206520575e+38
1193.11 2.8074109512546986e+38
1193.42 3.0805906124905192e+38
1193.73 2.9423107979665046e+38
1194.04 2.7334270439474206e+38
1194.34 2.644515905404297e+38
1194.65 3.0832019347450792e+38
1194.96 3.083534870141411e+38
1195.27 2.9935850280000276e+38
1195.58 3.0221735816634547e+38
1195.89 3.0118066458086647e+38
1196.2 2.5253787514208634e+38
1196.51 2.973599404974362e+38
1196.82 2.9479415178940357e+38
1197.13 2.9242971565132432e+38
1197.44 2.8700787951854063e+38
1197.75 2.9480635650593677e+38
1198.06 2.9552366300335456e+38
1198.38 2.8456744288719407e+38
1198.69 2.956127053692934e+38
1199.0 2.956925587681184e+38
1199.31 2.9969831585677212e+38
1199.62 2.985372664547076e+38
1199.93 3.007597754610222e+38
1200.24 2.9335702029275256e+38
1200.55 2.9106488208267356e+38
1200.86 2.4634877387330363e+38
1201.17 2.9649399739335395e+38
1201.48 2.7876485673616462e+38
1201.8 2.5225343321162775e+38
1202.11 1.1888577296017704e+38
1202.42 2.927084721368324e+38
1202.73 2.9418943140689306e+38
1203.04 2.8847447045376335e+38
1203.35 2.9167143998923976e+38
1203.67 2.936126803958719e+38
1203.98 2.9438702468947267e+38
1204.29 2.8960051929956323e+38
1204.6 2.9248514966020182e+38
1204.92 2.7493382305725752e+38
1205.23 2.8882690992840257e+38
1205.54 2.8638246369473034e+38
1205.85 2.8548989440146175e+38
1206.16 2.796384908736664e+38
1206.48 5.654945822299109e+37
1206.79 2.8139184772971575e+38
1207.1 2.765733364730558e+38
1207.42 2.7020306756792702e+38
1207.73 2.8363523079461215e+38
1208.04 2.7569534918330274e+38
1208.35 2.712206533027471e+38
1208.67 2.7139512311767456e+38
1208.98 2.863697866516544e+38
1209.29 2.8030313713205064e+38
1209.61 2.828923565927056e+38
1209.92 2.8245500956746074e+38
1210.23 2.8151057967314925e+38
1210.55 2.436653823566443e+38
1210.86 2.793969893244702e+38
1211.18 2.623117381584981e+38
1211.49 2.7682254689893715e+38
1211.8 2.7277385971364933e+38
1212.12 2.725754200718379e+38
1212.43 2.764800038187661e+38
1212.75 2.7502451571136466e+38
1213.06 2.728352343713529e+38
1213.38 2.7535914059310494e+38
1213.69 2.4886390319072692e+38
1214.0 2.5992500268260685e+38
1214.32 2.743773745852716e+38
1214.63 2.4459411584521783e+38
1214.95 2.7368301548364204e+38
1215.26 1.3512209654175278e+38
1215.58 6.566860266377088e+37
1215.89 5.265154380070361e+37
1216.21 2.767881876933305e+38
1216.52 2.7739071514367092e+38
1216.84 2.294745062065567e+38
1217.15 1.956259992920629e+38
1217.47 2.7889672912522793e+38
1217.79 1.5952555736691113e+38
1218.1 2.800715366306403e+38
1218.42 2.651333853060274e+38
1218.73 1.6146433352875685e+38
1219.05 2.8152451658484293e+38
1219.36 2.8216129445240714e+38
1219.68 2.8268377267367587e+38
1220.0 2.096435274837895e+38
1220.31 2.8188467689380587e+38
1220.63 2.815600908680687e+38
1220.94 2.2394918589659926e+38
1221.26 1.5068626386138168e+38
1221.58 2.8284244244097268e+38
1221.9 2.500976689083809e+38
1222.21 2.5662820878822245e+38
1222.53 2.771390510988964e+38
1222.84 2.7992415555351786e+38
1223.16 1.7533648315504305e+38
1223.48 2.815157889274984e+38
1223.8 1.6316954379572295e+38
1224.11 2.7942743780802775e+38
1224.43 2.856426923298194e+38
1224.75 2.866100809101025e+38
1225.06 2.8726896994563296e+38
1225.38 2.8704329339749906e+38
1225.7 2.8384299708386238e+38
1226.02 2.160909281032126e+38
1226.34 2.92164438000843e+38
1226.65 2.9233830048101887e+38
1226.97 2.8880072223897135e+38
1227.29 2.784477162874045e+38
1227.61 2.924283262024783e+38
1227.93 2.9252663100102434e+38
1228.24 2.8540258091962294e+38
1228.56 2.873206845734912e+38
1228.88 2.939976014141227e+38
1229.2 2.9047731358356823e+38
1229.52 2.5512163306346887e+38
1229.84 2.397287843566526e+38
1230.16 2.925209675733792e+38
1230.47 2.7284673588268677e+38
1230.79 2.505655166187e+38
1231.11 2.9561062622485023e+38
1231.43 2.9194619563111227e+38
1231.75 2.952216883923136e+38
1232.07 2.9562673090486406e+38
1232.39 2.924035658861372e+38
1232.71 2.9607366892376115e+38
1233.03 2.8410036170597802e+38
1233.35 2.905979585297891e+38
1233.67 2.968570174882744e+38
1233.99 2.9696067438598653e+38
1234.31 2.9828622328333975e+38
1234.63 2.8897290720334207e+38
1234.95 2.9913478274485453e+38
1235.27 2.933035223653682e+38
1235.59 2.981547559480672e+38
1235.91 2.9724820977344457e+38
1236.23 2.7650571611779062e+38
1236.55 2.9666125823667874e+38
1236.87 2.9547921477538e+38
1237.19 2.7925629755823505e+38
1237.51 2.931155440885649e+38
1237.83 2.909757379903904e+38
1238.15 2.88111597202668e+38
1238.47 2.7779349058624743e+38
1238.79 2.4155809328691315e+38
1239.11 3.062189944422243e+38
1239.44 3.0332541452932417e+38
1239.76 3.0267183993202488e+38
1240.08 3.016806279373633e+38
1240.4 2.9996226878844905e+38
1240.72 2.9948179609765737e+38
1241.04 2.9904140458641763e+38
1241.36 2.9888402375819997e+38
1241.69 2.9718245196298818e+38
1242.01 2.9505608422937294e+38
1242.33 2.920735587481209e+38
1242.65 2.8680796713493102e+38
1242.97 3.08534877590315e+38
1243.3 2.92472511117498e+38
1243.62 3.0528723134001926e+38
1243.94 3.0368943278530494e+38
1244.26 3.0302790035380545e+38
1244.58 3.0435771715020822e+38
1244.91 3.0347650109616013e+38
1245.23 2.8958728410854722e+38
1245.55 2.9808517624076626e+38
1245.88 2.9812292545773054e+38
1246.2 2.7698143727775913e+38
1246.52 2.8421799933570023e+38
1246.84 2.9404167642818544e+38
1247.17 2.920938648419244e+38
1247.49 9.67122147491806e+37
1247.81 2.224299477373636e+38
1248.14 2.7878060096187213e+38
1248.46 2.7823643110967198e+38
1248.79 2.9519349887899567e+38
1249.11 2.9718846240270974e+38
1249.43 2.9697535543595304e+38
1249.76 2.9812457698904273e+38
1250.08 2.939167330407159e+38
1250.4 2.8544422724821886e+38
1250.73 2.8959897927700186e+38
1251.05 2.9388863303559674e+38
1251.38 2.9414551014538582e+38
1251.7 2.9049227240965447e+38
1252.03 2.9614030157992883e+38
1252.35 2.962528283732905e+38
1252.68 2.8635080528184762e+38
1253.0 2.9515630387193585e+38
1253.32 2.9534371412527305e+38
1253.65 2.709178977560619e+38
1253.97 2.905697464036806e+38
1254.3 2.948073422970997e+38
1254.62 2.9374427542660463e+38
1254.95 2.658960911179663e+38
1255.27 2.2321292306161677e+38
1255.6 2.9422286464412146e+38
1255.93 2.9399844988447876e+38
1256.25 2.9427791995573658e+38
1256.58 2.348342110766569e+38
1256.9 2.871853411926143e+38
1257.23 2.8784853997004183e+38
1257.55 2.884855521410024e+38
1257.88 2.7671124293164937e+38
1258.2 2.922741381755775e+38
1258.53 2.277367306187052e+38
1258.86 2.4748653555356255e+38
1259.18 2.875521845772304e+38
1259.51 2.8280550707447086e+38
1259.84 2.8688143925576796e+38
1260.16 2.8968390777357963e+38
1260.49 2.8388866693607885e+38
1260.82 2.8410278371748154e+38
1261.14 2.8787769125399535e+38
1261.47 2.8807843153345028e+38
1261.8 2.8273842501081313e+38
1262.12 2.8656251718391638e+38
1262.45 2.8757745979684995e+38
1262.78 2.876019493730384e+38
1263.11 2.865566701807682e+38
1263.43 2.865094733477906e+38
1263.76 2.8513743745545896e+38
1264.09 2.8608774135510784e+38
1264.42 2.8420081204011516e+38
1264.74 2.8062885991030987e+38
1265.07 2.773049827093484e+38
1265.4 2.6072872485835164e+38
1265.73 2.7929205673526954e+38
1266.06 2.8196351900017842e+38
1266.38 2.7879590822063132e+38
1266.71 2.66345434260501e+38
1267.04 2.8222224355066735e+38
1267.37 2.8144907272603676e+38
1267.7 2.841076827007458e+38
1268.03 2.796128015626046e+38
1268.35 2.8632244790680874e+38
1268.68 2.823648864014151e+38
1269.01 2.3495253393489236e+38
1269.34 2.859403058997638e+38
1269.67 2.8304632901346257e+38
1270.0 2.6529526757042304e+38
1270.33 2.849466768615537e+38
1270.66 2.634899448031298e+38
1270.99 2.8631847747280538e+38
1271.32 2.8655267220650824e+38
1271.65 2.875766957363409e+38
1271.97 2.8405486339454615e+38
1272.31 2.8727398525945497e+38
1272.63 2.6997069742898647e+38
1272.96 2.8680315225873384e+38
1273.29 2.8513540579940185e+38
1273.62 2.3104447575775247e+38
1273.95 2.878512870918013e+38
1274.28 2.8715885713413115e+38
1274.61 2.8801078112470894e+38
1274.94 2.8859181407139826e+38
1275.28 2.8863483509187095e+38
1275.61 2.8867564096343422e+38
1275.94 2.837272758741959e+38
1276.27 2.8852663133543614e+38
1276.6 2.8783835131152993e+38
1276.93 2.7712076437038655e+38
1277.26 2.846859597807133e+38
1277.59 2.8219248009777126e+38
1277.92 2.86729806363573e+38
1278.25 2.8753867101827224e+38
1278.58 2.8775725707409883e+38
1278.92 2.0393614087280695e+38
1279.25 2.872005638399985e+38
1279.58 2.8667057375934255e+38
1279.91 2.830752833502625e+38
1280.24 2.866094099709457e+38
1280.57 2.861371777693347e+38
1280.91 2.869741872384655e+38
1281.24 2.8491131823173024e+38
1281.57 2.750353952646233e+38
1281.9 2.8610052398832403e+38
1282.23 2.8352575783939124e+38
1282.57 2.8526849486437654e+38
1282.9 2.8498083631873237e+38
1283.23 2.843709947518714e+38
1283.56 2.674352532808942e+38
1283.9 2.7870031551233352e+38
1284.23 2.2702786532178824e+38
1284.56 2.8242756706991235e+38
1284.9 2.836035962789884e+38
1285.23 2.8179829007587568e+38
1285.56 2.825567325717089e+38
1285.9 2.7681111766068265e+38
1286.23 2.8151608355873724e+38
1286.56 2.750046068522699e+38
1286.9 2.8267388919547818e+38
1287.23 2.825356970687394e+38
1287.56 2.6375134056564004e+38
1287.9 2.8178836342255046e+38
1288.23 2.6894871828760247e+38
1288.56 2.808839618883242e+38
1288.9 2.7951239804865793e+38
1289.23 2.626733210872803e+38
1289.57 2.7786723282180053e+38
1289.9 2.7859070526958647e+38
1290.23 2.783522383900545e+38
1290.57 2.7872308536172575e+38
1290.9 2.745560510602956e+38
1291.24 2.156687961947687e+38
1291.57 2.421699287623017e+38
1291.91 2.773110048414677e+38
1292.24 2.7183937497865085e+38
1292.58 2.7646915808542015e+38
1292.91 2.7645356298881295e+38
1293.25 2.4043143227059247e+38
1293.58 2.7380120754938948e+38
1293.92 2.667963116717304e+38
1294.25 2.7518302797470633e+38
1294.59 9.009645030892978e+37
1294.92 2.729646147951196e+38
1295.26 2.7046085212251313e+38
1295.59 2.709463023077901e+38
1295.93 2.592877497779836e+38
1296.27 1.8585217866177817e+38
1296.6 2.384620075874796e+38
1296.94 2.6892378750835024e+38
1297.28 2.6967477507802342e+38
1297.61 2.661479470957536e+38
1297.95 2.6857125668605855e+38
1298.28 2.705328866164807e+38
1298.62 2.5319414782252503e+38
1298.96 9.576355717435463e+37
1299.29 2.673081422521917e+38
1299.63 2.680915853414919e+38
1299.97 2.6955378795242466e+38
1300.3 2.577442037869721e+38
1300.64 2.655355774289172e+38
1300.98 2.6291641119983114e+38
1301.32 2.6522851950810314e+38
1301.65 2.6907297707991985e+38
1301.99 2.6926451118360577e+38
1302.33 2.6937800825408982e+38
1302.67 2.696087873316041e+38
1303.0 2.6808388844972586e+38
1303.34 8.99124129440252e+37
1303.68 2.67571371195237e+38
1304.02 2.6984278833358498e+38
1304.35 2.659526205310142e+38
1304.69 2.659886686066988e+38
1305.03 2.6891284440132587e+38
1305.37 2.4033595512171425e+38
1305.71 2.67153456303502e+38
1306.05 2.3882849204813305e+38
1306.38 2.701930556126207e+38
1306.72 2.6887833893277163e+38
1307.06 2.7044326248326498e+38
1307.4 2.59190420102423e+38
1307.74 2.7010665648635434e+38
1308.08 2.6999665618112954e+38
1308.42 2.693350220390767e+38
1308.76 2.070575047053049e+38
1309.09 2.696064618039332e+38
1309.43 2.646669913530303e+38
1309.77 2.622563967563805e+38
1310.11 2.5583981459772374e+38
1310.45 2.6951160228775965e+38
1310.79 2.6958625918684253e+38
1311.13 2.6524738578315263e+38
1311.47 2.6663857834569495e+38
1311.81 2.5808509435288506e+38
1312.15 2.6967352465682415e+38
1312.49 2.3218554307412532e+38
1312.83 2.7002987042326515e+38
1313.17 2.7007559404749723e+38
1313.51 2.7013808596664547e+38
1313.85 2.702634709045973e+38
1314.19 2.7042292332543914e+38
1314.53 2.6476518099689057e+38
1314.88 2.70210385164748e+38
1315.22 2.704512472093378e+38
1315.56 2.67861303782275e+38
1315.9 2.6675700122859496e+38
1316.24 2.573046550767184e+38
1316.58 2.7042776170540872e+38
1316.92 2.7017562735983887e+38
1317.26 2.681624270304124e+38
1317.6 2.705411215626829e+38
1317.94 2.69712946873092e+38
1318.29 2.6591195108133896e+38
1318.63 2.576621559775404e+38
1318.97 2.697684281178145e+38
1319.31 2.601185523353639e+38
1319.65 2.5945674911276914e+38
1320.0 2.6929317476819325e+38
1320.34 2.628932957015233e+38
1320.68 2.6617775489147487e+38
1321.02 2.6870725597656512e+38
1321.36 2.5253627003694394e+38
1321.71 2.68184312523579e+38
1322.05 2.6829890884755967e+38
1322.39 2.681716202082849e+38
1322.74 2.6763817697315877e+38
1323.08 2.591350315312203e+38
1323.42 2.6683769393922347e+38
1323.76 2.6031765868189022e+38
1324.11 2.641079063285528e+38
1324.45 2.5378774882915207e+38
1324.79 2.5763357160362727e+38
1325.14 2.6416647346053436e+38
1325.48 2.651229758739902e+38
1325.82 2.5911368088724032e+38
1326.17 2.6176520925470798e+38
1326.51 2.6113165449606065e+38
1326.85 2.5387587774109078e+38
1327.2 2.5109685381812425e+38
1327.54 2.4743115190975416e+38
1327.89 2.6304656215602906e+38
1328.23 2.6137108115284296e+38
1328.58 2.601790611157599e+38
1328.92 2.5994150132527277e+38
1329.27 2.617096647247979e+38
1329.61 2.589862076867082e+38
1329.95 2.5615203305746684e+38
1330.3 2.49411488159814e+38
1330.64 2.5957615251472404e+38
1330.99 2.5993321474657466e+38
1331.33 2.554522772744252e+38
1331.68 2.4941677317923377e+38
1332.02 2.5926558005724645e+38
1332.37 2.4680975636112864e+38
1332.71 2.589645890117148e+38
1333.06 2.5644283931007355e+38
1333.41 2.5776151355092043e+38
1333.75 2.5761432738717424e+38
1334.1 2.5752598918343675e+38
1334.44 1.0283310610225595e+38
1334.79 2.393645529223817e+38
1335.13 2.4530349555734178e+38
1335.48 2.5665552999660235e+38
1335.83 1.3291089560645809e+38
1336.17 2.348718826723856e+38
1336.52 2.484864922111318e+38
1336.86 2.5227397401169702e+38
1337.21 2.5728614500019618e+38
1337.56 2.5742129954029234e+38
1337.91 2.564034914530808e+38
1338.25 2.5772134283147455e+38
1338.6 1.4127056046524853e+38
1338.94 2.5799487047568572e+38
1339.29 2.5826406479542204e+38
1339.64 2.4188910783883704e+38
1339.99 2.5855349030551313e+38
1340.33 2.5269849500128564e+38
1340.68 2.5843098120845967e+38
1341.03 2.57979405771398e+38
1341.38 2.5524733555482485e+38
1341.72 2.5828240739969438e+38
1342.07 2.5736513471926826e+38
1342.42 1.8597828051293752e+38
1342.77 2.5777838205427055e+38
1343.11 2.473858151700158e+38
1343.46 1.4523836741443807e+38
1343.81 2.5716009517945785e+38
1344.16 2.5499273477934367e+38
1344.51 2.5707530516723904e+38
1344.86 2.363658126405154e+38
1345.21 2.567122971688275e+38
1345.55 2.465890105580984e+38
1345.9 2.556882177853967e+38
1346.25 2.546851403248442e+38
1346.6 2.5437334830628407e+38
1346.95 2.5567423192463564e+38
1347.3 2.2188720727160874e+38
1347.65 2.5675908196678877e+38
1348.0 2.394155900090258e+38
1348.35 2.5862667984854872e+38
1348.7 2.5794162312258258e+38
1349.05 2.558230059323947e+38
1349.4 2.5807692942812104e+38
1349.74 2.569552122115793e+38
1350.09 2.545840146088968e+38
1350.44 2.507413914585385e+38
1350.8 2.572855023174862e+38
1351.15 2.564094089767209e+38
1351.49 2.430221729910262e+38
1351.84 2.5656789944578687e+38
1352.2 2.5658836940795502e+38
1352.55 2.4757270682724194e+38
1352.9 2.5478683085300903e+38
1353.25 2.5502908813888888e+38
1353.6 2.555224684509084e+38
1353.95 2.5559609625665393e+38
1354.3 2.4564651302552666e+38
1354.65 2.535175926987714e+38
1355.0 2.5481750790128524e+38
1355.35 2.3794525271717253e+38
1355.7 2.5421112728008494e+38
1356.06 1.9810007841607082e+38
1356.41 2.4978615211823466e+38
1356.76 2.5386098463370103e+38
1357.11 2.016517280220368e+38
1357.46 2.533319975330113e+38
1357.81 2.423660436824295e+38
1358.17 2.5266678059383522e+38
1358.52 2.452226178065766e+38
1358.87 2.5154804825849856e+38
1359.22 2.1973137408932574e+38
1359.57 2.5112882212188344e+38
1359.93 2.4627280643735278e+38
1360.28 2.4971203604054165e+38
1360.63 2.4768769838891618e+38
1360.98 2.48406232263476e+38
1361.34 2.4285996534628764e+38
1361.69 2.271805040239283e+38
1362.04 2.4389849293732526e+38
1362.4 2.4678415620911156e+38
1362.75 2.4768728181696337e+38
1363.1 2.2915041031316215e+38
1363.46 1.79473320972105e+38
1363.81 2.428249720166071e+38
1364.16 2.4786506228486494e+38
1364.52 2.4764171600861574e+38
1364.87 2.351837604948543e+38
1365.22 2.3335971419751482e+38
1365.58 2.275507267700289e+38
1365.93 2.4586237393146933e+38
1366.29 2.4581294552842535e+38
1366.64 2.471887689171256e+38
1366.99 2.2274755516864247e+38
1367.35 2.458144862357128e+38
1367.7 2.464186997345122e+38
1368.06 2.4586442533326606e+38
1368.41 2.4510941894806557e+38
1368.77 2.4646251814954316e+38
1369.12 2.4534745604061125e+38
1369.48 2.306412794312854e+38
1369.83 2.459923663447052e+38
1370.19 2.437580221392607e+38
1370.54 2.4505610925950558e+38
1370.9 2.3642355068415225e+38
1371.25 2.324785663093713e+38
1371.61 2.274919304842392e+38
1371.96 2.3540558414582593e+38
1372.32 2.441924191476885e+38
1372.67 2.417970768455096e+38
1373.03 2.1478256741144945e+38
1373.39 2.410056799075992e+38
1373.74 2.26239481245774e+38
1374.1 2.137845589881559e+38
1374.45 2.383512650500494e+38
1374.81 2.2601266602452392e+38
1375.17 2.429469655481093e+38
1375.52 2.3154988500141778e+38
1375.88 2.4458126313567437e+38
1376.23 2.3971956176175155e+38
1376.59 2.4406324646873284e+38
1376.95 2.2437642260556143e+38
1377.31 2.3266410825182563e+38
1377.66 2.3262306802859712e+38
1378.02 2.2688364934749228e+38
1378.38 2.434153392358898e+38
1378.73 2.267782326123705e+38
1379.09 2.3691884429533784e+38
1379.45 2.404021953915363e+38
1379.81 2.4350738361713087e+38
1380.16 2.323233708506276e+38
1380.52 2.3645204488138968e+38
1380.88 2.343286927589767e+38
1381.24 2.279931414233354e+38
1381.6 1.995610460984421e+38
1381.95 2.4370900152815665e+38
1382.31 2.432240734452586e+38
1382.67 2.392448462686857e+38
1383.03 2.4299512340470818e+38
1383.39 2.427520632693339e+38
1383.75 2.3209771421054136e+38
1384.1 2.313048913622495e+38
1384.46 2.3902902644424565e+38
1384.82 2.398418673984927e+38
1385.18 2.4131626561980444e+38
1385.54 2.3947263416496673e+38
1385.9 2.0483590038821328e+38
1386.26 2.1704558018454927e+38
1386.62 2.3586664605189128e+38
1386.98 2.3960787269674923e+38
1387.34 2.09796322057667e+38
1387.7 2.3937771354545802e+38
1388.06 2.326871919520063e+38
1388.42 2.376850470425037e+38
1388.78 2.3794712507303555e+38
1389.14 2.384659910339121e+38
1389.49 2.3878459031855667e+38
1389.85 2.3894745348332283e+38
1390.21 2.3287602784091576e+38
1390.58 2.3868893964983778e+38
1390.94 2.3490192817514277e+38
1391.3 2.381749547632904e+38
1391.66 2.3741092460412582e+38
1392.02 2.3608925348964955e+38
1392.38 2.2210627217149364e+38
1392.74 2.3327857312697118e+38
1393.1 2.2190572813369936e+38
1393.46 2.3433550718729526e+38
1393.82 1.2560318047210538e+38
1394.18 2.2895601342567034e+38
1394.55 2.2948410406723933e+38
1394.91 2.3103755198687584e+38
1395.27 2.02787356019892e+38
1395.63 2.349668173967006e+38
1395.99 2.038926048657371e+38
1396.35 2.3548617905919507e+38
1396.72 2.339311875944888e+38
1397.08 2.296774901344135e+38
1397.44 2.2627644917880214e+38
1397.8 2.3361902610825623e+38
1398.16 1.4559286485879138e+38
1398.53 2.3301431738718937e+38
1398.89 2.0886045456754142e+38
1399.25 2.3604909559538073e+38
1399.61 2.3409339916424802e+38
1399.98 1.9682111822024155e+38
1400.34 2.1962735934863064e+38
1400.7 1.94913424690179e+38
1401.07 2.201560145945764e+38
1401.43 2.2983805533652245e+38
1401.79 2.3253556152764558e+38
1402.16 2.344106940870118e+38
1402.52 2.328314664374351e+38
1402.88 9.216088469253592e+37
1403.25 1.5559654988686343e+38
1403.61 2.3519299355380667e+38
1403.97 2.334335222591145e+38
1404.34 2.3413175926756346e+38
1404.7 2.3374885247926212e+38
1405.06 2.3361203863538566e+38
1405.43 2.330576851759753e+38
1405.79 2.3130595343174623e+38
1406.16 2.1697680418878895e+38
1406.52 2.300803400133313e+38
1406.89 1.753985871223443e+38
1407.25 2.1014134493735506e+38
1407.62 2.3105294549753582e+38
1407.98 2.3113137991609645e+38
1408.35 2.3125543154982133e+38
1408.71 1.821874125616202e+38
1409.08 2.135922863139254e+38
1409.44 2.027962429406633e+38
1409.81 1.8730738476198127e+38
1410.17 2.103365163612821e+38
1410.54 2.2302041801721904e+38
1410.9 2.3098869636503334e+38
1411.27 2.2011739606650703e+38
1411.64 2.1775188438637256e+38
1412.0 2.259549317927506e+38
1412.37 2.260181900290624e+38
1412.73 2.307888229481159e+38
1413.1 2.310526072605341e+38
1413.46 2.3084118423096413e+38
1413.83 2.3061737031115732e+38
1414.2 2.175758006889484e+38
1414.56 1.9721161944591418e+38
1414.93 2.2558251293635544e+38
1415.3 2.2780849793635977e+38
1415.67 2.1658840181469034e+38
1416.03 2.2438961821495044e+38
1416.4 2.2962844950634212e+38
1416.77 2.2940793393110406e+38
1417.13 1.9163995539725642e+38
1417.5 2.2921275790313634e+38
1417.87 2.1807985293994535e+38
1418.23 2.272751794603292e+38
1418.6 2.2053917986335883e+38
1418.97 2.2736128923374537e+38
1419.34 2.237432694554509e+38
1419.71 2.2066567769823454e+38
1420.07 2.0228475768074438e+38
1420.44 1.9205422096571552e+38
1420.81 2.2576413708500237e+38
1421.18 1.6488559966974457e+38
1421.55 2.257266958779976e+38
1421.92 2.2381148922188107e+38
1422.28 2.1666535853945205e+38
1422.65 2.0501494284402674e+38
1423.02 2.2561566332623144e+38
1423.39 2.257447142718225e+38
1423.76 2.2617530223109993e+38
1424.13 2.213568976148497e+38
1424.5 1.582838875139281e+38
1424.87 2.266233151498946e+38
1425.23 2.266355579865978e+38
1425.6 2.2583751005143778e+38
1425.97 2.1506279520656738e+38
1426.34 1.766157185077412e+38
1426.71 2.187170172379077e+38
1427.08 2.2611371394985177e+38
1427.45 1.6027432741671371e+38
1427.82 1.632921529696076e+38
1428.19 1.7745082564489355e+38
1428.56 1.8974591684591903e+38
1428.93 1.70212889271696e+38
1429.3 2.0768731211265716e+38
1429.68 2.2401515422330373e+38
1430.05 2.2351220607714642e+38
1430.42 1.7961356366649042e+38
1430.79 2.1849629649680233e+38
1431.16 2.243513209157153e+38
1431.53 2.1909168315209396e+38
1431.9 2.2355850803855518e+38
1432.27 2.2538945827311675e+38
1432.64 2.2506682475750714e+38
1433.01 2.223148226135791e+38
1433.38 2.244920079559203e+38
1433.76 2.1653272021690357e+38
1434.13 2.2418173316530468e+38
1434.5 2.0511537573694685e+38
1434.87 2.235054502976599e+38
1435.24 1.8529258449741352e+38
1435.61 2.1805964667105754e+38
1435.99 2.106662661512692e+38
1436.36 2.2304338466072773e+38
1436.73 2.0513122423636462e+38
1437.1 2.166797230958148e+38
1437.48 2.182947098027076e+38
1437.85 2.1827266117907273e+38
1438.22 2.162761213507648e+38
1438.59 2.200424816662755e+38
1438.97 2.1970423264437313e+38
1439.34 2.2065749992719186e+38
1439.71 1.9775148690216644e+38
1440.09 2.2319169621062705e+38
1440.46 2.066609882917038e+38
1440.83 2.0808595494873108e+38
1441.21 2.0532626767845033e+38
1441.58 2.228354304054708e+38
1441.95 2.226269065161575e+38
1442.33 2.1415119303984745e+38
1442.7 2.0863357520516796e+38
1443.07 2.2260678913556476e+38
1443.45 2.053359739070611e+38
1443.82 2.226667347110269e+38
1444.2 2.192377321842099e+38
1444.57 2.2246569997921075e+38
1444.95 1.8850854440156984e+38
1445.32 2.18098145218344e+38
1445.69 2.197968977699056e+38
1446.07 2.2050247994894553e+38
1446.44 2.181680914701719e+38
1446.82 2.070129643627539e+38
1447.19 2.021251869757891e+38
1447.57 2.0755731561550554e+38
1447.94 2.208141980539338e+38
1448.32 2.201157619028413e+38
1448.69 2.2035942160044673e+38
1449.07 1.9042282048983212e+38
1449.45 2.1313080372051524e+38
1449.82 2.034718147111563e+38
1450.2 2.1589127703085326e+38
1450.57 2.2015826414659537e+38
1450.95 2.1244588870910424e+38
1451.33 2.1811535680388896e+38
1451.7 2.1138605500609986e+38
1452.08 2.1576820604668597e+38
1452.45 1.8653756747457977e+38
1452.83 2.184729796603242e+38
1453.21 2.1855710372096833e+38
1453.58 2.037345812736769e+38
1453.96 2.0706781097651367e+38
1454.34 2.0493035310577167e+38
1454.71 2.047248348442535e+38
1455.09 2.176174581352852e+38
1455.47 1.9109251865654087e+38
1455.85 2.1492814576497352e+38
1456.22 2.0452797608160305e+38
1456.6 2.070081612566224e+38
1456.98 2.170983884659768e+38
1457.36 1.8149895683941977e+38
1457.73 2.0365220353211413e+38
1458.11 2.132157575482961e+38
1458.49 1.816442571461349e+38
1458.87 2.1486895288012534e+38
1459.24 1.65255139098281e+38
1459.62 2.1152057697643496e+38
1460.0 2.149158769440447e+38
1460.38 2.016170254607713e+38
1460.76 2.0056302235663966e+38
1461.14 2.141696019661949e+38
1461.52 2.1014939015737273e+38
1461.9 2.142677400452839e+38
1462.27 1.8720929900607855e+38
1462.65 1.9439593200947247e+38
1463.03 2.1420398710152136e+38
1463.41 2.1293049169164243e+38
1463.79 2.033367601431027e+38
1464.17 2.0746353081517615e+38
1464.55 2.1342167115243524e+38
1464.93 2.0972259527222205e+38
1465.31 1.862587900617998e+38
1465.69 2.070350990760069e+38
1466.07 2.1321270470504954e+38
1466.45 1.8369534083125033e+38
1466.83 1.8320932514028676e+38
1467.21 2.1003346636057243e+38
1467.59 2.1185318472391933e+38
1467.97 2.1008346811876614e+38
1468.35 2.0667515344288968e+38
1468.73 2.111541001317874e+38
1469.11 2.1001916316153356e+38
1469.49 2.0893343511849456e+38
1469.87 1.5370299734799345e+38
1470.25 1.9372667133695106e+38
1470.64 2.0877345597967432e+38
1471.02 1.9245357417463436e+38
1471.4 2.101882414493425e+38
1471.78 2.041827640763558e+38
1472.16 2.0411975731911924e+38
1472.54 1.9249757553102673e+38
1472.92 2.0071551194358825e+38
1473.31 2.0651813313460798e+38
1473.69 2.1068831952204683e+38
1474.07 2.10623055935148e+38
1474.45 2.101007955546322e+38
1474.83 2.103837583201752e+38
1475.21 2.023587618867178e+38
1475.6 2.0071563182768407e+38
1475.98 2.0886237587256187e+38
1476.36 2.0221583220465636e+38
1476.74 2.084501951298944e+38
1477.13 2.0897027355532867e+38
1477.51 1.9660278637264182e+38
1477.89 2.0586938096584277e+38
1478.28 1.7101929956744252e+38
1478.66 2.0855396898525025e+38
1479.04 2.0850577706741164e+38
1479.43 1.9313941709608404e+38
1479.81 2.0679555263956658e+38
1480.19 2.0653191034677765e+38
1480.58 2.0804730097103685e+38
1480.96 2.075433420267016e+38
1481.34 2.0472834021433115e+38
1481.73 2.063781525035663e+38
1482.11 2.0803106604312074e+38
1482.5 2.080154991232397e+38
1482.88 2.0663291320654818e+38
1483.27 1.9318933765056196e+38
1483.65 2.057103299634243e+38
1484.03 1.979805099055039e+38
1484.42 1.9490406170591534e+38
1484.8 2.0520504100519562e+38
1485.19 2.059541797321697e+38
1485.57 2.0676696280411304e+38
1485.96 2.0188019662583157e+38
1486.34 1.9742460977014433e+38
1486.73 2.0537350232586397e+38
1487.11 2.063432297410497e+38
1487.5 2.0621018303552214e+38
1487.89 1.9035611167831905e+38
1488.27 2.0601722924962047e+38
1488.66 2.0565882627868e+38
1489.04 2.01589200251223e+38
1489.43 2.021791859963387e+38
1489.81 1.7082318852723948e+38
1490.2 1.9711214438327553e+38
1490.59 2.0476541265323564e+38
1490.97 2.006735727950485e+38
1491.36 2.0464591057029312e+38
1491.75 1.9608609822697033e+38
1492.13 1.9802858633021505e+38
1492.52 2.0452027658055477e+38
1492.91 2.0429581492592883e+38
1493.29 2.031485942693702e+38
1493.68 1.2423481124213453e+38
1494.07 2.0288312884372885e+38
1494.45 1.916601178396651e+38
1494.84 2.0405404766007283e+38
1495.23 1.5693818933406326e+38
1495.62 1.9346677164848955e+38
1496.01 2.032125730872126e+38
1496.39 2.0219611120615622e+38
1496.78 2.0272760435123322e+38
1497.17 2.0236538948728e+38
1497.56 1.698660179575172e+38
1497.94 1.7246408221503405e+38
1498.33 2.0103884105856413e+38
1498.72 1.5634268820244666e+38
1499.11 1.771971697715211e+38
1499.5 1.9155383763709873e+38
1499.89 1.9842508641798265e+38
1500.28 1.4521818210354356e+38
1500.66 2.0161646362716495e+38
1501.05 2.0100673160016163e+38
1501.44 1.956558211690456e+38
1501.83 1.2025210418829318e+38
1502.22 1.7767130402800638e+38
1502.61 2.010869745365008e+38
1503.0 1.8635374695115085e+38
1503.39 1.9932204748162974e+38
1503.78 1.954101684723855e+38
1504.17 1.904587650431296e+38
1504.56 1.5064011968871728e+38
1504.95 1.951854345897935e+38
1505.34 1.90094325500596e+38
1505.73 1.689171585941844e+38
1506.12 1.8816314040974503e+38
1506.51 1.9934183147262502e+38
1506.9 1.9347349120702228e+38
1507.29 1.9901952854999112e+38
1507.68 1.921420483885667e+38
1508.07 1.984621321899705e+38
1508.46 1.981816147065261e+38
1508.85 1.7871416922786314e+38
1509.24 1.8785172922489597e+38
1509.64 1.9721874785980682e+38
1510.03 1.957155218719127e+38
1510.42 1.966442438687189e+38
1510.81 1.9516980494603798e+38
1511.2 1.5196813252987314e+38
1511.59 1.5343366899073941e+38
1511.98 1.9158946206028563e+38
1512.38 1.6333499680945842e+38
1512.77 1.5401802497651609e+38
1513.16 1.7888349261536326e+38
1513.55 1.4630961480610242e+38
1513.94 1.9450768353500305e+38
1514.34 1.953958751287111e+38
1514.73 1.955252203889898e+38
1515.12 1.950878668523543e+38
1515.52 1.5610485947007401e+38
1515.91 1.8954103593839805e+38
1516.3 1.8516689260691676e+38
1516.69 1.5578985401783255e+38
1517.09 1.8874054178128823e+38
1517.48 1.957813857466453e+38
1517.87 1.916651852491449e+38
1518.27 1.9515105649438845e+38
1518.66 1.7511612822566573e+38
1519.05 1.8887039931984e+38
1519.45 1.951363089758648e+38
1519.84 1.950487315369633e+38
1520.23 1.9488206402017104e+38
1520.63 1.4408801271443487e+38
1521.02 1.9366153730980584e+38
1521.42 1.915954925451579e+38
1521.81 1.9421062018651617e+38
1522.21 1.9380724150042894e+38
1522.6 1.9383938192769594e+38
1522.99 1.937088132289253e+38
1523.39 1.863466518373516e+38
1523.79 1.9277293110474208e+38
1524.18 1.8531189757827545e+38
1524.57 1.6890645314214264e+38
1524.97 1.6165271488540852e+38
1525.36 1.3712437850237692e+38
1525.76 1.5575560182279869e+38
1526.16 1.733925096681799e+38
1526.55 1.848098041477909e+38
1526.95 1.7433447296338725e+38
1527.34 1.737899862218957e+38
1527.74 1.467033679995107e+38
1528.14 1.7359851376462202e+38
1528.53 1.8653163299959725e+38
1528.93 1.8204536877409916e+38
1529.32 1.900474628313581e+38
1529.72 1.8826741890403752e+38
1530.12 1.0989793053117308e+38
1530.51 1.6393889129491947e+38
1530.91 1.8912348707068336e+38
1531.31 1.2320026392389896e+38
1531.7 1.4343360076092015e+38
1532.1 1.662855159777481e+38
1532.5 1.4576228240969632e+38
1532.9 1.1494855369314943e+38
1533.29 1.1744393254790565e+38
1533.69 1.879882349895166e+38
1534.09 1.8153989823974305e+38
1534.48 1.865307052159944e+38
1534.88 1.764622677010132e+38
1535.28 1.870503023587603e+38
1535.68 1.5678886565798883e+38
1536.08 1.876609953484567e+38
1536.47 1.7747786087024972e+38
1536.87 1.8275218265836182e+38
1537.27 1.4584865117082397e+38
1537.67 1.858100689715403e+38
1538.07 1.6992605079922084e+38
1538.47 1.8627522090278905e+38
1538.86 1.5896305868827999e+38
1539.26 1.819206030195749e+38
1539.66 1.8618382807054583e+38
1540.06 1.59143880190377e+38
1540.46 1.6660160979299235e+38
1540.86 1.7995062537965433e+38
1541.26 1.864086480769299e+38
1541.66 1.8640731923106463e+38
1542.06 1.512872535444293e+38
1542.46 1.6673848095698256e+38
1542.86 1.7487244116601226e+38
1543.26 1.8522060217344197e+38
1543.66 1.4248326990831796e+38
1544.06 1.7258448719892053e+38
1544.46 1.1826209316792208e+38
1544.86 1.101496840103256e+38
1545.26 1.788753451116365e+38
1545.66 1.7047941361752744e+38
1546.06 1.8364820435749533e+38
1546.46 1.2892141855911696e+38
1546.86 1.691005553803358e+38
1547.26 1.5079425091646826e+38
1547.66 1.3064644753443e+38
1548.06 1.1411990421342256e+38
1548.47 1.887613912247892e+38
1548.87 1.8313365952373204e+38
1549.27 1.850399189779115e+38
1549.67 1.8319775594186354e+38
1550.07 1.683486391283205e+38
1550.47 1.7035309578464232e+38
1550.88 1.1215992476574308e+38
1551.28 1.791121101017934e+38
1551.68 1.8460277425248185e+38
1552.08 1.276567178936944e+38
1552.48 1.8308487411337414e+38
1552.89 1.7704554306153992e+38
1553.29 1.2104919277027933e+38
1553.69 1.8368144078548125e+38
1554.09 1.709640613649728e+38
1554.5 1.8343252486153655e+38
1554.9 1.4002237004983587e+38
1555.3 1.6306340442010702e+38
1555.71 1.8185803983076027e+38
1556.11 1.5633443912583342e+38
1556.51 1.2638018433176974e+38
1556.92 1.609899979759453e+38
1557.32 1.5199020333132419e+38
1557.72 1.8049257263132107e+38
1558.13 1.7785768052587785e+38
1558.53 1.791096492380266e+38
1558.93 1.6857346241873994e+38
1559.34 1.6432737588862598e+38
1559.74 1.790617951783023e+38
1560.15 1.4434128755647283e+38
1560.55 1.4232381390083211e+38
1560.96 1.7969057893474076e+38
1561.36 1.1887386515216232e+38
1561.77 1.7952409680847604e+38
1562.17 1.760249361300475e+38
1562.57 1.6623624452575937e+38
1562.98 1.792336182038057e+38
1563.39 1.788275805028314e+38
1563.79 1.7332282560148608e+38
1564.19 1.4453476838386864e+38
1564.6 1.31785353878406e+38
1565.01 1.7831314449734047e+38
1565.41 1.7754807708914256e+38
1565.82 1.6039637554405544e+38
1566.22 1.302837232391955e+38
1566.63 1.3017561030385394e+38
1567.04 1.4849506049511997e+38
1567.44 1.7863477796311898e+38
1567.85 1.7794775443017134e+38
1568.25 9.95444512941766e+37
1568.66 1.2718058082623922e+38
1569.07 1.7524108352055254e+38
1569.47 1.7493968745460564e+38
1569.88 1.7985275453665067e+38
1570.29 1.704600826591956e+38
1570.69 1.7126717774164992e+38
1571.1 1.7551393482895894e+38
1571.51 1.771774217214484e+38
1571.92 1.7698798648474355e+38
1572.32 1.772946192382962e+38
1572.73 1.773487872728368e+38
1573.14 1.792956857579372e+38
1573.55 1.7918644343358254e+38
1573.95 1.7901549634208224e+38
1574.36 1.790763839850547e+38
1574.77 1.1261667961261811e+38
1575.18 1.1676112941157828e+38
1575.59 1.255692762107543e+38
1575.99 1.779174690042872e+38
1576.4 1.4754256742211417e+38
1576.81 1.6459302368512945e+38
1577.22 1.3042466575834794e+38
1577.63 1.744561130098971e+38
1578.04 1.2484141820570548e+38
1578.45 1.7825813972383848e+38
1578.86 1.7566131790386837e+38
1579.27 1.6456422464783707e+38
1579.68 1.72354332918622e+38
1580.08 1.7581747818973868e+38
1580.49 1.7826823210144656e+38
1580.9 1.3498623867028807e+38
1581.31 1.7328051974461917e+38
1581.72 1.750228634060119e+38
1582.13 1.7719628456267453e+38
1582.54 1.7007220653899226e+38
1582.95 1.758128462329185e+38
1583.36 1.6919214830410251e+38
1583.77 1.5099141478513009e+38
1584.18 1.6699321901651518e+38
1584.59 1.7503519271618508e+38
1585.01 1.1182247831107034e+38
1585.42 1.748908988658282e+38
1585.83 1.2365276658386388e+38
1586.24 1.6610644403804945e+38
1586.65 1.7659457024192896e+38
1587.06 1.7670682580188872e+38
1587.47 1.4699359749334555e+38
1587.88 1.769153007244918e+38
1588.3 1.7481287931489594e+38
1588.71 1.6794879051914875e+38
1589.12 1.758521312661688e+38
1589.53 1.7641266283955333e+38
1589.94 1.743343718603469e+38
1590.35 1.767046508372757e+38
1590.77 1.7535528330612606e+38
1591.18 1.7415408838726547e+38
1591.59 1.6309926884292216e+38
1592.0 1.1334701378252016e+38
1592.42 1.7453878361431746e+38
1592.83 1.756110545702898e+38
1593.24 1.7178440171861407e+38
1593.66 1.728414672086248e+38
1594.07 1.661402241679605e+38
1594.48 1.735070630887501e+38
1594.89 1.4889355273764012e+38
1595.31 1.6828016641512143e+38
1595.72 1.6826121563277824e+38
1596.14 1.7529697883393733e+38
1596.55 1.75075633189381e+38
1596.96 1.7502699210644977e+38
1597.38 1.6747560382368088e+38
1597.79 1.7454453535283263e+38
1598.2 1.7432151246064804e+38
1598.62 1.6717691138872626e+38
1599.03 1.744210548213732e+38
1599.45 1.7423187253119918e+38
1599.86 1.7359963233827263e+38
1600.28 1.6325706284352764e+38
1600.69 1.6930921245956682e+38
1601.11 1.5846078582537365e+38
1601.52 1.5673354069275039e+38
1601.94 1.2281278586077988e+38
1602.35 1.7329813360947108e+38
1602.77 1.7314108178962576e+38
1603.18 1.047595194799244e+38
1603.6 1.6690053177673908e+38
1604.01 1.7267479504048276e+38
1604.43 1.7151709212698934e+38
1604.84 1.175938281385339e+38
1605.26 1.7195130092526132e+38
1605.68 1.6725421507462604e+38
1606.09 1.6458052225655455e+38
1606.51 1.704551598607405e+38
1606.93 1.6035493744180237e+38
1607.34 1.7113391894972663e+38
1607.76 1.1734295301877249e+38
1608.18 1.6154628371549202e+38
1608.59 1.6892672409953346e+38
1609.01 1.019327069473579e+38
1609.43 1.6664862873591582e+38
1609.84 1.0114126852171345e+38
1610.26 1.1776405843109643e+38
1610.68 1.7089040910320275e+38
1611.09 1.481867170639648e+38
1611.51 1.7075380374819344e+38
1611.93 1.4208126061679992e+38
1612.35 1.706452135630071e+38
1612.77 1.2042432774347818e+38
1613.18 1.7047670705685228e+38
1613.6 1.5705301458595547e+38
1614.02 9.808682323221125e+37
1614.44 1.702714921199591e+38
1614.86 1.700738814899038e+38
1615.28 1.1689272271505615e+38
1615.69 1.4639458626388922e+38
1616.11 1.4059905918632587e+38
1616.53 1.680252637797922e+38
1616.95 1.6910261496693783e+38
1617.37 1.6926253191193458e+38
1617.79 1.516723697138536e+38
1618.21 1.6894005151669862e+38
1618.63 1.4995137275716346e+38
1619.05 1.6636190414767558e+38
1619.47 1.6197022301412102e+38
1619.89 1.6814292947860666e+38
1620.31 1.3402815364380733e+38
1620.73 1.3850558312093816e+38
1621.15 1.0027003916450229e+38
1621.57 1.0089422843125504e+38
1621.99 1.6395586495710998e+38
1622.41 1.5529825425852056e+38
1622.83 1.6641106618553616e+38
1623.25 1.6131579746538201e+38
1623.67 1.365827125095773e+38
1624.09 1.3019446146092344e+38
1624.51 1.6621542075066335e+38
1624.93 1.1146928977810704e+38
1625.35 1.6231887788981994e+38
1625.78 1.6115444425945639e+38
1626.2 1.4127971533650373e+38
1626.62 1.6496275618683546e+38
1627.04 1.6231485903666892e+38
1627.46 1.2536283276654854e+38
1627.88 1.518641821986705e+38
1628.31 1.3301110370281553e+38
1628.73 1.6560717638045107e+38
1629.15 9.84667211408444e+37
1629.57 1.650639167720654e+38
1629.99 1.6519507391286488e+38
1630.42 1.4488946159311457e+38
1630.84 1.6541161120054647e+38
1631.26 1.625580319405444e+38
1631.68 9.080180654509357e+37
1632.11 1.0719952431886698e+38
1632.53 1.4935590231864389e+38
1632.95 1.6535234671238796e+38
1633.38 1.6539359077947049e+38
1633.8 1.6111805941967545e+38
1634.22 1.6321240965588687e+38
1634.65 1.4748692491459096e+38
1635.07 1.615029437901457e+38
1635.49 1.6169960953192747e+38
1635.92 1.6030547388864904e+38
1636.34 1.575737975637919e+38
1636.77 1.6519622386164556e+38
1637.19 1.5845540667612732e+38
1637.61 1.6267605869237084e+38
1638.04 1.4679746296247195e+38
1638.46 1.5819227280232134e+38
1638.89 1.646135139782359e+38
1639.31 1.333448206125394e+38
1639.74 1.6459818604455421e+38
1640.16 9.610127669565613e+37
1640.59 1.1905494863828186e+38
1641.01 1.64522063570145e+38
1641.44 1.6452752259483683e+38
1641.86 1.0446023330206967e+38
1642.29 1.6129566824257748e+38
1642.71 1.3990465454781104e+38
1643.14 1.639035462307121e+38
1643.57 1.598848947811174e+38
1643.99 1.6185887349547599e+38
1644.42 1.5650919663447971e+38
1644.84 1.5182692583611006e+38
1645.27 1.4639673131050262e+38
1645.7 1.6121208125442561e+38
1646.12 1.6113525585186253e+38
1646.55 1.6262922432799748e+38
1646.98 1.4262048226296946e+38
1647.41 1.6051671869000783e+38
1647.83 1.6201101978530614e+38
1648.26 1.596890184154541e+38
1648.69 1.532092457489631e+38
1649.11 1.5334064390010276e+38
1649.54 1.6005348612472633e+38
1649.97 1.448983797768273e+38
1650.4 1.5856375565173752e+38
1650.82 1.582536249801272e+38
1651.25 1.5989829344675278e+38
1651.68 1.4025513632279598e+38
1652.11 1.5328736053917923e+38
1652.54 1.5929365824437956e+38
1652.96 1.0208403137263502e+38
1653.39 1.0765213915270343e+38
1653.82 1.567050923179779e+38
1654.25 1.5104306947712622e+38
1654.68 1.5808511180235493e+38
1655.11 1.5840771534341579e+38
1655.54 1.579513978708956e+38
1655.96 1.5777248909010252e+38
1656.39 1.5879826079676804e+38
1656.82 1.3915814197856036e+38
1657.25 1.572181780280962e+38
1657.68 1.4722121283099017e+38
1658.11 1.48802657132834e+38
1658.54 1.5411655522637615e+38
1658.97 1.3419638034007792e+38
1659.4 1.5222885416881463e+38
1659.83 1.589095446574037e+38
1660.26 1.5856693163690787e+38
1660.69 1.5445117163264508e+38
1661.12 1.5719742477910511e+38
1661.55 1.2261280554543556e+38
1661.98 1.587906791477745e+38
1662.42 1.2852399045939536e+38
1662.85 1.592622068961981e+38
1663.28 1.5850102462709408e+38
1663.71 1.5910570407711993e+38
1664.14 1.59361658655256e+38
1664.57 1.5659063876824186e+38
1665.0 1.5010180721945278e+38
1665.43 1.5641558928634348e+38
1665.86 1.5894070749912715e+38
1666.3 1.586917483754562e+38
1666.73 1.5699011623618129e+38
1667.16 1.5702518367314623e+38
1667.59 1.5614347441958001e+38
1668.03 1.2086315100390796e+38
1668.46 1.3545453706851825e+38
1668.89 1.5727445475395852e+38
1669.32 1.5345455255577408e+38
1669.76 1.314338126666737e+38
1670.19 1.540323484596736e+38
1670.62 1.4963836567136244e+38
1671.05 1.0405311155872207e+38
1671.49 1.5585466361544302e+38
1671.92 1.3971326729940411e+38
1672.35 1.4052148688459407e+38
1672.79 1.2597113648549663e+38
1673.22 1.5200699011798162e+38
1673.65 1.0037528255566003e+38
1674.09 1.5554951524901659e+38
1674.52 1.5392011170158123e+38
1674.96 1.5579203710300452e+38
1675.39 1.5356652403050933e+38
1675.82 1.4580798870054502e+38
1676.26 1.502692187219746e+38
1676.69 1.4799023186385896e+38
1677.13 1.1950031434877339e+38
1677.56 1.558561423124115e+38
1678.0 1.5585346793285597e+38
1678.43 1.5572188633790537e+38
1678.87 1.5488980236887034e+38
1679.3 1.5533957810297748e+38
1679.74 1.5572343814643334e+38
1680.17 1.557016506897272e+38
1680.61 1.5400766610549421e+38
1681.04 1.554707635704964e+38
1681.48 1.5413850985629059e+38
1681.92 1.2397512906678743e+38
1682.35 1.553868601792527e+38
1682.79 1.554850330938955e+38
1683.22 1.5534661339614549e+38
1683.66 1.499037141176807e+38
1684.1 1.5536640658179517e+38
1684.53 1.548444351592182e+38
1684.97 1.5530498983976953e+38
1685.41 1.551772959839251e+38
1685.84 1.4217355669180616e+38
1686.28 1.500244330343399e+38
1686.72 1.1197459976801265e+38
1687.15 1.4970652825819226e+38
1687.59 1.26451946606171e+38
1688.03 1.5153971151624747e+38
1688.47 1.540557634087992e+38
1688.9 1.5393250521565683e+38
1689.34 1.5385840203635641e+38
1689.78 1.534075395236775e+38
1690.22 1.411407102506669e+38
1690.66 1.2561861427468091e+38
1691.09 1.5306393550938435e+38
1691.53 1.5292416350904957e+38
1691.97 1.5112314922734248e+38
1692.41 1.3614910877484097e+38
1692.85 1.5159897456257503e+38
1693.29 1.5237749511424694e+38
1693.72 1.5234845558437835e+38
1694.16 1.521914437402729e+38
1694.6 1.2397009536613317e+38
1695.04 1.1521170098242556e+38
1695.48 1.4884659385675455e+38
1695.92 1.469771803909831e+38
1696.36 1.5148391816764329e+38
1696.8 1.4804932204838949e+38
1697.24 1.5118331180666981e+38
1697.68 1.5108403755086537e+38
1698.12 1.4012358937050631e+38
1698.56 1.507681219227846e+38
1699.0 1.3633328330500053e+38
1699.44 1.4932660820639849e+38
1699.88 1.500806372565579e+38
1700.32 1.2911532415308158e+38
1700.76 1.1701027204375383e+38
1701.2 1.4885752421115406e+38
1701.64 1.3259280247004037e+38
1702.08 1.4554416761795335e+38
1702.53 1.4625377859628788e+38
1702.97 1.4799289724254077e+38
1703.41 1.4499620944057594e+38
1703.85 1.4914981578090274e+38
1704.29 1.4853395049792082e+38
1704.73 1.4766271930064483e+38
1705.18 1.4874192790470458e+38
1705.62 1.4614526226978763e+38
1706.06 1.4204391471992172e+38
1706.5 1.3174701688200004e+38
1706.94 1.4780313398631884e+38
1707.39 9.60187498046225e+37
1707.83 1.4786779899020122e+38
1708.27 1.4499046444645564e+38
1708.71 1.358822654545248e+38
1709.16 1.4742841256442588e+38
1709.6 1.4581001905340687e+38
1710.04 1.4375009266136474e+38
1710.49 1.4304328156273643e+38
1710.93 1.3261402123981003e+38
1711.37 9.168294909780235e+37
1711.82 1.3919282783517964e+38
1712.26 1.4187818353117466e+38
1712.7 9.513507148760586e+37
1713.15 1.4505542112315066e+38
1713.59 1.4278423962380134e+38
1714.04 1.4548778031320659e+38
1714.48 1.4550437010319123e+38
1714.93 1.4516492154657424e+38
1715.37 1.1819741373604826e+38
1715.81 1.4175171797092684e+38
1716.26 1.4003941061142264e+38
1716.7 1.4421145102805084e+38
1717.15 1.076657899372916e+38
1717.59 1.4506734707557024e+38
1718.04 1.3413213847431337e+38
1718.48 1.0059485743571269e+38
1718.93 1.3545328693822327e+38
1719.38 1.1450200494627944e+38
1719.82 1.3479380042424066e+38
1720.27 1.4435501278666767e+38
1720.71 1.2819909638756903e+38
1721.16 1.3811893232024115e+38
1721.6 1.1605836348989745e+38
1722.05 1.3516179107575206e+38
1722.5 9.76217304690435e+37
1722.94 1.3484328954226496e+38
1723.39 1.4309531167298356e+38
1723.84 1.2896708786092934e+38
1724.28 9.675325211837194e+37
1724.73 1.3951291990601709e+38
1725.18 1.3993855158219392e+38
1725.62 9.241699805009188e+37
1726.07 1.4322897817660697e+38
1726.52 1.3148286489131153e+38
1726.97 1.4270599827439274e+38
1727.41 1.0746243041590741e+38
1727.86 1.4195273893414316e+38
1728.31 1.2485847749643263e+38
1728.76 1.3461253492821687e+38
1729.2 1.4044667284208394e+38
1729.65 1.4336481702710988e+38
1730.1 1.4285718823254772e+38
1730.55 1.3158571093899966e+38
1731.0 1.431167097086175e+38
1731.45 1.2534350612865773e+38
1731.9 1.4314801897261862e+38
1732.34 1.3983146218297802e+38
1732.79 1.3246908453083305e+38
1733.24 1.4109037926389288e+38
1733.69 1.3775991344943727e+38
1734.14 1.3910240049190943e+38
1734.59 1.4204392787478947e+38
1735.04 1.4316539760700647e+38
1735.49 1.4269735720471167e+38
1735.94 1.4071581694098877e+38
1736.39 1.2351700311601228e+38
1736.84 1.4267444844111147e+38
1737.29 1.2624870682747418e+38
1737.74 1.4189662951258295e+38
1738.19 1.192414715256385e+38
1738.64 1.2431245981887828e+38
1739.09 1.3107571028472115e+38
1739.54 1.4120482867301141e+38
1739.99 1.4006513444552545e+38
1740.44 1.4163226062353877e+38
1740.9 1.3078229068796186e+38
1741.35 1.394495659647409e+38
1741.8 1.41234158895366e+38
1742.25 1.270349749856665e+38
1742.7 1.4017185500060429e+38
1743.15 1.4095209063089684e+38
1743.6 1.4059953055035323e+38
1744.06 1.4068467139631483e+38
1744.51 1.404665441175254e+38
1744.96 1.365324911829005e+38
1745.41 1.2550494813087862e+38
1745.86 1.402293059486352e+38
1746.32 1.4040029168391694e+38
1746.77 1.389953749244869e+38
1747.22 1.184908359696726e+38
1747.68 1.2420166237326859e+38
1748.13 1.2110277920125916e+38
1748.58 1.3828911622226647e+38
1749.04 1.2205668496975135e+38
1749.49 1.3461084561319915e+38
1749.94 1.393526929866199e+38
1750.4 1.3139466316667506e+38
1750.85 1.402665341110144e+38
1751.3 1.1239151512961005e+38
1751.76 1.073792099742576e+38
1752.21 1.4024021872511464e+38
1752.67 1.4001960558076593e+38
1753.12 1.1752047010959709e+38
1753.57 1.2987192073085063e+38
1754.03 1.3810096347972008e+38
1754.48 1.397193489963644e+38
1754.94 1.3812656398063626e+38
1755.39 1.4003091750764098e+38
1755.85 1.38997544513564e+38
1756.3 1.3963424185530059e+38
1756.76 1.3945251978160886e+38
1757.21 1.3925194332973106e+38
1757.67 1.389950502665718e+38
1758.12 1.311571681366253e+38
1758.58 1.187396372133924e+38
1759.04 1.3675814552022993e+38
1759.49 1.383166161104422e+38
1759.95 1.3813669764257256e+38
1760.4 1.0887613580935612e+38
1760.86 1.1360859797056834e+38
1761.32 1.290567056474183e+38
1761.77 1.3738369270779165e+38
1762.23 1.3539641857548666e+38
1762.69 1.3686738444181062e+38
1763.14 1.354577353453877e+38
1763.6 1.2823958582452158e+38
1764.06 1.3389791669529177e+38
1764.51 1.3577416944045255e+38
1764.97 1.0824424168462485e+38
1765.43 1.359959508724953e+38
1765.89 1.3465798013375592e+38
1766.34 1.3477080367829305e+38
1766.8 1.359177797011594e+38
1767.26 1.3546707779368553e+38
1767.72 1.3548088077113203e+38
1768.18 1.3420117745827202e+38
1768.64 1.3462976853060171e+38
1769.09 1.3573827273826852e+38
1769.55 1.1089495620580923e+38
1770.01 1.3464685348775921e+38
1770.47 1.1219885168905871e+38
1770.93 1.330470326543529e+38
1771.39 1.3369618532732631e+38
1771.85 1.343849955482484e+38
1772.31 1.355193314206658e+38
1772.77 1.3489211215851406e+38
1773.22 1.3310941062578738e+38
1773.68 1.3179237803083343e+38
1774.14 1.351848656866758e+38
1774.6 1.3072107403453302e+38
1775.06 1.3526476321457934e+38
1775.52 1.3436395984219835e+38
1775.98 9.600558366639305e+37
1776.44 1.3495064302551434e+38
1776.9 1.3302138689064912e+38
1777.36 1.349877392674502e+38
1777.82 1.1659354426324115e+38
1778.29 1.3484724093914124e+38
1778.75 1.2417187701519814e+38
1779.21 1.3272808328054764e+38
1779.67 1.3463141961835264e+38
1780.13 1.3413317544778578e+38
1780.59 1.3235154871254434e+38
1781.05 1.2703690560144926e+38
1781.52 1.3434811983445439e+38
1781.98 1.2527834284326181e+38
1782.44 1.3281479435106148e+38
1782.9 1.3080139613527207e+38
1783.36 1.3406501658311405e+38
1783.82 1.3402387654209485e+38
1784.29 1.3395566157306474e+38
1784.75 1.3243412197407097e+38
1785.21 1.3243725541300412e+38
1785.68 1.338108713996015e+38
1786.14 1.3212974931920115e+38
1786.6 1.337386090412599e+38
1787.06 1.3166591354657579e+38
1787.53 1.3353254570338236e+38
1787.99 1.296185505224495e+38
1788.45 1.2352934470362775e+38
1788.92 1.2789304897331095e+38
1789.38 1.335627811563172e+38
1789.84 1.3271528055146915e+38
1790.31 1.238795138211715e+38
1790.77 1.3123047306298827e+38
1791.24 1.3132440507651805e+38
1791.7 1.178846195613014e+38
1792.17 1.0491873129413527e+38
1792.63 1.3301959543899228e+38
1793.09 1.179546196683144e+38
1793.56 1.3263092107940427e+38
1794.02 1.3220586342751051e+38
1794.49 1.3327051624921592e+38
1794.95 1.169118110822178e+38
1795.42 1.331914501782364e+38
1795.89 1.312848950021687e+38
1796.35 1.3302236616707954e+38
1796.81 1.2823854158590717e+38
1797.28 1.3268253153736894e+38
1797.75 1.3001313737455036e+38
1798.21 1.3080155497353815e+38
1798.68 1.309343831950889e+38
1799.15 1.3222416662193556e+38
1799.61 1.3217806800798751e+38
1800.08 1.272890702694802e+38
1800.55 1.309353730626076e+38
1801.01 1.2915863220725484e+38
1801.48 1.0781777445813106e+38
1801.94 1.306315929359047e+38
1802.41 1.3186909448555003e+38
1802.88 1.3137485081115358e+38
1803.35 1.212397712351317e+38
1803.81 1.3169941516595471e+38
1804.28 1.3016851933146647e+38
1804.75 1.3154476037465998e+38
1805.22 1.2794643299018278e+38
1805.68 1.2436151761425957e+38
1806.15 1.2993203868320648e+38
1806.62 1.27611156322051e+38
1807.09 1.2945067192599018e+38
1807.56 1.2949162590863365e+38
1808.03 1.2786329111464725e+38
1808.49 1.2965113889286875e+38
1808.96 1.301488059585916e+38
1809.43 1.0583311839811591e+38
1809.9 1.2938087913323031e+38
1810.37 1.2709565006062284e+38
1810.84 1.2907544087894858e+38
1811.31 1.055592600294631e+38
1811.78 1.2212156706329038e+38
1812.25 1.1861226751306936e+38
1812.72 1.1905995661343241e+38
1813.19 1.231807643981406e+38
1813.66 1.2817814100949633e+38
1814.13 1.2779609234224435e+38
1814.6 1.2818105918243837e+38
1815.07 1.208485933014756e+38
1815.54 1.2493110568575855e+38
1816.01 1.1468181298336816e+38
1816.48 1.2643550143968123e+38
1816.95 1.2468308711723758e+38
1817.42 1.1593252423932261e+38
1817.89 1.2756914036408717e+38
1818.36 1.2755000749651456e+38
1818.83 1.2764066441547063e+38
1819.31 1.0795710741744718e+38
1819.78 1.214042278669331e+38
1820.25 1.2748315688911904e+38
1820.72 1.275275541463968e+38
1821.19 1.1180208022978868e+38
1821.67 9.95220637093206e+37
1822.14 1.2333236270447724e+38
1822.61 1.2595687605075267e+38
1823.08 1.0210771245978542e+38
1823.55 1.270094297518979e+38
1824.03 1.2698478649154823e+38
1824.5 1.2714750643719707e+38
1824.97 1.1536432070282903e+38
1825.44 9.479955606641423e+37
1825.92 1.2598511704709994e+38
1826.39 1.2564377461554866e+38
1826.86 1.087332610945478e+38
1827.34 1.2290108140097573e+38
1827.81 1.259670839740996e+38
1828.29 1.2094566550323198e+38
1828.76 1.2460800228301916e+38
1829.23 1.1592877177740204e+38
1829.71 1.2588557991569962e+38
1830.18 1.1712369149622343e+38
1830.66 1.1109657265627683e+38
1831.13 1.2544487488335875e+38
1831.61 1.2112104849152297e+38
1832.08 1.2538424559065863e+38
1832.56 1.2255563266449068e+38
1833.03 1.203327899252767e+38
1833.51 1.24574177342561e+38
1833.98 1.2453855926335861e+38
1834.46 1.2475468900168614e+38
1834.93 1.1738948526694023e+38
1835.41 1.2436693741794905e+38
1835.88 1.2400180818107092e+38
1836.36 1.2279658995003033e+38
1836.83 1.1623905339805499e+38
1837.31 9.566172408729019e+37
1837.79 1.1758160325441274e+38
1838.26 9.820002186093132e+37
1838.74 1.1659079706482177e+38
1839.22 1.2331066949270114e+38
1839.69 1.2316380630014525e+38
1840.17 9.701660036691087e+37
1840.65 1.2288433401144792e+38
1841.12 1.227488530948822e+38
1841.6 1.0671549118727118e+38
1842.08 1.1961511105735972e+38
1842.56 9.452556052245578e+37
1843.03 1.174751637681279e+38
1843.51 1.0094662641016101e+38
1843.99 1.0130177684113845e+38
1844.47 1.0825555308622414e+38
1844.94 1.01718335497465e+38
1845.42 1.0665151340197017e+38
1845.9 1.1916241836341612e+38
1846.38 1.1423041527481776e+38
1846.86 1.144676082173313e+38
1847.34 1.052396179266574e+38
1847.82 1.205037024968133e+38
1848.29 1.2026160386441802e+38
1848.77 1.1842775300470814e+38
1849.25 1.1068497790434531e+38
1849.73 1.1495913849796069e+38
1850.21 9.122076691804692e+37
1850.69 1.1008703969629911e+38
1851.17 1.0572029475363613e+38
1851.65 1.1984075147000899e+38
1852.13 1.1188314204387643e+38
1852.61 1.0027764308587157e+38
1853.09 1.194825973872549e+38
1853.57 1.1932606995808678e+38
1854.05 1.008538856079681e+38
1854.53 1.1896252027270832e+38
1855.01 9.156527042896129e+37
1855.49 1.1181341347877165e+38
1855.97 1.182610371685604e+38
1856.45 1.1888606207447309e+38
1856.94 1.1877124330321488e+38
1857.42 1.1881454478552847e+38
1857.9 1.1494627537042744e+38
1858.38 1.183916512843147e+38
1858.86 1.1720522979450458e+38
1859.34 1.1864596449404484e+38
1859.83 9.253818868042404e+37
1860.31 1.1858531773788918e+38
1860.79 1.1569359197156369e+38
1861.27 1.1816091025217548e+38
1861.76 1.1703877457817624e+38
1862.24 1.1839727711873012e+38
1862.72 1.1835341890348493e+38
1863.2 1.1503102911521696e+38
1863.69 1.1830155311042166e+38
1864.17 1.1785251623410309e+38
1864.65 1.1455986463450693e+38
1865.14 9.839364045375519e+37
1865.62 1.049784856050187e+38
1866.1 1.1655585769799474e+38
1866.58 9.658090198765598e+37
1867.07 1.163858883919107e+38
1867.55 1.183376637624965e+38
1868.04 1.1841375248993204e+38
1868.52 1.1805243254355654e+38
1869.01 1.1828869546587897e+38
1869.49 1.1813975018190595e+38
1869.97 1.009389302243303e+38
1870.46 1.1841230143887679e+38
1870.94 1.0440650624514543e+38
1871.43 1.0687094139639473e+38
1871.91 1.1819739733981882e+38
1872.4 1.1757753353387457e+38
1872.88 1.178533642868934e+38
1873.37 1.1806577471307853e+38
1873.85 1.0515495752725403e+38
1874.34 1.0984720077927668e+38
1874.83 1.1876697463805978e+38
1875.31 1.1199250625679568e+38
1875.8 1.1796780044958257e+38
1876.29 1.0422853906698902e+38
1876.77 1.1804704672993453e+38
1877.26 1.1803677466801704e+38
1877.74 1.1798927077467801e+38
1878.23 1.1777666553494076e+38
1878.72 1.1764666511504514e+38
1879.2 1.1734619572856283e+38
1879.69 1.1718982050378108e+38
1880.18 1.1715045591786596e+38
1880.67 9.817024910306838e+37
1881.15 9.396987696659907e+37
1881.64 1.0564259873842191e+38
1882.13 9.695993009752178e+37
1882.62 1.1355698687382015e+38
1883.1 1.06622930881884e+38
1883.59 1.1596335297333191e+38
1884.08 1.1547073098755429e+38
1884.57 8.68873346938513e+37
1885.06 8.261541804659606e+37
1885.55 1.1534461303697946e+38
1886.04 9.792668738693085e+37
1886.52 1.0404163183517477e+38
1887.01 1.0160020323817105e+38
1887.5 8.332171557634167e+37
1887.99 1.1456855001553531e+38
1888.48 1.142993474451578e+38
1888.97 1.1441418553737605e+38
1889.46 8.785433623179986e+37
1889.95 1.141562310953452e+38
1890.44 1.1303600382973377e+38
1890.93 9.846395033772092e+37
1891.42 9.914623668265705e+37
1891.91 9.784517113715138e+37
1892.4 1.0429520462663437e+38
1892.89 8.901358980930828e+37
1893.38 1.1323209286852207e+38
1893.87 9.837683878902536e+37
1894.36 1.0100790837976424e+38
1894.85 1.1220360475206227e+38
1895.34 8.040247927445835e+37
1895.84 1.0968455264425412e+38
1896.33 9.94108303867446e+37
1896.82 8.064434899985052e+37
1897.31 1.0556249048144995e+38
1897.8 1.1294813560003134e+38
1898.29 1.1295872224643973e+38
1898.79 8.992846752618683e+37
1899.28 6.589535807658262e+37
1899.77 1.107842559163496e+38
1900.26 1.1306677028028012e+38
1900.76 1.1305730617846507e+38
1901.25 1.1049774642257116e+38
1901.74 1.1311700215290576e+38
1902.23 1.123483048222189e+38
1902.73 1.1302645653354252e+38
1903.22 9.482309734212358e+37
1903.71 1.0113830916718974e+38
1904.21 1.0272970116824163e+38
1904.7 1.1326543753254787e+38
1905.19 1.0846243500991104e+38
1905.69 1.1157376885282642e+38
1906.18 1.1299297008434886e+38
1906.68 1.0444989434627842e+38
1907.17 1.1072574630262915e+38
1907.66 8.88493567196628e+37
1908.16 1.1180695444221842e+38
1908.65 1.0685053201972354e+38
1909.15 1.1145113530149468e+38
1909.64 1.1192028008482217e+38
1910.14 1.0561452524641324e+38
1910.63 1.1141230806175457e+38
1911.13 1.116861545102764e+38
1911.62 8.411780114576038e+37
1912.12 1.1144898377103725e+38
1912.61 1.1130045079967458e+38
1913.11 1.1116480190000598e+38
1913.61 9.07778488800127e+37
1914.1 7.933914869529347e+37
1914.6 1.1070857096320111e+38
1915.09 7.915002854380998e+37
1915.59 1.0717234079172517e+38
1916.09 1.0615954823227001e+38
1916.58 9.693153444636486e+37
1917.08 9.092730556008221e+37
1917.58 1.0517669293901995e+38
1918.07 1.0228811048650051e+38
1918.57 8.80299041074665e+37
1919.07 1.0614572843635339e+38
1919.56 8.921608793898388e+37
1920.06 1.077440823676924e+38
1920.56 1.0890897240151399e+38
1921.06 1.0049892045461326e+38
1921.56 8.38774634926709e+37
1922.05 1.0284452182249691e+38
1922.55 1.0939637177761616e+38
1923.05 7.795696699332988e+37
1923.55 1.0814123283615107e+38
1924.05 9.83000139689968e+37
1924.55 8.319008919481173e+37
1925.05 1.0900462315802936e+38
1925.54 1.0811146901923298e+38
1926.04 7.937103625053192e+37
1926.54 1.0891748025742322e+38
1927.04 1.0756557020705932e+38
1927.54 1.026232505317639e+38
1928.04 9.51776971523897e+37
1928.54 9.731955989209813e+37
1929.04 9.952987438185417e+37
1929.54 1.052151481207399e+38
1930.04 1.0381715747726542e+38
1930.54 1.037997775799465e+38
1931.04 1.0841407377076569e+38
1931.54 7.68706455373711e+37
1932.04 1.0865598455520707e+38
1932.54 1.0811791788843628e+38
1933.04 1.0869132576399135e+38
1933.55 1.0800610680808978e+38
1934.05 1.086599449676697e+38
1934.55 1.0863614582744642e+38
1935.05 1.08496329886098e+38
1935.55 1.0854849744817288e+38
1936.05 1.0823179096298305e+38
1936.55 1.0242331583527988e+38
1937.06 9.565539845176343e+37
1937.56 1.0468643176737947e+38
1938.06 9.788872459373268e+37
1938.56 1.0833678928017611e+38
1939.06 1.0107578229755836e+38
1939.57 1.0418146161789228e+38
1940.07 8.891977543480188e+37
1940.57 9.50205517203956e+37
1941.08 1.082484566241783e+38
1941.58 9.122640568678533e+37
1942.08 1.0818311581456225e+38
1942.58 1.0808555389944796e+38
1943.09 1.0756481850728822e+38
1943.59 8.916844480089567e+37
1944.1 1.0800310607884508e+38
1944.6 1.0743660624488199e+38
1945.1 1.076565719974873e+38
1945.61 1.064613034107042e+38
1946.11 1.0756657838307822e+38
1946.62 1.0652604009896947e+38
1947.12 1.068679608744107e+38
1947.63 1.071520694927354e+38
1948.13 9.8575641946223e+37
1948.64 1.0404669057562522e+38
1949.14 1.0668942684210647e+38
1949.65 9.042331113298151e+37
1950.15 1.0630651231567229e+38
1950.66 1.0638661476156086e+38
1951.16 1.0305525086526861e+38
1951.67 1.0609339719460936e+38
1952.17 1.0567819622980724e+38
1952.68 7.618518104537241e+37
1953.19 9.408690295960416e+37
1953.69 1.046227293348903e+38
1954.2 7.628988899136927e+37
1954.7 9.37938884232858e+37
1955.21 1.0008771553249815e+38
1955.72 1.0209753046007516e+38
1956.22 1.0508066160239876e+38
1956.73 1.0503114012831736e+38
1957.24 1.0109420213098384e+38
1957.75 1.0427961815030246e+38
1958.25 1.0517289796600188e+38
1958.76 8.767882518587218e+37
1959.27 8.246017461953858e+37
1959.78 1.0319615207382393e+38
1960.29 7.544401399237421e+37
1960.79 1.0275072014736493e+38
1961.3 8.913922575629288e+37
1961.81 1.0081522079821235e+38
1962.32 1.0270979476602409e+38
1962.83 9.905342762989686e+37
1963.33 1.0463093012425235e+38
1963.84 1.0468581853103479e+38
1964.35 8.700400503857462e+37
1964.86 9.181776366366234e+37
1965.37 8.67233690819361e+37
1965.88 1.0536142677372428e+38
1966.39 1.0539526363822022e+38
1966.9 1.0476380940707433e+38
1967.41 1.0537834986313326e+38
1967.92 1.0253315424900974e+38
1968.43 1.0336939777127802e+38
1968.94 1.0530342663332258e+38
1969.45 1.0430276433803416e+38
1969.96 1.0493201931964713e+38
1970.47 1.052446823407671e+38
1970.98 1.0520672862778535e+38
1971.49 1.0326775526961208e+38
1972.0 1.0219613753906277e+38
1972.52 1.0350057119992529e+38
1973.03 1.0495511607023034e+38
1973.54 1.040237173893155e+38
1974.05 1.0499109914687586e+38
1974.56 1.0476960542291019e+38
1975.07 1.0501339342155678e+38
1975.58 1.0348097176091304e+38
1976.1 8.145273983394461e+37
1976.61 1.0477625392377954e+38
1977.12 1.0445841116554943e+38
1977.63 1.017040512353378e+38
1978.15 1.0433810107955342e+38
1978.66 9.292335796834378e+37
1979.17 9.691430475762834e+37
1979.69 1.0096512434828502e+38
1980.2 1.0366912266756941e+38
1980.71 1.0366456565637498e+38
1981.22 1.034179333136586e+38
1981.74 1.0335963351000155e+38
1982.25 1.0289663833282205e+38
1982.77 8.038467181374132e+37
1983.28 1.0293690195213325e+38
1983.79 1.0089809008007279e+38
1984.31 7.618200106465426e+37
1984.82 9.35563050581669e+37
1985.34 1.0226953505186812e+38
1985.85 1.0214220058259166e+38
1986.36 1.012680480082312e+38
1986.88 9.961678925677703e+37
1987.4 7.951183805930046e+37
1987.91 9.148852236040924e+37
1988.43 1.0187283749673276e+38
1988.94 1.0180368441833346e+38
1989.46 1.0013891169765256e+38
1989.97 7.795179197749677e+37
1990.49 1.0079967981465195e+38
1991.0 1.0142423237972945e+38
1991.52 7.772685102192485e+37
1992.04 7.662197248994012e+37
1992.55 1.0080089903170404e+38
1993.07 1.0088577359755728e+38
1993.58 1.0077152796341509e+38
1994.1 7.377740135295978e+37
1994.62 1.0075827228183197e+38
1995.14 9.696971550141402e+37
1995.65 8.126384364191559e+37
1996.17 1.0062629406758675e+38
1996.69 1.0061056508936179e+38
1997.2 1.0051260622431124e+38
1997.72 1.0048088747703838e+38
1998.24 9.947156900043503e+37
1998.76 1.0005578720359673e+38
1999.28 1.0034924457495051e+38
1999.8 9.540098859836755e+37
2000.31 8.124325498935456e+37
2000.83 9.859888883257998e+37
2001.35 1.0011813069226566e+38
2001.87 8.15984809739012e+37
2002.39 9.151982104810481e+37
2002.91 1.0026187846939308e+38
2003.43 1.0030527633908196e+38
2003.94 1.0025050457482352e+38
2004.46 1.0022146856538143e+38
2004.98 9.907545694668413e+37
2005.5 9.657309915341022e+37
2006.02 9.591422092956547e+37
2006.54 9.9945048823051e+37
2007.06 9.931923027110345e+37
2007.58 9.94705211067084e+37
2008.1 9.962201714768369e+37
2008.62 9.552205027621615e+37
2009.14 8.219401025166569e+37
2009.67 9.940337140026913e+37
2010.19 9.11133037942222e+37
2010.71 8.890715600005907e+37
2011.23 9.635138603550742e+37
2011.75 9.906640885534901e+37
2012.27 8.724223925803392e+37
2012.79 9.822534032802435e+37
2013.31 7.992313240538666e+37
2013.84 9.872400312078936e+37
2014.36 9.854250021708986e+37
2014.88 9.858273109299888e+37
2015.4 9.041860819699955e+37
2015.93 9.762842820786321e+37
2016.45 9.760410634797737e+37
2016.97 9.823073413146697e+37
2017.49 9.480533280306394e+37
2018.02 8.817779941705222e+37
2018.54 9.836891216220265e+37
2019.06 9.676481088781206e+37
2019.58 9.855509663039968e+37
2020.11 9.856415687128654e+37
2020.63 9.84748530273919e+37
2021.16 9.855104806075611e+37
2021.68 9.839478817087808e+37
2022.2 9.852225040969159e+37
2022.73 9.32626004192315e+37
2023.25 9.856038092784053e+37
2023.78 9.836175189123493e+37
2024.3 9.853157807585786e+37
2024.82 9.854507838584295e+37
2025.35 9.827955934100108e+37
2025.88 9.369117386594144e+37
2026.4 9.742065904201083e+37
2026.93 9.8092799704583e+37
2027.45 9.7939513277747e+37
2027.98 9.75692967595414e+37
2028.5 9.54176340360712e+37
2029.03 9.755838269947093e+37
2029.55 9.744343501266505e+37
2030.08 9.369178566942521e+37
2030.61 9.718769675165169e+37
2031.13 9.689055020505059e+37
2031.66 9.686202113042623e+37
2032.19 9.46573575569399e+37
2032.71 9.608959482231095e+37
2033.24 9.654645113680464e+37
2033.77 9.091756337450278e+37
2034.29 9.568529590497287e+37
2034.82 9.409060844174862e+37
2035.35 7.694946759283256e+37
2035.88 9.253494238286753e+37
2036.4 9.591174192259456e+37
2036.93 9.597310482812999e+37
2037.46 8.77673541496704e+37
2037.99 7.725397620583727e+37
2038.52 9.59056711929273e+37
2039.04 9.563612085996077e+37
2039.57 8.453053101281873e+37
2040.1 7.805038120901323e+37
2040.63 9.503519238206329e+37
2041.16 7.793037349880286e+37
2041.69 9.571048434413824e+37
2042.22 9.56693047751009e+37
2042.74 9.528375334453466e+37
2043.28 9.560217819915118e+37
2043.8 9.489343311928134e+37
2044.33 9.551347221239173e+37
2044.86 8.981406218382673e+37
2045.39 9.410687208943602e+37
2045.92 9.528854883746341e+37
2046.45 7.858579640362219e+37
2046.98 9.509983943965177e+37
2047.52 9.151822677725955e+37
2048.05 9.481019162678289e+37
2048.58 9.479083258982356e+37
2049.11 9.44988603706138e+37
2049.64 9.282262147605652e+37
2050.17 9.138618473228344e+37
2050.7 9.537365397091472e+37
2051.23 9.488572699670617e+37
2051.76 9.28479883696133e+37
2052.3 9.509285235470171e+37
2052.83 9.282923026107994e+37
2053.36 9.448225827044748e+37
2053.89 9.47398657600652e+37
2054.43 9.465837927527415e+37
2054.96 9.450389316926482e+37
2055.49 9.448045259275532e+37
2056.02 9.4414107969369e+37
2056.55 7.746849178187875e+37
2057.09 9.438838706559864e+37
2057.62 8.2736080219658585e+37
2058.16 9.405523695672872e+37
2058.69 9.066789150010716e+37
2059.22 6.941954469468768e+37
2059.76 9.12497344604996e+37
2060.29 7.346632320828773e+37
2060.82 9.412174879479203e+37
2061.36 9.371269893944571e+37
2061.89 9.390430451263278e+37
2062.43 6.997077830791125e+37
2062.96 9.398762214545325e+37
2063.5 9.388326580905095e+37
2064.03 9.340733489976433e+37
2064.56 9.361314454417177e+37
2065.1 9.210692330728119e+37
2065.64 9.225117949096744e+37
2066.17 9.380254017130286e+37
2066.71 9.374528125785435e+37
2067.24 9.369642250101202e+37
2067.78 9.380716097068203e+37
2068.31 9.387108093114251e+37
2068.85 7.049519678063842e+37
2069.39 9.38286694079455e+37
2069.92 9.389684450446936e+37
2070.46 9.343132234374665e+37
2071.0 9.381380993394747e+37
2071.53 9.316048251669643e+37
2072.07 9.375431483847849e+37
2072.61 9.352070233126822e+37
2073.14 9.389080684098989e+37
2073.68 9.393760551716687e+37
2074.22 9.385034119771145e+37
2074.76 9.315033112060357e+37
2075.29 9.339998127105777e+37
2075.83 9.224355539812151e+37
2076.37 9.270755966582912e+37
2076.91 8.86900390179496e+37
2077.45 9.243235018352355e+37
2077.98 8.968696604430057e+37
2078.52 9.116822874506388e+37
2079.06 9.16534848128642e+37
2079.6 6.971392483031886e+37
2080.14 9.216002571518616e+37
2080.68 9.226069431728314e+37
2081.22 9.22234538721891e+37
2081.76 9.199089433619015e+37
2082.3 9.229840760388517e+37
2082.84 9.228583462046977e+37
2083.38 9.187673482667618e+37
2083.92 9.205156204411253e+37
2084.46 9.231564697091482e+37
2085.0 6.82664542396309e+37
2085.54 8.671477658132367e+37
2086.08 9.2064391339895e+37
2086.62 9.171860077002156e+37
2087.16 9.183148328932246e+37
2087.7 8.040564439053832e+37
2088.24 9.139463696041282e+37
2088.78 9.139626596745105e+37
2089.32 8.280965379266281e+37
2089.87 8.888157830296891e+37
2090.41 9.11937478809428e+37
2090.95 7.488878003994146e+37
2091.49 9.096005591364853e+37
2092.03 7.432322531544452e+37
2092.57 8.711728938133676e+37
2093.12 9.061417918368746e+37
2093.66 7.759001629502137e+37
2094.2 8.322017238929495e+37
2094.75 8.975755992111484e+37
2095.29 9.017388507279952e+37
2095.83 8.3814172735605095e+37
2096.38 8.290355329595886e+37
2096.92 8.976482058508039e+37
2097.46 9.010278145153915e+37
2098.0 8.288240014696894e+37
2098.55 8.3399230372943445e+37
2099.09 9.002091193367739e+37
2099.64 8.967653950625079e+37
2100.18 8.989851356054833e+37
2100.73 8.95478952754783e+37
2101.27 8.984464954553977e+37
2101.81 8.923501317767744e+37
2102.36 8.983753066074925e+37
2102.9 8.97520579591811e+37
2103.45 8.427795352759349e+37
2103.99 8.8188740599744e+37
2104.54 6.978547363185474e+37
2105.08 8.969416549089626e+37
2105.63 8.32868889399831e+37
2106.18 8.930217872918316e+37
2106.72 8.932591911439e+37
2107.27 8.94931385124144e+37
2107.81 8.847693543002937e+37
2108.36 8.860203830087129e+37
2108.91 8.67668677089145e+37
2109.45 8.768830837890873e+37
2110.0 8.923514702964303e+37
2110.55 8.91805446281944e+37
2111.09 8.910856461837417e+37
2111.64 8.898183866505517e+37
2112.19 8.900432821945098e+37
2112.74 8.893155423958766e+37
2113.28 8.862083566722177e+37
2113.83 8.88234017862687e+37
2114.38 8.68847395255192e+37
2114.93 8.711211141473974e+37
2115.48 8.759248064563271e+37
2116.02 8.87046704540836e+37
2116.57 8.866502821738138e+37
2117.12 8.69096425113745e+37
2117.67 8.854743396895952e+37
2118.22 8.479242881908437e+37
2118.77 8.851040063163954e+37
2119.32 8.355761991432121e+37
2119.87 8.847591849890832e+37
2120.42 8.805279138728195e+37
2120.97 8.484549703754308e+37
2121.51 8.800905694081209e+37
2122.06 8.79548884988605e+37
2122.61 8.830159111490901e+37
2123.17 8.714723041019747e+37
2123.72 8.816312068230837e+37
2124.26 7.968454576048496e+37
2124.82 8.693648111277631e+37
2125.37 8.796509969089147e+37
2125.92 8.715693529993223e+37
2126.47 8.788901039061634e+37
2127.02 8.7791762481317e+37
2127.57 8.766734505641636e+37
2128.12 7.769108275834475e+37
2128.67 8.741656967776832e+37
2129.23 8.723158347560421e+37
2129.78 8.72144874965905e+37
2130.33 8.411363910483714e+37
2130.88 8.705648487897055e+37
2131.43 8.641878264632805e+37
2131.99 8.67536321762447e+37
2132.54 8.629063252084055e+37
2133.09 8.664718243065997e+37
2133.65 8.650870144601312e+37
2134.2 8.641316409713533e+37
2134.75 8.62811111296819e+37
2135.3 8.622467147356394e+37
2135.86 8.612404236575613e+37
2136.41 8.612856169995836e+37
2136.97 8.200326336619619e+37
2137.52 8.591546685381588e+37
2138.07 7.623386293364886e+37
2138.63 8.472694981279564e+37
2139.18 8.58480578382786e+37
2139.74 8.5525390152551e+37
2140.29 8.55580115283465e+37
2140.84 8.571673397922237e+37
2141.4 8.504782091414106e+37
2141.96 8.417890635725424e+37
2142.51 8.553218488855945e+37
2143.06 8.515191794020053e+37
2143.62 8.422099216998568e+37
2144.18 7.493358496957693e+37
2144.73 8.516145130528347e+37
2145.29 8.472991021199482e+37
2145.84 8.528119934969083e+37
2146.4 8.470493831364827e+37
2146.96 8.246556712998171e+37
2147.51 8.522730895419524e+37
2148.07 8.513346015674648e+37
2148.63 8.054055410956582e+37
2149.18 8.277056585346218e+37
2149.74 8.51346190988267e+37
2150.3 8.467389597054122e+37
2150.85 8.510860512647965e+37
2151.41 8.494862640241505e+37
2151.97 8.512140248181234e+37
2152.53 7.473603639912282e+37
2153.08 8.496404997035551e+37
2153.64 8.508005086879486e+37
2154.2 8.50759979423878e+37
2154.76 8.494775976769743e+37
2155.32 8.490647757415946e+37
2155.88 8.492851786929229e+37
2156.44 8.481347650491458e+37
2156.99 8.459278977924148e+37
2157.55 8.468510753626942e+37
2158.11 8.459086373707492e+37
2158.67 8.412177435186996e+37
2159.23 7.876581209558917e+37
2159.79 8.418763026874047e+37
2160.35 8.399388155994948e+37
2160.91 8.418710261302081e+37
2161.47 8.377757958124741e+37
2162.03 7.965795340767119e+37
2162.59 8.324886883970088e+37
2163.15 8.382627789673288e+37
2163.71 7.630059444715288e+37
2164.27 8.367025776153444e+37
2164.83 8.341981304646857e+37
2165.4 8.350512792000538e+37
2165.96 7.9057898307624265e+37
2166.52 8.339450649777838e+37
2167.08 8.327887618207731e+37
2167.64 7.300435391034375e+37
2168.2 8.324805673560805e+37
2168.76 8.23521987778333e+37
2169.33 8.310932742156024e+37
2169.89 8.299960923882939e+37
2170.45 8.148342253405294e+37
2171.01 8.296625060138239e+37
2171.58 8.234158623627995e+37
2172.14 8.286547400881163e+37
2172.7 8.2748000288529985e+37
2173.27 8.274494394136722e+37
2173.83 8.250172385322191e+37
2174.39 8.209520065351049e+37
2174.96 8.198948668051468e+37
2175.52 8.224111198133815e+37
2176.08 8.225611354274606e+37
2176.65 8.235519583156084e+37
2177.21 8.224310415749282e+37
2177.78 8.207910795657994e+37
2178.34 8.207337276650196e+37
2178.91 8.207863417497515e+37
2179.47 8.1756345514671695e+37
2180.03 8.146391659706894e+37
2180.6 8.182447276856984e+37
2181.17 7.386739246139469e+37
2181.73 8.170731401062323e+37
2182.3 8.164089369662466e+37
2182.86 8.14592936802974e+37
2183.43 8.090203561801432e+37
2183.99 8.141364048947979e+37
2184.56 8.091657577523895e+37
2185.12 8.127938908833924e+37
2185.69 7.944297043192778e+37
2186.26 8.000139113870058e+37
2186.82 8.122240174171889e+37
2187.39 7.705008204526423e+37
2187.96 8.113516040746169e+37
2188.53 8.078761444196135e+37
2189.09 8.097502859813973e+37
2189.66 8.115845896126368e+37
2190.23 8.123656901190955e+37
2190.79 8.0084907542735625e+37
2191.36 8.070516576416207e+37
2191.93 7.880664806221464e+37
2192.5 8.122591014113816e+37
2193.07 8.116844361807502e+37
2193.64 8.110529037316051e+37
2194.21 8.101059633771251e+37
2194.77 8.120450614253369e+37
2195.34 8.114403903641488e+37
2195.91 8.106385929718204e+37
2196.48 8.038663313098993e+37
2197.05 8.090102649469522e+37
2197.62 8.083345869396496e+37
2198.19 8.075608427605638e+37
2198.76 8.065799946794398e+37
2199.33 7.911554158381429e+37
2199.9 8.044289418758952e+37
2200.47 8.043574553052782e+37
2201.04 8.006268125488201e+37
2201.61 8.018093575236169e+37
2202.18 7.967687081474354e+37
2202.75 8.0015601423698015e+37
2203.32 7.996301546188845e+37
2203.89 7.855560780070962e+37
2204.46 7.925344334059086e+37
2205.03 7.976192011690629e+37
2205.61 7.970760647498505e+37
2206.18 7.956576623721003e+37
2206.75 7.945100730863903e+37
2207.32 7.914639647776988e+37
2207.89 7.937254810469336e+37
2208.47 7.920300342301376e+37
2209.04 7.911608167952222e+37
2209.61 6.997103700006389e+37
2210.18 7.9033527606250295e+37
2210.76 7.744631428354251e+37
2211.33 7.871114338790295e+37
2211.9 7.868976504613471e+37
2212.48 7.868614519625306e+37
2213.05 7.8352575532195455e+37
2213.62 7.850449473089576e+37
2214.2 7.841521490332046e+37
2214.77 7.819130604699243e+37
2215.34 7.399527330967272e+37
2215.92 7.714429498793084e+37
2216.49 7.786844762687649e+37
2217.07 7.758118701811085e+37
2217.64 7.790192342709564e+37
2218.22 7.642413481918497e+37
2218.79 7.763657884256902e+37
2219.37 7.707213369240138e+37
2219.94 7.75758252776568e+37
2220.52 7.744059488189907e+37
2221.09 7.694954879982155e+37
2221.67 7.732339850179563e+37
2222.25 7.725944244216578e+37
2222.82 7.71131318143038e+37
2223.4 7.70840401121265e+37
2223.97 7.700068133653821e+37
2224.55 7.691043010664478e+37
2225.13 7.676624214577212e+37
2225.7 7.666377281950409e+37
2226.28 7.68868277408416e+37
2226.86 7.690805567837523e+37
2227.43 7.42090230944138e+37
2228.01 7.675509576766386e+37
2228.59 7.624357597198807e+37
2229.17 7.666864352273422e+37
2229.74 7.697482981887071e+37
2230.32 7.69277841884274e+37
2230.9 7.695995713263817e+37
2231.48 7.70212168365626e+37
2232.06 7.703537339725631e+37
2232.64 7.70215541780379e+37
2233.21 7.608417181656427e+37
2233.79 7.705286711241696e+37
2234.37 7.57196150170044e+37
2234.95 7.710415258682958e+37
2235.53 7.703786322201209e+37
2236.11 7.6962787127415795e+37
2236.69 7.344295288153931e+37
2237.27 7.680413674868601e+37
2237.85 7.671571038214617e+37
2238.43 7.617319836798242e+37
2239.01 7.598697057545812e+37
2239.59 7.647275254106429e+37
2240.17 7.634100583551292e+37
2240.75 7.631501407872256e+37
2241.33 7.623209900414712e+37
2241.91 7.6154368996891e+37
2242.49 7.602485619635946e+37
2243.07 7.598174582666856e+37
2243.66 7.590597758159611e+37
2244.24 7.561379756935847e+37
2244.82 7.301779018628719e+37
2245.4 7.564767590897479e+37
2245.98 7.559421452080664e+37
2246.56 7.53866407962455e+37
2247.15 7.543052069329627e+37
2247.73 7.534770089208293e+37
2248.31 7.497698621069497e+37
2248.89 7.519861027135698e+37
2249.48 7.509253978415179e+37
2250.06 7.503985719417081e+37
2250.64 7.494336175910013e+37
2251.23 7.48767468823381e+37
2251.81 7.456045449814393e+37
2252.39 7.465229900186982e+37
2252.98 7.290656844383605e+37
2253.56 7.138653795014705e+37
2254.15 7.4454011072187755e+37
2254.73 7.437265949643575e+37
2255.31 7.436372405888789e+37
2255.9 7.431489051731268e+37
2256.48 7.406986019378231e+37
2257.07 7.427724278690514e+37
2257.65 7.425129551955829e+37
2258.24 7.234906484834319e+37
2258.82 7.41216324812948e+37
2259.41 7.396487594459996e+37
2260.0 7.415384042108176e+37
2260.58 7.411920900383494e+37
2261.17 7.358398994479977e+37
2261.75 7.4083188773439355e+37
2262.34 6.87802629528907e+37
2262.93 7.402698760272193e+37
2263.51 7.393668252722539e+37
2264.1 7.387645760736888e+37
2264.69 7.395036534473619e+37
2265.27 7.373649021141164e+37
2265.86 7.318558910980789e+37
2266.45 7.388100517363814e+37
2267.03 7.383594929526453e+37
2267.62 7.383090819435538e+37
2268.21 7.230078605021377e+37
2268.8 7.376117557897178e+37
2269.39 7.376301546852751e+37
2269.97 7.3687937970081955e+37
2270.56 7.371989682129891e+37
2271.15 7.3698375526796785e+37
2271.74 7.365849063213478e+37
2272.33 7.359021196637769e+37
2272.92 7.362023743265213e+37
2273.51 7.360203727608962e+37
2274.09 7.260612823351824e+37
2274.68 7.355232801308538e+37
2275.27 7.352915534248879e+37
2275.86 7.343604412063562e+37
2276.45 7.343120862251481e+37
2277.04 7.288235004054411e+37
2277.63 7.268454756674765e+37
2278.22 7.2724152972964995e+37
2278.81 7.334979260869651e+37
2279.41 7.298524997872291e+37
2280.0 7.3292662936519775e+37
2280.59 7.309522957725886e+37
2281.18 7.323308773488836e+37
2281.77 7.318842875584776e+37
2282.36 7.318347441870315e+37
2282.95 7.314880988931808e+37
2283.54 7.31290856419988e+37
2284.14 7.308122737529274e+37
2284.73 7.30200627162555e+37
2285.32 7.295220514954578e+37
2285.91 7.2925919720627625e+37
2286.5 7.283871664609398e+37
2287.1 7.267881329200403e+37
2287.69 6.615767019679661e+37
2288.28 7.247000839375038e+37
2288.88 7.248172698594696e+37
2289.47 7.239483453020934e+37
2290.06 7.204293077795236e+37
2290.66 7.222137580403225e+37
2291.25 7.201876798213233e+37
2291.84 7.2048331129122255e+37
2292.44 7.181366685297553e+37
2293.03 7.187241831980132e+37
2293.63 7.167538854790222e+37
2294.22 7.169666732755322e+37
2294.81 7.157494619724555e+37
2295.41 7.154100563425977e+37
2296.0 7.149560520837044e+37
2296.6 6.9024610872027005e+37
2297.2 7.104645890444577e+37
2297.79 5.009771747726676e+37
2298.39 7.1283466200289305e+37
2298.98 7.075355672093577e+37
2299.58 7.081248423064351e+37
2300.17 7.113543027035577e+37
2300.77 7.086762080995767e+37
2301.37 7.101794015780693e+37
2301.96 7.097809712670109e+37
2302.56 7.092816703488742e+37
2303.16 7.071693240233223e+37
2303.75 6.953357720746023e+37
2304.35 7.075698978226492e+37
2304.95 7.069908617320302e+37
2305.54 7.060818161992619e+37
2306.14 7.052288035509988e+37
2306.74 6.916900541538247e+37
2307.34 6.975900251755578e+37
2307.94 7.0306596331146775e+37
2308.53 7.020833783829627e+37
2309.13 7.020306456752756e+37
2309.73 7.013550649696806e+37
2310.33 7.007018509071215e+37
2310.93 6.9995717196503235e+37
2311.53 6.993625079059884e+37
2312.13 6.986031604744688e+37
2312.73 6.975094823430145e+37
2313.32 6.949315605840112e+37
2313.93 6.850120981780251e+37
2314.52 6.955145501521049e+37
2315.12 6.9468559578945495e+37
2315.72 6.918149410286767e+37
2316.32 6.740105148213725e+37
2316.93 6.832087831705998e+37
2317.52 6.822658678381364e+37
2318.13 6.803897094610347e+37
2318.73 6.776767051046418e+37
2319.33 6.751967400066686e+37
2319.93 6.2861346114460195e+37
2320.53 6.695278277882217e+37
2321.13 6.670928252538369e+37
2321.73 6.643952947180398e+37
2322.33 6.559802859249308e+37
2322.94 6.463116377597179e+37
2323.54 6.560744600627763e+37
2324.14 6.532882830890166e+37
2324.74 6.496909896736801e+37
2325.35 6.49928978754713e+37
2325.95 6.514633668282749e+37
2326.55 6.524101574050304e+37
2327.16 6.536990340430693e+37
2327.76 6.514694354719069e+37
2328.36 6.440056263956469e+37
2328.97 6.593844788977198e+37
2329.57 6.609267951458509e+37
2330.17 6.622472646531515e+37
2330.78 6.627597141379299e+37
2331.38 6.646252176327322e+37
2331.98 6.490382854845756e+37
2332.59 6.684646397575758e+37
2333.19 6.525331758186039e+37
2333.8 6.705013127934024e+37
2334.4 6.72587502756037e+37
2335.01 6.726053128633975e+37
2335.61 6.730032759069971e+37
2336.22 6.732797805820875e+37
2336.82 6.725654328640356e+37
2337.43 6.608925947994331e+37
2338.03 6.711089101662416e+37
2338.64 6.628755010382544e+37
2339.25 6.6656719795235e+37
2339.85 6.671434508099909e+37
2340.46 6.673274817751077e+37
2341.07 6.619694737251961e+37
2341.67 6.659723460379107e+37
2342.28 6.660352963106232e+37
2342.89 6.652835746019801e+37
2343.5 6.646531962695179e+37
2344.1 6.588984848483828e+37
2344.71 6.593787439720261e+37
2345.32 6.628096946017556e+37
2345.93 6.614331795604974e+37
2346.53 6.629655461574948e+37
2347.14 6.629671872368226e+37
2347.75 6.537827379077257e+37
2348.36 6.6283702393866245e+37
2348.97 6.55329895600483e+37
2349.58 6.630369473452461e+37
2350.19 6.631307355742316e+37
2350.79 6.631013557408372e+37
2351.4 6.631802198490065e+37
2352.01 6.6198135801807e+37
2352.62 6.632592350941362e+37
2353.23 6.605018448650538e+37
2353.84 6.633537921487619e+37
2354.45 6.548750242829588e+37
2355.06 6.616327595657551e+37
2355.67 6.6057167300277825e+37
2356.28 6.615777089829656e+37
2356.89 6.605318796255807e+37
2357.5 6.598014524550985e+37
2358.12 6.585182301136782e+37
2358.73 6.581033842423558e+37
2359.34 6.572121478729743e+37
2359.95 6.543615909622668e+37
2360.56 6.550760596921415e+37
2361.17 6.536110985271698e+37
2361.78 6.537425112847346e+37
2362.4 6.521987802253934e+37
2363.01 6.514599490244668e+37
2363.62 6.50783618780817e+37
2364.24 6.485938448250118e+37
2364.85 6.494931485407233e+37
2365.46 6.451992932358803e+37
2366.07 6.4802852664619475e+37
2366.69 6.438760456153266e+37
2367.3 6.454393388870687e+37
2367.91 6.4828448413803955e+37
2368.53 6.481112079525823e+37
2369.14 6.477759443891608e+37
2369.76 6.474707110055156e+37
2370.37 6.4747298572237375e+37
2370.98 6.471672972374274e+37
2371.6 6.385206254304969e+37
2372.21 6.469061766700744e+37
2372.83 6.466305524222072e+37
2373.44 6.462225077583553e+37
2374.06 6.462246775672845e+37
2374.67 6.29483773606613e+37
2375.29 6.455549570330246e+37
2375.91 6.396900727731341e+37
2376.52 6.4357101401341215e+37
2377.14 6.344679109826231e+37
2377.75 6.421138724421301e+37
2378.37 6.412112919819745e+37
2378.99 6.402514547000688e+37
2379.6 6.393487832198048e+37
2380.22 6.384023012084784e+37
2380.83 6.371367891719924e+37
2381.45 6.319214199143095e+37
2382.07 6.357765123988288e+37
2382.69 6.25521227715689e+37
2383.3 6.336338936290058e+37
2383.92 6.291012611357048e+37
2384.54 6.319104395644516e+37
2385.16 6.261579842253419e+37
2385.78 6.29837469136118e+37
2386.4 6.149896605189973e+37
2387.01 6.04334109780563e+37
2387.63 6.318096591440162e+37
2388.25 6.319132170379721e+37
2388.87 6.319594836975573e+37
2389.49 6.299661197230813e+37
2390.11 6.296863620637262e+37
2390.73 6.326140993080773e+37
2391.35 6.327021370194692e+37
2391.97 6.326580898419689e+37
2392.59 6.329704117320915e+37
2393.21 6.330083973188217e+37
2393.83 6.332026353800032e+37
2394.45 6.315190946379577e+37
2395.07 6.333008952371318e+37
2395.69 6.322027241632116e+37
2396.31 6.220530300369688e+37
2396.93 6.310675732732962e+37
2397.55 6.284617679274053e+37
2398.17 6.295059730926808e+37
2398.79 6.119965902728613e+37
2399.42 6.272084457269906e+37
2400.04 6.206703262294249e+37
2400.66 6.255701447478912e+37
2401.28 6.257434252466403e+37
2401.91 6.248979745173394e+37
2402.53 6.20865986059993e+37
2403.15 6.155694578636528e+37
2403.77 6.226616862077771e+37
2404.4 6.17637503159082e+37
2405.02 6.208055765868002e+37
2405.64 6.118089085149763e+37
2406.27 6.206479935957478e+37
2406.89 6.202439213501201e+37
2407.51 6.175000287356265e+37
2408.14 6.193102566084814e+37
2408.76 6.181923108993145e+37
2409.39 6.188402646026012e+37
2410.01 6.145562687338562e+37
2410.64 6.187347263725937e+37
2411.26 6.105954363139534e+37
2411.89 6.140094349505551e+37
2412.51 6.178620509614479e+37
2413.14 6.175999154135389e+37
2413.76 6.172395681635544e+37
2414.39 6.155671787322501e+37
2415.01 6.167841468278077e+37
2415.64 6.166203292824015e+37
2416.26 6.165675387144347e+37
2416.89 6.12882108582461e+37
2417.52 6.161563669689048e+37
2418.14 6.162154511048443e+37
2418.77 6.160234902032784e+37
2419.4 5.892238959139141e+37
2420.02 6.158340042448073e+37
2420.65 6.155449532312464e+37
2421.28 6.150053665871113e+37
2421.91 6.150952817043178e+37
2422.53 6.152504991024751e+37
2423.16 6.1508510451165245e+37
2423.79 6.147548196257532e+37
2424.42 6.124242957397009e+37
2425.05 6.138343118067634e+37
2425.68 6.1396918126922115e+37
2426.3 6.130729575802925e+37
2426.93 6.123551901156351e+37
2427.56 6.115935614265914e+37
2428.19 6.107980174817652e+37
2428.82 6.099301013310524e+37
2429.45 6.074391099888351e+37
2430.08 6.073467699229198e+37
2430.71 6.062345436771103e+37
2431.34 6.067718760547215e+37
2431.97 6.030769157135515e+37
2432.6 6.051626523716531e+37
2433.23 6.043058632666627e+37
2433.86 6.011709207506684e+37
2434.49 6.0268744490142e+37
2435.12 6.016541166410569e+37
2435.75 6.001208674453762e+37
2436.39 6.021531113169932e+37
2437.02 6.019524995499809e+37
2437.65 6.021607356614031e+37
2438.28 6.020138789104759e+37
2438.91 5.741640420053972e+37
2439.54 6.024168303808344e+37
2440.18 6.017803456403013e+37
2440.81 5.998251577154661e+37
2441.44 6.019926011883631e+37
2442.07 6.022964387788984e+37
2442.71 6.026273457577844e+37
2443.34 6.026577853020862e+37
2443.97 6.019523310172596e+37
2444.61 6.027071826701216e+37
2445.24 5.974258057220697e+37
2445.88 6.010936403995189e+37
2446.51 6.001860482812009e+37
2447.14 5.999451915772545e+37
2447.78 6.00017506999092e+37
2448.41 5.990709933647151e+37
2449.05 5.941982361066037e+37
2449.68 5.991220619870084e+37
2450.32 5.931953142386034e+37
2450.95 5.974487278349535e+37
2451.59 5.976280145450168e+37
2452.22 5.970901293935268e+37
2452.86 5.966214627638457e+37
2453.49 5.961527265146016e+37
2454.13 5.956437913174068e+37
2454.76 5.949199938128295e+37
2455.4 5.93390905113228e+37
2456.04 5.941076303816383e+37
2456.67 5.932779238244381e+37
2457.31 5.91940576240717e+37
2457.95 5.927225392441853e+37
2458.58 5.920285644086929e+37
2459.22 5.917515905424931e+37
2459.86 5.907921515786889e+37
2460.5 5.903954129830538e+37
2461.14 5.88610991791851e+37
2461.77 5.825563609260662e+37
2462.41 5.888587457183524e+37
2463.05 5.886233010904991e+37
2463.69 5.835856620202215e+37
2464.33 5.878596464036384e+37
2464.96 5.873580984913749e+37
2465.6 5.852641397098889e+37
2466.24 5.862364528201767e+37
2466.88 5.856441463226413e+37
2467.52 5.826864366853944e+37
2468.16 5.845538051646529e+37
2468.8 5.838704533866717e+37
2469.44 5.833858591420848e+37
2470.08 5.826909097322751e+37
2470.72 5.822469986645354e+37
2471.36 5.798698821139421e+37
2472.0 5.810041939551583e+37
2472.64 5.803383600866127e+37
2473.28 5.773685520933387e+37
2473.92 5.790875978301483e+37
2474.56 5.7884255284770705e+37
2475.21 5.784544054668672e+37
2475.85 5.776478074948887e+37
2476.49 5.785814484156011e+37
2477.13 5.785597442248686e+37
2477.77 5.787081788124521e+37
2478.42 5.787104331108975e+37
2479.06 5.786101745235996e+37
2479.7 5.788785069823619e+37
2480.34 5.789092967718117e+37
2480.99 5.774091998056829e+37
2481.63 5.764342695176603e+37
2482.27 5.74810149372573e+37
2482.92 5.767048908092266e+37
2483.56 5.789200251133881e+37
2484.2 5.790164596884218e+37
2484.85 5.789151097048395e+37
2485.49 5.787882244803333e+37
2486.14 5.781908481026512e+37
2486.78 5.775411328471004e+37
2487.42 5.768795912832679e+37
2488.07 5.760886007267831e+37
2488.71 5.729200677588965e+37
2489.36 5.748737095502676e+37
2490.0 5.742019638841152e+37
2490.65 5.729735488444058e+37
2491.29 5.728220546675359e+37
2491.94 5.721264656222856e+37
2492.59 5.714971938895675e+37
2493.23 5.704677692202339e+37
2493.88 5.659060030083865e+37
2494.52 5.692872020453672e+37
2495.17 5.690757359400755e+37
2495.82 5.691713706574079e+37
2496.47 5.691758503151793e+37
2497.11 5.692822479630578e+37
2497.76 5.678329467821601e+37
2498.41 5.69317765757229e+37
2499.05 5.68987155450374e+37
2499.7 5.657787847978188e+37
