WAVE FLUX
1000.04 1.7226524088182463e+38
1000.53 1.566987680550011e+38
1001.02 1.2716762538961636e+38
1001.51 1.6690611671595129e+38
1002.01 1.6486763970718377e+38
1002.5 1.5211009230895863e+38
1002.99 1.548315067391976e+38
1003.48 1.726102155722278e+38
1003.97 1.7135576864973522e+38
1004.46 1.7251363625543554e+38
1004.96 1.7211143351691763e+38
1005.45 1.4914858487906117e+38
1005.94 1.092269607919734e+38
1006.43 1.6975223452377444e+38
1006.93 1.423260900272475e+38
1007.42 1.6864253733844132e+38
1007.92 1.6676706930249732e+38
1008.41 1.6697167471349422e+38
1008.91 1.4606110453797859e+38
1009.4 1.674140014841202e+38
1009.9 5.116769550435097e+37
1010.39 5.417405355953588e+37
1010.89 1.6582366876231135e+38
1011.38 1.6274774154669415e+38
1011.88 1.621374102854603e+38
1012.37 9.874479893546506e+37
1012.87 1.399778651105821e+38
1013.37 1.61180449602058e+38
1013.86 1.6124783104775658e+38
1014.36 1.5733597767202241e+38
1014.86 1.6028510238794746e+38
1015.36 1.6172817363256713e+38
1015.85 1.1066558078521946e+38
1016.35 1.4449848006392377e+38
1016.85 1.5972035202573365e+38
1017.35 1.3827296219917447e+38
1017.85 1.5481768973133804e+38
1018.35 6.824657227575378e+37
1018.85 1.5684523880273595e+38
1019.35 1.4775574723887332e+38
1019.85 8.635227565933443e+37
1020.35 1.4907885328235037e+38
1020.85 1.5241377837153339e+38
1021.35 1.1761714146963278e+38
1021.85 1.4966367559703519e+38
1022.35 1.5162616386020242e+38
1022.85 1.0186212118159449e+38
1023.35 1.5035806293322798e+38
1023.85 1.4908016852717909e+38
1024.35 1.4823954021621007e+38
1024.86 1.4674896848062924e+38
1025.36 7.556435151548567e+37
1025.86 7.989618720931171e+36
1026.37 1.3261456439053164e+38
1026.87 1.2745720129404063e+38
1027.37 1.427394176700711e+38
1027.88 1.4869649919929235e+38
1028.38 1.42237339589333e+38
1028.89 1.458987020993143e+38
1029.39 1.3973202347183543e+38
1029.9 1.0821141475842134e+38
1030.4 1.3071374109868959e+38
1030.91 3.0190753191828895e+37
1031.41 1.2586768435020996e+38
1031.92 1.4379084431188739e+38
1032.42 1.404412700515678e+38
1032.93 1.5200990687848635e+38
1033.44 1.1690999201639711e+38
1033.94 1.0397579596189941e+38
1034.45 1.3971871118698723e+38
1034.96 1.4631613956182388e+38
1035.46 8.05003723667777e+37
1035.97 1.24228342698785e+38
1036.48 1.4324822687663756e+38
1036.99 3.4433328859759823e+37
1037.5 1.117454266352915e+38
1038.01 1.3895309929134421e+38
1038.51 1.5501507485299415e+38
1039.02 1.5175907432249082e+38
1039.53 1.4706529014679204e+38
1040.04 1.4137899330979216e+38
1040.55 1.423394537164546e+38
1041.06 1.5912571813582246e+38
1041.57 1.5753295087341003e+38
1042.08 1.6033109098154094e+38
1042.59 1.593609728021914e+38
1043.11 1.624332172691249e+38
1043.62 1.6303794290801467e+38
1044.13 1.6349218837164717e+38
1044.64 1.6284408908172742e+38
1045.15 1.6104632496212027e+38
1045.67 1.6325473030975275e+38
1046.18 1.6169195158885895e+38
1046.69 1.6437806825423702e+38
1047.2 1.64367932202549e+38
1047.72 1.6444963388522042e+38
1048.23 1.6101969002114109e+38
1048.75 1.6438722573635058e+38
1049.26 1.6403955529125241e+38
1049.78 1.5783947275927643e+38
1050.29 1.5905429292431179e+38
1050.81 1.6032234205177671e+38
1051.32 1.5115039676472425e+38
1051.83 1.6358093503554277e+38
1052.35 1.5998790859802973e+38
1052.87 1.6015094928922482e+38
1053.38 1.633989828181014e+38
1053.9 1.6388065335411528e+38
1054.42 1.6395328268507616e+38
1054.93 1.6433025029965102e+38
1055.45 1.1174983803835368e+38
1055.97 1.6065896738063207e+38
1056.49 1.6343237317237638e+38
1057.01 1.6038066827886589e+38
1057.52 1.5460766811748653e+38
1058.04 1.62731306012647e+38
1058.56 1.4618233397073283e+38
1059.08 1.489271349024545e+38
1059.6 1.5921527171962548e+38
1060.12 1.4032786244433447e+38
1060.64 1.5922416747428508e+38
1061.16 1.0056355991047242e+38
1061.68 6.777560892555512e+37
1062.2 1.5520602858068966e+38
1062.72 4.612441746391199e+37
1063.24 1.298796455284432e+38
1063.76 1.5951101587244454e+38
1064.28 1.5235423510833688e+38
1064.81 1.5622249517805682e+38
1065.33 1.5930128188979973e+38
1065.85 1.1655754984681637e+38
1066.37 1.5439895394999498e+38
1066.9 1.5949500622681468e+38
1067.42 1.535112754663256e+38
1067.94 1.5045455718757797e+38
1068.47 1.548688511083705e+38
1068.99 7.031046111105769e+37
1069.52 1.426575523694505e+38
1070.04 1.5700784628011826e+38
1070.56 8.926014407790693e+37
1071.09 1.5588691424789853e+38
1071.61 1.549015996635291e+38
1072.14 1.449499157300307e+38
1072.67 1.5112903927753599e+38
1073.19 1.491532952928959e+38
1073.72 1.3811958663262071e+38
1074.24 1.4910660115370255e+38
1074.77 1.5393127946442075e+38
1075.3 1.5579953263088262e+38
1075.82 1.584543277996325e+38
1076.35 1.576177000292194e+38
1076.88 1.560328048118617e+38
1077.41 1.5793731141127034e+38
1077.94 1.1506758141527765e+38
1078.47 1.5780049824309809e+38
1078.99 1.5721155811496071e+38
1079.52 1.4649526697585024e+38
1080.05 1.5693372751610442e+38
1080.58 1.56612663678031e+38
1081.11 1.5635089828366576e+38
1081.64 1.5617542201053998e+38
1082.17 1.5518511796838254e+38
1082.7 1.5366280878637748e+38
1083.23 1.1643681216454047e+38
1083.77 1.4994207262048272e+38
1084.3 1.5068918556374463e+38
1084.83 1.3075312410477902e+38
1085.36 1.5021343787051124e+38
1085.89 1.5173135614685627e+38
1086.43 1.4710253528024624e+38
1086.96 1.5291390478094867e+38
1087.49 1.5250188945637593e+38
1088.02 1.2788056109971587e+38
1088.56 1.5047661421567856e+38
1089.09 9.96486474139135e+37
1089.63 8.528499790794875e+37
1090.16 1.4371481615035636e+38
1090.69 1.5406060826274403e+38
1091.23 1.543913450918178e+38
1091.77 1.499169361158494e+38
1092.3 1.532875313429296e+38
1092.84 1.5408597748694862e+38
1093.37 1.3248753234869554e+38
1093.91 1.549476809619738e+38
1094.44 1.541138395873923e+38
1094.98 1.5327305808812559e+38
1095.52 1.1490430612071458e+38
1096.06 1.4744332474773834e+38
1096.59 7.014649532791679e+37
1097.13 1.5414676214134777e+38
1097.67 8.02029178316772e+37
1098.21 9.85354043675513e+37
1098.74 1.5361958295716046e+38
1099.28 1.5322317090726178e+38
1099.82 1.5011388187403727e+38
1100.36 1.5276998044903977e+38
1100.9 1.53122175160516e+38
1101.44 1.4310522500721133e+38
1101.98 1.523822034223007e+38
1102.52 1.5176888298893836e+38
1103.06 1.4912607613720653e+38
1103.6 1.4988300316402324e+38
1104.15 1.1081238987336338e+38
1104.69 1.4922449000456793e+38
1105.23 1.5102143666709892e+38
1105.77 1.4758123082299416e+38
1106.31 1.510841041762971e+38
1106.85 1.4902776552398972e+38
1107.4 1.4756645266571787e+38
1107.94 1.3698473396997972e+38
1108.48 5.436350351526e+37
1109.03 1.4732759174506037e+38
1109.57 1.4999875520856425e+38
1110.11 1.470186129072872e+38
1110.66 1.4907429490332194e+38
1111.2 1.4455035529775613e+38
1111.75 1.4890622751131145e+38
1112.29 1.4390287339073922e+38
1112.84 1.489327854970342e+38
1113.39 1.4908917337401227e+38
1113.93 1.4799840765547502e+38
1114.48 1.4800338748909228e+38
1115.02 1.476200440064135e+38
1115.57 1.4566169592930036e+38
1116.12 1.460855195590229e+38
1116.67 1.3036267002697712e+38
1117.21 1.4140863275737221e+38
1117.76 1.4763970749561558e+38
1118.31 1.4704106890212022e+38
1118.86 1.4791700518447106e+38
1119.41 1.2521993902575823e+38
1119.95 1.4753101254098917e+38
1120.5 1.4717964015473351e+38
1121.05 1.4533050473884283e+38
1121.6 1.4526577139133896e+38
1122.15 1.4653536533888001e+38
1122.7 1.4648333547754204e+38
1123.25 1.4417341426624057e+38
1123.8 6.679875650522239e+37
1124.36 1.3545319929699985e+38
1124.91 3.919503682806131e+37
1125.46 1.3659154135882727e+38
1126.01 1.4179995097799417e+38
1126.56 1.3943348290308165e+38
1127.11 1.423759057218845e+38
1127.67 1.4180806010719209e+38
1128.22 6.899023126474068e+37
1128.77 4.477854119560519e+37
1129.33 1.4087432744063828e+38
1129.88 1.3134155355242387e+38
1130.44 4.8164827587987115e+37
1130.99 1.407022933235445e+38
1131.54 1.4551871834363577e+38
1132.1 1.457171279672616e+38
1132.65 1.4546733708301975e+38
1133.21 1.4550176303175823e+38
1133.77 1.4425578279911088e+38
1134.32 1.4355230012021136e+38
1134.88 1.3924072153442252e+38
1135.43 1.4406888274440686e+38
1135.99 1.4519509544212227e+38
1136.55 1.4356423077237288e+38
1137.1 1.4158614787088917e+38
1137.66 1.44157804783309e+38
1138.22 1.4408560261955191e+38
1138.78 1.429466066854108e+38
1139.34 7.846920841406129e+37
1139.9 1.1762938936088625e+38
1140.45 1.377622958051421e+38
1141.01 1.429690107209322e+38
1141.57 6.459279829561899e+37
1142.13 1.4230713456162023e+38
1142.69 1.4268252691306406e+38
1143.25 1.3908814518464849e+38
1143.81 1.4124296398714198e+38
1144.38 1.0048773468513728e+38
1144.94 8.125280875844584e+37
1145.5 1.4189560955382488e+38
1146.06 1.4183733087697858e+38
1146.62 1.4140564773523525e+38
1147.18 1.4071443905174468e+38
1147.75 1.4140443113836002e+38
1148.31 1.3680309102266965e+38
1148.87 1.3980325444513646e+38
1149.44 1.4129809503905219e+38
1150.0 1.378755131361059e+38
1150.0 1.378755131361059e+38
1150.3 1.385900215952189e+38
1150.6 1.4072505212455585e+38
1150.89 1.2432343444551245e+38
1151.19 1.339009775689223e+38
1151.49 1.4103699931569384e+38
1151.79 1.4069838519845994e+38
1152.09 1.3620097606968065e+38
1152.39 1.392682961366541e+38
1152.69 1.3744625697859802e+38
1152.98 1.3871726554234351e+38
1153.28 1.3545279618158166e+38
1153.58 1.3355646987548045e+38
1153.88 1.3192875619241892e+38
1154.18 1.3566068183287704e+38
1154.48 1.3791880411116312e+38
1154.78 1.374997801759493e+38
1155.08 1.3394834016351987e+38
1155.38 1.3384552295598275e+38
1155.68 1.3781750934352413e+38
1155.98 9.630849857759592e+37
1156.28 1.3760641213536042e+38
1156.57 1.3628108889361673e+38
1156.88 1.3714206298781693e+38
1157.18 1.3759786950458833e+38
1157.47 1.3725136023236237e+38
1157.78 1.3647221741450659e+38
1158.07 8.597409203845826e+37
1158.38 1.3715150591295896e+38
1158.68 1.3767314022358303e+38
1158.97 1.338487161312294e+38
1159.28 1.3762141984898825e+38
1159.58 1.3016311084573903e+38
1159.88 1.3909655359845042e+38
1160.18 1.3369860811147257e+38
1160.48 1.396863649570925e+38
1160.78 1.3972623140827518e+38
1161.08 1.396982240761892e+38
1161.38 1.3601408446128115e+38
1161.68 1.3861281979100768e+38
1161.98 1.3857216332279663e+38
1162.28 1.3910000350069334e+38
1162.58 1.3945879580711737e+38
1162.89 1.3923548024643166e+38
1163.19 1.2916146714579287e+38
1163.49 1.3852948414270776e+38
1163.79 1.2321112420473999e+38
1164.09 1.3780418300679202e+38
1164.39 1.3614592587172524e+38
1164.7 1.3225675550532158e+38
1165.0 1.2630747945624742e+38
1165.3 1.3678272967801403e+38
1165.6 1.3165405507274101e+38
1165.9 1.2504841640209844e+38
1166.21 1.371023102583979e+38
1166.51 1.3729613346375316e+38
1166.81 1.0802592058815637e+38
1167.11 1.376316878681913e+38
1167.42 1.3099944445121027e+38
1167.72 1.3664901177441828e+38
1168.02 1.3434628318159397e+38
1168.32 1.3677217419335774e+38
1168.63 1.370365712362041e+38
1168.93 1.3098638230385241e+38
1169.23 1.3635281706148308e+38
1169.54 1.3688646508657856e+38
1169.84 1.3653251196541916e+38
1170.14 1.2879793821724632e+38
1170.44 1.2992849325710146e+38
1170.75 1.3528910712277039e+38
1171.05 1.0949042888829735e+38
1171.35 1.3610915536766186e+38
1171.66 1.3261055000351174e+38
1171.96 1.2169848832433395e+38
1172.27 1.3605369962192938e+38
1172.57 1.3432465139955105e+38
1172.87 1.2710750038654844e+38
1173.18 1.3546877321700225e+38
1173.48 1.3052820484035483e+38
1173.79 1.3404251735902647e+38
1174.09 1.3374858038308966e+38
1174.4 1.3229270242417804e+38
1174.7 1.3122015664712623e+38
1175.0 4.602853425084157e+37
1175.31 4.974222375068138e+37
1175.61 5.049387989295299e+37
1175.92 4.5230645758742e+37
1176.22 1.0638481576199468e+38
1176.53 1.1979072339407808e+38
1176.83 1.278560136979859e+38
1177.14 1.2849812001009477e+38
1177.44 1.2865547798650012e+38
1177.75 1.2913248621621154e+38
1178.05 1.2906717881337594e+38
1178.36 1.2932453805196576e+38
1178.66 1.3322900231225586e+38
1178.97 1.336205921168782e+38
1179.27 1.327306606877116e+38
1179.58 1.3383971109086304e+38
1179.89 1.2847125466015363e+38
1180.19 1.3385623322243383e+38
1180.5 1.2982489021622477e+38
1180.8 1.2828505999304669e+38
1181.11 1.3358596206137536e+38
1181.42 1.299724856561325e+38
1181.72 1.2755383053804865e+38
1182.03 1.3378482812707855e+38
1182.33 1.3370043120714727e+38
1182.64 1.331485866919997e+38
1182.95 8.904187587142532e+37
1183.25 1.3151909929857601e+38
1183.56 1.3250882870727876e+38
1183.87 1.2837246403038364e+38
1184.17 1.3120855647895627e+38
1184.48 7.265155379734325e+37
1184.79 1.1077152446769401e+38
1185.09 1.3322374450455717e+38
1185.4 1.2571566953709871e+38
1185.71 1.312531649795777e+38
1186.02 1.321903918270647e+38
1186.32 1.3204918707837349e+38
1186.63 1.269914319861232e+38
1186.94 1.3062045073725011e+38
1187.25 1.3075434016341688e+38
1187.56 1.3029193962222275e+38
1187.86 1.3039453780406452e+38
1188.17 1.3001205116286134e+38
1188.48 1.288031829621988e+38
1188.79 1.288973743051113e+38
1189.09 1.2687242397813977e+38
1189.4 1.2783008872699718e+38
1189.71 1.2783840870147337e+38
1190.02 1.2727037792768179e+38
1190.33 1.2357656203156452e+38
1190.64 1.2693396734278553e+38
1190.94 1.2638412167152952e+38
1191.25 1.0425281084195293e+38
1191.56 1.2644473392607348e+38
1191.87 1.2271046720907734e+38
1192.18 1.2580664258668554e+38
1192.49 1.2504336992993547e+38
1192.8 1.222165329843202e+38
1193.11 1.2138985627615727e+38
1193.42 1.2321412649856383e+38
1193.73 1.2277273118920294e+38
1194.04 9.281413445832806e+37
1194.34 8.93766004957992e+37
1194.65 1.2313516617911748e+38
1194.96 1.2347024554702028e+38
1195.27 1.2144703763012251e+38
1195.58 1.2117605883606555e+38
1195.89 1.2052028072421243e+38
1196.2 1.1431478237726807e+38
1196.51 1.1874347206271466e+38
1196.82 1.1743428612947465e+38
1197.13 1.1670053275615725e+38
1197.44 1.1264062320296232e+38
1197.75 1.172978075668387e+38
1198.06 1.1765160214126204e+38
1198.38 1.1672516901598341e+38
1198.69 1.1811937520677195e+38
1199.0 1.1754720424234403e+38
1199.31 1.1908663574296601e+38
1199.62 1.1736110350337878e+38
1199.93 1.1957510216282712e+38
1200.24 1.154514621920724e+38
1200.55 1.1713369995933298e+38
1200.86 9.789994106806074e+37
1201.17 1.1820281396060902e+38
1201.48 1.1302874273643256e+38
1201.8 9.200621878207953e+37
1202.11 5.914341091216777e+37
1202.42 1.165370616615863e+38
1202.73 1.166302050562968e+38
1203.04 1.1556816754943659e+38
1203.35 1.1595430817312088e+38
1203.67 1.1576781925011675e+38
1203.98 1.1594859029318351e+38
1204.29 1.1226537513767011e+38
1204.6 1.1493065198509642e+38
1204.92 1.0805450768773403e+38
1205.23 1.1303776610194462e+38
1205.54 1.120766697680888e+38
1205.85 1.1126950871859497e+38
1206.16 1.104828909598602e+38
1206.48 2.1265017911328258e+37
1206.79 1.0931329439593063e+38
1207.1 1.078433719197782e+38
1207.42 1.0700179367825017e+38
1207.73 1.1002851503855584e+38
1208.04 1.0796116181380699e+38
1208.35 1.0917453406290043e+38
1208.67 1.094878966884011e+38
1208.98 1.1132221826276725e+38
1209.29 1.1046341033188326e+38
1209.61 1.1052071336835264e+38
1209.92 1.1002406209673065e+38
1210.23 1.096962964700372e+38
1210.55 9.940811428748093e+37
1210.86 1.087417071712534e+38
1211.18 1.0228810309207887e+38
1211.49 1.0790994988136696e+38
1211.8 1.070253366325601e+38
1212.12 1.0706073082094677e+38
1212.43 1.070719054591829e+38
1212.75 1.0674613070356026e+38
1213.06 1.0616565276588731e+38
1213.38 1.0602057984812422e+38
1213.69 1.0260871370154275e+38
1214.0 1.0382540873209706e+38
1214.32 1.0496039744037097e+38
1214.63 9.487607949859349e+37
1214.95 1.0388606630638542e+38
1215.26 5.976062957583751e+37
1215.58 1.3919753474677447e+37
1215.89 8.959244101198522e+36
1216.21 1.0482396849132332e+38
1216.52 1.0525574920591052e+38
1216.84 9.922709830949261e+37
1217.15 9.277184768035391e+37
1217.47 1.0618203583224275e+38
1217.79 8.3017426979077035e+37
1218.1 1.067820708840667e+38
1218.42 1.0535227015323818e+38
1218.73 8.390797215153698e+37
1219.05 1.0746400972914017e+38
1219.36 1.076694957061973e+38
1219.68 1.0789115631970376e+38
1220.0 9.70366621093388e+37
1220.31 1.0716914112859501e+38
1220.63 1.0807187773909522e+38
1220.94 9.940069245948715e+37
1221.26 8.041682521526445e+37
1221.58 1.0832186609045259e+38
1221.9 1.0037742531101067e+38
1222.21 1.0525143692824546e+38
1222.53 1.075988283834136e+38
1222.84 1.0786280704415713e+38
1223.16 8.860812531691692e+37
1223.48 1.0820437500173594e+38
1223.8 8.449267710167168e+37
1224.11 1.0699202584822424e+38
1224.43 1.0956966548027203e+38
1224.75 1.099804553304199e+38
1225.06 1.1026986836654848e+38
1225.38 1.1055276186445555e+38
1225.7 1.1002803247259854e+38
1226.02 8.737682549000321e+37
1226.34 1.121672953579421e+38
1226.65 1.1238220554990865e+38
1226.97 1.0946390551423435e+38
1227.29 1.1147453870668929e+38
1227.61 1.1244509633627837e+38
1227.93 1.1335439742629355e+38
1228.24 1.1304991477622735e+38
1228.56 1.108288198964085e+38
1228.88 1.143160048902689e+38
1229.2 1.1435743317221096e+38
1229.52 1.09441186023561e+38
1229.84 1.0738244420726812e+38
1230.16 1.1469435275674837e+38
1230.47 1.1427787413881497e+38
1230.79 1.0873218275151473e+38
1231.11 1.1645775021131872e+38
1231.43 1.1358527937077352e+38
1231.75 1.1709237612788682e+38
1232.07 1.1749559552243878e+38
1232.39 1.1779260011049448e+38
1232.71 1.1807931957110272e+38
1233.03 1.1370189671512791e+38
1233.35 1.1793049925489002e+38
1233.67 1.1841362708074632e+38
1233.99 1.1850886015155623e+38
1234.31 1.1893896886247032e+38
1234.63 1.1800313721087478e+38
1234.95 1.1947860024607702e+38
1235.27 1.1872938189566612e+38
1235.59 1.1969963316163919e+38
1235.91 1.19778534010153e+38
1236.23 1.1192982189529252e+38
1236.55 1.2000411713032402e+38
1236.87 1.2005577768126228e+38
1237.19 1.1847805921912375e+38
1237.51 1.2028556142204298e+38
1237.83 1.2014825620819e+38
1238.15 1.1989794809819823e+38
1238.47 1.1650352235974331e+38
1238.79 1.1242301164547804e+38
1239.11 1.2094436628835103e+38
1239.44 1.213728262471283e+38
1239.76 1.2135619139959945e+38
1240.08 1.2136381397302144e+38
1240.4 1.2056185604569238e+38
1240.72 1.2128309757538153e+38
1241.04 1.2132182695107564e+38
1241.36 1.2146000954403154e+38
1241.69 1.2137855502920893e+38
1242.01 1.2131105853149004e+38
1242.33 1.2066317936884586e+38
1242.65 1.20417939484086e+38
1242.97 1.2192489524593051e+38
1243.3 1.188886979574615e+38
1243.62 1.2241831619829846e+38
1243.94 1.224700687905518e+38
1244.26 1.2240088625347854e+38
1244.58 1.2253034825764743e+38
1244.91 1.2242014496535891e+38
1245.23 1.1773792095549595e+38
1245.55 1.2100936478385092e+38
1245.88 1.204341789095218e+38
1246.2 1.17676297645069e+38
1246.52 1.1825497260427899e+38
1246.84 1.1884790369140056e+38
1247.17 1.1821039283185645e+38
1247.49 5.4416624542555285e+37
1247.81 1.0618960442082974e+38
1248.14 1.1864526028547057e+38
1248.46 1.1418244880531738e+38
1248.79 1.20353874557563e+38
1249.11 1.209240645209012e+38
1249.43 1.2138288218061563e+38
1249.76 1.2086329013548801e+38
1250.08 1.1828877860995684e+38
1250.4 1.1779853439217805e+38
1250.73 1.2132651633002586e+38
1251.05 1.2110518451116929e+38
1251.38 1.2033394937322202e+38
1251.7 1.2016845493152738e+38
1252.03 1.2144514500381017e+38
1252.35 1.2141502207836691e+38
1252.68 1.1787838762626278e+38
1253.0 1.2131681868670836e+38
1253.32 1.2124204363789027e+38
1253.65 1.1681403301651297e+38
1253.97 1.2097146947577415e+38
1254.3 1.2109136365402186e+38
1254.62 1.2097901060747302e+38
1254.95 1.1786935478517423e+38
1255.27 1.0836463289290292e+38
1255.6 1.2084309525920192e+38
1255.93 1.2073728183669216e+38
1256.25 1.206614327184139e+38
1256.58 1.1165166089754668e+38
1256.9 1.2010753718120858e+38
1257.23 1.198401624540277e+38
1257.55 1.1977359639716596e+38
1257.88 1.1826429744167834e+38
1258.2 1.1968554952652924e+38
1258.53 9.75446044245403e+37
1258.86 1.137980509516001e+38
1259.18 1.1681442460178653e+38
1259.51 1.1508044878238584e+38
1259.84 1.1784848912797187e+38
1260.16 1.1894317680260154e+38
1260.49 1.1493562802646838e+38
1260.82 1.1601581473047051e+38
1261.14 1.1765323464841926e+38
1261.47 1.177685511052666e+38
1261.8 1.172314552987069e+38
1262.12 1.168013717032328e+38
1262.45 1.1795550055330143e+38
1262.78 1.1783294760777156e+38
1263.11 1.1744395590855532e+38
1263.43 1.1756715210341253e+38
1263.76 1.1741832516131105e+38
1264.09 1.17248029316979e+38
1264.42 1.1713147959445955e+38
1264.74 1.1361251446925017e+38
1265.07 1.1284504637454793e+38
1265.4 1.1002143258304073e+38
1265.73 1.1636833865838606e+38
1266.06 1.1642284170555269e+38
1266.38 1.1682457250738892e+38
1266.71 1.143134065673855e+38
1267.04 1.1698130953642546e+38
1267.37 1.1642590641306258e+38
1267.7 1.1714202970700989e+38
1268.03 1.1518301854386038e+38
1268.35 1.1760346681667041e+38
1268.68 1.1724941421293116e+38
1269.01 1.0303430679981023e+38
1269.34 1.1758067094306488e+38
1269.67 1.1780027448261643e+38
1270.0 1.1509173441490695e+38
1270.33 1.1779842739735478e+38
1270.66 1.1442676336134812e+38
1270.99 1.1809333879055387e+38
1271.32 1.1788372722048775e+38
1271.65 1.1818014683162888e+38
1271.97 1.162876196668059e+38
1272.31 1.1820970809191999e+38
1272.63 1.1549682388148506e+38
1272.96 1.184849260955685e+38
1273.29 1.1776284915041164e+38
1273.62 1.105463241951785e+38
1273.95 1.1867529274981908e+38
1274.28 1.1871518632109056e+38
1274.61 1.1879719423387893e+38
1274.94 1.1881441412432936e+38
1275.28 1.1885869929556644e+38
1275.61 1.188587156105341e+38
1275.94 1.187673350688476e+38
1276.27 1.1881328470007638e+38
1276.6 1.1879961731752954e+38
1276.93 1.1819867529934561e+38
1277.26 1.15932535131022e+38
1277.59 1.159464070897824e+38
1277.92 1.185765578977647e+38
1278.25 1.1869703687545548e+38
1278.58 1.1867040330723345e+38
1278.92 9.54547477006118e+37
1279.25 1.182158477320365e+38
1279.58 1.1858445139511884e+38
1279.91 1.1665206036538112e+38
1280.24 1.1833070422683925e+38
1280.57 1.178213159843525e+38
1280.91 1.1827859424813468e+38
1281.24 1.1840422423336812e+38
1281.57 1.1720752209989995e+38
1281.9 1.1820157509693634e+38
1282.23 1.1812395850418124e+38
1282.57 1.1805882256231182e+38
1282.9 1.1799175618499593e+38
1283.23 1.1789745510342017e+38
1283.56 1.120698126480431e+38
1283.9 1.1745785002536759e+38
1284.23 9.994277057929274e+37
1284.56 1.1756027543988227e+38
1284.9 1.176445318273122e+38
1285.23 1.1761122991350779e+38
1285.56 1.1761524900115432e+38
1285.9 1.17316238401742e+38
1286.23 1.1725583277580533e+38
1286.56 1.1559162190439582e+38
1286.9 1.173743620152595e+38
1287.23 1.1731581844265331e+38
1287.56 1.128185915616291e+38
1287.9 1.170668041487115e+38
1288.23 1.1591065691182202e+38
1288.56 1.1681901428287174e+38
1288.9 1.1663830260407539e+38
1289.23 1.1453925844744036e+38
1289.57 1.161737664625397e+38
1289.9 1.1620778527735883e+38
1290.23 1.1581806199312689e+38
1290.57 1.1608984968845635e+38
1290.9 1.1467493635485334e+38
1291.24 9.290380372605117e+37
1291.57 1.084220999619855e+38
1291.91 1.1560054996002183e+38
1292.24 1.1489921547793062e+38
1292.58 1.152916439799222e+38
1292.91 1.1535321235696835e+38
1293.25 1.017660237445766e+38
1293.58 1.144730805910441e+38
1293.92 1.1420026639031425e+38
1294.25 1.1498779442000837e+38
1294.59 4.1068363748689966e+37
1294.92 1.1399301559344659e+38
1295.26 1.136373237090999e+38
1295.59 1.1330052002307771e+38
1295.93 1.084545990041287e+38
1296.27 9.63291448631175e+37
1296.6 1.0529447326931773e+38
1296.94 1.1219940170300371e+38
1297.28 1.1235039239672898e+38
1297.61 1.1235427519039443e+38
1297.95 1.1213763656832095e+38
1298.28 1.1285279106218768e+38
1298.62 1.0610185814831357e+38
1298.96 4.360599575867491e+37
1299.29 1.1300399164919056e+38
1299.63 1.1333224618818944e+38
1299.97 1.1312176117645303e+38
1300.3 1.114078868802081e+38
1300.64 1.1263753936477714e+38
1300.98 1.1170396326191817e+38
1301.32 1.1199392018901408e+38
1301.65 1.124298601920671e+38
1301.99 1.1232735598033335e+38
1302.33 1.123434412847807e+38
1302.67 1.1234518150781074e+38
1303.0 1.1224228584391085e+38
1303.34 4.080635528963578e+37
1303.68 1.1220041564525225e+38
1304.02 1.1239034708804808e+38
1304.35 1.0912949628597016e+38
1304.69 1.1093706535121537e+38
1305.03 1.1214671067115413e+38
1305.37 1.0587170573232725e+38
1305.71 1.1216878479040433e+38
1306.05 1.0635867495982836e+38
1306.38 1.1244666298035519e+38
1306.72 1.1209220716942348e+38
1307.06 1.1254756294050349e+38
1307.4 1.1200678761416862e+38
1307.74 1.1251766248078382e+38
1308.08 1.1254776669156769e+38
1308.42 1.1253219851156417e+38
1308.76 1.0227753416141717e+38
1309.09 1.1254608582770354e+38
1309.43 1.0936038242674157e+38
1309.77 1.1148398831704732e+38
1310.11 1.1083581941856863e+38
1310.45 1.1257643829467413e+38
1310.79 1.126019976227668e+38
1311.13 1.1227748887209531e+38
1311.47 1.1237011772545451e+38
1311.81 1.1209017027243441e+38
1312.15 1.1267250863263514e+38
1312.49 1.0207503652932778e+38
1312.83 1.1275688259187241e+38
1313.17 1.1275679420190942e+38
1313.51 1.1282249154833946e+38
1313.85 1.1286066746992047e+38
1314.19 1.128819101380192e+38
1314.53 1.1237467439155045e+38
1314.88 1.1294766597081264e+38
1315.22 1.1291627834072525e+38
1315.56 1.1243965508845587e+38
1315.9 1.1248057429033834e+38
1316.24 1.0912262785575097e+38
1316.58 1.127041052994785e+38
1316.92 1.127431221092629e+38
1317.26 1.1061127905757643e+38
1317.6 1.1262867188795346e+38
1317.94 1.1256529448393364e+38
1318.29 1.1234159458670631e+38
1318.63 1.113943924430772e+38
1318.97 1.1229701251459857e+38
1319.31 1.1090928215206736e+38
1319.65 1.1110134231520342e+38
1320.0 1.1217793675544674e+38
1320.34 1.1182731115877613e+38
1320.68 1.1197610252583825e+38
1321.02 1.1199627243868461e+38
1321.36 1.107994067315184e+38
1321.71 1.1179312469679577e+38
1322.05 1.1180714447785557e+38
1322.39 1.1172556283327582e+38
1322.74 1.11586514523553e+38
1323.08 1.1074452203271316e+38
1323.42 1.113051737432708e+38
1323.76 1.0956808030332663e+38
1324.11 1.1069182487011058e+38
1324.45 1.1004019743862721e+38
1324.79 1.0989106305769395e+38
1325.14 1.1077121093380926e+38
1325.48 1.1088105830568512e+38
1325.82 1.1057550530713444e+38
1326.17 1.106835435962156e+38
1326.51 1.1047260626151546e+38
1326.85 1.0947860555373666e+38
1327.2 1.0764636344122784e+38
1327.54 1.0550686752554785e+38
1327.89 1.1022825374256835e+38
1328.23 1.100727486575393e+38
1328.58 1.099199294946629e+38
1328.92 1.096741493077981e+38
1329.27 1.098689355799177e+38
1329.61 1.074538904274322e+38
1329.95 1.0903701670901136e+38
1330.3 1.0711533113096575e+38
1330.64 1.0924483895094805e+38
1330.99 1.090170378718829e+38
1331.33 1.0910729042334476e+38
1331.68 1.0869518501502752e+38
1332.02 1.090900127686643e+38
1332.37 1.077486544175211e+38
1332.71 1.0888831631989114e+38
1333.06 1.0880404599038633e+38
1333.41 1.0871747283419951e+38
1333.75 1.0849983944031305e+38
1334.1 1.0849897097787084e+38
1334.44 3.532063209838671e+37
1334.79 1.0266323409347059e+38
1335.13 1.0562159845642323e+38
1335.48 1.0814334454121711e+38
1335.83 4.755497988319696e+37
1336.17 1.0596452769569025e+38
1336.52 1.0741452199931271e+38
1336.86 1.0793010506095666e+38
1337.21 1.0833021540534897e+38
1337.56 1.0838292702455505e+38
1337.91 1.0838343758199395e+38
1338.25 1.0838048617254154e+38
1338.6 8.151949806133791e+37
1338.94 1.0843059934908033e+38
1339.29 1.0848698194990434e+38
1339.64 1.0714234058283998e+38
1339.99 1.0852824965959252e+38
1340.33 1.0784278105323545e+38
1340.68 1.0851742901905758e+38
1341.03 1.0852434062450301e+38
1341.38 1.07750686355774e+38
1341.72 1.0853261031336158e+38
1342.07 1.0838942578417648e+38
1342.42 8.372062138086172e+37
1342.77 1.0845947903625449e+38
1343.11 1.0790772401222141e+38
1343.46 8.329282128766431e+37
1343.81 1.0818961491678454e+38
1344.16 1.0802475954786931e+38
1344.51 1.0807046485178992e+38
1344.86 1.0093541388241603e+38
1345.21 1.0780968899469258e+38
1345.55 1.0719175782277027e+38
1345.9 1.0723339135586472e+38
1346.25 1.0751647989435531e+38
1346.6 1.0700694872957172e+38
1346.95 1.0661899100826613e+38
1347.3 1.0312165762800195e+38
1347.65 1.074761723889586e+38
1348.0 1.0605954702306192e+38
1348.35 1.08101980896755e+38
1348.7 1.0799421113431776e+38
1349.05 1.0778579658949362e+38
1349.4 1.0791913711033386e+38
1349.74 1.0768787075186708e+38
1350.09 1.054684261636177e+38
1350.44 1.0662001418338447e+38
1350.8 1.0759326671848093e+38
1351.15 1.0754570277278432e+38
1351.49 1.0673842793494363e+38
1351.84 1.0740707435771622e+38
1352.2 1.073292490394108e+38
1352.55 1.0557743884210993e+38
1352.9 1.0715284643210761e+38
1353.25 1.0695292430240205e+38
1353.6 1.0692213579394508e+38
1353.95 1.0688586676078302e+38
1354.3 1.0464550135170939e+38
1354.65 1.0644240637290497e+38
1355.0 1.0678459470214101e+38
1355.35 1.0421757453324652e+38
1355.7 1.065828405072633e+38
1356.06 9.779289798194265e+37
1356.41 1.060181231020501e+38
1356.76 1.0636132443955735e+38
1357.11 9.928995863069722e+37
1357.46 1.061487966353619e+38
1357.81 1.0404881593386276e+38
1358.17 1.059734552623702e+38
1358.52 1.056382948684933e+38
1358.87 1.0555215847840584e+38
1359.22 1.021137864655878e+38
1359.57 1.0539407108216497e+38
1359.93 1.0512757718829421e+38
1360.28 1.0508688556087708e+38
1360.63 1.0480021540370387e+38
1360.98 1.0457403011223259e+38
1361.34 1.029421757051816e+38
1361.69 1.0181749486324019e+38
1362.04 1.0463252099014482e+38
1362.4 1.0409950254700984e+38
1362.75 1.0383486119864657e+38
1363.1 1.031547523201272e+38
1363.46 8.144284348413097e+37
1363.81 1.0357271792197297e+38
1364.16 1.0393117891020854e+38
1364.52 1.0397636350872855e+38
1364.87 1.0270464516218565e+38
1365.22 1.002586020135386e+38
1365.58 1.0271754149425058e+38
1365.93 1.038950313492268e+38
1366.29 1.0409498739823531e+38
1366.64 1.040750394282578e+38
1366.99 9.836028396023584e+37
1367.35 1.037568808850422e+38
1367.7 1.036028346172048e+38
1368.06 1.0332948243703577e+38
1368.41 1.0369494686176615e+38
1368.77 1.0380971441153867e+38
1369.12 1.0368404770764529e+38
1369.48 1.0008280639340703e+38
1369.83 1.0369363489356662e+38
1370.19 1.022083158718598e+38
1370.54 1.0358632619180731e+38
1370.9 1.0322535080729259e+38
1371.25 1.0242735090236932e+38
1371.61 1.0059012637442282e+38
1371.96 1.0302309716332665e+38
1372.32 1.0282693490365636e+38
1372.67 1.0332125323363757e+38
1373.03 9.62091027099453e+37
1373.39 1.0303240709681573e+38
1373.74 1.0143071262688025e+38
1374.1 9.597465975369776e+37
1374.45 1.0156189015728664e+38
1374.81 9.951286841849377e+37
1375.17 1.0150485034459329e+38
1375.52 1.0152754337305483e+38
1375.88 1.0306658728125775e+38
1376.23 1.0244683232400331e+38
1376.59 1.0295570148166562e+38
1376.95 9.715223513058056e+37
1377.31 9.991945199876124e+37
1377.66 1.0205566070303416e+38
1378.02 9.943399439216237e+37
1378.38 1.0263012592475817e+38
1378.73 1.0120122895704555e+38
1379.09 1.0250388337259875e+38
1379.45 1.0154610504241884e+38
1379.81 1.027232699258905e+38
1380.16 1.022193093213438e+38
1380.52 1.0207409342110187e+38
1380.88 9.992443916094022e+37
1381.24 9.995687483737404e+37
1381.6 9.60975585675927e+37
1381.95 1.0264367840551349e+38
1382.31 1.0259970988472477e+38
1382.67 1.0157039276601709e+38
1383.03 1.024060095636186e+38
1383.39 1.0224053441097534e+38
1383.75 9.975058096529176e+37
1384.1 1.0054364563999787e+38
1384.46 1.0150695910708995e+38
1384.82 1.0155116674973863e+38
1385.18 1.0215752243326808e+38
1385.54 1.0175089541378648e+38
1385.9 9.042454361327674e+37
1386.26 9.96213692495571e+37
1386.62 1.0106750147119533e+38
1386.98 1.017889798907596e+38
1387.34 9.809671451746979e+37
1387.7 1.0166106741099598e+38
1388.06 1.011946397492812e+38
1388.42 1.0147179534015242e+38
1388.78 1.0148480201278659e+38
1389.14 1.0110456031782413e+38
1389.49 1.0134385228807582e+38
1389.85 1.014171571833879e+38
1390.21 9.977985939673117e+37
1390.58 1.0128225944137087e+38
1390.94 1.0098732089065581e+38
1391.3 1.0078956989695317e+38
1391.66 1.003072752234382e+38
1392.02 9.976194167966009e+37
1392.38 9.657600373259804e+37
1392.74 9.89509109105516e+37
1393.1 9.730618100679021e+37
1393.46 9.839151373146584e+37
1393.82 5.680845824396127e+37
1394.18 9.840624631766988e+37
1394.55 9.819798064214366e+37
1394.91 9.90188145696515e+37
1395.27 8.922904728886345e+37
1395.63 9.97662195827775e+37
1395.99 9.592826959775716e+37
1396.35 1.0032375203648364e+38
1396.72 1.002970880705087e+38
1397.08 9.976576227930938e+37
1397.44 9.95957962799907e+37
1397.8 1.0006593329885206e+38
1398.16 8.197243773214628e+37
1398.53 9.960797023551935e+37
1398.89 9.73793080836345e+37
1399.25 1.0029086815543016e+38
1399.61 9.992384144574835e+37
1399.98 9.562102199448212e+37
1400.34 9.852149627142342e+37
1400.7 9.51898132102761e+37
1401.07 9.845787009992128e+37
1401.43 9.877893986918125e+37
1401.79 9.939897316827307e+37
1402.16 9.954740155414622e+37
1402.52 9.92268822443564e+37
1402.88 4.0709366319082007e+37
1403.25 6.997726560379251e+37
1403.61 9.999144753669662e+37
1403.97 9.978681141815802e+37
1404.34 9.98568965633012e+37
1404.7 9.97498771543059e+37
1405.06 9.965837108417405e+37
1405.43 9.908399291112931e+37
1405.79 9.889445577894978e+37
1406.16 9.707682028134803e+37
1406.52 9.883606768454343e+37
1406.89 8.187480718938465e+37
1407.25 9.725877244457891e+37
1407.62 9.862491045066536e+37
1407.98 9.842135183560296e+37
1408.35 9.85764721053384e+37
1408.71 9.191210613742168e+37
1409.08 9.595340899490739e+37
1409.44 9.552128836151223e+37
1409.81 9.299852141611837e+37
1410.17 9.486747475672547e+37
1410.54 9.765127460528698e+37
1410.9 9.829702132857924e+37
1411.27 9.722167379977656e+37
1411.64 9.705113499091879e+37
1412.0 9.700949800582877e+37
1412.37 9.71288540688761e+37
1412.73 9.809095753656158e+37
1413.1 9.803867843684454e+37
1413.46 9.794612218016557e+37
1413.83 9.780703946442554e+37
1414.2 9.643280586424054e+37
1414.56 9.416987683412273e+37
1414.93 9.63123957666972e+37
1415.3 9.74150470135677e+37
1415.67 9.433537028184382e+37
1416.03 9.61757396756298e+37
1416.4 9.744444079130885e+37
1416.77 9.729947934843632e+37
1417.13 8.596319868534218e+37
1417.5 9.735372492506703e+37
1417.87 9.468383850031091e+37
1418.23 9.721726589979436e+37
1418.6 9.513785171214712e+37
1418.97 9.649801662358373e+37
1419.34 9.557729392840374e+37
1419.71 9.600691581889814e+37
1420.07 9.270283606238697e+37
1420.44 8.898257676003686e+37
1420.81 9.592905517350662e+37
1421.18 8.643661932896328e+37
1421.55 9.576471171074015e+37
1421.92 9.567239843953047e+37
1422.28 9.340148845018577e+37
1422.65 9.31985822994217e+37
1423.02 9.59906372251538e+37
1423.39 9.616814331923495e+37
1423.76 9.610595267412023e+37
1424.13 9.40791091347181e+37
1424.5 8.37066839044306e+37
1424.87 9.627902815050583e+37
1425.23 9.628992832122714e+37
1425.6 9.61854246107086e+37
1425.97 9.5026556497644e+37
1426.34 8.887693376141288e+37
1426.71 9.509128810598557e+37
1427.08 9.60239285564322e+37
1427.45 8.519539028405171e+37
1427.82 8.438311797479788e+37
1428.19 8.789502601559163e+37
1428.56 9.077710097342585e+37
1428.93 8.702547845233452e+37
1429.3 9.186489805987403e+37
1429.68 9.545687812589339e+37
1430.05 9.51622257534467e+37
1430.42 8.926344664920458e+37
1430.79 9.426807838042954e+37
1431.16 9.539523899977872e+37
1431.53 9.491601605585845e+37
1431.9 9.532659852209427e+37
1432.27 9.551864844428762e+37
1432.64 9.537159074114544e+37
1433.01 9.510756240145078e+37
1433.38 9.517323818267219e+37
1433.76 9.30247536312737e+37
1434.13 9.505237557575646e+37
1434.5 9.327753100473367e+37
1434.87 9.498872826153773e+37
1435.24 9.05506343334883e+37
1435.61 9.365671675642814e+37
1435.99 9.223320316193839e+37
1436.36 9.484393504488448e+37
1436.73 9.049910755133036e+37
1437.1 9.425785826616436e+37
1437.48 9.394167243948753e+37
1437.85 9.404885000768189e+37
1438.22 9.285880932524243e+37
1438.59 9.404928619307871e+37
1438.97 9.440512806495881e+37
1439.34 9.410609513643911e+37
1439.71 9.07899510907392e+37
1440.09 9.4726339031602e+37
1440.46 9.298653065836457e+37
1440.83 9.273683903450878e+37
1441.21 9.302270680348382e+37
1441.58 9.442234959590905e+37
1441.95 9.46268031120097e+37
1442.33 9.273543859709648e+37
1442.7 9.303711654663381e+37
1443.07 9.452768388743861e+37
1443.45 9.28109179400009e+37
1443.82 9.447435039304726e+37
1444.2 9.418198456343248e+37
1444.57 9.441369175984494e+37
1444.95 8.990815856093307e+37
1445.32 9.351326322992324e+37
1445.69 9.388497937485902e+37
1446.07 9.399303775836243e+37
1446.44 9.32998608843669e+37
1446.82 9.251544739954385e+37
1447.19 8.937899581640416e+37
1447.57 9.286254091105516e+37
1447.94 9.401526910300123e+37
1448.32 9.371872064629339e+37
1448.69 9.381434089740463e+37
1449.07 9.013426533766358e+37
1449.45 9.302511702790162e+37
1449.82 9.217900435751168e+37
1450.2 9.314321326116732e+37
1450.57 9.362202305874072e+37
1450.95 9.293547088213013e+37
1451.33 9.322367783580102e+37
1451.7 9.205335448698398e+37
1452.08 9.308786564070226e+37
1452.45 8.923381377160787e+37
1452.83 9.293017092121049e+37
1453.21 9.31861012346628e+37
1453.58 9.21484328323165e+37
1453.96 9.192786192424875e+37
1454.34 9.147252566150829e+37
1454.71 9.219266172999053e+37
1455.09 9.25920100944333e+37
1455.47 9.000270777760953e+37
1455.85 9.248477208968787e+37
1456.22 9.197403544415986e+37
1456.6 9.050595570782627e+37
1456.98 9.260110587286702e+37
1457.36 8.791969465949597e+37
1457.73 9.161860083706822e+37
1458.11 9.150379358734604e+37
1458.49 8.798118599442942e+37
1458.87 9.175688400800695e+37
1459.24 8.4753752389871895e+37
1459.62 9.111312159427536e+37
1460.0 9.183117999013362e+37
1460.38 8.977138121324763e+37
1460.76 9.098896112108204e+37
1461.14 9.176218060094e+37
1461.52 9.14057799366733e+37
1461.9 9.169133572749717e+37
1462.27 8.841240248585877e+37
1462.65 9.008665107838149e+37
1463.03 9.156520356605868e+37
1463.41 9.10853581595049e+37
1463.79 9.041338178670482e+37
1464.17 9.118358133995052e+37
1464.55 9.12631782400351e+37
1464.93 9.109445354205298e+37
1465.31 8.48098382161772e+37
1465.69 8.96028812114663e+37
1466.07 9.117018585622226e+37
1466.45 8.38471305011939e+37
1466.83 8.633225893219338e+37
1467.21 9.054879888177447e+37
1467.59 9.081143134567027e+37
1467.97 9.062267195267309e+37
1468.35 8.949129681788257e+37
1468.73 9.055180163560281e+37
1469.11 9.039950452124212e+37
1469.49 8.990066854701804e+37
1469.87 7.24211502690078e+37
1470.25 8.878579470460956e+37
1470.64 8.999103682951818e+37
1471.02 8.504866551276282e+37
1471.4 9.037751677660468e+37
1471.78 8.968894873258127e+37
1472.16 9.001903639339517e+37
1472.54 8.880503809048924e+37
1472.92 8.75652075223046e+37
1473.31 8.987197855153184e+37
1473.69 9.015698739665312e+37
1474.07 9.010635843164022e+37
1474.45 9.006236284612955e+37
1474.83 9.000458470235872e+37
1475.21 8.75821107253816e+37
1475.6 8.916997378207111e+37
1475.98 8.89180502005275e+37
1476.36 8.87872181711425e+37
1476.74 8.91395106018202e+37
1477.13 8.908183256466984e+37
1477.51 8.797458330574697e+37
1477.89 8.841250692789482e+37
1478.28 8.352834380479421e+37
1478.66 8.901260601321697e+37
1479.04 8.905581507307752e+37
1479.43 8.80625160979685e+37
1479.81 8.900319028448196e+37
1480.19 8.906100704447457e+37
1480.58 8.922104074913407e+37
1480.96 8.906582730846875e+37
1481.34 8.882829489735206e+37
1481.73 8.798053730767113e+37
1482.11 8.909598777135144e+37
1482.5 8.905427258341966e+37
1482.88 8.795408961284662e+37
1483.27 8.777267832792068e+37
1483.65 8.869590264701132e+37
1484.03 8.799782467964298e+37
1484.42 8.768139903144126e+37
1484.8 8.845091877886597e+37
1485.19 8.853111146062608e+37
1485.57 8.8552953230758e+37
1485.96 8.787621822381313e+37
1486.34 8.624010849015854e+37
1486.73 8.83506242750233e+37
1487.11 8.838254589454343e+37
1487.5 8.832308634428861e+37
1487.89 8.687086351270201e+37
1488.27 8.825571724564405e+37
1488.66 8.8142018264036e+37
1489.04 8.775799353984524e+37
1489.43 8.779077118799174e+37
1489.81 8.372824695021292e+37
1490.2 8.734683775953514e+37
1490.59 8.790773644120717e+37
1490.97 8.784894167391788e+37
1491.36 8.774988438372995e+37
1491.75 8.580716430774297e+37
1492.13 8.72263630739869e+37
1492.52 8.770276598674633e+37
1492.91 8.774344402415253e+37
1493.29 8.686003289652948e+37
1493.68 6.674737330944942e+37
1494.07 8.74862346417322e+37
1494.45 8.642080635709295e+37
1494.84 8.746404348093894e+37
1495.23 7.884599369563051e+37
1495.62 8.592655085165864e+37
1496.01 8.733100616650581e+37
1496.39 8.722822605112017e+37
1496.78 8.70690191780244e+37
1497.17 8.70516418129549e+37
1497.56 8.2819478095992215e+37
1497.94 8.3564683044915e+37
1498.33 8.641839038976643e+37
1498.72 7.819769593844299e+37
1499.11 8.3976380379286845e+37
1499.5 8.58801275030777e+37
1499.89 8.655713839121966e+37
1500.28 6.710134583391587e+37
1500.66 8.681573599455762e+37
1501.05 8.661351552222244e+37
1501.44 8.623075847198154e+37
1501.83 6.138504783221521e+37
1502.22 8.354149809279377e+37
1502.61 8.660261032464686e+37
1503.0 8.286108130647633e+37
1503.39 8.639495155963067e+37
1503.78 8.604398315192159e+37
1504.17 8.4885791101071475e+37
1504.56 7.8625047302525945e+37
1504.95 8.508637681961661e+37
1505.34 8.52981944478132e+37
1505.73 8.230293439933696e+37
1506.12 8.355043522759592e+37
1506.51 8.588390113811066e+37
1506.9 8.531663105352416e+37
1507.29 8.595244003956563e+37
1507.68 8.422684278059312e+37
1508.07 8.578309524040058e+37
1508.46 8.569256684130052e+37
1508.85 8.347258074649753e+37
1509.24 8.303806524019282e+37
1509.64 8.547816848410987e+37
1510.03 8.512333691932586e+37
1510.42 8.532901432809106e+37
1510.81 8.481972827965652e+37
1511.2 7.57175806538161e+37
1511.59 6.996220134153233e+37
1511.98 8.454009254159088e+37
1512.38 7.528239869809265e+37
1512.77 7.873462498344195e+37
1513.16 8.130713501211028e+37
1513.55 7.0110644776902865e+37
1513.94 8.47132201662331e+37
1514.34 8.483536707342489e+37
1514.73 8.493138564835824e+37
1515.12 8.48392525722888e+37
1515.52 7.343076565564286e+37
1515.91 8.372418151367224e+37
1516.3 8.338750771943884e+37
1516.69 7.9455412247353e+37
1517.09 8.31598254718394e+37
1517.48 8.486993197993963e+37
1517.87 8.447352809695659e+37
1518.27 8.464136227529671e+37
1518.66 7.942655495048352e+37
1519.05 8.439819079114891e+37
1519.45 8.454920031021147e+37
1519.84 8.449735116262217e+37
1520.23 8.44189376685416e+37
1520.63 7.613250740069256e+37
1521.02 8.419275294001779e+37
1521.42 8.39716792324218e+37
1521.81 8.411283340109226e+37
1522.21 8.401214091369422e+37
1522.6 8.391506768041192e+37
1522.99 8.384468388459567e+37
1523.39 8.200869377160055e+37
1523.79 8.361306254220544e+37
1524.18 8.283876277006084e+37
1524.57 7.674140287005069e+37
1524.97 7.670323262713204e+37
1525.36 7.189653977411248e+37
1525.76 7.11422298666064e+37
1526.16 8.120893718920375e+37
1526.55 8.12179037854969e+37
1526.95 7.978918547984327e+37
1527.34 7.991340148247021e+37
1527.74 7.509944370329906e+37
1528.14 8.071613401873469e+37
1528.53 8.205135928549101e+37
1528.93 8.144908989936398e+37
1529.32 8.202033809059978e+37
1529.72 8.16416091254643e+37
1530.12 6.435530541643987e+37
1530.51 7.739935374999995e+37
1530.91 8.159578963244287e+37
1531.31 5.467623681575647e+37
1531.7 6.503289735399974e+37
1532.1 7.906980899028227e+37
1532.5 7.506272013412163e+37
1532.9 6.707566123276375e+37
1533.29 6.762054167554744e+37
1533.69 8.192449198614925e+37
1534.09 8.12796616773631e+37
1534.48 8.143607466235715e+37
1534.88 8.073522884920336e+37
1535.28 8.175274756365198e+37
1535.68 7.781062782990693e+37
1536.08 8.178853322088887e+37
1536.47 8.066708414197716e+37
1536.87 8.129460739285613e+37
1537.27 7.59224154554558e+37
1537.67 8.148331955704159e+37
1538.07 7.974562280384883e+37
1538.47 8.152772137599028e+37
1538.86 7.81667420240671e+37
1539.26 8.107421190542428e+37
1539.66 8.1546789909622025e+37
1540.06 7.735624635736308e+37
1540.46 7.94143672766255e+37
1540.86 8.014766851977998e+37
1541.26 8.16696959853158e+37
1541.66 8.167719605348617e+37
1542.06 7.713925765806829e+37
1542.46 7.950652206596284e+37
1542.86 8.022580643302196e+37
1543.26 8.1490556006301195e+37
1543.66 6.584427062210592e+37
1544.06 7.937851656925113e+37
1544.46 6.836755515437407e+37
1544.86 6.50334448336484e+37
1545.26 8.013465893721032e+37
1545.66 7.961098213544185e+37
1546.06 8.097753732251252e+37
1546.46 6.9838378419449685e+37
1546.86 7.742468224771351e+37
1547.26 7.098673537377775e+37
1547.66 6.002878489661943e+37
1548.06 5.421651530587255e+37
1548.47 8.081129126793244e+37
1548.87 8.062259098196764e+37
1549.27 8.049839106404327e+37
1549.67 8.061542860094323e+37
1550.07 7.743002480393812e+37
1550.47 7.977243177954513e+37
1550.88 4.648568553804711e+37
1551.28 7.899765993558154e+37
1551.68 8.036323575629732e+37
1552.08 5.649851745905291e+37
1552.48 8.015487678925911e+37
1552.89 7.864399676012099e+37
1553.29 6.827859171898095e+37
1553.69 8.008089752637858e+37
1554.09 7.872813468054674e+37
1554.5 7.999416108977052e+37
1554.9 7.358495419517994e+37
1555.3 7.417097827127651e+37
1555.71 7.943752438291381e+37
1556.11 7.567524989028684e+37
1556.51 5.405790857295329e+37
1556.92 7.352590924013322e+37
1557.32 7.48822363158382e+37
1557.72 7.852426179328481e+37
1558.13 7.858929823534291e+37
1558.53 7.769395502311319e+37
1558.93 7.741928858384421e+37
1559.34 7.697786206184837e+37
1559.74 7.8265322130545335e+37
1560.15 7.273039855369236e+37
1560.55 7.270099033760705e+37
1560.96 7.830576111636599e+37
1561.36 6.5363206017153515e+37
1561.77 7.816549302439917e+37
1562.17 7.776331899952547e+37
1562.57 7.7332389834223045e+37
1562.98 7.790567561511334e+37
1563.39 7.765002537198316e+37
1563.79 7.519816867449824e+37
1564.19 7.319044318217962e+37
1564.6 7.03168024567229e+37
1565.01 7.750397053787061e+37
1565.41 7.742453520278828e+37
1565.82 7.5605824293465455e+37
1566.22 6.9788205115356935e+37
1566.63 7.0032371976002865e+37
1567.04 7.3829720494949575e+37
1567.44 7.763724022860178e+37
1567.85 7.765592820837917e+37
1568.25 5.67336145387864e+37
1568.66 6.871462759275874e+37
1569.07 7.695580188819139e+37
1569.47 7.75920128507243e+37
1569.88 7.808268356570667e+37
1570.29 7.573042704399814e+37
1570.69 7.6303632462276375e+37
1571.1 7.750898444845313e+37
1571.51 7.732401952710558e+37
1571.92 7.787517522768614e+37
1572.32 7.785953364280121e+37
1572.73 7.749846659158272e+37
1573.14 7.787746447562198e+37
1573.55 7.782077318903027e+37
1573.95 7.770928680242695e+37
1574.36 7.778139458633406e+37
1574.77 6.394783925108826e+37
1575.18 6.554765178072086e+37
1575.59 6.875973382223446e+37
1575.99 7.7677372636765755e+37
1576.4 7.319436080083378e+37
1576.81 7.606160142414292e+37
1577.22 6.915968257699458e+37
1577.63 7.715421565704769e+37
1578.04 6.839281551939134e+37
1578.45 7.733126289533705e+37
1578.86 7.72872847218429e+37
1579.27 7.605725932667933e+37
1579.68 7.730116024208827e+37
1580.08 7.687735215961779e+37
1580.49 7.749051274200434e+37
1580.9 7.088271892195891e+37
1581.31 7.697859920147663e+37
1581.72 7.71601029048007e+37
1582.13 7.733149601803482e+37
1582.54 7.62439588633225e+37
1582.95 7.70519774287539e+37
1583.36 7.523007698635414e+37
1583.77 7.3878376414293e+37
1584.18 7.594302076919843e+37
1584.59 7.665988907780795e+37
1585.01 6.316691916856474e+37
1585.42 7.661028077032147e+37
1585.83 6.780946756816959e+37
1586.24 7.58114127548454e+37
1586.65 7.689071598060955e+37
1587.06 7.694094894558915e+37
1587.47 7.282388279420467e+37
1587.88 7.704884308473844e+37
1588.3 7.545687214293805e+37
1588.71 7.471407635117035e+37
1589.12 7.693896389663063e+37
1589.53 7.696850937213049e+37
1589.94 7.683700818198543e+37
1590.35 7.697804749434708e+37
1590.77 7.684146629955521e+37
1591.18 7.671246997517801e+37
1591.59 7.552990236036243e+37
1592.0 6.454188538232366e+37
1592.42 7.669741904131121e+37
1592.83 7.662462645434582e+37
1593.24 7.640024816403792e+37
1593.66 7.622589105599629e+37
1594.07 7.569744308021978e+37
1594.48 7.652072135635719e+37
1594.89 7.254737455818941e+37
1595.31 7.538813581532847e+37
1595.72 7.581150020452685e+37
1596.14 7.647994500149278e+37
1596.55 7.642360746007634e+37
1596.96 7.630836037606759e+37
1597.38 7.558382411700451e+37
1597.79 7.619721375764007e+37
1598.2 7.612495441408107e+37
1598.62 7.542468395011783e+37
1599.03 7.601457727423724e+37
1599.45 7.590049248894879e+37
1599.86 7.5880810082664655e+37
1600.28 7.419966861343466e+37
1600.69 7.485776662792258e+37
1601.11 7.153106113785129e+37
1601.52 7.374412995100194e+37
1601.94 6.206257972674738e+37
1602.35 7.546733438214036e+37
1602.77 7.538870163529984e+37
1603.18 6.052912702149538e+37
1603.6 7.468209558926702e+37
1604.01 7.518108455979724e+37
1604.43 7.491144780135594e+37
1604.84 6.516543064939125e+37
1605.26 7.473968657174482e+37
1605.68 7.402209726522576e+37
1606.09 7.352401970397134e+37
1606.51 7.475148706716079e+37
1606.93 7.362659153625521e+37
1607.34 7.470269252596113e+37
1607.76 4.995911792913158e+37
1608.18 7.370170175314327e+37
1608.59 7.42364208129732e+37
1609.01 5.914652557106595e+37
1609.43 7.420445128348377e+37
1609.84 5.846258371004726e+37
1610.26 6.509897030061337e+37
1610.68 7.449154210933937e+37
1611.09 7.173952211342113e+37
1611.51 7.435788019710565e+37
1611.93 7.076492571756595e+37
1612.35 7.43420528600947e+37
1612.77 6.076098340676739e+37
1613.18 7.427189119224117e+37
1613.6 7.284625313281899e+37
1614.02 5.669593724195354e+37
1614.44 7.417078795593812e+37
1614.86 7.413129833582459e+37
1615.28 6.463115388875778e+37
1615.69 7.124082115594369e+37
1616.11 7.020012810609373e+37
1616.53 7.377091397631244e+37
1616.95 7.3799353618971555e+37
1617.37 7.375096128895088e+37
1617.79 7.181330561432328e+37
1618.21 7.362862915665737e+37
1618.63 7.104072387857115e+37
1619.05 7.260993407538522e+37
1619.47 7.2025218218647425e+37
1619.89 7.335820961946215e+37
1620.31 6.730141229053768e+37
1620.73 6.850890308271098e+37
1621.15 5.784920169096155e+37
1621.57 5.8360914757330165e+37
1621.99 7.211114131047398e+37
1622.41 7.179451530994144e+37
1622.83 7.277344723544104e+37
1623.25 7.236383552903413e+37
1623.67 6.811102428714745e+37
1624.09 6.698550953307672e+37
1624.51 7.258890300868182e+37
1624.93 6.243644307296965e+37
1625.35 7.225657192382273e+37
1625.78 7.201674401448499e+37
1626.2 6.938688883874724e+37
1626.62 7.231357403602346e+37
1627.04 7.208454329575229e+37
1627.46 6.602066982428083e+37
1627.88 6.847335140208639e+37
1628.31 6.111736592738151e+37
1628.73 7.230211498538205e+37
1629.15 5.472097800827011e+37
1629.57 7.194616674763622e+37
1629.99 7.218256607595542e+37
1630.42 6.979850414859511e+37
1630.84 7.218983316168683e+37
1631.26 7.1292409976209055e+37
1631.68 4.337415624828658e+37
1632.11 6.055871187214488e+37
1632.53 7.034282688004961e+37
1632.95 7.202438017084612e+37
1633.38 7.203844974209253e+37
1633.8 7.154240923391728e+37
1634.22 7.180360865298563e+37
1634.65 6.974425547198148e+37
1635.07 7.097734368542091e+37
1635.49 7.110992236458175e+37
1635.92 7.125853120668883e+37
1636.34 6.904692684499741e+37
1636.77 7.176961935968864e+37
1637.19 7.10624904882663e+37
1637.61 7.153627472690282e+37
1638.04 6.956330053647968e+37
1638.46 7.110917697948291e+37
1638.89 7.15051375349549e+37
1639.31 6.865687001623676e+37
1639.74 7.132754883957316e+37
1640.16 5.407397165657248e+37
1640.59 5.500371066579949e+37
1641.01 7.121997109773336e+37
1641.44 7.126781372411258e+37
1641.86 5.892542482917695e+37
1642.29 7.106736921454095e+37
1642.71 6.830432064601418e+37
1643.14 7.119916422443662e+37
1643.57 6.924266941487807e+37
1643.99 7.09818614640044e+37
1644.42 6.929213453746752e+37
1644.84 7.046623240543649e+37
1645.27 6.913193203855354e+37
1645.7 7.08654576852604e+37
1646.12 7.042094929609545e+37
1646.55 7.077567547392295e+37
1646.98 6.84635094499111e+37
1647.41 7.018811133177451e+37
1647.83 7.052371826012786e+37
1648.26 6.99571824975626e+37
1648.69 6.827854525245815e+37
1649.11 6.95823870875442e+37
1649.54 6.933898986278672e+37
1649.97 6.838891239418758e+37
1650.4 6.982047846295797e+37
1650.82 6.960168209251489e+37
1651.25 6.977973886685138e+37
1651.68 6.775202158717868e+37
1652.11 6.809275494533014e+37
1652.54 6.964858160089928e+37
1652.96 5.795901680582132e+37
1653.39 5.980207612963868e+37
1653.82 6.884752879277876e+37
1654.25 6.838361650152378e+37
1654.68 6.919052428096608e+37
1655.11 6.917258824626647e+37
1655.54 6.891598266173055e+37
1655.96 6.918735929929706e+37
1656.39 6.923837814736407e+37
1656.82 6.317513431661891e+37
1657.25 6.910596916338734e+37
1657.68 6.813508329370066e+37
1658.11 6.768509646195788e+37
1658.54 6.880544028124465e+37
1658.97 6.623562773696506e+37
1659.4 6.742655300595182e+37
1659.83 6.938728925641905e+37
1660.26 6.936432618097565e+37
1660.69 6.896264193591674e+37
1661.12 6.92086040798362e+37
1661.55 6.376525162281689e+37
1661.98 6.943227040785921e+37
1662.42 6.535900353514501e+37
1662.85 6.945795632083121e+37
1663.28 6.884866877155335e+37
1663.71 6.945092047955426e+37
1664.14 6.95502339082027e+37
1664.57 6.9338451182914235e+37
1665.0 6.863960208222182e+37
1665.43 6.921337430577379e+37
1665.86 6.937164668214749e+37
1666.3 6.926238910018773e+37
1666.73 6.882146368016544e+37
1667.16 6.893355617794269e+37
1667.59 6.853985386954542e+37
1668.03 6.337427985270271e+37
1668.46 6.611332957375044e+37
1668.89 6.8631257658248885e+37
1669.32 6.783962018854785e+37
1669.76 6.510817817056569e+37
1670.19 6.821086388183651e+37
1670.62 6.751084613078562e+37
1671.05 5.806896701141697e+37
1671.49 6.798996661261966e+37
1671.92 6.627843518001559e+37
1672.35 6.625479916644609e+37
1672.79 6.393906425673644e+37
1673.22 6.73191047499294e+37
1673.65 5.670754795595313e+37
1674.09 6.794165780912612e+37
1674.52 6.765507492526977e+37
1674.96 6.796712055225942e+37
1675.39 6.775842399340033e+37
1675.82 6.691340292818368e+37
1676.26 6.658748825135935e+37
1676.69 6.729051276302866e+37
1677.13 6.2524681896336965e+37
1677.56 6.8020270362106165e+37
1678.0 6.80091915656241e+37
1678.43 6.79654717992191e+37
1678.87 6.788196845123787e+37
1679.3 6.763222188244804e+37
1679.74 6.795458147314348e+37
1680.17 6.794742571913158e+37
1680.61 6.758708947010036e+37
1681.04 6.776768894274925e+37
1681.48 6.78701445307245e+37
1681.92 6.314410702771e+37
1682.35 6.786017427749402e+37
1682.79 6.786600581052941e+37
1683.22 6.782991656542305e+37
1683.66 6.663859952708367e+37
1684.1 6.772987157084428e+37
1684.53 6.770923448802048e+37
1684.97 6.779654729712422e+37
1685.41 6.775145618931254e+37
1685.84 6.63296279463138e+37
1686.28 6.659290611006922e+37
1686.72 6.030056403197157e+37
1687.15 6.725364657542263e+37
1687.59 6.380587352003181e+37
1688.03 6.679887078215745e+37
1688.47 6.729196312115467e+37
1688.9 6.725318924207466e+37
1689.34 6.72572540322349e+37
1689.78 6.705363771032453e+37
1690.22 6.584607881844089e+37
1690.66 6.337036791415792e+37
1691.09 6.690599316231213e+37
1691.53 6.683870505430532e+37
1691.97 6.675309513792952e+37
1692.41 6.187825473883554e+37
1692.85 6.672460055573174e+37
1693.29 6.673773456826583e+37
1693.72 6.669925243979177e+37
1694.16 6.664722118800781e+37
1694.6 6.2781227517619695e+37
1695.04 5.177631071119948e+37
1695.48 6.581373749869572e+37
1695.92 6.569671695986267e+37
1696.36 6.6394838352380815e+37
1696.8 6.521065754599609e+37
1697.24 6.629097786447419e+37
1697.68 6.62350224961846e+37
1698.12 6.330557840910049e+37
1698.56 6.611170738053492e+37
1699.0 6.391213503337022e+37
1699.44 6.581852044964595e+37
1699.88 6.597337579970592e+37
1700.32 6.330902309707988e+37
1700.76 6.105588250948677e+37
1701.2 6.573355658307021e+37
1701.64 6.061926187369703e+37
1702.08 6.369752196949822e+37
1702.53 6.500807177443102e+37
1702.97 6.559324452904801e+37
1703.41 6.432180039595189e+37
1703.85 6.547705540523604e+37
1704.29 6.542279467633702e+37
1704.73 6.512172618208294e+37
1705.18 6.536734003720268e+37
1705.62 6.511157319585648e+37
1706.06 6.385394809642317e+37
1706.5 6.313721260379354e+37
1706.94 6.50119474943196e+37
1707.39 4.886869089321896e+37
1707.83 6.508941858232067e+37
1708.27 6.470238735191345e+37
1708.71 6.160538444749751e+37
1709.16 6.496444161836209e+37
1709.6 6.374149197291381e+37
1710.04 6.440180705360809e+37
1710.49 6.37982114341423e+37
1710.93 6.265415294190671e+37
1711.37 5.197439914871296e+37
1711.82 6.277366524178688e+37
1712.26 6.42820672886651e+37
1712.7 5.395698322082711e+37
1713.15 6.444320850648066e+37
1713.59 6.381110863203884e+37
1714.04 6.442178739952869e+37
1714.48 6.440805856113002e+37
1714.93 6.424691190820271e+37
1715.37 5.387243729956744e+37
1715.81 6.335482868792939e+37
1716.26 6.345930359154517e+37
1716.7 6.414208234391602e+37
1717.15 5.816386105769615e+37
1717.59 6.395420821133926e+37
1718.04 6.263941435867056e+37
1718.48 5.646515216999e+37
1718.93 6.14875776860082e+37
1719.38 5.598499171655192e+37
1719.82 6.129703056655115e+37
1720.27 6.378372083119235e+37
1720.71 5.95363821592354e+37
1721.16 6.2340040283830625e+37
1721.6 5.813966940204819e+37
1722.05 6.146346593111822e+37
1722.5 5.227162496724662e+37
1722.94 6.201057521007131e+37
1723.39 6.338328655732821e+37
1723.84 5.945776825986445e+37
1724.28 5.382249533480228e+37
1724.73 6.303082374123267e+37
1725.18 6.162426545957912e+37
1725.62 5.236004380934966e+37
1726.07 6.31360600298996e+37
1726.52 6.1319555676773475e+37
1726.97 6.330005599035501e+37
1727.41 5.630872228078563e+37
1727.86 6.290993359830007e+37
1728.31 6.121502859894106e+37
1728.76 6.142036903484774e+37
1729.2 6.267986573391167e+37
1729.65 6.336728606235159e+37
1730.1 6.332489876625496e+37
1730.55 6.044717062485578e+37
1731.0 6.322251594537569e+37
1731.45 5.824078588065878e+37
1731.9 6.323409883728567e+37
1732.34 6.249840434777782e+37
1732.79 6.221024988778995e+37
1733.24 6.285556717729596e+37
1733.69 6.200761709525606e+37
1734.14 6.241361203010896e+37
1734.59 6.315382489177806e+37
1735.04 6.324328464892082e+37
1735.49 6.30590988457878e+37
1735.94 6.267015884791409e+37
1736.39 6.080056142150896e+37
1736.84 6.305284517160482e+37
1737.29 6.116046976958481e+37
1737.74 6.27198842730901e+37
1738.19 5.45245844700115e+37
1738.64 5.867621346118763e+37
1739.09 6.146203550340008e+37
1739.54 6.27427543036883e+37
1739.99 6.2452185686691505e+37
1740.44 6.26246983528081e+37
1740.9 6.008049567660957e+37
1741.35 6.251637177144576e+37
1741.8 6.248565785231632e+37
1742.25 6.090955487780164e+37
1742.7 6.172999312040932e+37
1743.15 6.235748319283857e+37
1743.6 6.229595560936354e+37
1744.06 6.225579080540198e+37
1744.51 6.210828494806305e+37
1744.96 6.118958946836575e+37
1745.41 6.037484974516606e+37
1745.86 6.213359665379605e+37
1746.32 6.213439473598135e+37
1746.77 6.123755498075571e+37
1747.22 5.442487290190048e+37
1747.68 5.764357128307639e+37
1748.13 5.571039633583322e+37
1748.58 6.1706398964995e+37
1749.04 5.595435516449147e+37
1749.49 6.14811538123812e+37
1749.94 6.176539375561513e+37
1750.4 5.999873479698799e+37
1750.85 6.204885063860567e+37
1751.3 5.780829654535252e+37
1751.76 5.577687732498064e+37
1752.21 6.201893132656149e+37
1752.67 6.201408721666145e+37
1753.12 5.878836858213762e+37
1753.57 6.049112188647464e+37
1754.03 6.184537164540757e+37
1754.48 6.1885312502708285e+37
1754.94 6.151766817055912e+37
1755.39 6.189941600318576e+37
1755.85 6.154001116215153e+37
1756.3 6.172676880092222e+37
1756.76 6.161130745589459e+37
1757.21 6.155881283679001e+37
1757.67 6.140842335363972e+37
1758.12 5.954458875122399e+37
1758.58 5.697612726608536e+37
1759.04 6.102515053279305e+37
1759.49 6.113670934841223e+37
1759.95 6.10583691188346e+37
1760.4 4.685657387804203e+37
1760.86 5.025923504254426e+37
1761.32 5.934235855079963e+37
1761.77 6.071776577489239e+37
1762.23 6.047621115977675e+37
1762.69 6.053591823082526e+37
1763.14 6.020474644443909e+37
1763.6 5.831850043702299e+37
1764.06 5.913326834049055e+37
1764.51 6.010991708180152e+37
1764.97 5.622941453827969e+37
1765.43 6.010119162145991e+37
1765.89 5.903908454329264e+37
1766.34 5.993068181160538e+37
1766.8 6.014499652387786e+37
1767.26 6.009359637130252e+37
1767.72 5.997817583158105e+37
1768.18 6.000883770281925e+37
1768.64 6.008998348381567e+37
1769.09 6.017384117244507e+37
1769.55 5.114018755013494e+37
1770.01 5.985197916211807e+37
1770.47 5.225106484553163e+37
1770.93 5.964407353363627e+37
1771.39 5.979660001806498e+37
1771.85 6.008165751418337e+37
1772.31 6.02420602510093e+37
1772.77 6.011135324560879e+37
1773.22 5.986118266020719e+37
1773.68 5.941357206302696e+37
1774.14 6.027147417348856e+37
1774.6 5.959168183716003e+37
1775.06 6.028191785994357e+37
1775.52 5.990449539307229e+37
1775.98 3.967033698037173e+37
1776.44 6.009091894622148e+37
1776.9 5.984885602432953e+37
1777.36 6.0093520783299785e+37
1777.82 5.73878032632182e+37
1778.29 6.001951723334102e+37
1778.75 5.755653271397553e+37
1779.21 5.968990998573324e+37
1779.67 5.9907881588640945e+37
1780.13 5.97441299651864e+37
1780.59 5.957797782185523e+37
1781.05 5.852606906877217e+37
1781.52 5.9753891662929e+37
1781.98 5.878276819529649e+37
1782.44 5.935723141300461e+37
1782.9 5.896415472260109e+37
1783.36 5.95972993381074e+37
1783.82 5.957606975107939e+37
1784.29 5.953883119597009e+37
1784.75 5.935714619579478e+37
1785.21 5.838844498673009e+37
1785.68 5.945508649705817e+37
1786.14 5.94111409300216e+37
1786.6 5.941840460526363e+37
1787.06 5.86321496866175e+37
1787.53 5.930104233543667e+37
1787.99 5.77207451939356e+37
1788.45 5.685366474823411e+37
1788.92 5.805266805066247e+37
1789.38 5.931624604550711e+37
1789.84 5.914436246601022e+37
1790.31 5.680140069386737e+37
1790.77 5.907164952122269e+37
1791.24 5.869386074258883e+37
1791.7 5.521056498346187e+37
1792.17 5.498909594141468e+37
1792.63 5.905331102233408e+37
1793.09 5.736882480712404e+37
1793.56 5.914151233619157e+37
1794.02 5.893958769543774e+37
1794.49 5.915613396135075e+37
1794.95 5.378459842777903e+37
1795.42 5.910827752686312e+37
1795.89 5.888778294007636e+37
1796.35 5.902888586373877e+37
1796.81 5.859368600524011e+37
1797.28 5.892264952125031e+37
1797.75 5.820512721915541e+37
1798.21 5.836962272983286e+37
1798.68 5.870026076236105e+37
1799.15 5.879774139437854e+37
1799.61 5.875401111310647e+37
1800.08 5.75699442664212e+37
1800.55 5.8598827469336985e+37
1801.01 5.8361657967383385e+37
1801.48 5.379682202999948e+37
1801.94 5.845416890812609e+37
1802.41 5.8534433358929385e+37
1802.88 5.838750217375638e+37
1803.35 5.555211525898576e+37
1803.81 5.84106188460657e+37
1804.28 5.820191455197038e+37
1804.75 5.834797490885183e+37
1805.22 5.783013780526243e+37
1805.68 5.762187767992156e+37
1806.15 5.811021606761493e+37
1806.62 5.775108809624749e+37
1807.09 5.786667189738218e+37
1807.56 5.804428829318389e+37
1808.03 5.692299891032758e+37
1808.49 5.793804576143892e+37
1808.96 5.796361471496427e+37
1809.43 5.457247041747646e+37
1809.9 5.77923256496248e+37
1810.37 5.72871550770296e+37
1810.84 5.776057668051188e+37
1811.31 5.44413789861249e+37
1811.78 5.594087045638244e+37
1812.25 5.654903728118966e+37
1812.72 5.55771739621263e+37
1813.19 5.636282688378564e+37
1813.66 5.743951873465229e+37
1814.13 5.729797131707842e+37
1814.6 5.742739348021716e+37
1815.07 5.646838425504498e+37
1815.54 5.661002711581516e+37
1816.01 5.330264552008442e+37
1816.48 5.695819872314055e+37
1816.95 5.5765029098373835e+37
1817.42 5.570970441873091e+37
1817.89 5.715155083016029e+37
1818.36 5.716489433330447e+37
1818.83 5.7135349728474e+37
1819.31 5.180394982502918e+37
1819.78 5.54443977176244e+37
1820.25 5.703262995705702e+37
1820.72 5.701096638046125e+37
1821.19 5.503872183022844e+37
1821.67 5.26676933901554e+37
1822.14 5.586163584265638e+37
1822.61 5.655375691533136e+37
1823.08 4.617764856443082e+37
1823.55 5.676425481001708e+37
1824.03 5.673736494126556e+37
1824.5 5.676984666417581e+37
1824.97 5.503772789133928e+37
1825.44 5.141174581971387e+37
1825.92 5.647536503203918e+37
1826.39 5.61777281410395e+37
1826.86 5.409922196719933e+37
1827.34 5.607662178357475e+37
1827.81 5.644297323173148e+37
1828.29 5.517110914731255e+37
1828.76 5.619460398634105e+37
1829.23 5.340163937110066e+37
1829.71 5.62297722070023e+37
1830.18 5.51563968353374e+37
1830.66 5.175315863558042e+37
1831.13 5.617477971802872e+37
1831.61 5.53154310204159e+37
1832.08 5.6098714459014485e+37
1832.56 5.547461725880757e+37
1833.03 5.477534239062676e+37
1833.51 5.595488631873883e+37
1833.98 5.585866400524846e+37
1834.46 5.588822147909709e+37
1834.93 5.38617500114608e+37
1835.41 5.56494818301754e+37
1835.88 5.540010326416183e+37
1836.36 5.538919104825972e+37
1836.83 5.368716402805313e+37
1837.31 5.130774626757734e+37
1837.79 5.396488850447735e+37
1838.26 4.505025158284647e+37
1838.74 5.3660282079612e+37
1839.22 5.541129282045756e+37
1839.69 5.533868225334405e+37
1840.17 5.098761841741584e+37
1840.65 5.52147559304695e+37
1841.12 5.520628506308203e+37
1841.6 5.00423172891772e+37
1842.08 5.47240299330554e+37
1842.56 4.479473921578455e+37
1843.03 5.3855629100827e+37
1843.51 4.768889753617965e+37
1843.99 4.732500243710176e+37
1844.47 5.097943670757262e+37
1844.94 4.766312213038769e+37
1845.42 5.011212235636394e+37
1845.9 5.461688028951813e+37
1846.38 5.354519163351994e+37
1846.86 5.305568937380969e+37
1847.34 4.953140902784392e+37
1847.82 5.447083784358717e+37
1848.29 5.443006224011403e+37
1848.77 5.375239743061294e+37
1849.25 5.1751000901561425e+37
1849.73 5.305111949563815e+37
1850.21 4.0667649666316093e+37
1850.69 5.178697239843174e+37
1851.17 4.991616715691234e+37
1851.65 5.420741004984253e+37
1852.13 5.338895165359153e+37
1852.61 4.7334272958820175e+37
1853.09 5.408539690673719e+37
1853.57 5.402924519802904e+37
1854.05 4.8254762033115415e+37
1854.53 5.39182582967933e+37
1855.01 4.2346101909027513e+37
1855.49 5.202325947375656e+37
1855.97 5.33740666721124e+37
1856.45 5.38357684177791e+37
1856.94 5.378237917214662e+37
1857.42 5.37850736776668e+37
1857.9 5.280144496739592e+37
1858.38 5.369806990020587e+37
1858.86 5.339861341571252e+37
1859.34 5.368613284043186e+37
1859.83 4.243871107590815e+37
1860.31 5.363724025716893e+37
1860.79 5.302358413419145e+37
1861.27 5.358814088731483e+37
1861.76 5.3200386152907145e+37
1862.24 5.353963151296226e+37
1862.72 5.349891460391409e+37
1863.2 5.276203562376633e+37
1863.69 5.346303793233228e+37
1864.17 5.331880459337448e+37
1864.65 5.287416548209644e+37
1865.14 4.67539244385594e+37
1865.62 4.96676004147693e+37
1866.1 5.300106353300715e+37
1866.58 4.442452004145796e+37
1867.07 5.294492644188814e+37
1867.55 5.336279352673417e+37
1868.04 5.33848529758605e+37
1868.52 5.329541146986475e+37
1869.01 5.331618132289837e+37
1869.49 5.3328429206899205e+37
1869.97 4.736950123452681e+37
1870.46 5.333261854441934e+37
1870.94 5.176265482967171e+37
1871.43 4.983418152139664e+37
1871.91 5.316985605644869e+37
1872.4 5.315557290870492e+37
1872.88 5.327203119982631e+37
1873.37 5.319482597438643e+37
1873.85 5.166497242761621e+37
1874.34 5.194848519800233e+37
1874.83 5.322261273819165e+37
1875.31 5.160478707026075e+37
1875.8 5.322707781570144e+37
1876.29 5.157108620638206e+37
1876.77 5.293814839873587e+37
1877.26 5.313096347184496e+37
1877.74 5.307566517812202e+37
1878.23 5.301820867489201e+37
1878.72 5.296182084211404e+37
1879.2 5.279496552567423e+37
1879.69 5.280963215499468e+37
1880.18 5.281591051041781e+37
1880.67 4.582494270674216e+37
1881.15 4.345769466727022e+37
1881.64 5.101482442223332e+37
1882.13 4.513144278389146e+37
1882.62 5.200621827563596e+37
1883.1 5.05247107436823e+37
1883.59 5.245960510896593e+37
1884.08 5.237284596489193e+37
1884.57 3.7724066985071504e+37
1885.06 4.069034363673494e+37
1885.55 5.225336798714298e+37
1886.04 4.71206163222868e+37
1886.52 4.884459572455432e+37
1887.01 4.780214138700613e+37
1887.5 3.6149180963518756e+37
1887.99 5.203736582030698e+37
1888.48 5.200210289960906e+37
1888.97 5.196218850713925e+37
1889.46 3.8604307362838805e+37
1889.95 5.187291384393547e+37
1890.44 5.15733065425267e+37
1890.93 4.650665850250738e+37
1891.42 4.702859159189341e+37
1891.91 4.627970656600786e+37
1892.4 4.908477998235918e+37
1892.89 4.075347628179801e+37
1893.38 5.157185799448172e+37
1893.87 4.677370133746272e+37
1894.36 4.917432388097116e+37
1894.85 5.128369677740494e+37
1895.34 3.182803673523556e+37
1895.84 5.096251182313764e+37
1896.33 4.746249358956067e+37
1896.82 3.3162284393940945e+37
1897.31 4.943690779094947e+37
1897.8 5.141976079986434e+37
1898.29 5.135924798022355e+37
1898.79 4.587738133115648e+37
1899.28 3.0584225722592513e+37
1899.77 5.079709323964343e+37
1900.26 5.139487251988308e+37
1900.76 5.138110393474317e+37
1901.25 5.077562263935024e+37
1901.74 5.138344428053085e+37
1902.23 5.127875488582985e+37
1902.73 5.135009017064735e+37
1903.22 4.454158697471775e+37
1903.71 4.77152462020744e+37
1904.21 4.856955015318108e+37
1904.7 5.133876551888272e+37
1905.19 5.019976248041337e+37
1905.69 5.105069254273969e+37
1906.18 5.125406400488728e+37
1906.68 4.887090226290253e+37
1907.17 5.070091086426837e+37
1907.66 4.06567182386535e+37
1908.16 5.1025704352173e+37
1908.65 4.983140472934777e+37
1909.15 5.077052249495018e+37
1909.64 5.08801644809946e+37
1910.14 4.9584449436447805e+37
1910.63 5.032302396481525e+37
1911.13 5.076287764552246e+37
1911.62 3.707370657218837e+37
1912.12 5.067678642272259e+37
1912.61 5.062604426762631e+37
1913.11 5.057781673538992e+37
1913.61 4.214328559087912e+37
1914.1 3.067895603317656e+37
1914.6 5.044291886079892e+37
1915.09 3.062349834582836e+37
1915.59 4.955620751348191e+37
1916.09 4.9412529625157895e+37
1916.58 4.59657115034517e+37
1917.08 4.278397750376309e+37
1917.58 4.896374235073422e+37
1918.07 4.8042093587004775e+37
1918.57 4.088907097531604e+37
1919.07 4.911641288576411e+37
1919.56 4.200409875410596e+37
1920.06 4.961346805564547e+37
1920.56 5.003086480898996e+37
1921.06 4.759324713820276e+37
1921.56 3.7661487017964933e+37
1922.05 4.824593705820173e+37
1922.55 4.9961787968022165e+37
1923.05 3.804296279987344e+37
1923.55 4.978028791864885e+37
1924.05 4.672569471943638e+37
1924.55 3.712235016939429e+37
1925.05 4.981154535181467e+37
1925.54 4.959255084950102e+37
1926.04 3.3204062350324727e+37
1926.54 4.974725335438368e+37
1927.04 4.947178849688543e+37
1927.54 4.805518025873552e+37
1928.04 4.511812264913673e+37
1928.54 4.552531761165337e+37
1929.04 4.702660737833113e+37
1929.54 4.881916220956812e+37
1930.04 4.843029052244137e+37
1930.54 4.826851110210395e+37
1931.04 4.945929896382336e+37
1931.54 3.064301471140564e+37
1932.04 4.94864731373967e+37
1932.54 4.930592748179054e+37
1933.04 4.946195867553367e+37
1933.55 4.92333052899688e+37
1934.05 4.9411269009921e+37
1934.55 4.938439994813951e+37
1935.05 4.927579662461328e+37
1935.55 4.936326416799096e+37
1936.05 4.924463721219661e+37
1936.55 4.767001028361909e+37
1937.06 4.604395049014888e+37
1937.56 4.883378927755052e+37
1938.06 4.63837761572929e+37
1938.56 4.928617122302706e+37
1939.06 4.731751160738583e+37
1939.57 4.833517531298501e+37
1940.07 4.1487699144760144e+37
1940.57 4.487113350571321e+37
1941.08 4.92550440337735e+37
1941.58 4.2888181059038405e+37
1942.08 4.922944975806286e+37
1942.58 4.921050422897802e+37
1943.09 4.908447698833287e+37
1943.59 4.139812510609071e+37
1944.1 4.918250877619254e+37
1944.6 4.8991844473492365e+37
1945.1 4.915464875320415e+37
1945.61 4.880290333777278e+37
1946.11 4.906762663973285e+37
1946.62 4.889198965716416e+37
1947.12 4.887093502101185e+37
1947.63 4.888878139275649e+37
1948.13 4.650928573349224e+37
1948.64 4.804109889540287e+37
1949.14 4.875012841941499e+37
1949.65 4.279344283258761e+37
1950.15 4.862191790619477e+37
1950.66 4.862299766345987e+37
1951.16 4.778866018429262e+37
1951.67 4.852373797516291e+37
1952.17 4.829826105858977e+37
1952.68 3.1217276768736855e+37
1953.19 4.472345509202504e+37
1953.69 4.819306903161223e+37
1954.2 3.1496098522559717e+37
1954.7 4.505952983705103e+37
1955.21 4.713864899076272e+37
1955.72 4.763039509841388e+37
1956.22 4.816131386538572e+37
1956.73 4.813948850067346e+37
1957.24 4.716433677115266e+37
1957.75 4.794746531716055e+37
1958.25 4.811756531176914e+37
1958.76 4.152508639813638e+37
1959.27 3.762699869352875e+37
1959.78 4.764998524180519e+37
1960.29 3.069065627069318e+37
1960.79 4.789941571044756e+37
1961.3 4.202201669152253e+37
1961.81 4.699319337433422e+37
1962.32 4.747379752100727e+37
1962.83 4.640653929443965e+37
1963.33 4.792215366035787e+37
1963.84 4.786670579456846e+37
1964.35 4.0639719248133976e+37
1964.86 4.34985372976973e+37
1965.37 4.060928291531481e+37
1965.88 4.803456065832096e+37
1966.39 4.803102673601223e+37
1966.9 4.788280797674572e+37
1967.41 4.8006799148504875e+37
1967.92 4.73280832433383e+37
1968.43 4.770481480361737e+37
1968.94 4.792968897282892e+37
1969.45 4.76820305304228e+37
1969.96 4.777847597630007e+37
1970.47 4.786650917088319e+37
1970.98 4.782732562991671e+37
1971.49 4.741502323612327e+37
1972.0 4.751313835739241e+37
1972.52 4.74301700564723e+37
1973.03 4.775237757334435e+37
1973.54 4.764274353872578e+37
1974.05 4.768924907108663e+37
1974.56 4.764359851502885e+37
1975.07 4.766334094918614e+37
1975.58 4.744184856557685e+37
1976.1 3.50905171698805e+37
1976.61 4.755490290669222e+37
1977.12 4.746314428410025e+37
1977.63 4.708934791418292e+37
1978.15 4.744055038415673e+37
1978.66 4.39083549366393e+37
1979.17 4.676621824030907e+37
1979.69 4.654157759316873e+37
1980.2 4.722314125266787e+37
1980.71 4.722515826992189e+37
1981.22 4.717580258940756e+37
1981.74 4.712224245013332e+37
1982.25 4.700452056392071e+37
1982.77 3.545803769773209e+37
1983.28 4.700442785461329e+37
1983.79 4.653680549882571e+37
1984.31 3.2258108981224075e+37
1984.82 4.4140348815441275e+37
1985.34 4.677303709623534e+37
1985.85 4.672406240307443e+37
1986.36 4.649952036936853e+37
1986.88 4.6081008225030425e+37
1987.4 3.5370910507030477e+37
1987.91 4.335335633929713e+37
1988.43 4.656491974610918e+37
1988.94 4.653308443060907e+37
1989.46 4.613937924544855e+37
1989.97 3.4022985200795864e+37
1990.49 4.586852125674465e+37
1991.0 4.636716794206763e+37
1991.52 3.3827754100652435e+37
1992.04 3.334242922808792e+37
1992.55 4.614098217199214e+37
1993.07 4.617453419146828e+37
1993.58 4.609581649267706e+37
1994.1 2.9587797831942234e+37
1994.62 4.606954104386237e+37
1995.14 4.510029879564626e+37
1995.65 3.725952905441115e+37
1996.17 4.600339031394454e+37
1996.69 4.5989786086312175e+37
1997.2 4.595837322720155e+37
1997.72 4.595936209272824e+37
1998.24 4.569775584842647e+37
1998.76 4.579233042385565e+37
1999.28 4.588082064230245e+37
1999.8 4.447397740907779e+37
2000.31 3.766906418312209e+37
2000.83 4.546150975715136e+37
2001.35 4.578993995038278e+37
2001.87 3.729146357818301e+37
2002.39 4.328082616946343e+37
2002.91 4.581044124279773e+37
2003.43 4.579686866159168e+37
2003.94 4.577793487452954e+37
2004.46 4.576128987005073e+37
2004.98 4.547209771186659e+37
2005.5 4.480641749224882e+37
2006.02 4.464579959436332e+37
2006.54 4.563529439615864e+37
2007.06 4.546653414005038e+37
2007.58 4.546641776580588e+37
2008.1 4.5450871442959505e+37
2008.62 4.443289864563643e+37
2009.14 3.792250142962404e+37
2009.67 4.542376486728527e+37
2010.19 4.433286278773826e+37
2010.71 4.380225665417403e+37
2011.23 4.461333617798685e+37
2011.75 4.526670487141688e+37
2012.27 4.1339166297928673e+37
2012.79 4.50439465852149e+37
2013.31 3.6975389657762125e+37
2013.84 4.509946328237815e+37
2014.36 4.5073547707122535e+37
2014.88 4.506185320236266e+37
2015.4 4.2603432113053e+37
2015.93 4.482080032110885e+37
2016.45 4.48074290025374e+37
2016.97 4.491740009414984e+37
2017.49 4.466695310382106e+37
2018.02 4.182663600835758e+37
2018.54 4.493637047577123e+37
2019.06 4.470520516901263e+37
2019.58 4.495563575467553e+37
2020.11 4.4958584167835475e+37
2020.63 4.492378262118536e+37
2021.16 4.493497543041989e+37
2021.68 4.488794155730462e+37
2022.2 4.49132071662115e+37
2022.73 4.356045194630614e+37
2023.25 4.49037960328302e+37
2023.78 4.484561329805842e+37
2024.3 4.487604663575197e+37
2024.82 4.487590522986985e+37
2025.35 4.479533301199266e+37
2025.88 4.363013860529792e+37
2026.4 4.469343645320475e+37
2026.93 4.474310519719015e+37
2027.45 4.470741132179805e+37
2027.98 4.464131634810924e+37
2028.5 4.378829068337147e+37
2029.03 4.460255939889074e+37
2029.55 4.4573073988941075e+37
2030.08 4.360729012565761e+37
2030.61 4.450293534041795e+37
2031.13 4.442198731545778e+37
2031.66 4.441586028667516e+37
2032.19 4.378144775194089e+37
2032.71 4.418002525756573e+37
2033.24 4.432071030097434e+37
2033.77 4.281034428243973e+37
2034.29 4.408034906448078e+37
2034.82 4.3747015049694e+37
2035.35 3.564810105003301e+37
2035.88 4.314354886293013e+37
2036.4 4.413554617107387e+37
2036.93 4.413563189402053e+37
2037.46 4.16301388470438e+37
2037.99 3.5890275095105653e+37
2038.52 4.408344795774405e+37
2039.04 4.399595512157243e+37
2039.57 4.011535119513472e+37
2040.1 3.660224871214174e+37
2040.63 4.377829664525972e+37
2041.16 3.6464503900657206e+37
2041.69 4.396245383029427e+37
2042.22 4.394234650682935e+37
2042.74 4.385240854790544e+37
2043.28 4.39061328513898e+37
2043.8 4.337639670058512e+37
2044.33 4.385497577881743e+37
2044.86 4.228739291783521e+37
2045.39 4.351906109636013e+37
2045.92 4.3753048837906515e+37
2046.45 3.6970566886264933e+37
2046.98 4.366019484877536e+37
2047.52 4.275802728600242e+37
2048.05 4.354515408072569e+37
2048.58 4.352124310071928e+37
2049.11 4.34213350326871e+37
2049.64 4.278653113395937e+37
2050.17 4.254888712588854e+37
2050.7 4.3554276769047545e+37
2051.23 4.341873241994769e+37
2051.76 4.316674852094263e+37
2052.3 4.341653456712138e+37
2052.83 4.289175823571283e+37
2053.36 4.321641570787972e+37
2053.89 4.3264436460837105e+37
2054.43 4.322603418700676e+37
2054.96 4.315027950280808e+37
2055.49 4.315499278467553e+37
2056.02 4.310487967736899e+37
2056.55 3.6103066944731355e+37
2057.09 4.310952121221691e+37
2057.62 3.918131558116282e+37
2058.16 4.30045683983798e+37
2058.69 4.2180869725012615e+37
2059.22 2.889948123185589e+37
2059.76 4.225924929671673e+37
2060.29 3.274861821149499e+37
2060.82 4.298619510551574e+37
2061.36 4.2886584459232015e+37
2061.89 4.291958124943997e+37
2062.43 2.928910997356961e+37
2062.96 4.29153393591166e+37
2063.5 4.288402893512376e+37
2064.03 4.275056477920662e+37
2064.56 4.285156208970787e+37
2065.1 4.277654183749185e+37
2065.64 4.254949941039235e+37
2066.17 4.278487841134904e+37
2066.71 4.273134640494507e+37
2067.24 4.279921633470462e+37
2067.78 4.279228609377084e+37
2068.31 4.278919028142558e+37
2068.85 2.8106639903534132e+37
2069.39 4.2776288496319e+37
2069.92 4.276637083032441e+37
2070.46 4.270403357514986e+37
2071.0 4.270677587484917e+37
2071.53 4.257476583162381e+37
2072.07 4.271416809683286e+37
2072.61 4.248358598882791e+37
2073.14 4.270797299442496e+37
2073.68 4.270394912451219e+37
2074.22 4.267757788862837e+37
2074.76 4.258825116709195e+37
2075.29 4.258518635618559e+37
2075.83 4.236297904381627e+37
2076.37 4.2413852612140853e+37
2076.91 4.1567375717940216e+37
2077.45 4.2400086930195597e+37
2077.98 4.141796671912026e+37
2078.52 4.2099068741842407e+37
2079.06 4.215842581571891e+37
2079.6 2.803015288221338e+37
2080.14 4.2307634624959175e+37
2080.68 4.23119710224998e+37
2081.22 4.23020658467796e+37
2081.76 4.221424942074348e+37
2082.3 4.228305798459457e+37
2082.84 4.2270225357174607e+37
2083.38 4.215287987194257e+37
2083.92 4.2245559621515265e+37
2084.46 4.224000752153636e+37
2085.0 2.809723595843208e+37
2085.54 4.070676458085363e+37
2086.08 4.2136924915604037e+37
2086.62 4.2059176826000494e+37
2087.16 4.206568317443175e+37
2087.7 3.8254320450410887e+37
2088.24 4.179148002001701e+37
2088.78 4.192508024492806e+37
2089.32 3.9219857162248676e+37
2089.87 4.1288957697150494e+37
2090.41 4.183663755811197e+37
2090.95 3.442792012636481e+37
2091.49 4.1754313930849407e+37
2092.03 3.45402009509422e+37
2092.57 4.1316036389974656e+37
2093.12 4.1613538883790553e+37
2093.66 3.6990042470782525e+37
2094.2 3.944806287515801e+37
2094.75 4.1367946414798126e+37
2095.29 4.1455236692175455e+37
2095.83 3.963116289065917e+37
2096.38 3.939125563013056e+37
2096.92 4.1379301293056538e+37
2097.46 4.142172576492139e+37
2098.0 3.9298412927637447e+37
2098.55 3.944735880318942e+37
2099.09 4.1376469475378003e+37
2099.64 4.1309034503783205e+37
2100.18 4.1329351608986213e+37
2100.73 4.1233909968423406e+37
2101.27 4.1300209348163255e+37
2101.81 4.111353095107402e+37
2102.36 4.1275098928943712e+37
2102.9 4.1262751491476116e+37
2103.45 4.0749743042451427e+37
2103.99 4.0771869290403595e+37
2104.54 3.0902901692107655e+37
2105.08 4.1212379800938347e+37
2105.63 3.9404478949280167e+37
2106.18 4.106962134225932e+37
2106.72 4.107695198008213e+37
2107.27 4.11139586457381e+37
2107.81 4.088484657610705e+37
2108.36 4.081745067247951e+37
2108.91 4.044141150672058e+37
2109.45 4.0647640852891305e+37
2110.0 4.099329121294173e+37
2110.55 4.0973362889187676e+37
2111.09 4.0938818019835236e+37
2111.64 4.0915013229579593e+37
2112.19 4.0883148130945983e+37
2112.74 4.087932136836483e+37
2113.28 4.078658617867365e+37
2113.83 4.081742401458777e+37
2114.38 4.021842792159828e+37
2114.93 4.0265462003999237e+37
2115.48 4.0369799741678585e+37
2116.02 4.073209654521609e+37
2116.57 4.071259119292746e+37
2117.12 4.0291673412362787e+37
2117.67 4.0625288263659765e+37
2118.22 3.888279815440926e+37
2118.77 4.06456198365964e+37
2119.32 3.928550780090433e+37
2119.87 4.061673986037018e+37
2120.42 4.0485561039422307e+37
2120.97 3.985014668396931e+37
2121.51 4.0493596484797133e+37
2122.06 4.0433749228717296e+37
2122.61 4.0520436786626893e+37
2123.17 4.0198316774798313e+37
2123.72 4.044919632114366e+37
2124.26 3.7793309861868776e+37
2124.82 4.014905540079988e+37
2125.37 4.03536368124881e+37
2125.92 4.014575798750447e+37
2126.47 4.031235095535057e+37
2127.02 4.0278425661076415e+37
2127.57 4.0223431362780017e+37
2128.12 3.8937300699825797e+37
2128.67 4.0148104783743274e+37
2129.23 4.003411063276173e+37
2129.78 4.0078725060450555e+37
2130.33 3.930971204725737e+37
2130.88 3.998051942776711e+37
2131.43 3.9917316447599384e+37
2131.99 3.989675423341205e+37
2132.54 3.9757701969193317e+37
2133.09 3.9818537832372195e+37
2133.65 3.9773174258939106e+37
2134.2 3.971121456971275e+37
2134.75 3.9677358539974146e+37
2135.3 3.963884460472478e+37
2135.86 3.957969462060487e+37
2136.41 3.961768392590241e+37
2136.97 3.8553180471932515e+37
2137.52 3.957973235936309e+37
2138.07 3.6307641926561365e+37
2138.63 3.9355124306621894e+37
2139.18 3.9562368951243447e+37
2139.74 3.944757592576162e+37
2140.29 3.952756015645528e+37
2140.84 3.9554767131449555e+37
2141.4 3.942463392939808e+37
2141.96 3.903816066058879e+37
2142.51 3.951730148991789e+37
2143.06 3.9484478305747273e+37
2143.62 3.921664189805863e+37
2144.18 3.5726425967735597e+37
2144.73 3.9423940030575385e+37
2145.29 3.9328677955300187e+37
2145.84 3.942863099223087e+37
2146.4 3.9285571652568185e+37
2146.96 3.868961877685892e+37
2147.51 3.93611280166057e+37
2148.07 3.932928673813908e+37
2148.63 3.8041255369895924e+37
2149.18 3.896209003026442e+37
2149.74 3.9254783249977674e+37
2150.3 3.920140550664585e+37
2150.85 3.9245132959604124e+37
2151.41 3.915377537361931e+37
2151.97 3.922154962354981e+37
2152.53 3.5703274928712025e+37
2153.08 3.913647287162558e+37
2153.64 3.9173315979862923e+37
2154.2 3.9157906383649725e+37
2154.76 3.9110756904325575e+37
2155.32 3.9064367182526526e+37
2155.88 3.9075426146047197e+37
2156.44 3.903292906558179e+37
2156.99 3.8954837257572683e+37
2157.55 3.895732551168873e+37
2158.11 3.891546864117804e+37
2158.67 3.8825856802982984e+37
2159.23 3.731559137263025e+37
2159.79 3.8714328303204835e+37
2160.35 3.8731706817453893e+37
2160.91 3.8721501393243247e+37
2161.47 3.8650174492497147e+37
2162.03 3.746642168568326e+37
2162.59 3.8357699545085837e+37
2163.15 3.8544706141717267e+37
2163.71 3.7613149761443874e+37
2164.27 3.8457279506741034e+37
2164.83 3.837144172206638e+37
2165.4 3.83589983777497e+37
2165.96 3.745972075263004e+37
2166.52 3.8314369231634253e+37
2167.08 3.8283823563697135e+37
2167.64 3.4630665043528063e+37
2168.2 3.8275466369190817e+37
2168.76 3.808693244937798e+37
2169.33 3.8245159608068127e+37
2169.89 3.8157951836555666e+37
2170.45 3.7752957046880423e+37
2171.01 3.818309426725956e+37
2171.58 3.80472485359741e+37
2172.14 3.813875390911601e+37
2172.7 3.8098357885256832e+37
2173.27 3.809170295499498e+37
2173.83 3.8057198862101365e+37
2174.39 3.792514482966152e+37
2174.96 3.7956153056115534e+37
2175.52 3.7897419196277272e+37
2176.08 3.784032264869247e+37
2176.65 3.794943142253853e+37
2177.21 3.789315564241792e+37
2177.78 3.780172028298238e+37
2178.34 3.787612733041977e+37
2178.91 3.7853333612823224e+37
2179.47 3.779334958135852e+37
2180.03 3.7638652542048103e+37
2180.6 3.7769849681148276e+37
2181.17 3.516771571430926e+37
2181.73 3.772890788799163e+37
2182.3 3.7704211149959363e+37
2182.86 3.7669613311861802e+37
2183.43 3.7459370125592243e+37
2183.99 3.7619065906488144e+37
2184.56 3.7487110925804456e+37
2185.12 3.7558494514682105e+37
2185.69 3.6931600931945635e+37
2186.26 3.7223060260008057e+37
2186.82 3.7503837006792386e+37
2187.39 3.6696057498593584e+37
2187.96 3.7479079566735887e+37
2188.53 3.740622757594134e+37
2189.09 3.752812131449314e+37
2189.66 3.750616850323559e+37
2190.23 3.7544549293841455e+37
2190.79 3.722089039909205e+37
2191.36 3.7384991577246475e+37
2191.93 3.692268903472089e+37
2192.5 3.754580778268925e+37
2193.07 3.749895844394518e+37
2193.64 3.7526003218976473e+37
2194.21 3.748122624863929e+37
2194.77 3.7536654170710085e+37
2195.34 3.7510186918865996e+37
2195.91 3.7474445972920678e+37
2196.48 3.730621325333562e+37
2197.05 3.7402041786345376e+37
2197.62 3.7367106287824693e+37
2198.19 3.7329609900485535e+37
2198.76 3.728865309724682e+37
2199.33 3.673363096634508e+37
2199.9 3.7209692516214384e+37
2200.47 3.718228106381187e+37
2201.04 3.7116041784043258e+37
2201.61 3.7081250697808997e+37
2202.18 3.687266618037419e+37
2202.75 3.7018465088592054e+37
2203.32 3.698792614886771e+37
2203.89 3.6532490052657273e+37
2204.46 3.6736001941152556e+37
2205.03 3.688449688891945e+37
2205.61 3.684729413998547e+37
2206.18 3.6778168688856363e+37
2206.75 3.6707523962871895e+37
2207.32 3.6509104899911293e+37
2207.89 3.6704783683171867e+37
2208.47 3.666740373446629e+37
2209.04 3.6560900678651786e+37
2209.61 3.3577003419675887e+37
2210.18 3.65624176463218e+37
2210.76 3.6217501006845465e+37
2211.33 3.647748704589483e+37
2211.9 3.6438349597138676e+37
2212.48 3.6408290668320026e+37
2213.05 3.629349807371209e+37
2213.62 3.631355427380421e+37
2214.2 3.626579459131286e+37
2214.77 3.613694214962488e+37
2215.34 3.531610517558689e+37
2215.92 3.581115510355752e+37
2216.49 3.6067262582359903e+37
2217.07 3.5799330125080646e+37
2217.64 3.6080356586984186e+37
2218.22 3.5628955873221655e+37
2218.79 3.5992558439666045e+37
2219.37 3.5821073173289484e+37
2219.94 3.5949836924082e+37
2220.52 3.5873424905197167e+37
2221.09 3.558117603543708e+37
2221.67 3.586004665664702e+37
2222.25 3.5835048559986958e+37
2222.82 3.5798605846417573e+37
2223.4 3.575890152672944e+37
2223.97 3.572722970210573e+37
2224.55 3.5696403493889893e+37
2225.13 3.560564230827687e+37
2225.7 3.5629727129038257e+37
2226.28 3.5700699767643097e+37
2226.86 3.570538623913512e+37
2227.43 3.4526539817972995e+37
2228.01 3.5683104331414752e+37
2228.59 3.5587415905099753e+37
2229.17 3.566249249518358e+37
2229.74 3.5759389158675056e+37
2230.32 3.5755849818462794e+37
2230.9 3.5780994065090553e+37
2231.48 3.5791257226094965e+37
2232.06 3.579833922717759e+37
2232.64 3.5798099522954187e+37
2233.21 3.5599915269445477e+37
2233.79 3.5828399806362486e+37
2234.37 3.5491062948183208e+37
2234.95 3.585064180712434e+37
2235.53 3.5815384114303653e+37
2236.11 3.577852607198203e+37
2236.69 3.4589950350184685e+37
2237.27 3.569920453188102e+37
2237.85 3.5663222718772603e+37
2238.43 3.5524537545691476e+37
2239.01 3.546056633695431e+37
2239.59 3.554740964679432e+37
2240.17 3.55083770018301e+37
2240.75 3.547096785299188e+37
2241.33 3.543114210138874e+37
2241.91 3.5393804397005444e+37
2242.49 3.534122596985299e+37
2243.07 3.5311985753748734e+37
2243.66 3.5277105457988038e+37
2244.24 3.518944286314635e+37
2244.82 3.3980215544681716e+37
2245.4 3.5166136708078e+37
2245.98 3.5137655142756002e+37
2246.56 3.50788298759714e+37
2247.15 3.5071669962380963e+37
2247.73 3.5037351002656408e+37
2248.31 3.4882746767798743e+37
2248.89 3.4978762235109885e+37
2249.48 3.4946595936001584e+37
2250.06 3.4911978685739094e+37
2250.64 3.4872759470578026e+37
2251.23 3.483942694046713e+37
2251.81 3.4738397037237974e+37
2252.39 3.4720767314836604e+37
2252.98 3.428236547848439e+37
2253.56 3.406883827431352e+37
2254.15 3.46448487015324e+37
2254.73 3.4620837750626894e+37
2255.31 3.462878900866804e+37
2255.9 3.4604880519436804e+37
2256.48 3.444832881016026e+37
2257.07 3.4580778379078334e+37
2257.65 3.4562934604897717e+37
2258.24 3.3812379168900126e+37
2258.82 3.4524710744027465e+37
2259.41 3.446709746415228e+37
2260.0 3.4506528110974245e+37
2260.58 3.4496430611079035e+37
2261.17 3.4361108719687654e+37
2261.75 3.4465736993981505e+37
2262.34 3.2873942026373916e+37
2262.93 3.4428009348964426e+37
2263.51 3.4408280680580287e+37
2264.1 3.4396256474103476e+37
2264.69 3.4379601454204373e+37
2265.27 3.421895827371113e+37
2265.86 3.4323890105109915e+37
2266.45 3.4347871541922254e+37
2267.03 3.4334360475085837e+37
2267.62 3.4340246163021736e+37
2268.21 3.395751374020877e+37
2268.8 3.430697315293183e+37
2269.39 3.4315289690659136e+37
2269.97 3.430643838444195e+37
2270.56 3.4303086792690714e+37
2271.15 3.4295054628753297e+37
2271.74 3.429014289122798e+37
2272.33 3.42789669069447e+37
2272.92 3.4276150570623217e+37
2273.51 3.4268835959601524e+37
2274.09 3.3943129687529506e+37
2274.68 3.4251178367955996e+37
2275.27 3.4244707343071654e+37
2275.86 3.422890513877275e+37
2276.45 3.419445057816748e+37
2277.04 3.4009813409175335e+37
2277.63 3.4025744898405853e+37
2278.22 3.3972802659722256e+37
2278.81 3.4167590950205523e+37
2279.41 3.3942272800982515e+37
2280.0 3.4143043806345956e+37
2280.59 3.398880473613956e+37
2281.18 3.411465194557522e+37
2281.77 3.410353912231083e+37
2282.36 3.4093010844839437e+37
2282.95 3.4079573694918463e+37
2283.54 3.4066932117545604e+37
2284.14 3.405277561235066e+37
2284.73 3.3997613813949487e+37
2285.32 3.3997351625893737e+37
2285.91 3.398006007020138e+37
2286.5 3.394356866126592e+37
2287.1 3.39078344054388e+37
2287.69 3.3031633034780925e+37
2288.28 3.3768644149858367e+37
2288.88 3.3798343363416065e+37
2289.47 3.376275747939054e+37
2290.06 3.368433017770824e+37
2290.66 3.368943581119421e+37
2291.25 3.3616515373857056e+37
2291.84 3.361701388960747e+37
2292.44 3.3567154390491246e+37
2293.03 3.3541711602179436e+37
2293.63 3.3484036269090267e+37
2294.22 3.347003241244724e+37
2294.81 3.3430197334386514e+37
2295.41 3.3399542235465267e+37
2296.0 3.338553531375244e+37
2296.6 3.2770562103935056e+37
2297.2 3.3099627306969987e+37
2297.79 2.723818485016127e+37
2298.39 3.3296141853039367e+37
2298.98 3.293299023066075e+37
2299.58 3.323514324675378e+37
2300.17 3.3235221393623514e+37
2300.77 3.3073247894318904e+37
2301.37 3.3188986792643825e+37
2301.96 3.317039650558144e+37
2302.56 3.314538399661887e+37
2303.16 3.3030933182080138e+37
2303.75 3.2573543776743273e+37
2304.35 3.3069262489022717e+37
2304.95 3.3040690965729626e+37
2305.54 3.299366759520437e+37
2306.14 3.2954945933461752e+37
2306.74 3.2769894008533466e+37
2307.34 3.2756062364584605e+37
2307.94 3.2874996588918184e+37
2308.53 3.284185050600153e+37
2309.13 3.2859736150380245e+37
2309.73 3.2849625890240264e+37
2310.33 3.282882738935195e+37
2310.93 3.2804208666157122e+37
2311.53 3.278183014364497e+37
2312.13 3.275444607936305e+37
2312.73 3.2696251124900345e+37
2313.32 3.267056212359367e+37
2313.93 3.2417208749828987e+37
2314.52 3.2644082959560645e+37
2315.12 3.261738331786132e+37
2315.72 3.251443661974507e+37
2316.32 3.2085165779723857e+37
2316.93 3.2302147064801172e+37
2317.52 3.222276583115566e+37
2318.13 3.213999193859171e+37
2318.73 3.206655300918914e+37
2319.33 3.1961073054036294e+37
2319.93 3.062667717821688e+37
2320.53 3.176459469071704e+37
2321.13 3.169297222266336e+37
2321.73 3.160639906110797e+37
2322.33 3.137304133998959e+37
2322.94 3.113225789479539e+37
2323.54 3.1329160875821237e+37
2324.14 3.123798726407362e+37
2324.74 3.114197556398139e+37
2325.35 3.1124761582160788e+37
2325.95 3.115067548876644e+37
2326.55 3.1204929896272863e+37
2327.16 3.119475936223347e+37
2327.76 3.120297081128725e+37
2328.36 3.10295758824308e+37
2328.97 3.1402192809815493e+37
2329.57 3.1446862362433366e+37
2330.17 3.1484456074820216e+37
2330.78 3.15063892522912e+37
2331.38 3.1570539016787706e+37
2331.98 3.0970215438932663e+37
2332.59 3.166839351581703e+37
2333.19 3.1291315766362354e+37
2333.8 3.1732686335290817e+37
2334.4 3.177853256640829e+37
2335.01 3.1797068530062544e+37
2335.61 3.1813400214023743e+37
2336.22 3.177337055874906e+37
2336.82 3.1732713511774947e+37
2337.43 3.140977162086064e+37
2338.03 3.164511281558826e+37
2338.64 3.1193044035809845e+37
2339.25 3.149391153184305e+37
2339.85 3.147791019541695e+37
2340.46 3.143193560530596e+37
2341.07 3.129558050635672e+37
2341.67 3.1325177382926245e+37
2342.28 3.1349136304076507e+37
2342.89 3.129901397378999e+37
2343.5 3.126466764002254e+37
2344.1 3.0820239569502916e+37
2344.71 3.086551820078289e+37
2345.32 3.1160269074313438e+37
2345.93 3.1062533235268402e+37
2346.53 3.117111982949585e+37
2347.14 3.117650695467339e+37
2347.75 3.0969471981164823e+37
2348.36 3.1187216231174196e+37
2348.97 3.0638612249234223e+37
2349.58 3.1191644811383964e+37
2350.19 3.12034496815587e+37
2350.79 3.11997038341971e+37
2351.4 3.121355530314351e+37
2352.01 3.1134703889008306e+37
2352.62 3.122014266205789e+37
2353.23 3.1165095569817463e+37
2353.84 3.1235016650476743e+37
2354.45 3.102474985081036e+37
2355.06 3.118843186401867e+37
2355.67 3.1060205850552927e+37
2356.28 3.1160303702470974e+37
2356.89 3.11176142391737e+37
2357.5 3.1077042785494795e+37
2358.12 3.1038604444630516e+37
2358.73 3.0999600303868864e+37
2359.34 3.095923007953815e+37
2359.95 3.0759896763062974e+37
2360.56 3.0845709310341277e+37
2361.17 3.0777533219549514e+37
2361.78 3.0800219778724543e+37
2362.4 3.0707076258909528e+37
2363.01 3.0716586593595483e+37
2363.62 3.067797267541748e+37
2364.24 3.056294103132488e+37
2364.85 3.0600879028757877e+37
2365.46 3.0275676497104816e+37
2366.07 3.0553047151183117e+37
2366.69 3.048556881860181e+37
2367.3 3.0322337343261397e+37
2367.91 3.0569559008140606e+37
2368.53 3.0564430745219655e+37
2369.14 3.0550279105418776e+37
2369.76 3.0554876201429152e+37
2370.37 3.0548308016643304e+37
2370.98 3.054733251920758e+37
2371.6 3.0350637910720484e+37
2372.21 3.05376906315381e+37
2372.83 3.052841448295771e+37
2373.44 3.050800699012739e+37
2374.06 3.0522983157545024e+37
2374.67 3.0125806651554527e+37
2375.29 3.0495208769472914e+37
2375.91 3.0056141720502214e+37
2376.52 3.0405272303196798e+37
2377.14 3.000287974397622e+37
2377.75 3.032170386422769e+37
2378.37 3.0277115401646164e+37
2378.99 3.0231817015077123e+37
2379.6 3.0183120563562005e+37
2380.22 3.013637860314241e+37
2380.83 3.008882008052511e+37
2381.45 2.966950395630021e+37
2382.07 3.000909352697273e+37
2382.69 2.9252611963982e+37
2383.3 2.990820175486302e+37
2383.92 2.956767026457159e+37
2384.54 2.980991703861613e+37
2385.16 2.9485063263519003e+37
2385.78 2.9650553522897605e+37
2386.4 2.9509911326911102e+37
2387.01 2.954218527814967e+37
2387.63 2.980557303662863e+37
2388.25 2.9815639275254516e+37
2388.87 2.981860127410576e+37
2389.49 2.967125857342711e+37
2390.11 2.9794453163075826e+37
2390.73 2.986644574746258e+37
2391.35 2.987266965965271e+37
2391.97 2.9878512525632786e+37
2392.59 2.989107162615996e+37
2393.21 2.9892598949765266e+37
2393.83 2.9904886537335263e+37
2394.45 2.987226624646563e+37
2395.07 2.991152973589222e+37
2395.69 2.9855743037535576e+37
2396.31 2.911365870872701e+37
2396.93 2.9822853110990723e+37
2397.55 2.975973067083052e+37
2398.17 2.9756156845454805e+37
2398.79 2.961159427350231e+37
2399.42 2.9634279987247727e+37
2400.04 2.916731305344731e+37
2400.66 2.9636508561597954e+37
2401.28 2.960593286340742e+37
2401.91 2.9567430227982804e+37
2402.53 2.9487239288952713e+37
2403.15 2.935544284813122e+37
2403.77 2.9480200692601912e+37
2404.4 2.93555852744798e+37
2405.02 2.9399385689318206e+37
2405.64 2.8722695102663964e+37
2406.27 2.9394927589319975e+37
2406.89 2.938063081833184e+37
2407.51 2.915766995194486e+37
2408.14 2.935213051444315e+37
2408.76 2.9299867768047244e+37
2409.39 2.930164837256365e+37
2410.01 2.917986366667838e+37
2410.64 2.9310477865934114e+37
2411.26 2.868844791131909e+37
2411.89 2.8946727397275806e+37
2412.51 2.927243254887206e+37
2413.14 2.926157603900968e+37
2413.76 2.9240738262373247e+37
2414.39 2.921780338190505e+37
2415.01 2.9222848581367307e+37
2415.64 2.921732016410804e+37
2416.26 2.9215078692372763e+37
2416.89 2.8952605000005633e+37
2417.52 2.9198723850193226e+37
2418.14 2.9200468728284874e+37
2418.77 2.9190931382859317e+37
2419.4 2.8412167672265192e+37
2420.02 2.918762539396601e+37
2420.65 2.916951282245141e+37
2421.28 2.9169953348065833e+37
2421.91 2.9171042951139427e+37
2422.53 2.91653812250559e+37
2423.16 2.916256317491594e+37
2423.79 2.9153069663213717e+37
2424.42 2.9071502440888636e+37
2425.05 2.9080470141237883e+37
2425.68 2.911186427565814e+37
2426.3 2.9072027537204016e+37
2426.93 2.9038790406134714e+37
2427.56 2.9009551330971754e+37
2428.19 2.89737563301418e+37
2428.82 2.893459825093424e+37
2429.45 2.8849054032387895e+37
2430.08 2.8797763889300527e+37
2430.71 2.8740663582445073e+37
2431.34 2.8802435699701937e+37
2431.97 2.8699638428420995e+37
2432.6 2.873338619807451e+37
2433.23 2.869663961396885e+37
2433.86 2.8609771654548216e+37
2434.49 2.8629024841139585e+37
2435.12 2.8593693515578834e+37
2435.75 2.8472292819055255e+37
2436.39 2.859846651064266e+37
2437.02 2.858191752187725e+37
2437.65 2.8591368126197643e+37
2438.28 2.859309175472353e+37
2438.91 2.777048615330488e+37
2439.54 2.8600491920423205e+37
2440.18 2.854635958234003e+37
2440.81 2.8583111550221785e+37
2441.44 2.8591303574799267e+37
2442.07 2.8597391747370835e+37
2442.71 2.859718697612729e+37
2443.34 2.859500797908459e+37
2443.97 2.8592181613986936e+37
2444.61 2.8591325790132737e+37
2445.24 2.824250062837664e+37
2445.88 2.848906343012695e+37
2446.51 2.846291801900565e+37
2447.14 2.843682897488377e+37
2447.78 2.8502588070571756e+37
2448.41 2.840210268270942e+37
2449.05 2.835612585107817e+37
2449.68 2.844426722164661e+37
2450.32 2.8329256705282644e+37
2450.95 2.835146824726002e+37
2451.59 2.8379631688822737e+37
2452.22 2.8355551363133304e+37
2452.86 2.83379422730037e+37
2453.49 2.8319655569371025e+37
2454.13 2.8298855665921575e+37
2454.76 2.826133951209118e+37
2455.4 2.8153487400770566e+37
2456.04 2.8232009193074218e+37
2456.67 2.8177286533421055e+37
2457.31 2.8166836247269376e+37
2457.95 2.816275803050131e+37
2458.58 2.812346105876005e+37
2459.22 2.811686429738881e+37
2459.86 2.805859696894341e+37
2460.5 2.806221415432161e+37
2461.14 2.7922042155533356e+37
2461.77 2.7973166457907884e+37
2462.41 2.7962165458652125e+37
2463.05 2.7961313905654374e+37
2463.69 2.7853338372743324e+37
2464.33 2.7931694008453304e+37
2464.96 2.7907991345178544e+37
2465.6 2.7761584624559724e+37
2466.24 2.786178068580844e+37
2466.88 2.783879748338365e+37
2467.52 2.762693502711108e+37
2468.16 2.7793520711532585e+37
2468.8 2.7769310456716035e+37
2469.44 2.774635443525359e+37
2470.08 2.7715907664112493e+37
2470.72 2.7698687241564083e+37
2471.36 2.753091541848578e+37
2472.0 2.7644105479878145e+37
2472.64 2.7631337814863446e+37
2473.28 2.7508385878851634e+37
2473.92 2.7560080131088183e+37
2474.56 2.7562279821583e+37
2475.21 2.75451622472635e+37
2475.85 2.7481206835647374e+37
2476.49 2.755286954896615e+37
2477.13 2.7549531557108053e+37
2477.77 2.7559332324016304e+37
2478.42 2.7563389916668406e+37
2479.06 2.7562516238774465e+37
2479.7 2.7570432038101816e+37
2480.34 2.757334786512639e+37
2480.99 2.744942859182885e+37
2481.63 2.7562936836719915e+37
2482.27 2.754894330537992e+37
2482.92 2.7387154646543275e+37
2483.56 2.7566080700341514e+37
2484.2 2.7590303136388564e+37
2484.85 2.7582553456045047e+37
2485.49 2.757711025614259e+37
2486.14 2.754811486960083e+37
2486.78 2.7521629765877487e+37
2487.42 2.749329871322918e+37
2488.07 2.7463149569652166e+37
2488.71 2.7378227571055764e+37
2489.36 2.740913447142205e+37
2490.0 2.7381538351896502e+37
2490.65 2.7308669638679923e+37
2491.29 2.732329020539611e+37
2491.94 2.728761781032484e+37
2492.59 2.726882775243955e+37
2493.23 2.723765393148462e+37
2493.88 2.687668404165994e+37
2494.52 2.7179091134072233e+37
2495.17 2.716535281130237e+37
2495.82 2.716701033353431e+37
2496.47 2.716797818794936e+37
2497.11 2.7173177390462116e+37
2497.76 2.7163709042363604e+37
2498.41 2.7165337735245226e+37
2499.05 2.716570498196688e+37
2499.7 2.688063909361617e+37
