WAVE FLUX
1000.04 1.01411438458864e+38
1000.53 7.00190821237818e+37
1001.02 3.7500702592396353e+37
1001.51 9.920912576088104e+37
1002.01 7.5659682556721e+37
1002.5 6.225475168926365e+37
1002.99 7.15911618277833e+37
1003.48 1.0250424496910643e+38
1003.97 9.90467645267857e+37
1004.46 1.0221542000668234e+38
1004.96 1.0156714390159147e+38
1005.45 5.293550385291686e+37
1005.94 2.696336177297108e+37
1006.43 9.65186156934914e+37
1006.93 4.806832868814269e+37
1007.42 9.977969591195254e+37
1007.92 9.045851096122584e+37
1008.41 9.0945698376775e+37
1008.91 5.198308162240813e+37
1009.4 9.940677688078621e+37
1009.9 1.9259885552755908e+37
1010.39 3.068020638812227e+37
1010.89 1.0149076219227599e+38
1011.38 9.650531117011316e+37
1011.88 1.0061564563150712e+38
1012.37 2.444202806893992e+37
1012.87 5.46856938217362e+37
1013.37 9.96911695876317e+37
1013.86 9.850235639897603e+37
1014.36 9.933981238508898e+37
1014.86 9.414944622238128e+37
1015.36 9.883498552565165e+37
1015.85 8.005436461344591e+37
1016.35 6.192240808333096e+37
1016.85 9.81991068702626e+37
1017.35 6.06942895491883e+37
1017.85 8.77885251081781e+37
1018.35 1.7425020699802532e+37
1018.85 9.95585540225437e+37
1019.35 7.633620735667533e+37
1019.85 2.212317261914569e+37
1020.35 8.514409558548237e+37
1020.85 9.491623941929201e+37
1021.35 8.956130606056777e+37
1021.85 9.716585212143314e+37
1022.35 1.0186755383850578e+38
1022.85 2.9018529947873244e+37
1023.35 1.017512768006443e+38
1023.85 9.919632937259669e+37
1024.35 9.811184448035438e+37
1024.86 9.318055154508388e+37
1025.36 3.837144883945892e+37
1025.86 3.7897507484922716e+36
1026.37 5.012776042673325e+37
1026.87 3.9922584833460823e+37
1027.37 7.701783794340116e+37
1027.88 8.043008652539626e+37
1028.38 6.915502004148807e+37
1028.89 8.032500112484155e+37
1029.39 6.853420146578914e+37
1029.9 2.886637821558651e+37
1030.4 6.370411463676271e+37
1030.91 2.3582274835519822e+37
1031.41 5.833504004719053e+37
1031.92 7.930399008110359e+37
1032.42 6.754496445499814e+37
1032.93 9.294917559418367e+37
1033.44 5.74936663603731e+37
1033.94 3.15769828153903e+37
1034.45 6.626847680768324e+37
1034.96 6.908264604042044e+37
1035.46 2.015671189365507e+37
1035.97 4.919745825227871e+37
1036.48 6.194022963976862e+37
1036.99 2.188921000568251e+37
1037.5 3.8444631681569946e+37
1038.01 6.225284874096647e+37
1038.51 9.861417489364974e+37
1039.02 8.60264466051949e+37
1039.53 6.805017755347733e+37
1040.04 7.454524933357445e+37
1040.55 7.244687254933459e+37
1041.06 1.006928464385758e+38
1041.57 8.799416698491328e+37
1042.08 9.9434977178114e+37
1042.59 9.568084076131269e+37
1043.11 1.0194271789799243e+38
1043.62 1.0075632297613311e+38
1044.13 1.0145786129052409e+38
1044.64 9.670716029857164e+37
1045.15 9.056314298459743e+37
1045.67 9.689624693271478e+37
1046.18 9.118199316203224e+37
1046.69 9.96673230421772e+37
1047.2 9.987945990677763e+37
1047.72 1.0072612480981412e+38
1048.23 1.0072885857781852e+38
1048.75 1.0168867680579701e+38
1049.26 9.985546835384548e+37
1049.78 9.273522945532876e+37
1050.29 9.96667999307727e+37
1050.81 8.859237137401952e+37
1051.32 6.6271108419102525e+37
1051.83 9.879878023370524e+37
1052.35 8.986360562201121e+37
1052.87 8.81564878456212e+37
1053.38 9.786249619503625e+37
1053.9 9.974259600120834e+37
1054.42 1.0050596194053621e+38
1054.93 1.0110790202381598e+38
1055.45 2.806731735036676e+37
1055.97 9.123917201079327e+37
1056.49 9.87513466819986e+37
1057.01 9.980169473058897e+37
1057.52 7.650189531623033e+37
1058.04 9.998222762981748e+37
1058.56 5.988808265084223e+37
1059.08 7.295698661667549e+37
1059.6 9.858424566405322e+37
1060.12 6.346105636463401e+37
1060.64 9.111810216719037e+37
1061.16 2.421260741878622e+37
1061.68 1.8212760312891575e+37
1062.2 7.561460492944239e+37
1062.72 1.969229983411103e+37
1063.24 4.373465490027885e+37
1063.76 9.836828397854343e+37
1064.28 8.273175659705881e+37
1064.81 9.9098513006528e+37
1065.33 9.875350247452238e+37
1065.85 3.3780310386877633e+37
1066.37 8.765931540354124e+37
1066.9 9.954398563815598e+37
1067.42 8.134115133726972e+37
1067.94 7.673030739797404e+37
1068.47 8.72276621330235e+37
1068.99 1.7694298115080364e+37
1069.52 5.879359337333957e+37
1070.04 9.05064084262072e+37
1070.56 2.4114707794396004e+37
1071.09 9.72740747262577e+37
1071.61 9.714556322191982e+37
1072.14 7.39138452292828e+37
1072.67 8.612956263345285e+37
1073.19 8.932461035782107e+37
1073.72 6.843462223769296e+37
1074.24 8.120003656327501e+37
1074.77 9.276596589860045e+37
1075.3 8.882273178405656e+37
1075.82 9.641924219275589e+37
1076.35 9.441043606966693e+37
1076.88 9.797852872892767e+37
1077.41 9.829214976288805e+37
1077.94 7.5803809493987555e+37
1078.47 9.760267535747655e+37
1078.99 9.644710570480157e+37
1079.52 6.60764585516922e+37
1080.05 9.620395492057166e+37
1080.58 9.67163822555736e+37
1081.11 9.65333307269429e+37
1081.64 9.734729185447178e+37
1082.17 9.69566747107429e+37
1082.7 9.361680261994705e+37
1083.23 3.2362374835425377e+37
1083.77 8.544242968249416e+37
1084.3 8.986270252441763e+37
1084.83 5.113435395737725e+37
1085.36 8.774626216064197e+37
1085.89 8.591164831849296e+37
1086.43 7.457914872083656e+37
1086.96 9.215251311941627e+37
1087.49 9.285662665903748e+37
1088.02 4.324345195886864e+37
1088.56 8.267685560588344e+37
1089.09 2.414080725222173e+37
1089.63 1.9085725209347664e+37
1090.16 6.629977535400121e+37
1090.69 9.195280302569218e+37
1091.23 9.525097294696292e+37
1091.77 8.113194813561691e+37
1092.3 8.678513519535864e+37
1092.84 9.30000408734658e+37
1093.37 4.674895947107515e+37
1093.91 9.727916950046822e+37
1094.44 9.48336284557967e+37
1094.98 9.757395782485165e+37
1095.52 2.8714374540793277e+37
1096.06 7.62996404510828e+37
1096.59 1.630051121659572e+37
1097.13 9.604914614754775e+37
1097.67 1.9588947153726834e+37
1098.21 2.4471446828539366e+37
1098.74 9.520159112416283e+37
1099.28 9.572364117748217e+37
1099.82 8.484818718067053e+37
1100.36 9.655533207944397e+37
1100.9 9.697489853354412e+37
1101.44 7.56055712827854e+37
1101.98 9.585153077911644e+37
1102.52 9.647567957540953e+37
1103.06 8.079749841583881e+37
1103.6 8.83398601787164e+37
1104.15 3.001441924698493e+37
1104.69 8.727753224627635e+37
1105.23 9.504670777268979e+37
1105.77 8.901070031095229e+37
1106.31 9.500605814607102e+37
1106.85 8.63015103351877e+37
1107.4 8.255178248335881e+37
1107.94 7.056507369343307e+37
1108.48 1.2275625252005092e+37
1109.03 8.542499132878524e+37
1109.57 8.886464081036719e+37
1110.11 8.009777531482602e+37
1110.66 9.323334304686187e+37
1111.2 7.764156363744021e+37
1111.75 9.16851940018485e+37
1112.29 7.473635515287915e+37
1112.84 9.338923375691665e+37
1113.39 9.433101217854687e+37
1113.93 9.114533982961089e+37
1114.48 9.032013576244228e+37
1115.02 9.223134070130986e+37
1115.57 9.337993442842488e+37
1116.12 8.576975860082923e+37
1116.67 4.933684495509196e+37
1117.21 7.590629074162291e+37
1117.76 9.30226391361249e+37
1118.31 9.017929609379948e+37
1118.86 9.492989631045405e+37
1119.41 4.377956004206765e+37
1119.95 9.513212839280336e+37
1120.5 9.539537922103297e+37
1121.05 8.438044740548112e+37
1121.6 9.418489764966719e+37
1122.15 9.251535302941232e+37
1122.7 9.395640904663297e+37
1123.25 9.171933883942384e+37
1123.8 2.4491465033390566e+37
1124.36 8.201548908380352e+37
1124.91 1.762388836722139e+37
1125.46 8.64902305145338e+37
1126.01 8.920502313811688e+37
1126.56 8.806366481918297e+37
1127.11 8.201635572762742e+37
1127.67 8.175415104322679e+37
1128.22 1.5279106134637774e+37
1128.77 1.2778742098458802e+37
1129.33 7.982182015381271e+37
1129.88 5.644563935503614e+37
1130.44 1.2581303630848556e+37
1130.99 9.159638547269096e+37
1131.54 9.306637330574708e+37
1132.1 9.436353761932194e+37
1132.65 9.26426461515993e+37
1133.21 9.27544021037785e+37
1133.77 9.290172832734463e+37
1134.32 8.453118443851399e+37
1134.88 7.061937779757494e+37
1135.43 8.709077953672984e+37
1135.99 9.313189655396422e+37
1136.55 8.94347220789169e+37
1137.1 9.0325538653196e+37
1137.66 9.174961985607787e+37
1138.22 9.193142510640511e+37
1138.78 8.731640040154602e+37
1139.34 1.887332302439887e+37
1139.9 3.6589169686448423e+37
1140.45 8.569621545453068e+37
1141.01 9.045857106539003e+37
1141.57 2.1377996041039282e+37
1142.13 9.277824611178292e+37
1142.69 9.262110837793805e+37
1143.25 9.118293988353473e+37
1143.81 8.84976549985572e+37
1144.38 2.7853059855307595e+37
1144.94 2.283559076523119e+37
1145.5 9.238498996277562e+37
1146.06 9.260315246801504e+37
1146.62 9.175696961437877e+37
1147.18 8.69621126131515e+37
1147.75 9.05027460393216e+37
1148.31 8.927512900033258e+37
1148.87 8.69536608937313e+37
1149.44 9.245224615530855e+37
1150.0 8.090289341329454e+37
1150.0 8.090289341329454e+37
1150.3 8.741134307726004e+37
1150.6 9.214720141019519e+37
1150.89 5.430266914761964e+37
1151.19 7.344842623778476e+37
1151.49 9.256561420225808e+37
1151.79 9.184917478285635e+37
1152.09 9.089275051854778e+37
1152.39 9.044632445903597e+37
1152.69 7.6758844824669905e+37
1152.98 8.759529386032452e+37
1153.28 8.705541801428405e+37
1153.58 7.592436520603657e+37
1153.88 6.213389900692789e+37
1154.18 7.198305062002461e+37
1154.48 8.778678373191813e+37
1154.78 8.63748936038055e+37
1155.08 7.108267171133509e+37
1155.38 7.543925209703059e+37
1155.68 8.75128904661393e+37
1155.98 2.674986157027181e+37
1156.28 8.717900350762825e+37
1156.57 8.084811779540279e+37
1156.88 8.410307445993212e+37
1157.18 8.162186860936425e+37
1157.47 8.327819542851277e+37
1157.78 8.439495579908674e+37
1158.07 2.3745783918726943e+37
1158.38 8.565135758809901e+37
1158.68 8.504178502275131e+37
1158.97 7.222954572407112e+37
1159.28 7.9916771995218705e+37
1159.58 5.969412223933921e+37
1159.88 8.945973145140674e+37
1160.18 6.594845887408687e+37
1160.48 9.112262196336266e+37
1160.78 8.69605319239088e+37
1161.08 9.135815806995571e+37
1161.38 8.014251874294455e+37
1161.68 8.737897815585727e+37
1161.98 8.490463338953679e+37
1162.28 8.957237999267515e+37
1162.58 9.114791489141715e+37
1162.89 9.070549392935953e+37
1163.19 5.780948402571832e+37
1163.49 8.875499972712578e+37
1163.79 4.882353038680579e+37
1164.09 8.714570906342041e+37
1164.39 7.8433139918937885e+37
1164.7 6.811536276561301e+37
1165.0 5.207940708844296e+37
1165.3 8.522620273021043e+37
1165.6 6.461875257388146e+37
1165.9 5.308828144292036e+37
1166.21 8.670696843019625e+37
1166.51 8.603527202250194e+37
1166.81 2.8372168704722183e+37
1167.11 8.493002789364711e+37
1167.42 6.513061735005426e+37
1167.72 8.389849443092941e+37
1168.02 8.247542143946886e+37
1168.32 8.665466160155648e+37
1168.63 8.752854404224042e+37
1168.93 7.764964827377262e+37
1169.23 8.792169536182283e+37
1169.54 8.783124318438093e+37
1169.84 8.837834314317387e+37
1170.14 6.340862709921627e+37
1170.44 6.315518630902133e+37
1170.75 8.02563436544826e+37
1171.05 4.135792141304472e+37
1171.35 8.812004091417125e+37
1171.66 7.231234791157558e+37
1171.96 5.258421114724339e+37
1172.27 8.741327869185942e+37
1172.57 8.009045375520241e+37
1172.87 5.844490371292063e+37
1173.18 8.654894625077218e+37
1173.48 7.059319589999915e+37
1173.79 8.146011585506493e+37
1174.09 7.886671468097611e+37
1174.4 8.085331318408999e+37
1174.7 7.451611359038986e+37
1175.0 3.051297553078879e+37
1175.31 3.1262242336080324e+37
1175.61 3.1052677350106635e+37
1175.92 3.1071158217582294e+37
1176.22 3.076039696189447e+37
1176.53 5.279294361910999e+37
1176.83 8.264646831834232e+37
1177.14 8.502779076170968e+37
1177.44 8.174657982042465e+37
1177.75 7.7877138301805955e+37
1178.05 7.737440244955928e+37
1178.36 7.02118957558247e+37
1178.66 8.606652461896468e+37
1178.97 8.511301275825073e+37
1179.27 8.339126482867454e+37
1179.58 8.810683989623657e+37
1179.89 7.0443798387958345e+37
1180.19 8.869669982083883e+37
1180.5 6.948809046417412e+37
1180.8 6.931052077742469e+37
1181.11 8.95606766058319e+37
1181.42 7.118612802210687e+37
1181.72 6.545186057579981e+37
1182.03 8.915446797228308e+37
1182.33 8.903213371237482e+37
1182.64 8.84958862676576e+37
1182.95 3.076714402024414e+37
1183.25 8.000145101950335e+37
1183.56 8.326866215957637e+37
1183.87 7.544989599445135e+37
1184.17 7.595296160673605e+37
1184.48 2.5450265732413704e+37
1184.79 3.8160498423359912e+37
1185.09 8.897252668201677e+37
1185.4 6.25896750335622e+37
1185.71 8.523054130366905e+37
1186.02 8.671525946610234e+37
1186.32 8.861360086532692e+37
1186.63 6.695693282564256e+37
1186.94 8.333448801658619e+37
1187.25 8.740052828372123e+37
1187.56 8.690417466179806e+37
1187.86 8.692094062322712e+37
1188.17 8.746893958020571e+37
1188.48 8.388185500561593e+37
1188.79 8.729768028163732e+37
1189.09 8.621829693331789e+37
1189.4 8.222114400685929e+37
1189.71 8.692240990987566e+37
1190.02 8.597890758954032e+37
1190.33 8.367289211213704e+37
1190.64 8.675839272113627e+37
1190.94 8.421419955694768e+37
1191.25 4.2033807503428837e+37
1191.56 8.615232328311964e+37
1191.87 8.659406545541141e+37
1192.18 8.509802341729855e+37
1192.49 8.419708850120998e+37
1192.8 7.574425304242826e+37
1193.11 6.815933264422959e+37
1193.42 8.4086631274499e+37
1193.73 7.57841881772205e+37
1194.04 7.507393836910664e+37
1194.34 7.098500257904198e+37
1194.65 8.66494258158781e+37
1194.96 8.654378317795861e+37
1195.27 7.814803127662007e+37
1195.58 8.412806406193238e+37
1195.89 8.3291008693962555e+37
1196.2 6.0894394049678305e+37
1196.51 8.136513861070807e+37
1196.82 7.951037877888488e+37
1197.13 7.917108893677879e+37
1197.44 7.711355299593718e+37
1197.75 8.083499988468825e+37
1198.06 8.150820711025978e+37
1198.38 7.60236381550108e+37
1198.69 8.223732784359896e+37
1199.0 8.171150333591796e+37
1199.31 8.4193537629852005e+37
1199.62 8.569227169169098e+37
1199.93 8.537107880255221e+37
1200.24 8.356645311019211e+37
1200.55 7.7662572405789e+37
1200.86 6.085232758198947e+37
1201.17 8.392445296524973e+37
1201.48 6.7033584277635265e+37
1201.8 6.763984804930628e+37
1202.11 2.6957780936233796e+37
1202.42 8.201061451733756e+37
1202.73 8.443881322986869e+37
1203.04 8.070758238050582e+37
1203.35 8.388346210084705e+37
1203.67 8.487985099640847e+37
1203.98 8.536138432768603e+37
1204.29 8.542389678285428e+37
1204.6 8.436157562937335e+37
1204.92 6.838395206593714e+37
1205.23 8.2501495375919815e+37
1205.54 8.145794915382812e+37
1205.85 8.045608471022811e+37
1206.16 7.5649385637087885e+37
1206.48 7.52925175661766e+36
1206.79 7.658523592022575e+37
1207.1 7.3965909820708e+37
1207.42 6.788649440518558e+37
1207.73 8.135780773165988e+37
1208.04 7.281009106587566e+37
1208.35 7.362539115770873e+37
1208.67 7.411740060018931e+37
1208.98 8.461272105702289e+37
1209.29 8.041913188843761e+37
1209.61 8.289313159191214e+37
1209.92 8.109408441068298e+37
1210.23 8.181398888174503e+37
1210.55 5.043834189942497e+37
1210.86 8.081621702624921e+37
1211.18 6.569378818966851e+37
1211.49 8.001812596473587e+37
1211.8 7.603487591504574e+37
1212.12 7.607169242477152e+37
1212.43 8.027224351103088e+37
1212.75 8.003619387567669e+37
1213.06 7.934979449941136e+37
1213.38 8.049273273610816e+37
1213.69 6.333254074880622e+37
1214.0 7.100215305441786e+37
1214.32 8.106294605559128e+37
1214.63 5.399819233261387e+37
1214.95 8.159333945224072e+37
1215.26 3.8645117608164223e+37
1215.58 1.2756596440740272e+37
1215.89 5.924794153851293e+36
1216.21 8.28561242859075e+37
1216.52 8.284718868072872e+37
1216.84 5.773700551848415e+37
1217.15 4.795668595871435e+37
1217.47 8.272949754780084e+37
1217.79 3.95129672112997e+37
1218.1 8.274021925859373e+37
1218.42 7.252378917042892e+37
1218.73 3.950863580882108e+37
1219.05 8.283478084599232e+37
1219.36 8.300465632514611e+37
1219.68 8.309300760810129e+37
1220.0 5.086502545204339e+37
1220.31 8.31644201656538e+37
1220.63 8.087812494814163e+37
1220.94 5.17507940162347e+37
1221.26 3.5731946784815158e+37
1221.58 8.140648810000957e+37
1221.9 5.720383344356834e+37
1222.21 6.497075231780443e+37
1222.53 7.632003282050404e+37
1222.84 7.85307461060373e+37
1223.16 3.904405319199629e+37
1223.48 7.845656921253191e+37
1223.8 3.5755239087822144e+37
1224.11 7.628451647624597e+37
1224.43 8.019153854818856e+37
1224.75 8.081998463037173e+37
1225.06 8.0402677579855155e+37
1225.38 7.9012659300445e+37
1225.7 7.7830073130199005e+37
1226.02 3.0460963988942034e+37
1226.34 8.311077174682298e+37
1226.65 8.295131229025184e+37
1226.97 8.321339570274373e+37
1227.29 7.329735906467964e+37
1227.61 8.32992488382626e+37
1227.93 8.1655391537804e+37
1228.24 7.719543220055783e+37
1228.56 8.120995933511809e+37
1228.88 8.286340798276859e+37
1229.2 8.057252501307207e+37
1229.52 6.027025009878051e+37
1229.84 5.615015414575783e+37
1230.16 7.968989968977989e+37
1230.47 7.763721486808432e+37
1230.79 5.680115210018151e+37
1231.11 8.209958770420079e+37
1231.43 8.212764472135672e+37
1231.75 8.199350433835712e+37
1232.07 8.202534300190315e+37
1232.39 7.789259049664304e+37
1232.71 8.191858282882936e+37
1233.03 6.931671636825093e+37
1233.35 7.741528976023599e+37
1233.67 8.184211844368549e+37
1233.99 8.094339480543753e+37
1234.31 8.187124613745506e+37
1234.63 7.744945685217177e+37
1234.95 8.171092983038251e+37
1235.27 7.607398648610982e+37
1235.59 8.093795198965809e+37
1235.91 8.040445280373911e+37
1236.23 6.176122077130047e+37
1236.55 7.996987537607621e+37
1236.87 7.829516522906059e+37
1237.19 6.947104948299146e+37
1237.51 7.801911752513603e+37
1237.83 7.740745840583989e+37
1238.15 7.75383783421883e+37
1238.47 7.059921557491756e+37
1238.79 7.914639687688263e+37
1239.11 8.776155456256616e+37
1239.44 8.571263519276371e+37
1239.76 8.510841964499356e+37
1240.08 8.451357537502309e+37
1240.4 8.3074598853855225e+37
1240.72 8.230315658030461e+37
1241.04 8.178517670075232e+37
1241.36 8.172389883486969e+37
1241.69 8.043584879406062e+37
1242.01 8.026257359627388e+37
1242.33 7.474606051720543e+37
1242.65 8.102391872750261e+37
1242.97 8.701666253408134e+37
1243.3 7.857636069399422e+37
1243.62 8.542594325271554e+37
1243.94 8.295406449693817e+37
1244.26 8.39196471489276e+37
1244.58 8.453894631337783e+37
1244.91 8.424160514511879e+37
1245.23 7.2187019083093315e+37
1245.55 8.092856210582544e+37
1245.88 8.104773276786442e+37
1246.2 6.653193389295553e+37
1246.52 7.211337510867003e+37
1246.84 7.879594674262807e+37
1247.17 7.623695969002532e+37
1247.49 1.3976194003297682e+37
1247.81 4.1830609076621155e+37
1248.14 7.666181549019425e+37
1248.46 6.928370811541608e+37
1248.79 8.086718845805836e+37
1249.11 8.193488447447344e+37
1249.43 8.231508236665784e+37
1249.76 8.34104365593122e+37
1250.08 8.29415185643678e+37
1250.4 8.084544185863949e+37
1250.73 8.080099574641432e+37
1251.05 8.148766819058602e+37
1251.38 7.860830684036003e+37
1251.7 7.495615290714704e+37
1252.03 8.136051780585716e+37
1252.35 8.156472814757573e+37
1252.68 7.177224302780761e+37
1253.0 8.094567268259584e+37
1253.32 8.047605469366218e+37
1253.65 6.765386932290128e+37
1253.97 7.8776344089155225e+37
1254.3 8.082303784597063e+37
1254.62 7.9974073883383105e+37
1254.95 6.44396682619687e+37
1255.27 5.201279514646828e+37
1255.6 8.137818347724308e+37
1255.93 8.139483988557757e+37
1256.25 8.190895301426683e+37
1256.58 5.358815737477551e+37
1256.9 7.729181242132191e+37
1257.23 7.869351681149437e+37
1257.55 7.855347646438264e+37
1257.88 7.19307734443222e+37
1258.2 8.217161994569931e+37
1258.53 3.414440312769251e+37
1258.86 5.987287239132027e+37
1259.18 8.173656939064224e+37
1259.51 7.625143174120289e+37
1259.84 7.71579849998886e+37
1260.16 8.140528475328393e+37
1260.49 7.955054837744556e+37
1260.82 8.105514237731371e+37
1261.14 8.143074188282932e+37
1261.47 8.141679528303214e+37
1261.8 7.761137760819245e+37
1262.12 8.073665224489174e+37
1262.45 8.08956966232533e+37
1262.78 8.117897881133002e+37
1263.11 8.051133161228182e+37
1263.43 8.079133215503674e+37
1263.76 7.96108111525228e+37
1264.09 8.082947663813071e+37
1264.42 8.036832959176011e+37
1264.74 7.941948818491171e+37
1265.07 7.6753413365313145e+37
1265.4 5.624708415231689e+37
1265.73 7.779199067411356e+37
1266.06 7.747535092348643e+37
1266.38 7.913276111870888e+37
1266.71 6.92663959024262e+37
1267.04 7.804113310158505e+37
1267.37 7.9533970147221275e+37
1267.7 7.67961408624496e+37
1268.03 7.404784762832387e+37
1268.35 8.073766396977261e+37
1268.68 7.764058665491496e+37
1269.01 4.415937120307782e+37
1269.34 8.087203703402288e+37
1269.67 7.737614238066542e+37
1270.0 6.747327804695767e+37
1270.33 8.058639267706308e+37
1270.66 6.433464282518254e+37
1270.99 8.06626158544745e+37
1271.32 8.083260910378784e+37
1271.65 8.100183621616953e+37
1271.97 8.0014603700149495e+37
1272.31 8.089764010939369e+37
1272.63 7.047537254199074e+37
1272.96 8.019729688360853e+37
1273.29 7.838389930624107e+37
1273.62 5.370067859552597e+37
1273.95 8.085376503788904e+37
1274.28 8.060301383646717e+37
1274.61 8.024500129272779e+37
1274.94 8.085723651876555e+37
1275.28 8.104011683368313e+37
1275.61 8.1080420847165405e+37
1275.94 7.791076265778692e+37
1276.27 8.110595621853674e+37
1276.6 8.095277921585169e+37
1276.93 7.757935695444574e+37
1277.26 8.107417147247712e+37
1277.59 7.963196300320783e+37
1277.92 8.006573851792796e+37
1278.25 8.100661358653557e+37
1278.58 8.097868194631495e+37
1278.92 3.020720859001192e+37
1279.25 8.0942794703182175e+37
1279.58 7.957437561887152e+37
1279.91 7.675075397408647e+37
1280.24 8.015491041175436e+37
1280.57 8.045841836848514e+37
1280.91 8.085381837438734e+37
1281.24 8.020824376024033e+37
1281.57 7.185648957062503e+37
1281.9 7.957011120627298e+37
1282.23 7.92719573531388e+37
1282.57 7.9601687240871975e+37
1282.9 7.95161524541026e+37
1283.23 7.917903691619513e+37
1283.56 6.19395253119114e+37
1283.9 7.7548924837759325e+37
1284.23 3.6991469016950823e+37
1284.56 7.824988808689427e+37
1284.9 7.866557570002926e+37
1285.23 7.746268347331554e+37
1285.56 7.860560356423904e+37
1285.9 7.756522018254368e+37
1286.23 7.797118892908412e+37
1286.56 6.973166745963337e+37
1286.9 7.904909701802495e+37
1287.23 7.932514142896023e+37
1287.56 6.318318284555872e+37
1287.9 7.784971907327358e+37
1288.23 7.24281850770459e+37
1288.56 7.890156322743731e+37
1288.9 7.8524948098852385e+37
1289.23 6.730306534785825e+37
1289.57 7.67920480333566e+37
1289.9 7.805769857460684e+37
1290.23 7.843431349120988e+37
1290.57 7.870914259405461e+37
1290.9 7.364105013389448e+37
1291.24 3.1888673474816095e+37
1291.57 5.399645348219154e+37
1291.91 7.876483931916673e+37
1292.24 7.369567361784006e+37
1292.58 7.882036288908083e+37
1292.91 7.892697526502322e+37
1293.25 5.048214926013646e+37
1293.58 7.7046724235851005e+37
1293.92 7.283608255651696e+37
1294.25 7.917202834345181e+37
1294.59 1.564090428457735e+37
1294.92 7.804890928580216e+37
1295.26 7.687615796810242e+37
1295.59 7.692345752617925e+37
1295.93 6.6183833531442e+37
1296.27 4.06510520934572e+37
1296.6 5.021107322104186e+37
1296.94 7.587351402032335e+37
1297.28 7.607197887106707e+37
1297.61 7.526506774694524e+37
1297.95 7.52473261847992e+37
1298.28 7.6724998150375285e+37
1298.62 6.055020371082723e+37
1298.96 2.0384876815573112e+37
1299.29 7.311236553658298e+37
1299.63 7.456391898105031e+37
1299.97 7.658266256963155e+37
1300.3 6.653730176490699e+37
1300.64 7.533470792539662e+37
1300.98 7.474341623777e+37
1301.32 7.219366933843043e+37
1301.65 7.647991563825822e+37
1301.99 7.636130706814668e+37
1302.33 7.662002816922981e+37
1302.67 7.681143567881956e+37
1303.0 7.562206777362046e+37
1303.34 1.6793145152163482e+37
1303.68 7.492883037392533e+37
1304.02 7.756638971267429e+37
1304.35 7.783069255442331e+37
1304.69 7.416009680062701e+37
1305.03 7.711276369246755e+37
1305.37 5.03287186185853e+37
1305.71 7.633039859227001e+37
1306.05 6.073472683964349e+37
1306.38 7.782017615811157e+37
1306.72 7.7660491974444605e+37
1307.06 7.786342099446543e+37
1307.4 7.511340324877424e+37
1307.74 7.754816374644538e+37
1308.08 7.71236502149954e+37
1308.42 7.687829115952531e+37
1308.76 4.416435493169338e+37
1309.09 7.700790237418889e+37
1309.43 7.662057312944396e+37
1309.77 7.303824156318226e+37
1310.11 6.466880262937244e+37
1310.45 7.62303421507172e+37
1310.79 7.624052615800655e+37
1311.13 7.4988151203637135e+37
1311.47 7.386921993373373e+37
1311.81 7.338204296418965e+37
1312.15 7.559855071168675e+37
1312.49 4.392202692631443e+37
1312.83 7.575691261991816e+37
1313.17 7.572024316102399e+37
1313.51 7.578824883825329e+37
1313.85 7.567007367636967e+37
1314.19 7.574581180866563e+37
1314.53 7.308555076692516e+37
1314.88 7.535886611292034e+37
1315.22 7.586184966840613e+37
1315.56 7.468125680452746e+37
1315.9 7.430603315722342e+37
1316.24 6.118896502054172e+37
1316.58 7.640063655675391e+37
1316.92 7.688166726303366e+37
1317.26 7.493419189445664e+37
1317.6 7.712899721167826e+37
1317.94 7.690654584449678e+37
1318.29 7.511146689158417e+37
1318.63 6.917977615886618e+37
1318.97 7.6924355211516775e+37
1319.31 6.918330453918356e+37
1319.65 7.0143616699032925e+37
1320.0 7.682596438303863e+37
1320.34 7.538616152174172e+37
1320.68 7.611816210364973e+37
1321.02 7.636681370009062e+37
1321.36 7.267739094201611e+37
1321.71 7.652032881704264e+37
1322.05 7.660013784754796e+37
1322.39 7.689425974749448e+37
1322.74 7.647472784719787e+37
1323.08 7.132201532480456e+37
1323.42 7.600888647339293e+37
1323.76 6.938560537113163e+37
1324.11 7.339259832792274e+37
1324.45 6.944565963409251e+37
1324.79 6.80946070277111e+37
1325.14 7.392968759435821e+37
1325.48 7.520658067640096e+37
1325.82 7.146470249490665e+37
1326.17 7.3217521408969325e+37
1326.51 7.480806030369237e+37
1326.85 6.95982833588449e+37
1327.2 6.15850372308623e+37
1327.54 5.886675520824013e+37
1327.89 7.556752826942106e+37
1328.23 7.4726577311225725e+37
1328.58 7.4192028903154e+37
1328.92 7.393405821534057e+37
1329.27 7.566392880857665e+37
1329.61 7.591604049007399e+37
1329.95 7.088091292137431e+37
1330.3 6.332590312726506e+37
1330.64 7.426614369741252e+37
1330.99 7.582136977533977e+37
1331.33 7.45110385523276e+37
1331.68 7.35644783787407e+37
1332.02 7.2851242818138955e+37
1332.37 6.741090091914352e+37
1332.71 7.564831205514982e+37
1333.06 7.388997318450431e+37
1333.41 7.555007036483604e+37
1333.75 7.48909793245634e+37
1334.1 7.541829176081682e+37
1334.44 8.676427228223449e+36
1334.79 5.693831243956564e+37
1335.13 6.128400753818387e+37
1335.48 7.505175043499049e+37
1335.83 1.0294195913043819e+37
1336.17 6.171107602021747e+37
1336.52 6.858720421727031e+37
1336.86 7.211697568663689e+37
1337.21 7.514457820911128e+37
1337.56 7.520108162050888e+37
1337.91 7.438472400259126e+37
1338.25 7.516681091243531e+37
1338.6 4.802034119815281e+37
1338.94 7.509977719566945e+37
1339.29 7.517121865698182e+37
1339.64 6.755228448865248e+37
1339.99 7.516933474814582e+37
1340.33 6.950801252884e+37
1340.68 7.444844660298151e+37
1341.03 7.47856506678154e+37
1341.38 6.971391468564146e+37
1341.72 7.459681994286746e+37
1342.07 7.335432997728031e+37
1342.42 2.9456357523351084e+37
1342.77 7.41436499034747e+37
1343.11 7.149369273633247e+37
1343.46 4.764213880504503e+37
1343.81 7.334240091663929e+37
1344.16 7.123914705573287e+37
1344.51 7.279519420918811e+37
1344.86 5.182744379370554e+37
1345.21 7.22540123986477e+37
1345.55 6.870278294491625e+37
1345.9 7.200225765321244e+37
1346.25 7.155439596760072e+37
1346.6 6.852932286460477e+37
1346.95 7.2961783946430695e+37
1347.3 5.497672613851917e+37
1347.65 7.150980437244248e+37
1348.0 6.231723113582934e+37
1348.35 7.468566432826588e+37
1348.7 7.297426159669877e+37
1349.05 7.290376332055691e+37
1349.4 7.452558909951473e+37
1349.74 7.332428782191275e+37
1350.09 7.434224556766315e+37
1350.44 6.94281877807947e+37
1350.8 7.431341633107292e+37
1351.15 7.39440156064756e+37
1351.49 7.116597858566778e+37
1351.84 7.410243560082169e+37
1352.2 7.412919751579833e+37
1352.55 6.581932134237574e+37
1352.9 7.350396423911715e+37
1353.25 7.283496158787531e+37
1353.6 7.304180744314212e+37
1353.95 7.382818547971778e+37
1354.3 6.263389988573324e+37
1354.65 7.187053174650407e+37
1355.0 7.3734016654647e+37
1355.35 6.040926402695867e+37
1355.7 7.356216478604792e+37
1356.06 4.316076879643619e+37
1356.41 7.112009406791855e+37
1356.76 7.361786561208472e+37
1357.11 4.939751801559157e+37
1357.46 7.349603016584336e+37
1357.81 6.251523103333353e+37
1358.17 7.332387303855522e+37
1358.52 7.072978121253987e+37
1358.87 7.306689221881964e+37
1359.22 5.76551788457111e+37
1359.57 7.267868929382067e+37
1359.93 6.996423467965107e+37
1360.28 7.131797009442199e+37
1360.63 7.038226989832363e+37
1360.98 7.024103180867863e+37
1361.34 6.937650138617988e+37
1361.69 5.832533612359368e+37
1362.04 6.8296616894665415e+37
1362.4 6.898656014996991e+37
1362.75 7.171821898942425e+37
1363.1 6.896593744297153e+37
1363.46 3.0780508090819436e+37
1363.81 6.764265036852224e+37
1364.16 7.281488508611731e+37
1364.52 7.261640641148019e+37
1364.87 6.39644237847184e+37
1365.22 5.771947454504066e+37
1365.58 6.927133981983692e+37
1365.93 7.101904502430512e+37
1366.29 7.119115724538638e+37
1366.64 7.227939870950552e+37
1366.99 5.081863245112315e+37
1367.35 7.129693732304394e+37
1367.7 7.221488487764416e+37
1368.06 7.2214889705628e+37
1368.41 7.103531901302381e+37
1368.77 7.221130930771289e+37
1369.12 7.039720562690115e+37
1369.48 5.632799214323999e+37
1369.83 7.197752714513714e+37
1370.19 7.164251697927145e+37
1370.54 7.147030246228611e+37
1370.9 7.002296029255282e+37
1371.25 6.980452859714414e+37
1371.61 5.641169123432331e+37
1371.96 6.812604544595311e+37
1372.32 7.07457285309164e+37
1372.67 7.067195419936013e+37
1373.03 4.555277141150073e+37
1373.39 6.857018276568232e+37
1373.74 6.664502939941405e+37
1374.1 5.907914084189425e+37
1374.45 6.306982772426067e+37
1374.81 5.705095905719947e+37
1375.17 7.077554092731537e+37
1375.52 6.17250044628811e+37
1375.88 7.165788731839466e+37
1376.23 6.797482405034492e+37
1376.59 7.141991074538782e+37
1376.95 4.932638571421051e+37
1377.31 5.74063528694844e+37
1377.66 6.497218017665218e+37
1378.02 5.705522935519983e+37
1378.38 7.017842458048248e+37
1378.73 6.155904230021778e+37
1379.09 6.954952857286241e+37
1379.45 7.071625162473653e+37
1379.81 7.063742338357603e+37
1380.16 6.941807941182068e+37
1380.52 6.624648954320582e+37
1380.88 5.960572003083169e+37
1381.24 6.151720004158314e+37
1381.6 5.097796258521377e+37
1381.95 7.140059349581782e+37
1382.31 7.124137246330777e+37
1382.67 6.699215664107494e+37
1383.03 7.109858780254209e+37
1383.39 6.98425140645718e+37
1383.75 5.907128604984851e+37
1384.1 6.316497002628896e+37
1384.46 6.730106284190075e+37
1384.82 6.619744808433718e+37
1385.18 7.009991134343498e+37
1385.54 6.768906956461089e+37
1385.9 3.5703573936920294e+37
1386.26 5.545532779252394e+37
1386.62 6.004214301335753e+37
1386.98 6.4018901000825e+37
1387.34 5.185697015991872e+37
1387.7 6.388547795209531e+37
1388.06 6.230259900214956e+37
1388.42 6.414118172106106e+37
1388.78 6.463014806459023e+37
1389.14 6.26955169454128e+37
1389.49 6.573076665721086e+37
1389.85 6.661600512717494e+37
1390.21 6.114761021067526e+37
1390.58 6.925237100613846e+37
1390.94 6.944786494451472e+37
1391.3 7.078542937503892e+37
1391.66 7.084998568043884e+37
1392.02 6.898107937321835e+37
1392.38 5.38904937082454e+37
1392.74 6.921253755627474e+37
1393.1 6.151521637803318e+37
1393.46 6.982682361460315e+37
1393.82 4.088606600774095e+37
1394.18 6.528221631257966e+37
1394.55 6.542359774243326e+37
1394.91 6.631667230153499e+37
1395.27 3.8056725121633596e+37
1395.63 6.6620303016113e+37
1395.99 4.879571783463231e+37
1396.35 6.615457507535355e+37
1396.72 6.451240919108422e+37
1397.08 6.479715262091791e+37
1397.44 6.1943327229637445e+37
1397.8 6.680595069748903e+37
1398.16 3.422635993745212e+37
1398.53 6.490100498970943e+37
1398.89 5.451909515273152e+37
1399.25 6.914189406125339e+37
1399.61 6.741632048814457e+37
1399.98 5.29285766098862e+37
1400.34 6.263358041152257e+37
1400.7 5.168227642406296e+37
1401.07 6.295278752071669e+37
1401.43 6.399832809145168e+37
1401.79 6.941863287061309e+37
1402.16 7.001841869045499e+37
1402.52 6.7663758180033055e+37
1402.88 2.5690653308324407e+37
1403.25 2.684476483847262e+37
1403.61 7.083602271943948e+37
1403.97 6.909963493296606e+37
1404.34 7.051454149811687e+37
1404.7 7.008438541256397e+37
1405.06 6.930457607860095e+37
1405.43 6.6653011281425355e+37
1405.79 6.822353541609192e+37
1406.16 5.440831048908037e+37
1406.52 6.727863571666424e+37
1406.89 3.3584301242563667e+37
1407.25 6.495779461091556e+37
1407.62 6.78398784267207e+37
1407.98 6.7154047225795205e+37
1408.35 6.776768805112782e+37
1408.71 4.692313613760964e+37
1409.08 6.379939246119119e+37
1409.44 6.112894497110711e+37
1409.81 4.722757961483529e+37
1410.17 5.574934641404414e+37
1410.54 5.9538687878056e+37
1410.9 6.73412160557151e+37
1411.27 5.981166117217411e+37
1411.64 5.961935884966129e+37
1412.0 6.086474250179806e+37
1412.37 6.0415417938208435e+37
1412.73 6.777623096067011e+37
1413.1 6.789761270600067e+37
1413.46 6.784200350969804e+37
1413.83 6.751013573544658e+37
1414.2 5.899259970001382e+37
1414.56 5.208223834030746e+37
1414.93 5.965383185269288e+37
1415.3 6.706606239114131e+37
1415.67 5.290054818143993e+37
1416.03 6.152721279796097e+37
1416.4 6.7552405822845765e+37
1416.77 6.741000466042156e+37
1417.13 3.532842095826644e+37
1417.5 6.744667380040693e+37
1417.87 5.340641681596687e+37
1418.23 6.712003542308953e+37
1418.6 5.748261280674964e+37
1418.97 6.5215825396465615e+37
1419.34 6.132464173962598e+37
1419.71 6.2375914643324985e+37
1420.07 5.249995882448232e+37
1420.44 4.1092376140818823e+37
1420.81 6.570193149546503e+37
1421.18 3.991927011767199e+37
1421.55 6.544559852703801e+37
1421.92 6.413808142250232e+37
1422.28 5.42183123362086e+37
1422.65 5.073576346971191e+37
1423.02 6.523613354850497e+37
1423.39 6.510479327265649e+37
1423.76 6.384288907803971e+37
1424.13 6.054333676877148e+37
1424.5 3.0535787542044854e+37
1424.87 6.589769015049344e+37
1425.23 6.6065183943909735e+37
1425.6 6.549091720447923e+37
1425.97 5.796595420646106e+37
1426.34 4.1982212705820905e+37
1426.71 5.971327728941467e+37
1427.08 6.609777067271483e+37
1427.45 3.9107544220625673e+37
1427.82 4.0734018102392366e+37
1428.19 4.471243331213376e+37
1428.56 4.848987695831096e+37
1428.93 3.982822782261346e+37
1429.3 4.857869432125723e+37
1429.68 6.57903553228876e+37
1430.05 6.53940109963632e+37
1430.42 4.359613642264695e+37
1430.79 6.532381616525797e+37
1431.16 6.574791060244408e+37
1431.53 6.205658802130043e+37
1431.9 6.58270293337428e+37
1432.27 6.70824837419283e+37
1432.64 6.649551283719911e+37
1433.01 6.578961922639566e+37
1433.38 6.622126971474452e+37
1433.76 5.568172737329273e+37
1434.13 6.649303976624348e+37
1434.5 5.634177284656245e+37
1434.87 6.602868729019255e+37
1435.24 4.918164643397379e+37
1435.61 5.924815250252792e+37
1435.99 5.013383657822647e+37
1436.36 6.5642809219277865e+37
1436.73 4.7411660247700375e+37
1437.1 6.164676280996836e+37
1437.48 6.095426649912819e+37
1437.85 6.090982898703675e+37
1438.22 5.638826828978356e+37
1438.59 6.214694448686092e+37
1438.97 6.403103316310363e+37
1439.34 6.22402766655946e+37
1439.71 4.756481310297375e+37
1440.09 6.60398907684652e+37
1440.46 5.979589723120769e+37
1440.83 5.771764116184888e+37
1441.21 5.678029591093879e+37
1441.58 6.616249388244833e+37
1441.95 6.605742606139546e+37
1442.33 5.695390819312878e+37
1442.7 5.721210243007956e+37
1443.07 6.597134757099982e+37
1443.45 5.80643083421496e+37
1443.82 6.608887535318405e+37
1444.2 6.378540373238544e+37
1444.57 6.599965598174241e+37
1444.95 4.669058216285321e+37
1445.32 5.958364391656238e+37
1445.69 6.404465318763044e+37
1446.07 6.434686480082212e+37
1446.44 6.0903050380216265e+37
1446.82 5.459602041850632e+37
1447.19 4.700249717437433e+37
1447.57 5.804065918038e+37
1447.94 6.54009262616983e+37
1448.32 6.420795213140026e+37
1448.69 6.507779273961161e+37
1449.07 4.984122053277442e+37
1449.45 5.983835093647109e+37
1449.82 5.655564931171275e+37
1450.2 6.164899843880817e+37
1450.57 6.528769379224497e+37
1450.95 6.051307231029204e+37
1451.33 6.3535243542646695e+37
1451.7 5.60593848895436e+37
1452.08 6.283705351923503e+37
1452.45 4.790132217116264e+37
1452.83 6.5260857197177e+37
1453.21 6.470537007801102e+37
1453.58 6.121799744369096e+37
1453.96 5.767538409932095e+37
1454.34 5.784982103920063e+37
1454.71 6.317375603285442e+37
1455.09 6.404806061587184e+37
1455.47 5.242311417797833e+37
1455.85 6.320678293617394e+37
1456.22 6.268688090272034e+37
1456.6 5.347499367806449e+37
1456.98 6.4419880999092965e+37
1457.36 4.652423494063959e+37
1457.73 6.162891340845073e+37
1458.11 5.92462441313362e+37
1458.49 4.681628077546804e+37
1458.87 6.050274666258158e+37
1459.24 4.1034920237980337e+37
1459.62 5.885473370792941e+37
1460.0 6.346056103924831e+37
1460.38 5.342222991846995e+37
1460.76 6.081160176874917e+37
1461.14 6.316763994448022e+37
1461.52 6.075279791669249e+37
1461.9 6.34369587506584e+37
1462.27 4.8066603370986e+37
1462.65 5.916283449317217e+37
1463.03 6.368130673255456e+37
1463.41 6.276712468086449e+37
1463.79 5.6199218694776235e+37
1464.17 5.770802215161821e+37
1464.55 6.376871401082943e+37
1464.93 6.296742329155568e+37
1465.31 4.048642672208069e+37
1465.69 5.512421788546917e+37
1466.07 6.403785920731862e+37
1466.45 3.7262249012549517e+37
1466.83 4.32342664178238e+37
1467.21 6.224088949702673e+37
1467.59 6.3236192595520815e+37
1467.97 6.225992265846586e+37
1468.35 5.6681818077043195e+37
1468.73 6.312420178507811e+37
1469.11 6.254100157452781e+37
1469.49 5.969289791078982e+37
1469.87 2.425604626523706e+37
1470.25 5.381075482312128e+37
1470.64 6.175208351180356e+37
1471.02 4.276842585124212e+37
1471.4 6.3170185083183085e+37
1471.78 5.906372559901501e+37
1472.16 6.2227139332848635e+37
1472.54 5.687244302148785e+37
1472.92 5.132876872785757e+37
1473.31 5.900759224855596e+37
1473.69 6.347876437281012e+37
1474.07 6.352272208818892e+37
1474.45 6.352479708680521e+37
1474.83 6.349950430843865e+37
1475.21 5.249269098512095e+37
1475.6 6.130516737433688e+37
1475.98 6.261619404722085e+37
1476.36 5.827551595540743e+37
1476.74 6.204787215938004e+37
1477.13 6.18796087038783e+37
1477.51 5.547974391773836e+37
1477.89 6.043003990904493e+37
1478.28 4.369478744952218e+37
1478.66 6.194949910693573e+37
1479.04 6.211416518669036e+37
1479.43 5.75248759319151e+37
1479.81 6.118779302088457e+37
1480.19 6.1269628727642e+37
1480.58 6.251981364829821e+37
1480.96 6.2239652833851795e+37
1481.34 6.022951261902269e+37
1481.73 6.243399528648784e+37
1482.11 6.275397220114484e+37
1482.5 6.276370239858825e+37
1482.88 6.27900834454859e+37
1483.27 5.54932940362535e+37
1483.65 6.1034188280508755e+37
1484.03 5.693662600081096e+37
1484.42 5.546019695526881e+37
1484.8 6.025184529520508e+37
1485.19 6.208028266114826e+37
1485.57 6.224243525485576e+37
1485.96 5.97122106720881e+37
1486.34 5.095466625233998e+37
1486.73 6.169796027592085e+37
1487.11 6.205920419433003e+37
1487.5 6.203322389104701e+37
1487.89 5.358550266186398e+37
1488.27 6.198159894095435e+37
1488.66 6.162011644320498e+37
1489.04 5.904687989939367e+37
1489.43 5.924570837498875e+37
1489.81 4.541421330365289e+37
1490.2 5.843656667779615e+37
1490.59 6.148128462764382e+37
1490.97 5.486272402171746e+37
1491.36 6.117673249368254e+37
1491.75 5.11780938272363e+37
1492.13 5.631027838372907e+37
1492.52 6.153405724396978e+37
1492.91 6.136281423084652e+37
1493.29 5.74876004023539e+37
1493.68 2.2377224339770855e+37
1494.07 6.0706081789334845e+37
1494.45 5.402245334174278e+37
1494.84 6.162745121328992e+37
1495.23 3.3121559704071965e+37
1495.62 5.140028513115549e+37
1496.01 6.139022044227244e+37
1496.39 6.031225588979922e+37
1496.78 6.091922858458912e+37
1497.17 6.068048281923332e+37
1497.56 4.381412959222611e+37
1497.94 4.669660758391157e+37
1498.33 5.708681730913022e+37
1498.72 3.632743818445462e+37
1499.11 4.776526820083641e+37
1499.5 5.317964613238098e+37
1499.89 5.854728175571462e+37
1500.28 2.631616774633578e+37
1500.66 6.084463618712421e+37
1501.05 6.015410871816493e+37
1501.44 5.765231223076807e+37
1501.83 2.542537983712582e+37
1502.22 4.556400244509563e+37
1502.61 6.081897003298902e+37
1503.0 4.384218346521076e+37
1503.39 5.969076815813516e+37
1503.78 5.722431709525889e+37
1504.17 5.008635835871226e+37
1504.56 3.824691300484845e+37
1504.95 5.421501495034235e+37
1505.34 5.379905842415891e+37
1505.73 4.454725065380847e+37
1506.12 4.929939461700636e+37
1506.51 6.103033293766341e+37
1506.9 5.754194534430987e+37
1507.29 6.09921090127763e+37
1507.68 5.231982035872387e+37
1508.07 6.087889739703904e+37
1508.46 6.084556986126851e+37
1508.85 4.828333866836948e+37
1509.24 4.875781871381457e+37
1509.64 6.059013529748325e+37
1510.03 5.861078366295316e+37
1510.42 6.0445644790028405e+37
1510.81 5.9654974714578435e+37
1511.2 3.0090688499894292e+37
1511.59 2.526138605466945e+37
1511.98 5.68458686989621e+37
1512.38 3.036536298248468e+37
1512.77 3.713555691692839e+37
1513.16 4.546345725257919e+37
1513.55 2.4596903720281477e+37
1513.94 5.843198873271958e+37
1514.34 5.97373913425928e+37
1514.73 5.971852222502171e+37
1515.12 5.907764198424135e+37
1515.52 2.7371035476145714e+37
1515.91 5.18718094726984e+37
1516.3 5.199536684719298e+37
1516.69 4.169829488152208e+37
1517.09 5.0460621723589695e+37
1517.48 6.0010450343708e+37
1517.87 5.698243901488734e+37
1518.27 5.933080048923092e+37
1518.66 3.8465589515032954e+37
1519.05 5.894389572902415e+37
1519.45 5.985527379135519e+37
1519.84 5.981110552054031e+37
1520.23 5.972537035654152e+37
1520.63 3.836655415322636e+37
1521.02 5.91404018769324e+37
1521.42 5.789633059370191e+37
1521.81 5.933881880837857e+37
1522.21 5.925788353572127e+37
1522.6 5.916995250346222e+37
1522.99 5.909160452703091e+37
1523.39 5.110095215233052e+37
1523.79 5.845111871074793e+37
1524.18 5.358619485389189e+37
1524.57 3.412463233735961e+37
1524.97 3.324462940931363e+37
1525.36 2.78857661539338e+37
1525.76 2.649250242838332e+37
1526.16 4.699379409138053e+37
1526.55 5.092310501002446e+37
1526.95 4.365697878194138e+37
1527.34 4.473376360320222e+37
1527.74 3.2361084126241183e+37
1528.14 4.733807723744456e+37
1528.53 5.556982516085857e+37
1528.93 5.20553272082677e+37
1529.32 5.799686882198197e+37
1529.72 5.638334254644225e+37
1530.12 2.652207017259779e+37
1530.51 3.79902337642891e+37
1530.91 5.773812425023883e+37
1531.31 1.8754255395711908e+37
1531.7 2.2251399174576596e+37
1532.1 4.472852705794577e+37
1532.5 3.787685333551383e+37
1532.9 2.971525149642191e+37
1533.29 3.0310550021097775e+37
1533.69 5.78520779121889e+37
1534.09 5.270822431448984e+37
1534.48 5.584167729023948e+37
1534.88 5.107382918398682e+37
1535.28 5.78039410948611e+37
1535.68 4.124432549737331e+37
1536.08 5.806924465343566e+37
1536.47 5.06173066576201e+37
1536.87 5.492187891846883e+37
1537.27 3.882709586055749e+37
1537.67 5.669030362797377e+37
1538.07 4.640063312368828e+37
1538.47 5.656521304073509e+37
1538.86 4.2272133289329925e+37
1539.26 5.078437128993512e+37
1539.66 5.15374412144544e+37
1540.06 3.44085683522347e+37
1540.46 3.904260933012727e+37
1540.86 4.132160813079142e+37
1541.26 4.849538102418343e+37
1541.66 4.854709027096425e+37
1542.06 3.3495748546596896e+37
1542.46 3.7721534945371934e+37
1542.86 4.0145066816184566e+37
1543.26 4.553747973744857e+37
1543.66 2.0117497879340648e+37
1544.06 3.729269698997759e+37
1544.46 2.647913016570165e+37
1544.86 2.42628067082245e+37
1545.26 3.988981840513384e+37
1545.66 3.8266239826425805e+37
1546.06 4.359078170078037e+37
1546.46 2.548859364976601e+37
1546.86 3.3169188519267863e+37
1547.26 2.804820274958983e+37
1547.66 2.7138225656024037e+37
1548.06 3.5975217148341176e+37
1548.47 5.6410296029538245e+37
1548.87 5.226938491460154e+37
1549.27 5.146985206729949e+37
1549.67 4.953996617116014e+37
1550.07 3.887114165726654e+37
1550.47 4.1820138935828715e+37
1550.88 4.255510371114162e+37
1551.28 5.703872355854048e+37
1551.68 6.329708896169274e+37
1552.08 2.370396746687416e+37
1552.48 6.022180524789157e+37
1552.89 5.1050818369968685e+37
1553.29 3.3613625920460428e+37
1553.69 5.962741619329107e+37
1554.09 5.076203198938242e+37
1554.5 5.912053069472279e+37
1554.9 3.848953710512783e+37
1555.3 3.662270422784378e+37
1555.71 5.7353247440881595e+37
1556.11 4.002116834985524e+37
1556.51 1.886742860738021e+37
1556.92 3.4818159087343527e+37
1557.32 4.0085954161915877e+37
1557.72 5.516274999482498e+37
1558.13 5.472459202201994e+37
1558.53 5.551239925939785e+37
1558.93 4.7343426801869475e+37
1559.34 4.6299591022583265e+37
1559.74 5.441048141626825e+37
1560.15 3.3585118789224577e+37
1560.55 3.445070510015736e+37
1560.96 5.518656640094401e+37
1561.36 2.6010259958450318e+37
1561.77 5.51995501291216e+37
1562.17 5.24351903248657e+37
1562.57 4.1958748238948524e+37
1562.98 5.512190202338303e+37
1563.39 5.501799793403189e+37
1563.79 5.1560429167028155e+37
1564.19 3.646764901675129e+37
1564.6 3.3596025006946007e+37
1565.01 5.452338310851776e+37
1565.41 5.426592320992551e+37
1565.82 4.357924725545851e+37
1566.22 3.4887584891532904e+37
1566.63 3.391268278301771e+37
1567.04 3.9445207202962156e+37
1567.44 5.503426398446653e+37
1567.85 5.445050409623823e+37
1568.25 2.400291941111851e+37
1568.66 2.99409907811516e+37
1569.07 5.01941086876622e+37
1569.47 5.251112345307837e+37
1569.88 5.609576741415591e+37
1570.29 5.012417935479176e+37
1570.69 4.678113855313652e+37
1571.1 5.273967928819459e+37
1571.51 5.184686912962875e+37
1571.92 5.530115757151705e+37
1572.32 5.518638735258906e+37
1572.73 5.327630283934215e+37
1573.14 5.57345941714912e+37
1573.55 5.566801060192444e+37
1573.95 5.558965029052061e+37
1574.36 5.551781119942053e+37
1574.77 2.8438616892926195e+37
1575.18 2.941458966699469e+37
1575.59 3.2896894154696805e+37
1575.99 5.517748992214372e+37
1576.4 3.999633956221879e+37
1576.81 4.707101174377796e+37
1577.22 3.540851097126994e+37
1577.63 5.190538520777181e+37
1578.04 3.2899809638530955e+37
1578.45 5.550364095717479e+37
1578.86 5.316893184843278e+37
1579.27 4.635424296606394e+37
1579.68 5.465094353932646e+37
1580.08 5.121449633613538e+37
1580.49 5.539844994531364e+37
1580.9 3.4171660566786264e+37
1581.31 5.230997319740094e+37
1581.72 5.285280260823645e+37
1582.13 5.414881391050033e+37
1582.54 4.821252002604325e+37
1582.95 5.377899116680604e+37
1583.36 4.452395735748154e+37
1583.77 4.059184659583829e+37
1584.18 4.753093674623509e+37
1584.59 5.372910417860284e+37
1585.01 2.793310414102386e+37
1585.42 5.29007449176477e+37
1585.83 3.2559016787987676e+37
1586.24 4.704230331214731e+37
1586.65 5.4400370723863235e+37
1587.06 5.451676607750481e+37
1587.47 3.725803127516572e+37
1587.88 5.433734580785147e+37
1588.3 5.421522823540405e+37
1588.71 4.31273914879878e+37
1589.12 5.375653628534076e+37
1589.53 5.4341837773230925e+37
1589.94 5.335572145618894e+37
1590.35 5.464190214574261e+37
1590.77 5.359083819485863e+37
1591.18 5.265022833855672e+37
1591.59 4.669238542571021e+37
1592.0 2.962441031667273e+37
1592.42 5.3100538778595505e+37
1592.83 5.349111791228145e+37
1593.24 5.133128395132013e+37
1593.66 5.106849275184096e+37
1594.07 4.750407060587698e+37
1594.48 5.227553511155661e+37
1594.89 3.74692252173187e+37
1595.31 4.788122472345603e+37
1595.72 4.921948096868237e+37
1596.14 5.4285051418342995e+37
1596.55 5.403889834953027e+37
1596.96 5.409461376140793e+37
1597.38 4.866759196265534e+37
1597.79 5.385901915179993e+37
1598.2 5.383002428062708e+37
1598.62 4.889490902553755e+37
1599.03 5.414467879193279e+37
1599.45 5.4197190420368775e+37
1599.86 5.411126202742124e+37
1600.28 4.360065495545172e+37
1600.69 4.884752479624638e+37
1601.11 3.6178390693876515e+37
1601.52 4.400398439759607e+37
1601.94 2.271830122641816e+37
1602.35 5.405980756945656e+37
1602.77 5.403320995981231e+37
1603.18 2.75067493913833e+37
1603.6 4.944757131820317e+37
1604.01 5.391868258352793e+37
1604.43 5.2182753485364885e+37
1604.84 3.1521833733529847e+37
1605.26 5.381677805809652e+37
1605.68 4.766123237748908e+37
1606.09 4.524007084348378e+37
1606.51 5.276766511765748e+37
1606.93 4.575768890576363e+37
1607.34 5.329339498354066e+37
1607.76 1.8662293489213043e+37
1608.18 4.654544925777899e+37
1608.59 5.064495370161872e+37
1609.01 2.662699272322364e+37
1609.43 5.039607876122142e+37
1609.84 2.609285855002187e+37
1610.26 3.138309945783382e+37
1610.68 5.343274668320643e+37
1611.09 4.07504572776771e+37
1611.51 5.299428249860803e+37
1611.93 3.788220390366628e+37
1612.35 5.328519811095957e+37
1612.77 2.3073566203794163e+37
1613.18 5.320904703006459e+37
1613.6 4.461662338813324e+37
1614.02 2.35739448415267e+37
1614.44 5.322162957446868e+37
1614.86 5.317333901859439e+37
1615.28 3.1379017212687654e+37
1615.69 4.0327082474062754e+37
1616.11 3.8276066047404476e+37
1616.53 5.111752180155722e+37
1616.95 5.296209211014421e+37
1617.37 5.298477785595704e+37
1617.79 4.178784741572406e+37
1618.21 5.290931729413924e+37
1618.63 4.0674797117952265e+37
1619.05 5.115404550309222e+37
1619.47 4.348816956164659e+37
1619.89 5.268748040753894e+37
1620.31 3.712081188765284e+37
1620.73 3.863631840867425e+37
1621.15 2.5779287617939455e+37
1621.57 2.6995084286650815e+37
1621.99 4.649396408089618e+37
1622.41 4.392555893742701e+37
1622.83 5.2281938735318655e+37
1623.25 4.938737556862008e+37
1623.67 3.5536078241727553e+37
1624.09 3.541029050369205e+37
1624.51 5.176466954723862e+37
1624.93 3.02422728360409e+37
1625.35 4.999453134999679e+37
1625.78 4.859194004721846e+37
1626.2 3.8852790945769544e+37
1626.62 5.098508531272492e+37
1627.04 4.913832790386775e+37
1627.46 3.4629614163771697e+37
1627.88 3.569177873110434e+37
1628.31 2.370002301590883e+37
1628.73 5.165922626950897e+37
1629.15 2.1271021678702054e+37
1629.57 5.020715388652962e+37
1629.99 5.157324736430693e+37
1630.42 4.024492153712003e+37
1630.84 5.171611360114531e+37
1631.26 4.674161123697907e+37
1631.68 1.812084527122955e+37
1632.11 2.726691936650072e+37
1632.53 4.145033610299326e+37
1632.95 5.170185779098838e+37
1633.38 5.182199379588469e+37
1633.8 4.850340279082358e+37
1634.22 5.018049937806201e+37
1634.65 4.256250584164792e+37
1635.07 4.602483019089946e+37
1635.49 4.894484546938016e+37
1635.92 4.781383052742502e+37
1636.34 4.42546224895924e+37
1636.77 5.168058128994793e+37
1637.19 4.663143480841836e+37
1637.61 5.090633709806944e+37
1638.04 4.0928021097710555e+37
1638.46 4.819776038034558e+37
1638.89 5.083076616566658e+37
1639.31 3.10389944395245e+37
1639.74 5.127158098444246e+37
1640.16 2.525405329870848e+37
1640.59 3.500854902612674e+37
1641.01 5.135497901361402e+37
1641.44 5.143573696655795e+37
1641.86 2.808417541295274e+37
1642.29 4.776382499876469e+37
1642.71 3.8390996417312542e+37
1643.14 5.132124642278615e+37
1643.57 4.645791266711988e+37
1643.99 4.9905854504884165e+37
1644.42 4.142261861657313e+37
1644.84 3.8960203906795246e+37
1645.27 4.126524787990744e+37
1645.7 4.970565840843478e+37
1646.12 5.014154319456032e+37
1646.55 5.105130646507139e+37
1646.98 3.908787361095952e+37
1647.41 4.813802147603337e+37
1647.83 5.092692629711976e+37
1648.26 4.761279836106483e+37
1648.69 3.9838544937264553e+37
1649.11 4.506125409124755e+37
1649.54 5.069985099989269e+37
1649.97 4.1675649197607163e+37
1650.4 4.891521576708508e+37
1650.82 4.785213828597201e+37
1651.25 4.930021072412488e+37
1651.68 3.7687589142070264e+37
1652.11 4.099790346172964e+37
1652.54 5.036728838347564e+37
1652.96 2.5910673343758e+37
1653.39 2.9468699415576853e+37
1653.82 4.647881770331139e+37
1654.25 4.464176881863996e+37
1654.68 4.996496416882942e+37
1655.11 4.983616270400551e+37
1655.54 4.8698547836719025e+37
1655.96 4.931307890225529e+37
1656.39 5.001735068917608e+37
1656.82 2.897690931253241e+37
1657.25 4.882254324448193e+37
1657.68 4.269573989351086e+37
1658.11 4.357933980623662e+37
1658.54 4.583291995942144e+37
1658.97 3.767662442786468e+37
1659.4 4.079403668515566e+37
1659.83 5.00717756317694e+37
1660.26 4.961911405519302e+37
1660.69 4.640049263749587e+37
1661.12 4.854298750793035e+37
1661.55 3.381833618323486e+37
1661.98 4.97164837987653e+37
1662.42 3.464425441292592e+37
1662.85 5.00051775831609e+37
1663.28 4.999882672776667e+37
1663.71 4.986748706500558e+37
1664.14 4.996906166404938e+37
1664.57 4.805166170558742e+37
1665.0 4.348122909813262e+37
1665.43 4.7667357827567355e+37
1665.86 4.985211533876193e+37
1666.3 4.970304610043652e+37
1666.73 4.744096151098556e+37
1667.16 4.86212725906813e+37
1667.59 4.625936884216376e+37
1668.03 3.210908186117317e+37
1668.46 3.6802558871442823e+37
1668.89 4.9529827921813365e+37
1669.32 4.361508606399223e+37
1669.76 3.4781319459861774e+37
1670.19 4.628078653285444e+37
1670.62 4.485686053635067e+37
1671.05 2.7870813396470674e+37
1671.49 4.925211967246259e+37
1671.92 3.8282319930411223e+37
1672.35 3.9906053692992456e+37
1672.79 3.481492026282689e+37
1673.22 4.383137329914238e+37
1673.65 2.6484176703124674e+37
1674.09 4.915760984685318e+37
1674.52 4.600691125106066e+37
1674.96 4.9149488990135875e+37
1675.39 4.73845686615569e+37
1675.82 4.187612739032146e+37
1676.26 4.110298309937116e+37
1676.69 4.371602640767827e+37
1677.13 3.299082625714787e+37
1677.56 4.906340549117487e+37
1678.0 4.907370060352937e+37
1678.43 4.898372483861865e+37
1678.87 4.812441494990667e+37
1679.3 4.889066559706108e+37
1679.74 4.9003555962743965e+37
1680.17 4.888456613734161e+37
1680.61 4.602524845029063e+37
1681.04 4.881264461638596e+37
1681.48 4.581463829976053e+37
1681.92 3.2494732878619663e+37
1682.35 4.867146865580544e+37
1682.79 4.885535670566598e+37
1683.22 4.877350240661116e+37
1683.66 4.051335074010786e+37
1684.1 4.8591655298376975e+37
1684.53 4.796292132294081e+37
1684.97 4.870349511502495e+37
1685.41 4.873892770908853e+37
1685.84 4.06547340352889e+37
1686.28 4.09732946644584e+37
1686.72 3.0642051703529015e+37
1687.15 4.1839017998850847e+37
1687.59 3.507046449525444e+37
1688.03 4.407394536853977e+37
1688.47 4.850789505104286e+37
1688.9 4.85030257239234e+37
1689.34 4.846507203753256e+37
1689.78 4.799595046742549e+37
1690.22 4.0333782329516825e+37
1690.66 3.4544980239696164e+37
1691.09 4.764285815760116e+37
1691.53 4.829857018069319e+37
1691.97 4.6363416736620725e+37
1692.41 2.929322742638687e+37
1692.85 4.730953089543722e+37
1693.29 4.804624026617806e+37
1693.72 4.812716284930176e+37
1694.16 4.807284762829992e+37
1694.6 3.3586913299188624e+37
1695.04 1.9539442514919315e+37
1695.48 4.363281279259886e+37
1695.92 4.299993091819825e+37
1696.36 4.794420426481205e+37
1696.8 4.608716026294936e+37
1697.24 4.786693345934073e+37
1697.68 4.784214152452836e+37
1698.12 3.4056667991264106e+37
1698.56 4.753325093653686e+37
1699.0 3.5212167421611653e+37
1699.44 4.577790962099809e+37
1699.88 4.761345807989497e+37
1700.32 3.57813531385964e+37
1700.76 3.275720980722566e+37
1701.2 4.673786481171272e+37
1701.64 2.8450677885334435e+37
1702.08 4.41341696275892e+37
1702.53 4.21937641141691e+37
1702.97 4.4259445641661275e+37
1703.41 4.100911777076571e+37
1703.85 4.740542606590425e+37
1704.29 4.694963229634504e+37
1704.73 4.525226889582749e+37
1705.18 4.731046713185849e+37
1705.62 4.409273061116394e+37
1706.06 3.7866786901975594e+37
1706.5 3.611964849166962e+37
1706.94 4.651588319920554e+37
1707.39 2.043672068277616e+37
1707.83 4.705705228753357e+37
1708.27 4.489262969638032e+37
1708.71 3.2577249963424205e+37
1709.16 4.6931261865656175e+37
1709.6 4.695089118617465e+37
1710.04 4.356312503923325e+37
1710.49 4.0856464955086347e+37
1710.93 3.5477143439450445e+37
1711.37 2.497844510816951e+37
1711.82 3.6001031760069344e+37
1712.26 4.440565769474731e+37
1712.7 2.4391209036869806e+37
1713.15 4.577180017511638e+37
1713.59 4.126711551789078e+37
1714.04 4.636111359861094e+37
1714.48 4.646708472487597e+37
1714.93 4.628018239811532e+37
1715.37 2.2141553789745087e+37
1715.81 4.0442472353745557e+37
1716.26 4.157413625883386e+37
1716.7 4.574887077572454e+37
1717.15 2.974263621947127e+37
1717.59 4.587572170683629e+37
1718.04 3.9415948439163724e+37
1718.48 3.0182257678474424e+37
1718.93 3.406080604228162e+37
1719.38 2.378160882168531e+37
1719.82 3.314608894001751e+37
1720.27 4.628904469584615e+37
1720.71 2.926426202205875e+37
1721.16 3.7073039307069624e+37
1721.6 2.83827016274667e+37
1722.05 3.406236390948569e+37
1722.5 2.484233998890047e+37
1722.94 3.6521408646565557e+37
1723.39 4.449346210639015e+37
1723.84 2.886730470076411e+37
1724.28 2.3599269167164117e+37
1724.73 4.268535504100458e+37
1725.18 4.425520238303751e+37
1725.62 2.5453804351028217e+37
1726.07 4.5985323541763365e+37
1726.52 3.4471678658780044e+37
1726.97 4.510915921310695e+37
1727.41 2.840523792535886e+37
1727.86 4.312856513047661e+37
1728.31 3.560155360854204e+37
1728.76 3.4365272440269145e+37
1729.2 4.047806704127413e+37
1729.65 4.580274306165408e+37
1730.1 4.564950775762926e+37
1730.55 3.165805830716177e+37
1731.0 4.557171512657831e+37
1731.45 2.7425040148303047e+37
1731.9 4.560452442231251e+37
1732.34 4.053071673834566e+37
1732.79 3.937893272758642e+37
1733.24 4.216165459020346e+37
1733.69 3.7399736075433593e+37
1734.14 4.010303513312839e+37
1734.59 4.470154247773368e+37
1735.04 4.562004016839159e+37
1735.49 4.505439515512426e+37
1735.94 4.1800730073052164e+37
1736.39 3.5124890640659573e+37
1736.84 4.55060878877627e+37
1737.29 3.6518787786360376e+37
1737.74 4.508418128821286e+37
1738.19 2.353767001131528e+37
1738.64 2.80891332851574e+37
1739.09 3.7466337635384756e+37
1739.54 4.388855118016192e+37
1739.99 4.314876464228032e+37
1740.44 4.525496495351176e+37
1740.9 3.1945126005964743e+37
1741.35 4.077761012493494e+37
1741.8 4.499510910933761e+37
1742.25 3.6760296727953993e+37
1742.7 4.4913502470456825e+37
1743.15 4.509300860332933e+37
1743.6 4.486703137628634e+37
1744.06 4.4964121032121525e+37
1744.51 4.5016939149602105e+37
1744.96 3.9038657224930317e+37
1745.41 3.782486486763716e+37
1745.86 4.488293372595297e+37
1746.32 4.493396369047552e+37
1746.77 4.420968362680094e+37
1747.22 2.31169463113564e+37
1747.68 2.743278944308769e+37
1748.13 2.468475104989897e+37
1748.58 4.109969989907555e+37
1749.04 2.519930548198551e+37
1749.49 4.040739242788208e+37
1749.94 4.325297402009357e+37
1750.4 3.272600147115734e+37
1750.85 4.478286079082458e+37
1751.3 3.2283207785779626e+37
1751.76 3.1173928379853328e+37
1752.21 4.469730085074208e+37
1752.67 4.468236444580887e+37
1753.12 3.091529481537722e+37
1753.57 3.6328204101288595e+37
1754.03 4.191223392402721e+37
1754.48 4.38533611625429e+37
1754.94 4.09450515584404e+37
1755.39 4.459422112599822e+37
1755.85 4.2790445269629635e+37
1756.3 4.452334388499759e+37
1756.76 4.448705313760177e+37
1757.21 4.441097786242368e+37
1757.67 4.439916863980768e+37
1758.12 3.5730439096550667e+37
1758.58 2.683114436325691e+37
1759.04 4.247446782473686e+37
1759.49 4.425725114630278e+37
1759.95 4.42211920713789e+37
1760.4 2.479761305929079e+37
1760.86 2.5057207317078885e+37
1761.32 3.8441759590542774e+37
1761.77 4.405643383804954e+37
1762.23 4.256512895935209e+37
1762.69 4.386421140116855e+37
1763.14 4.2113560689786967e+37
1763.6 3.240993140000219e+37
1764.06 4.1034767417754956e+37
1764.51 4.249387419127896e+37
1764.97 3.098977440244148e+37
1765.43 4.377584251390536e+37
1765.89 4.375447220151808e+37
1766.34 4.1597549234508056e+37
1766.8 4.357304044540668e+37
1767.26 4.337439460158544e+37
1767.72 4.299779574651793e+37
1768.18 4.1791435898941055e+37
1768.64 4.269202101299088e+37
1769.09 4.352918110548476e+37
1769.55 2.1663018538195005e+37
1770.01 4.1533424607851066e+37
1770.47 2.1544831195396533e+37
1770.93 3.9743884727961427e+37
1771.39 4.0196410648960005e+37
1771.85 4.235888911137178e+37
1772.31 4.3275482276131795e+37
1772.77 4.248439828856844e+37
1773.22 4.028521698692026e+37
1773.68 3.7680691844583334e+37
1774.14 4.343456964613325e+37
1774.6 3.793923379285878e+37
1775.06 4.341701037492029e+37
1775.52 4.1261647721992964e+37
1775.98 1.6876480963380246e+37
1776.44 4.309092047505571e+37
1776.9 4.071504955307212e+37
1777.36 4.330666584847039e+37
1777.82 3.1140759599812896e+37
1778.29 4.327738043022703e+37
1778.75 3.0546468737421005e+37
1779.21 4.1195503842705157e+37
1779.67 4.31994745104419e+37
1780.13 4.226453729203576e+37
1780.59 4.0950985825230237e+37
1781.05 3.457510624553431e+37
1781.52 4.310735238881286e+37
1781.98 3.7295399524881276e+37
1782.44 4.0752524621036526e+37
1782.9 3.8592322525563747e+37
1783.36 4.301705984301822e+37
1783.82 4.298958398505147e+37
1784.29 4.29662117034498e+37
1784.75 4.1563084574498883e+37
1785.21 4.2121738218065564e+37
1785.68 4.289862963083923e+37
1786.14 4.224750674465941e+37
1786.6 4.285670294285138e+37
1787.06 3.910963270569834e+37
1787.53 4.2455005800503184e+37
1787.99 3.806922683067496e+37
1788.45 3.156547264276197e+37
1788.92 3.507525396543146e+37
1789.38 4.270450824915155e+37
1789.84 4.104063710444725e+37
1790.31 3.038578416195495e+37
1790.77 4.080687633739345e+37
1791.24 3.910032690835506e+37
1791.7 2.652759323768207e+37
1792.17 2.8941194916574083e+37
1792.63 4.2052660449670955e+37
1793.09 3.3056104451058546e+37
1793.56 4.205755840294195e+37
1794.02 4.0824852214712713e+37
1794.49 4.256857919242669e+37
1794.95 2.484600945685283e+37
1795.42 4.252381737395164e+37
1795.89 4.102617386360813e+37
1796.35 4.2465576411006295e+37
1796.81 3.979824412429603e+37
1797.28 4.224646065433268e+37
1797.75 3.762954293954382e+37
1798.21 4.1075012944020137e+37
1798.68 4.1001336262463314e+37
1799.15 4.2183795584089466e+37
1799.61 4.215126930934963e+37
1800.08 3.4590007554618974e+37
1800.55 4.1499335294260936e+37
1801.01 3.9752994085692995e+37
1801.48 2.534039933342316e+37
1801.94 4.1023411133773393e+37
1802.41 4.211082183180132e+37
1802.88 4.0863418666596064e+37
1803.35 2.892126928475606e+37
1803.81 4.206147650758085e+37
1804.28 4.0261989249721114e+37
1804.75 4.2005458313107863e+37
1805.22 3.8012845698405255e+37
1805.68 3.838006321337002e+37
1806.15 4.075306343218118e+37
1806.62 3.831376521169823e+37
1807.09 3.942165657974238e+37
1807.56 4.1405957842401815e+37
1808.03 3.9112195523215197e+37
1808.49 4.120256900462721e+37
1808.96 4.175633869923519e+37
1809.43 3.006961145727368e+37
1809.9 4.1045502519624535e+37
1810.37 3.734681184076167e+37
1810.84 4.142731552479804e+37
1811.31 2.9801041190892964e+37
1811.78 3.165319475049702e+37
1812.25 3.4785201860439334e+37
1812.72 3.0175964314162705e+37
1813.19 3.4092303187123086e+37
1813.66 4.086975493782362e+37
1814.13 3.9651033625364295e+37
1814.6 4.1386092405337998e+37
1815.07 3.510791192206116e+37
1815.54 3.6594153161352353e+37
1816.01 2.5911425499558477e+37
1816.48 3.887194822810907e+37
1816.95 3.7706759666051217e+37
1817.42 3.4545041314064082e+37
1817.89 4.0860707053852865e+37
1818.36 4.1074089189765575e+37
1818.83 4.118188538179867e+37
1819.31 2.3683232173363247e+37
1819.78 3.2368967829037905e+37
1820.25 4.1008188434271976e+37
1820.72 4.1097186364205207e+37
1821.19 3.1619211519825875e+37
1821.67 2.727707174786968e+37
1822.14 3.501989456559491e+37
1822.61 3.8742573974053704e+37
1823.08 2.0545281367646468e+37
1823.55 4.055781428885672e+37
1824.03 4.0618127836011456e+37
1824.5 4.0896661388446966e+37
1824.97 3.1283029613198556e+37
1825.44 2.6714772866687308e+37
1825.92 3.926331175154092e+37
1826.39 3.8105612501439415e+37
1826.86 3.0560734226952066e+37
1827.34 3.7882206658473144e+37
1827.81 4.0338260120832734e+37
1828.29 3.2719207045818205e+37
1828.76 3.90056895473756e+37
1829.23 2.7723579043771175e+37
1829.71 4.0311757525806876e+37
1830.18 3.3461086392928494e+37
1830.66 2.42730937619321e+37
1831.13 4.033735578608256e+37
1831.61 3.428269019967123e+37
1832.08 4.042107998546122e+37
1832.56 3.5925180573872315e+37
1833.03 3.342855954736422e+37
1833.51 4.000225012486277e+37
1833.98 3.9630555865955816e+37
1834.46 4.007425512703305e+37
1834.93 3.028812280919959e+37
1835.41 4.0119736038446894e+37
1835.88 4.0236179582739326e+37
1836.36 3.779358082475505e+37
1836.83 2.952058276870759e+37
1837.31 2.7182671113505385e+37
1837.79 3.138245763738118e+37
1838.26 1.8088455225607407e+37
1838.74 3.05149274579218e+37
1839.22 4.0018363286872874e+37
1839.69 3.995409631542982e+37
1840.17 2.7046857205988786e+37
1840.65 3.99081341692401e+37
1841.12 3.990146211090293e+37
1841.6 2.2770323705533082e+37
1842.08 3.6783888551872555e+37
1842.56 1.9673903689316311e+37
1843.03 3.295701524383089e+37
1843.51 2.0180377058740816e+37
1843.99 1.9935109314724756e+37
1844.47 2.4429954827454e+37
1844.94 2.0384895111968222e+37
1845.42 2.3190791182164684e+37
1845.9 3.904614855249814e+37
1846.38 3.289728439296096e+37
1846.86 3.0802578412252786e+37
1847.34 2.3068938944786913e+37
1847.82 3.9254999615543904e+37
1848.29 3.898812498824926e+37
1848.77 3.6183797364427833e+37
1849.25 2.7256018207775893e+37
1849.73 3.176020591234597e+37
1850.21 1.6627528806772473e+37
1850.69 2.747115916549363e+37
1851.17 2.340464301728739e+37
1851.65 3.933203329736544e+37
1852.13 3.407711382403496e+37
1852.61 2.0181401278411911e+37
1853.09 3.9259366024375685e+37
1853.57 3.914161217575374e+37
1854.05 2.219709435893372e+37
1854.53 3.890887942501307e+37
1855.01 1.718350353670851e+37
1855.49 2.9445629205800306e+37
1855.97 3.904441837090267e+37
1856.45 3.910957119093147e+37
1856.94 3.898171997931088e+37
1857.42 3.9072262570267735e+37
1857.9 3.340569574773315e+37
1858.38 3.87152448897118e+37
1858.86 3.631017720834203e+37
1859.34 3.896322840681024e+37
1859.83 1.7288529073239125e+37
1860.31 3.8947482025534714e+37
1860.79 3.4938896258348197e+37
1861.27 3.8678034741077823e+37
1861.76 3.6110339176118575e+37
1862.24 3.8843296050187947e+37
1862.72 3.8594052086189624e+37
1863.2 3.399410976553471e+37
1863.69 3.878727344640766e+37
1864.17 3.8328448106829382e+37
1864.65 3.6476302791852204e+37
1865.14 2.0033733307166177e+37
1865.62 2.411256553946853e+37
1866.1 3.566735281062934e+37
1866.58 1.898993197123227e+37
1867.07 3.547821375468411e+37
1867.55 3.8576788009328574e+37
1868.04 3.8662166085970446e+37
1868.52 3.7898525690346555e+37
1869.01 3.8066467266594106e+37
1869.49 3.8323984549962047e+37
1869.97 2.0723553138956208e+37
1870.46 3.8234972280599524e+37
1870.94 3.113522799706168e+37
1871.43 2.4537704933374566e+37
1871.91 3.7225482669653537e+37
1872.4 3.668853256804342e+37
1872.88 3.7204548058234428e+37
1873.37 3.719389773696589e+37
1873.85 3.050439567697057e+37
1874.34 2.993781840279286e+37
1874.83 3.78043096949401e+37
1875.31 2.9179883761171257e+37
1875.8 3.785364594399921e+37
1876.29 3.0770112175408863e+37
1876.77 3.8360953265827725e+37
1877.26 3.828496062684407e+37
1877.74 3.8276651953931622e+37
1878.23 3.820491503942773e+37
1878.72 3.8200220083876458e+37
1879.2 3.7204073972541315e+37
1879.69 3.818804898581291e+37
1880.18 3.8144018763513386e+37
1880.67 1.9657170740130399e+37
1881.15 1.792011716764891e+37
1881.64 2.9107023019321805e+37
1882.13 1.905046420813582e+37
1882.62 3.34703133170742e+37
1883.1 2.7591499294080036e+37
1883.59 3.7951652231839305e+37
1884.08 3.7659928598523716e+37
1884.57 1.5898716709277542e+37
1885.06 1.6621415990109443e+37
1885.55 3.7836848870213e+37
1886.04 2.168855493272923e+37
1886.52 2.4324804778988907e+37
1887.01 2.2585748424550306e+37
1887.5 1.71206748981222e+37
1887.99 3.7609513629702836e+37
1888.48 3.762460609284681e+37
1888.97 3.7668149314031352e+37
1889.46 1.7249090820280872e+37
1889.95 3.760970053388155e+37
1890.44 3.5720930561762967e+37
1890.93 2.1159015514513125e+37
1891.42 2.1560579002732466e+37
1891.91 2.0958240489200813e+37
1892.4 2.57554001596501e+37
1892.89 1.713476975899439e+37
1893.38 3.7435234177981513e+37
1893.87 2.1364127468494747e+37
1894.36 2.616110013949611e+37
1894.85 3.6300163911365214e+37
1895.34 1.5707753910716456e+37
1895.84 3.407923022959888e+37
1896.33 2.257898729652764e+37
1896.82 1.503972506860356e+37
1897.31 2.727905107254854e+37
1897.8 3.7248613780045844e+37
1898.29 3.7225957623918266e+37
1898.79 1.995276419480149e+37
1899.28 1.4526895497425823e+37
1899.77 3.319579154159934e+37
1900.26 3.716892566871565e+37
1900.76 3.7021806817228952e+37
1901.25 3.296174338362233e+37
1901.74 3.7107011887808438e+37
1902.23 3.6274516885968425e+37
1902.73 3.6760979841596223e+37
1903.22 1.9238350128450469e+37
1903.71 2.301093078760565e+37
1904.21 2.465066704759874e+37
1904.7 3.701389129067692e+37
1905.19 3.0126613206277857e+37
1905.69 3.560183530658025e+37
1906.18 3.693893976857592e+37
1906.68 2.588410749609106e+37
1907.17 3.3673750190462003e+37
1907.66 1.6597703134925736e+37
1908.16 3.6611582361491884e+37
1908.65 2.95487944543871e+37
1909.15 3.5390049950043733e+37
1909.64 3.6483974789667114e+37
1910.14 2.945672360731346e+37
1910.63 3.528120270890548e+37
1911.13 3.6687612056560553e+37
1911.62 1.545984798787125e+37
1912.12 3.664551021903303e+37
1912.61 3.662655748418054e+37
1913.11 3.656838237253543e+37
1913.61 1.7799949298807583e+37
1914.1 1.911029930079112e+37
1914.6 3.6449256497355994e+37
1915.09 1.8561886814669246e+37
1915.59 3.095897183420722e+37
1916.09 3.114222266782397e+37
1916.58 2.1373871428390836e+37
1917.08 1.8168903604992328e+37
1917.58 2.8993463847303e+37
1918.07 2.6132975812541464e+37
1918.57 1.7062326737088467e+37
1919.07 3.0245845075052637e+37
1919.56 1.7684204335311036e+37
1920.06 3.2627458883031923e+37
1920.56 3.6032183907488854e+37
1921.06 2.4891270318897767e+37
1921.56 1.585423853512417e+37
1922.05 2.70679868174555e+37
1922.55 3.6153235709058637e+37
1923.05 1.5972087393616811e+37
1923.55 3.498327194841784e+37
1924.05 2.3178424008636144e+37
1924.55 1.56701638280429e+37
1925.05 3.605976864202062e+37
1925.54 3.4590926066475164e+37
1926.04 1.49009749251873e+37
1926.54 3.596759521230696e+37
1927.04 3.4673892310892886e+37
1927.54 2.7168528165331196e+37
1928.04 2.0897661765156853e+37
1928.54 2.2298531429164112e+37
1929.04 2.427413210697985e+37
1929.54 3.0779602261428946e+37
1930.04 2.8698047941864326e+37
1930.54 2.8431372066894697e+37
1931.04 3.5247982698365043e+37
1931.54 1.4576980185754518e+37
1932.04 3.5645665644042575e+37
1932.54 3.4955764366111045e+37
1933.04 3.5743322943260474e+37
1933.55 3.430319604471077e+37
1934.05 3.56965636558829e+37
1934.55 3.567971668366451e+37
1935.05 3.539716261443381e+37
1935.55 3.563539075170455e+37
1936.05 3.4356247001103227e+37
1936.55 2.704058347522493e+37
1937.06 2.255289989479845e+37
1937.56 3.1982652656858233e+37
1938.06 2.3219375429827833e+37
1938.56 3.545887899826804e+37
1939.06 2.4972580554594937e+37
1939.57 2.902644327896329e+37
1940.07 1.7602355810647506e+37
1940.57 2.0762053647526635e+37
1941.08 3.5467527603854347e+37
1941.58 1.857079347752236e+37
1942.08 3.543961200304864e+37
1942.58 3.542444268116517e+37
1943.09 3.4372996505519013e+37
1943.59 1.777581610951857e+37
1944.1 3.527643601457647e+37
1944.6 3.409576578377979e+37
1945.1 3.510539481218139e+37
1945.61 3.2998987355959454e+37
1946.11 3.5287460954096874e+37
1946.62 3.4182563615365704e+37
1947.12 3.4440091341188613e+37
1947.63 3.49648493219253e+37
1948.13 2.432518003958589e+37
1948.64 3.053735557301175e+37
1949.14 3.5095193753173547e+37
1949.65 1.8800979728839153e+37
1950.15 3.471015036549449e+37
1950.66 3.504540094219674e+37
1951.16 2.9970069523509504e+37
1951.67 3.4971363642021606e+37
1952.17 3.4273243173131185e+37
1952.68 1.44972543616482e+37
1953.19 2.1448255569339856e+37
1953.69 3.3769776760883067e+37
1954.2 1.4704275620181074e+37
1954.7 2.214276450962926e+37
1955.21 2.912637833730438e+37
1955.72 3.0854518514177977e+37
1956.22 3.462688506979549e+37
1956.73 3.4469119648430935e+37
1957.24 2.860029242013216e+37
1957.75 3.310319365845297e+37
1958.25 3.473148960106008e+37
1958.76 1.7904129077420515e+37
1959.27 1.5806550693799365e+37
1959.78 3.133106306591429e+37
1960.29 1.439379433583901e+37
1960.79 3.2841808854649647e+37
1961.3 1.83413007394019e+37
1961.81 2.8032447217953924e+37
1962.32 3.0262294989242944e+37
1962.83 2.5906953707858224e+37
1963.33 3.3380776379084835e+37
1963.84 3.2779712790094674e+37
1964.35 1.7356504398378144e+37
1964.86 1.9787985348983237e+37
1965.37 1.7219907513938567e+37
1965.88 3.4477029388335223e+37
1966.39 3.4497706579120415e+37
1966.9 3.3353663973258523e+37
1967.41 3.446755960989173e+37
1967.92 3.003220582799615e+37
1968.43 3.2348572195944538e+37
1968.94 3.438821382154674e+37
1969.45 3.26445221271367e+37
1969.96 3.3587243542828773e+37
1970.47 3.4367448564105186e+37
1970.98 3.434559001766026e+37
1971.49 3.135346128066568e+37
1972.0 3.2065970895948685e+37
1972.52 3.1506036201245395e+37
1973.03 3.4194165838313777e+37
1973.54 3.339830689397457e+37
1974.05 3.410131131448894e+37
1974.56 3.3582613071425976e+37
1975.07 3.4182154962467965e+37
1975.58 3.2997212761024982e+37
1976.1 1.6731160768296117e+37
1976.61 3.4042167460038337e+37
1977.12 3.3619864975789284e+37
1977.63 3.1005648232601608e+37
1978.15 3.403477802918919e+37
1978.66 2.103353105332209e+37
1979.17 3.0912473955399016e+37
1979.69 2.89619174929301e+37
1980.2 3.366217258639491e+37
1980.71 3.3926556221783e+37
1981.22 3.3725486045015094e+37
1981.74 3.386942915759497e+37
1982.25 3.314468893201894e+37
1982.77 1.6634773993173016e+37
1983.28 3.3776177050152476e+37
1983.79 3.0683240115210888e+37
1984.31 1.449319633243174e+37
1984.82 2.2426915889617346e+37
1985.34 3.317790446020337e+37
1985.85 3.305001532068688e+37
1986.36 3.18811347918593e+37
1986.88 2.9430465420030103e+37
1987.4 1.5702591675408205e+37
1987.91 2.118429678252585e+37
1988.43 3.3488042414863255e+37
1988.94 3.3443698460714804e+37
1989.46 3.0800098491329935e+37
1989.97 1.5454277591969846e+37
1990.49 3.3270047427251525e+37
1991.0 3.341958934813944e+37
1991.52 1.546474292670877e+37
1992.04 1.468340552438083e+37
1992.55 3.263070886942029e+37
1993.07 3.3066481542673847e+37
1993.58 3.2881768223680743e+37
1994.1 1.5964490239223264e+37
1994.62 3.3250992046750093e+37
1995.14 2.747657208387251e+37
1995.65 1.6256605934769113e+37
1996.17 3.319043464562382e+37
1996.69 3.317688134365969e+37
1997.2 3.29990756702007e+37
1997.72 3.1988045944688384e+37
1998.24 3.1146578105433307e+37
1998.76 3.235965685759263e+37
1999.28 3.234788406257828e+37
1999.8 2.587086949488264e+37
2000.31 1.5987999808513815e+37
2000.83 3.0044974143034846e+37
2001.35 3.2360736270797964e+37
2001.87 1.6930390123049098e+37
2002.39 2.197792621440955e+37
2002.91 3.278924359688319e+37
2003.43 3.293282342063467e+37
2003.94 3.287841850564172e+37
2004.46 3.2691249866531683e+37
2004.98 3.089559405279956e+37
2005.5 2.729701547467062e+37
2006.02 2.657863184575972e+37
2006.54 3.2745306122620453e+37
2007.06 3.1730430184290355e+37
2007.58 3.201908759937508e+37
2008.1 3.275301812406537e+37
2008.62 2.649812715516695e+37
2009.14 1.716846580638285e+37
2009.67 3.2561261521824445e+37
2010.19 2.817522743684959e+37
2010.71 2.7450945495670882e+37
2011.23 2.8080069987475994e+37
2011.75 3.251676945665568e+37
2012.27 1.9393839649586363e+37
2012.79 3.128712170862141e+37
2013.31 1.5830519568212828e+37
2013.84 3.228373559461784e+37
2014.36 3.214231209986427e+37
2014.88 3.2437465888198327e+37
2015.4 2.1982067733772435e+37
2015.93 3.0751215415393436e+37
2016.45 3.068029739872743e+37
2016.97 3.1606569412470236e+37
2017.49 3.006863722900554e+37
2018.02 2.0246737628250628e+37
2018.54 3.19997432746154e+37
2019.06 3.0153274372834147e+37
2019.58 3.2315542634416083e+37
2020.11 3.2300830100477666e+37
2020.63 3.2071908706137636e+37
2021.16 3.2221950642197765e+37
2021.68 3.183376930683429e+37
2022.2 3.2148324160996574e+37
2022.73 2.4821106034240017e+37
2023.25 3.221605046722007e+37
2023.78 3.184038389489162e+37
2024.3 3.214172717688831e+37
2024.82 3.210643687579477e+37
2025.35 3.1677695044911134e+37
2025.88 2.535408752942591e+37
2026.4 3.1097122001990026e+37
2026.93 3.208089887609922e+37
2027.45 3.202662163239724e+37
2027.98 3.137211380267484e+37
2028.5 2.7733341038635355e+37
2029.03 3.1957151757340067e+37
2029.55 3.196076442191528e+37
2030.08 2.6347693735561987e+37
2030.61 3.1927235426033312e+37
2031.13 3.146258765091789e+37
2031.66 3.1718336881600853e+37
2032.19 2.798146104510361e+37
2032.71 3.047767254011981e+37
2033.24 3.18040403209651e+37
2033.77 2.3986948293681298e+37
2034.29 3.0317108054148285e+37
2034.82 2.83442702305291e+37
2035.35 1.5315998202376757e+37
2035.88 2.658044882218046e+37
2036.4 3.147284350828642e+37
2036.93 3.160899628514208e+37
2037.46 2.121110441800609e+37
2037.99 1.5410919199786584e+37
2038.52 3.1628456381654534e+37
2039.04 3.104364152310302e+37
2039.57 1.8845170461985964e+37
2040.1 1.571087644715307e+37
2040.63 2.9878616142257548e+37
2041.16 1.5720426240315288e+37
2041.69 3.153369354391461e+37
2042.22 3.151492893814736e+37
2042.74 3.0818556538430233e+37
2043.28 3.1483910994853883e+37
2043.8 3.121139849209731e+37
2044.33 3.144349858958534e+37
2044.86 2.341117350399242e+37
2045.39 2.9205052613781246e+37
2045.92 3.1350168750930556e+37
2046.45 1.603514433748856e+37
2046.98 3.131787023827466e+37
2047.52 2.5983834311662635e+37
2048.05 3.109152104429227e+37
2048.58 3.127188364678012e+37
2049.11 3.0999850567029166e+37
2049.64 2.7649231826982464e+37
2050.17 2.5273118346677433e+37
2050.7 3.145097365601962e+37
2051.23 3.0710329963249447e+37
2051.76 2.987436942406399e+37
2052.3 3.1413508243607117e+37
2052.83 2.7811122631777564e+37
2053.36 3.0351388922127823e+37
2053.89 3.132081545471165e+37
2054.43 3.1317972965676908e+37
2054.96 3.127206835352605e+37
2055.49 3.1197754457141734e+37
2056.02 3.1239102734658827e+37
2056.55 1.572482002307473e+37
2057.09 3.1179764617918353e+37
2057.62 1.8277510878469613e+37
2058.16 3.049152424013166e+37
2058.69 2.5722244538548766e+37
2059.22 1.3649650833347999e+37
2059.76 2.6368731426498595e+37
2060.29 1.4331558206433318e+37
2060.82 3.106340515065704e+37
2061.36 3.0240537494865943e+37
2061.89 3.0679250653128665e+37
2062.43 1.3703738004517504e+37
2062.96 3.10255887421166e+37
2063.5 3.0900232618638987e+37
2064.03 2.9769608848440723e+37
2064.56 3.0802677373274516e+37
2065.1 3.051378745692938e+37
2065.64 2.84499821705232e+37
2066.17 3.0934468832787622e+37
2066.71 3.0901988641276096e+37
2067.24 3.066884902298457e+37
2067.78 3.0796032614192093e+37
2068.31 3.088126303354688e+37
2068.85 1.652150630061719e+37
2069.39 3.0683376515379677e+37
2069.92 3.0838027365471397e+37
2070.46 2.9930595045337064e+37
2071.0 3.071264432312268e+37
2071.53 2.946867721343447e+37
2072.07 3.060520292229654e+37
2072.61 3.0470369925029174e+37
2073.14 3.062534345407196e+37
2073.68 3.0738955138989697e+37
2074.22 3.071290527946276e+37
2074.76 3.0189876889404034e+37
2075.29 3.0681118328205877e+37
2075.83 2.8607784855090656e+37
2076.37 3.013306776347587e+37
2076.91 2.547020003243946e+37
2077.45 3.054295853479773e+37
2077.98 2.600075636050335e+37
2078.52 2.8658449160023036e+37
2079.06 2.9212035407919496e+37
2079.6 1.7306540997351612e+37
2080.14 3.033576476631357e+37
2080.68 3.0483788299200723e+37
2081.22 3.046166087013228e+37
2081.76 2.9724338702355485e+37
2082.3 3.0441793248352496e+37
2082.84 3.0413873862198186e+37
2083.38 2.9684059668579637e+37
2083.92 2.973728323243218e+37
2084.46 3.037888801167326e+37
2085.0 1.3520637366978996e+37
2085.54 2.262615800623076e+37
2086.08 3.0313356913197757e+37
2086.62 2.9836662985869128e+37
2087.16 3.018869531987574e+37
2087.7 1.7792709143627562e+37
2088.24 3.012364566969479e+37
2088.78 2.9886096562077394e+37
2089.32 1.9574669800616994e+37
2089.87 2.618843125917425e+37
2090.41 3.0121909978980083e+37
2090.95 1.6088654743742044e+37
2091.49 3.0008218889813243e+37
2092.03 1.511035162976705e+37
2092.57 2.7747869444504207e+37
2093.12 2.999839465660918e+37
2093.66 1.6771460809830683e+37
2094.2 2.0639560174683548e+37
2094.75 2.868336478243741e+37
2095.29 2.9838589900183073e+37
2095.83 2.1248091339975914e+37
2096.38 2.0549480047727622e+37
2096.92 2.9021285447324364e+37
2097.46 2.983668157451579e+37
2098.0 2.0383917535414108e+37
2098.55 2.1018196311219905e+37
2099.09 2.978467083878753e+37
2099.64 2.930290885332411e+37
2100.18 2.9607880916043817e+37
2100.73 2.8937469745577984e+37
2101.27 2.958133569476052e+37
2101.81 2.8316089476714564e+37
2102.36 2.967707287692985e+37
2102.9 2.954161296771744e+37
2103.45 2.6504238773755145e+37
2103.99 2.6730973139080145e+37
2104.54 1.3755865075219537e+37
2105.08 2.95900689653325e+37
2105.63 2.1174246862163875e+37
2106.18 2.889121194795286e+37
2106.72 2.904466066792509e+37
2107.27 2.952096876502267e+37
2107.81 2.784456606474013e+37
2108.36 2.789726350651324e+37
2108.91 2.5402528463010476e+37
2109.45 2.6750516017011535e+37
2110.0 2.9428985088896457e+37
2110.55 2.9397501657438184e+37
2111.09 2.934030410975577e+37
2111.64 2.917364345033544e+37
2112.19 2.9330756390008304e+37
2112.74 2.918877745995373e+37
2113.28 2.876120072397146e+37
2113.83 2.920438720162989e+37
2114.38 2.5852433194064327e+37
2114.93 2.623951550208923e+37
2115.48 2.699832287241248e+37
2116.02 2.9238897130660943e+37
2116.57 2.9222790629080895e+37
2117.12 2.626190925455667e+37
2117.67 2.9189368037184926e+37
2118.22 2.3580485372815793e+37
2118.77 2.907942906052574e+37
2119.32 2.2056243675604347e+37
2119.87 2.9123055292882756e+37
2120.42 2.813751380007533e+37
2120.97 2.427591683582406e+37
2121.51 2.8304978083906923e+37
2122.06 2.8134064413635554e+37
2122.61 2.8969568030270106e+37
2123.17 2.6714725201792204e+37
2123.72 2.882693787495004e+37
2124.26 1.8721687004440811e+37
2124.82 2.6721553003862736e+37
2125.37 2.861788300847901e+37
2125.92 2.7141989511544257e+37
2126.47 2.8903536286921785e+37
2127.02 2.8875836291988686e+37
2127.57 2.88206097669089e+37
2128.12 2.420160466792782e+37
2128.67 2.8500114394690797e+37
2129.23 2.868398214363753e+37
2129.78 2.8704903032039548e+37
2130.33 2.3921822523321337e+37
2130.88 2.868951985346245e+37
2131.43 2.8209294748927525e+37
2131.99 2.8622311231457277e+37
2132.54 2.7675879696777314e+37
2133.09 2.8575947239536125e+37
2133.65 2.852656335393437e+37
2134.2 2.851407720978483e+37
2134.75 2.8445754656475693e+37
2135.3 2.8473126075652604e+37
2135.86 2.8445952753025883e+37
2136.41 2.845336381036561e+37
2136.97 2.2343656943533594e+37
2137.52 2.8152994047932877e+37
2138.07 1.7689670555673253e+37
2138.63 2.650583221817066e+37
2139.18 2.8376051427592127e+37
2139.74 2.7492748250832416e+37
2140.29 2.8075496811325153e+37
2140.84 2.8358741151076994e+37
2141.4 2.7317641892881815e+37
2141.96 2.562005633072329e+37
2142.51 2.823051582344589e+37
2143.06 2.813651795915719e+37
2143.62 2.6151316160324497e+37
2144.18 1.717804010832446e+37
2144.73 2.790980355737389e+37
2145.29 2.7218118990594394e+37
2145.84 2.8242161043540056e+37
2146.4 2.719904735222335e+37
2146.96 2.3755397143723297e+37
2147.51 2.8198144744921383e+37
2148.07 2.8149651513356594e+37
2148.63 2.1530739169249257e+37
2149.18 2.758287484990223e+37
2149.74 2.810015443176932e+37
2150.3 2.756168299390435e+37
2150.85 2.810390941736466e+37
2151.41 2.7722738527827464e+37
2151.97 2.8079227231001897e+37
2152.53 1.6716494784902335e+37
2153.08 2.768643641416569e+37
2153.64 2.8011420350679202e+37
2154.2 2.801732621046945e+37
2154.76 2.769742109272295e+37
2155.32 2.764505835534269e+37
2155.88 2.796429262699139e+37
2156.44 2.7708388862515535e+37
2156.99 2.759004614881519e+37
2157.55 2.7891165728999284e+37
2158.11 2.783623405372946e+37
2158.67 2.7057318402460653e+37
2159.23 2.01719204357789e+37
2159.79 2.7239256425026126e+37
2160.35 2.739442839512206e+37
2160.91 2.772738976738112e+37
2161.47 2.7521001782370324e+37
2162.03 2.1308948406544506e+37
2162.59 2.625191457452978e+37
2163.15 2.766029672415845e+37
2163.71 2.4239518893548397e+37
2164.27 2.7624132474442227e+37
2164.83 2.7278305758414176e+37
2165.4 2.7581836949823083e+37
2165.96 2.607840250133046e+37
2166.52 2.7532115227839516e+37
2167.08 2.7369202371100375e+37
2167.64 1.6243293405962523e+37
2168.2 2.749566560624555e+37
2168.76 2.588107988327995e+37
2169.33 2.739270816588999e+37
2169.89 2.7426295944368185e+37
2170.45 2.4396004362411626e+37
2171.01 2.7395399653448017e+37
2171.58 2.632056774072633e+37
2172.14 2.73699788880648e+37
2172.7 2.724948894767952e+37
2173.27 2.733814620620717e+37
2173.83 2.718288565732185e+37
2174.39 2.63964719832073e+37
2174.96 2.6669978954714383e+37
2175.52 2.6922838774181677e+37
2176.08 2.7186790868923584e+37
2176.65 2.718610504650799e+37
2177.21 2.7202697808777963e+37
2177.78 2.715967960148928e+37
2178.34 2.716690545841861e+37
2178.91 2.7158585852837597e+37
2179.47 2.6886145781524756e+37
2180.03 2.6443635516221744e+37
2180.6 2.7035082761870637e+37
2181.17 1.7551437432323486e+37
2181.73 2.7059039577781034e+37
2182.3 2.7043716838909084e+37
2182.86 2.6928326321704647e+37
2183.43 2.5671786908543013e+37
2183.99 2.6995226143083335e+37
2184.56 2.613849801950701e+37
2185.12 2.695545875222315e+37
2185.69 2.345681976036519e+37
2186.26 2.4825137910255535e+37
2186.82 2.6899459320218634e+37
2187.39 2.5710795259892024e+37
2187.96 2.6897607958722183e+37
2188.53 2.5939810045095176e+37
2189.09 2.671447786213016e+37
2189.66 2.6790142025334755e+37
2190.23 2.6862491387290355e+37
2190.79 2.4494654346424554e+37
2191.36 2.56022264546349e+37
2191.93 2.280220218934583e+37
2192.5 2.6824528328356967e+37
2193.07 2.681608012612707e+37
2193.64 2.6570912401280684e+37
2194.21 2.6309236324751784e+37
2194.77 2.678564115575133e+37
2195.34 2.666219276750312e+37
2195.91 2.670486870419185e+37
2196.48 2.56159438062389e+37
2197.05 2.6672990215610446e+37
2197.62 2.6675336394225087e+37
2198.19 2.6620746064389563e+37
2198.76 2.6619383056503584e+37
2199.33 2.3694441207966117e+37
2199.9 2.645621522301066e+37
2200.47 2.657914830819083e+37
2201.04 2.644562415960708e+37
2201.61 2.632123326144877e+37
2202.18 2.5801586017081487e+37
2202.75 2.6271612379069567e+37
2203.32 2.641476222550909e+37
2203.89 2.3815678387358046e+37
2204.46 2.504840572546529e+37
2205.03 2.632558868361489e+37
2205.61 2.6389302813397896e+37
2206.18 2.6329078564443815e+37
2206.75 2.6289897159573315e+37
2207.32 2.6241017203530635e+37
2207.89 2.630030291742186e+37
2208.47 2.609041783002445e+37
2209.04 2.619823994309118e+37
2209.61 1.6086575838040902e+37
2210.18 2.6212463751476356e+37
2210.76 2.381905566957996e+37
2211.33 2.581070879844671e+37
2211.9 2.58991218331092e+37
2212.48 2.611327572444236e+37
2213.05 2.5480960342767403e+37
2213.62 2.607768840618044e+37
2214.2 2.6050164739581435e+37
2214.77 2.5936572007433247e+37
2215.34 2.4366400652173744e+37
2215.92 2.3838607618036097e+37
2216.49 2.548223669756995e+37
2217.07 2.581161055571189e+37
2217.64 2.5858334896210705e+37
2218.22 2.305075542616057e+37
2218.79 2.5623035253874697e+37
2219.37 2.445845359200533e+37
2219.94 2.5848670448352676e+37
2220.52 2.5799680439191857e+37
2221.09 2.549071160528033e+37
2221.67 2.577507269529705e+37
2222.25 2.5773390983596904e+37
2222.82 2.5633540390340956e+37
2223.4 2.573336627776874e+37
2223.97 2.57086161118881e+37
2224.55 2.569272753658889e+37
2225.13 2.5669198765872735e+37
2225.7 2.529848935741079e+37
2226.28 2.5639583329011585e+37
2226.86 2.565656135228329e+37
2227.43 2.1220440506277502e+37
2228.01 2.517868816242764e+37
2228.59 2.4309501605294394e+37
2229.17 2.4907839113518365e+37
2229.74 2.5609269308920077e+37
2230.32 2.5346978866136694e+37
2230.9 2.555034579599055e+37
2231.48 2.560986464733042e+37
2232.06 2.558459245634198e+37
2232.64 2.551552836697086e+37
2233.21 2.3809863340634687e+37
2233.79 2.549105963649302e+37
2234.37 2.3095992594078607e+37
2234.95 2.553650541704523e+37
2235.53 2.5549793248972516e+37
2236.11 2.5530364654463434e+37
2236.69 2.0243075798397997e+37
2237.27 2.548503170434788e+37
2237.85 2.543676008516969e+37
2238.43 2.448615989357195e+37
2239.01 2.435263056289442e+37
2239.59 2.5391502556364684e+37
2240.17 2.523970101157112e+37
2240.75 2.534644021622006e+37
2241.33 2.532141891259148e+37
2241.91 2.530214705808849e+37
2242.49 2.522738125107787e+37
2243.07 2.5252018336249614e+37
2243.66 2.5232294097152855e+37
2244.24 2.4800924378269296e+37
2244.82 2.0788544898723048e+37
2245.4 2.511534891552867e+37
2245.98 2.5147828786170013e+37
2246.56 2.4865724463527544e+37
2247.15 2.510817526238039e+37
2247.73 2.508773281902989e+37
2248.31 2.449446617432857e+37
2248.89 2.49938741811053e+37
2249.48 2.495970606503118e+37
2250.06 2.5012691695753266e+37
2250.64 2.4933574739255506e+37
2251.23 2.497255006863039e+37
2251.81 2.4430624802761784e+37
2252.39 2.4887952517237643e+37
2252.98 2.2002077932336703e+37
2253.56 2.417784836861355e+37
2254.15 2.4876420848335556e+37
2254.73 2.4854028696970254e+37
2255.31 2.4846246245652935e+37
2255.9 2.480403392753503e+37
2256.48 2.4616785137743124e+37
2257.07 2.4804346205949246e+37
2257.65 2.4780909827891956e+37
2258.24 2.129664423498926e+37
2258.82 2.453613079172473e+37
2259.41 2.4182166931175477e+37
2260.0 2.4722113996681933e+37
2260.58 2.461777947541748e+37
2261.17 2.367968206928632e+37
2261.75 2.4697726871185547e+37
2262.34 1.7621797439003285e+37
2262.93 2.4671726451278273e+37
2263.51 2.447277895431778e+37
2264.1 2.4568441256313097e+37
2264.69 2.462781703612988e+37
2265.27 2.4540796671354994e+37
2265.86 2.4290757877792813e+37
2266.45 2.4594579516912924e+37
2267.03 2.458150154965841e+37
2267.62 2.457293712398995e+37
2268.21 2.1985303513997344e+37
2268.8 2.454748169524134e+37
2269.39 2.454006791543786e+37
2269.97 2.4398960847046447e+37
2270.56 2.451848968990973e+37
2271.15 2.4508293696420416e+37
2271.74 2.4443286313374117e+37
2272.33 2.434336561328158e+37
2272.92 2.447488688447412e+37
2273.51 2.446581344019314e+37
2274.09 2.236034687144433e+37
2274.68 2.444484405329857e+37
2275.27 2.4432988704009676e+37
2275.86 2.4276999174176155e+37
2276.45 2.4369151189630347e+37
2277.04 2.3161463259016606e+37
2277.63 2.3033632313574376e+37
2278.22 2.2861009398466576e+37
2278.81 2.4357374452476125e+37
2279.41 2.4178465977698117e+37
2280.0 2.4312351620873875e+37
2280.59 2.4278814430729426e+37
2281.18 2.429756008042767e+37
2281.77 2.424306215713805e+37
2282.36 2.428282395424396e+37
2282.95 2.4252756922608546e+37
2283.54 2.425428830445399e+37
2284.14 2.4182247422508e+37
2284.73 2.421197558130987e+37
2285.32 2.4065611010401685e+37
2285.91 2.41949717173489e+37
2286.5 2.4175625894259617e+37
2287.1 2.3953297571543814e+37
2287.69 2.1221786469264132e+37
2288.28 2.407375575604158e+37
2288.88 2.408963783864294e+37
2289.47 2.406473276080694e+37
2290.06 2.36626261620199e+37
2290.66 2.3996921962928324e+37
2291.25 2.3702445428407446e+37
2291.84 2.395937752428042e+37
2292.44 2.3594120105420234e+37
2293.03 2.390332784963485e+37
2293.63 2.3658553994105575e+37
2294.22 2.3822317908362495e+37
2294.81 2.366965287198171e+37
2295.41 2.375841599309274e+37
2296.0 2.372947213703281e+37
2296.6 1.9826078061628542e+37
2297.2 2.3219996095110505e+37
2297.79 1.3887486218128868e+37
2298.39 2.3864221065252656e+37
2298.98 2.36268056699327e+37
2299.58 2.3490353652628805e+37
2300.17 2.3763278179889173e+37
2300.77 2.3646494105416776e+37
2301.37 2.3684012516825166e+37
2301.96 2.369923833290686e+37
2302.56 2.365490622235723e+37
2303.16 2.3566851426461476e+37
2303.75 2.2008617393851903e+37
2304.35 2.3625327483886233e+37
2304.95 2.3606457161412927e+37
2305.54 2.358548728688481e+37
2306.14 2.356353221495393e+37
2306.74 2.343999420958125e+37
2307.34 2.236407737900284e+37
2307.94 2.3496307368661003e+37
2308.53 2.34324331875399e+37
2309.13 2.3473258622690135e+37
2309.73 2.346033882427083e+37
2310.33 2.3436405779733583e+37
2310.93 2.341069407854246e+37
2311.53 2.3386999960956657e+37
2312.13 2.337497054160052e+37
2312.73 2.3370867764849917e+37
2313.32 2.290092731619389e+37
2313.93 2.132416152832517e+37
2314.52 2.322676359953531e+37
2315.12 2.328897232571351e+37
2315.72 2.3259711674659635e+37
2316.32 2.059540387973367e+37
2316.93 2.2742008213870004e+37
2317.52 2.258294525901242e+37
2318.13 2.2951089688466206e+37
2318.73 2.2979939434080362e+37
2319.33 2.303138303658298e+37
2319.93 1.683454669563228e+37
2320.53 2.295461848525135e+37
2321.13 2.2936708446914974e+37
2321.73 2.2902046366825197e+37
2322.33 2.1790267983446537e+37
2322.94 2.0468119283192854e+37
2323.54 2.2775536404783066e+37
2324.14 2.2739543400150344e+37
2324.74 2.2466764651936594e+37
2325.35 2.2679206364643885e+37
2325.95 2.2706072226097626e+37
2326.55 2.2519970914606886e+37
2327.16 2.271110821358135e+37
2327.76 2.180596722319475e+37
2328.36 2.0242425781722966e+37
2328.97 2.2709802339181347e+37
2329.57 2.2719044649534606e+37
2330.17 2.269144677093684e+37
2330.78 2.248597433872284e+37
2331.38 2.248638195061391e+37
2331.98 2.0169982615372885e+37
2332.59 2.2712392530325023e+37
2333.19 1.9741634807119366e+37
2333.8 2.2450128087459857e+37
2334.4 2.269807999949702e+37
2335.01 2.232108657192697e+37
2335.61 2.267296724463845e+37
2336.22 2.269160693635497e+37
2336.82 2.2674947681965902e+37
2337.43 2.080825235738815e+37
2338.03 2.263600504604638e+37
2338.64 2.1829906908831223e+37
2339.25 2.1962899419677642e+37
2339.85 2.222729676894352e+37
2340.46 2.2424134992894366e+37
2341.07 2.148139252398911e+37
2341.67 2.2483989490486143e+37
2342.28 2.248136132264723e+37
2342.89 2.2480787605915485e+37
2343.5 2.2443771290597835e+37
2344.1 2.2223225357420783e+37
2344.71 2.229436014325885e+37
2345.32 2.239685703318608e+37
2345.93 2.233604753208572e+37
2346.53 2.2397267336844624e+37
2347.14 2.236394090224504e+37
2347.75 2.0700349449052723e+37
2348.36 2.2296463118162583e+37
2348.97 2.1793781902898214e+37
2349.58 2.236929312560189e+37
2350.19 2.236460835467114e+37
2350.79 2.2352466145731e+37
2351.4 2.2341446834137684e+37
2352.01 2.2218210276636068e+37
2352.62 2.234183534367007e+37
2353.23 2.1784287335479984e+37
2353.84 2.233046952751414e+37
2354.45 2.0816658794912253e+37
2355.06 2.2008705685733515e+37
2355.67 2.2206133014698925e+37
2356.28 2.2270599511139478e+37
2356.89 2.220245473268359e+37
2357.5 2.22282758112778e+37
2358.12 2.204463427824833e+37
2358.73 2.200682722282463e+37
2359.34 2.216064689904779e+37
2359.95 2.2063083047770186e+37
2360.56 2.210742165484803e+37
2361.17 2.200103129437684e+37
2361.78 2.205479761981664e+37
2362.4 2.201703331353727e+37
2363.01 2.191407309973711e+37
2363.62 2.192952648304919e+37
2364.24 2.168439456876041e+37
2364.85 2.195951775808145e+37
2365.46 2.1819916136777334e+37
2366.07 2.17144217011901e+37
2366.69 2.0923175246973201e+37
2367.3 2.1826198833477275e+37
2367.91 2.1894056310389142e+37
2368.53 2.189603060575483e+37
2369.14 2.187795082939836e+37
2369.76 2.1801579323439345e+37
2370.37 2.1869844352768445e+37
2370.98 2.1603590349663373e+37
2371.6 2.0326891525690019e+37
2372.21 2.183964831549238e+37
2372.83 2.1820159799058657e+37
2373.44 2.1807108976045354e+37
2374.06 2.180606303400884e+37
2374.67 1.8990202062387426e+37
2375.29 2.178796756255536e+37
2375.91 2.153499805938796e+37
2376.52 2.1651301025029633e+37
2377.14 2.0505621752791334e+37
2377.75 2.16985666655371e+37
2378.37 2.1676134251363022e+37
2378.99 2.162156369627765e+37
2379.6 2.161146680044063e+37
2380.22 2.1608739717249367e+37
2380.83 2.1433364197382108e+37
2381.45 2.1373350247964305e+37
2382.07 2.154196843740509e+37
2382.69 2.0545009690564203e+37
2383.3 2.1421212108502337e+37
2383.92 2.1262064519429127e+37
2384.54 2.1438476331414126e+37
2385.16 2.0909128530992443e+37
2385.78 2.1393107980566954e+37
2386.4 2.1017814910513195e+37
2387.01 2.0136806901021775e+37
2387.63 2.140880002439087e+37
2388.25 2.140272375732768e+37
2388.87 2.139208153447188e+37
2389.49 2.125648734985946e+37
2390.11 2.0866886478159268e+37
2390.73 2.1387103700020335e+37
2391.35 2.1379525928029233e+37
2391.97 2.1336445384675256e+37
2392.59 2.137078710506297e+37
2393.21 2.13543384144734e+37
2393.83 2.1361772124616525e+37
2394.45 2.0982200220251918e+37
2395.07 2.134581357921674e+37
2395.69 2.130688600891105e+37
2396.31 2.0192533631906462e+37
2396.93 2.1295267613847557e+37
2397.55 2.0913005758027492e+37
2398.17 2.1259815352767254e+37
2398.79 2.043985311814617e+37
2399.42 2.116294581684892e+37
2400.04 2.0848199581322807e+37
2400.66 2.1122375177077423e+37
2401.28 2.1169217725166573e+37
2401.91 2.1142676252590458e+37
2402.53 2.0554080904694963e+37
2403.15 1.993264966938516e+37
2403.77 2.1084276171734785e+37
2404.4 2.0257732104857196e+37
2405.02 2.10532010785609e+37
2405.64 2.0098474874479667e+37
2406.27 2.1037116645404564e+37
2406.89 2.1005448374841766e+37
2407.51 2.0940748311057833e+37
2408.14 2.0805377095730985e+37
2408.76 2.0680278092649837e+37
2409.39 2.0955140841154894e+37
2410.01 1.993328463436846e+37
2410.64 2.0963284241845083e+37
2411.26 2.028778789314598e+37
2411.89 2.078970764044594e+37
2412.51 2.0918779627038167e+37
2413.14 2.0915939589955385e+37
2413.76 2.0909710657888994e+37
2414.39 2.0746063717962837e+37
2415.01 2.089107854458559e+37
2415.64 2.0872027106784705e+37
2416.26 2.0875822102532516e+37
2416.89 2.0726655806282466e+37
2417.52 2.0838717024129326e+37
2418.14 2.085346029444882e+37
2418.77 2.0843004588040048e+37
2419.4 1.6575982683472514e+37
2420.02 2.0831569520245794e+37
2420.65 2.0818278976986677e+37
2421.28 2.068322204123389e+37
2421.91 2.066697456009089e+37
2422.53 2.0800114956430036e+37
2423.16 2.0783173182596665e+37
2423.79 2.0658253253052086e+37
2424.42 2.0152195947189433e+37
2425.05 2.0703388032276333e+37
2425.68 2.0753009216977205e+37
2426.3 2.070841354665833e+37
2426.93 2.071001118465037e+37
2427.56 2.06990290412611e+37
2428.19 2.0681066262549929e+37
2428.82 2.066360678622643e+37
2429.45 2.0333105548587602e+37
2430.08 2.055070240758417e+37
2430.71 2.0508873937163748e+37
2431.34 2.0591739853672154e+37
2431.97 2.002036438100039e+37
2432.6 2.0557256081176834e+37
2433.23 2.053816049330802e+37
2433.86 2.0023615295001343e+37
2434.49 2.0480594296655048e+37
2435.12 2.0414269533085383e+37
2435.75 2.034079099705866e+37
2436.39 2.0475561612628926e+37
2437.02 2.0445213065324652e+37
2437.65 2.0456449755318221e+37
2438.28 2.037486039981496e+37
2438.91 1.601909443889759e+37
2439.54 2.042667671925419e+37
2440.18 2.0406191682654376e+37
2440.81 2.0261311308841558e+37
2441.44 2.0310460929242807e+37
2442.07 2.0347643324391583e+37
2442.71 2.041239812324782e+37
2443.34 2.0409147734994848e+37
2443.97 2.03579740283772e+37
2444.61 2.0397148986324023e+37
2445.24 2.0026514451650553e+37
2445.88 2.0297802093031297e+37
2446.51 2.0207629611105986e+37
2447.14 2.027608205686088e+37
2447.78 2.0310921078761825e+37
2448.41 2.0247958611662065e+37
2449.05 1.9173058551675817e+37
2449.68 2.027757703972233e+37
2450.32 1.946303881730854e+37
2450.95 2.0209569276280638e+37
2451.59 2.02320678065851e+37
2452.22 2.021084234368877e+37
2452.86 2.0200768165530968e+37
2453.49 2.018557972128277e+37
2454.13 2.016906834125347e+37
2454.76 2.0138719271410954e+37
2455.4 2.0063015891517975e+37
2456.04 2.0109418005603504e+37
2456.67 2.008378567465632e+37
2457.31 1.9854475206833909e+37
2457.95 2.0088528724281503e+37
2458.58 2.0064254907203787e+37
2459.22 2.0063418576335943e+37
2459.86 2.0033280562459644e+37
2460.5 1.9980815291285603e+37
2461.14 1.9868496408105e+37
2461.77 1.9447478201600958e+37
2462.41 1.9978715992794188e+37
2463.05 1.9971040376088187e+37
2463.69 1.9047397431400409e+37
2464.33 1.9962544313414914e+37
2464.96 1.99498218743833e+37
2465.6 1.9851260790501602e+37
2466.24 1.9913545636136256e+37
2466.88 1.9892720329983181e+37
2467.52 1.9737589165274078e+37
2468.16 1.9829383959180224e+37
2468.8 1.9851666624689869e+37
2469.44 1.9836335949883757e+37
2470.08 1.9772197231067822e+37
2470.72 1.9803454097922031e+37
2471.36 1.9695275017525448e+37
2472.0 1.9771514766760407e+37
2472.64 1.967161510195722e+37
2473.28 1.9343855047604004e+37
2473.92 1.971540539503972e+37
2474.56 1.9699726054495962e+37
2475.21 1.9694000621958063e+37
2475.85 1.9618673984205616e+37
2476.49 1.9682029561370426e+37
2477.13 1.967222699053826e+37
2477.77 1.9670487965676535e+37
2478.42 1.962789798316198e+37
2479.06 1.9609532783360765e+37
2479.7 1.965058626232411e+37
2480.34 1.9642145270016208e+37
2480.99 1.9560361306710965e+37
2481.63 1.9485994174603035e+37
2482.27 1.9277191894793563e+37
2482.92 1.9482206884510288e+37
2483.56 1.958131122081995e+37
2484.2 1.9544770367349413e+37
2484.85 1.953550660074992e+37
2485.49 1.9557458145378725e+37
2486.14 1.9575463861101206e+37
2486.78 1.9559466155083402e+37
2487.42 1.9543484499173876e+37
2488.07 1.9503050045345922e+37
2488.71 1.8964323665893398e+37
2489.36 1.9494364965053805e+37
2490.0 1.9480215103951108e+37
2490.65 1.9440797061608857e+37
2491.29 1.9442654629768616e+37
2491.94 1.9427239695952085e+37
2492.59 1.9420717738390709e+37
2493.23 1.9380492488614359e+37
2493.88 1.9066156911396857e+37
2494.52 1.9368734598611098e+37
2495.17 1.936402075056765e+37
2495.82 1.935841399203797e+37
2496.47 1.9341743845655846e+37
2497.11 1.9332092200673333e+37
2497.76 1.9004404882167814e+37
2498.41 1.933895873142589e+37
2499.05 1.9265870692748116e+37
2499.7 1.9054203607920382e+37
